1 0.16172239184379578 
2 0.16212007403373718 
3 0.1644475758075714 
4 0.16413065791130066 
5 0.16963711380958557 
6 0.16805759072303772 
7 0.16921010613441467 
8 0.1721874177455902 
9 0.1687648445367813 
10 0.17549549043178558 
11 0.17735770344734192 
12 0.1872762143611908 
13 0.17898890376091003 
14 0.17971505224704742 
15 0.17906944453716278 
16 0.18271991610527039 
17 0.20101259648799896 
18 0.19097919762134552 
19 0.1998049020767212 
20 0.19343696534633636 
21 0.20192673802375793 
22 0.22937217354774475 
23 0.24221470952033997 
24 0.23703795671463013 
25 0.24119699001312256 
26 0.24562843143939972 
27 0.25987961888313293 
28 0.28970447182655334 
29 0.303120493888855 
30 0.3192812204360962 
31 0.3064112663269043 
32 0.30895599722862244 
33 0.30170464515686035 
34 0.2875567376613617 
35 0.36564281582832336 
36 0.39272862672805786 
37 0.389398455619812 
38 0.39584779739379883 
39 0.3974565267562866 
40 0.3762926459312439 
41 0.37169983983039856 
42 0.3813387155532837 
43 0.7004125118255615 
44 0.8423513770103455 
45 0.9990771412849426 
46 0.9600907564163208 
47 0.93398118019104 
48 0.9492215514183044 
49 1.0357767343521118 
50 0.9008455276489258 
51 0.9279434084892273 
52 0.8907271027565002 
53 0.8975483775138855 
54 0.9139240384101868 
55 1.0885217189788818 
56 1.0156968832015991 
57 1.1192108392715454 
58 1.2240501642227173 
59 1.2530614137649536 
60 1.434037208557129 
61 1.3777974843978882 
62 1.4348069429397583 
63 1.387840986251831 
64 1.3971562385559082 
65 1.4013125896453857 
66 1.5449413061141968 
67 1.6032363176345825 
68 1.5386450290679932 
69 1.6697636842727661 
70 1.583656907081604 
71 1.6165612936019897 
72 1.6603654623031616 
73 1.553515076637268 
74 1.5703773498535156 
75 1.7540278434753418 
76 1.7984232902526855 
77 1.7931907176971436 
78 1.6946511268615723 
79 1.735912561416626 
80 1.6877784729003906 
81 1.598191499710083 
82 1.6030523777008057 
83 1.6792106628417969 
84 1.7529152631759644 
85 1.8210724592208862 
86 1.7011370658874512 
87 1.63286292552948 
88 1.7266813516616821 
89 1.7851219177246094 
90 1.634657621383667 
91 1.5990866422653198 
92 1.6334439516067505 
93 1.5357588529586792 
94 1.6524748802185059 
95 1.718095302581787 
96 1.746350646018982 
97 1.680815577507019 
98 1.6834852695465088 
99 1.6851989030838013 
100 1.8455758094787598 
101 1.7612749338150024 
102 1.798710823059082 
103 1.794116497039795 
104 1.6300837993621826 
105 1.6152515411376953 
106 1.809410572052002 
107 1.8737573623657227 
108 1.8544855117797852 
109 1.8123128414154053 
110 1.7469985485076904 
111 1.7767443656921387 
112 1.9467291831970215 
113 1.8544211387634277 
114 1.8612334728240967 
115 2.0106210708618164 
116 1.8679953813552856 
117 1.8317959308624268 
118 1.8211703300476074 
119 1.7279391288757324 
120 1.7396386861801147 
121 1.6494193077087402 
122 1.6918835639953613 
123 1.6674182415008545 
124 1.7424380779266357 
125 1.7123668193817139 
126 1.7994621992111206 
127 1.9329978227615356 
128 2.018908977508545 
129 2.0501952171325684 
130 1.986655831336975 
131 1.9256799221038818 
132 1.9547828435897827 
133 1.8327208757400513 
134 1.8718640804290771 
135 1.8737045526504517 
136 1.933776617050171 
137 1.9578652381896973 
138 1.8542718887329102 
139 1.9076744318008423 
140 1.7621490955352783 
141 1.709729790687561 
142 1.8558851480484009 
143 1.8019742965698242 
144 1.7195510864257812 
145 1.7641732692718506 
146 1.8523876667022705 
147 1.9004220962524414 
148 1.7023941278457642 
149 1.6295504570007324 
150 1.8452129364013672 
151 1.920137643814087 
152 1.8713023662567139 
153 1.769236445426941 
154 1.8016897439956665 
155 1.7178181409835815 
156 1.9592849016189575 
157 1.9156681299209595 
158 1.8384699821472168 
159 1.6991432905197144 
160 1.791609764099121 
161 1.8221684694290161 
162 1.7756150960922241 
163 1.8463177680969238 
164 1.9356094598770142 
165 1.8224961757659912 
166 1.7997084856033325 
167 1.8058185577392578 
168 1.9208542108535767 
169 1.7987184524536133 
170 1.9660404920578003 
171 2.0208237171173096 
172 1.8324847221374512 
173 1.7001222372055054 
174 1.7869322299957275 
175 1.6728119850158691 
176 1.663332462310791 
177 1.7180649042129517 
178 1.6037771701812744 
179 1.7594982385635376 
180 1.6138536930084229 
181 1.5716605186462402 
182 1.738784670829773 
183 1.5947024822235107 
184 1.5458199977874756 
185 1.4919792413711548 
186 1.4447749853134155 
187 1.6486707925796509 
188 1.6936286687850952 
189 1.5826886892318726 
190 1.6482428312301636 
191 1.5759937763214111 
192 1.658307671546936 
193 1.8185651302337646 
194 1.8380409479141235 
195 1.7286591529846191 
196 1.7664867639541626 
197 1.884183406829834 
198 1.8930432796478271 
199 2.12969970703125 
200 2.0612874031066895 
201 1.8954849243164062 
202 1.9074758291244507 
203 1.7585625648498535 
204 1.7821813821792603 
205 1.711710810661316 
206 1.7262922525405884 
207 1.624890685081482 
208 1.5197408199310303 
209 1.598968505859375 
210 1.6113677024841309 
211 1.5979958772659302 
212 1.7423416376113892 
213 1.7847890853881836 
214 1.9037394523620605 
215 2.0240092277526855 
216 2.1043875217437744 
217 2.1843340396881104 
218 2.067937135696411 
219 1.9971834421157837 
220 2.0510730743408203 
221 2.0789437294006348 
222 2.02013897895813 
223 2.0705525875091553 
224 1.9396300315856934 
225 2.060159206390381 
226 2.096437931060791 
227 2.121670722961426 
228 2.045666456222534 
229 1.976106882095337 
230 2.0265371799468994 
231 1.9256885051727295 
232 2.1146984100341797 
233 2.0813257694244385 
234 2.1022555828094482 
235 1.933735966682434 
236 1.98292875289917 
237 2.1154234409332275 
238 2.17976713180542 
239 2.064718008041382 
240 2.0827476978302 
241 1.9437893629074097 
242 1.8871545791625977 
243 1.9070435762405396 
244 1.9722954034805298 
245 2.1824300289154053 
246 2.0901272296905518 
247 2.0061419010162354 
248 1.9123862981796265 
249 1.9995551109313965 
250 1.8369723558425903 
251 1.7316726446151733 
252 1.8029310703277588 
253 1.7275410890579224 
254 1.5875576734542847 
255 1.6987890005111694 
256 1.7337478399276733 
257 1.6672886610031128 
258 1.6254608631134033 
259 1.7654873132705688 
260 1.9156904220581055 
261 1.9743890762329102 
262 1.9989068508148193 
263 1.9796252250671387 
264 1.819108009338379 
265 1.8526051044464111 
266 2.019388437271118 
267 1.9655951261520386 
268 1.9998033046722412 
269 1.8505927324295044 
270 1.799051284790039 
271 1.7850080728530884 
272 1.82247793674469 
273 1.9156365394592285 
274 1.9697144031524658 
275 1.971457839012146 
276 2.022554874420166 
277 1.9155687093734741 
278 1.939515471458435 
279 2.153726816177368 
280 1.9089792966842651 
281 2.012965440750122 
282 1.896261215209961 
283 2.0562539100646973 
284 2.0679759979248047 
285 2.1474499702453613 
286 2.2007639408111572 
287 2.0238726139068604 
288 2.0856547355651855 
289 2.1856565475463867 
290 2.240711212158203 
291 2.3720223903656006 
292 2.3287835121154785 
293 2.1993963718414307 
294 2.4175093173980713 
295 2.381840705871582 
296 2.3653314113616943 
297 2.3844716548919678 
298 2.433326482772827 
299 2.4087064266204834 
300 2.5254204273223877 
301 2.1969046592712402 
302 2.2479145526885986 
303 2.2080345153808594 
304 2.146345853805542 
305 2.2606160640716553 
306 2.3065285682678223 
307 2.0571165084838867 
308 2.083458185195923 
309 2.183974266052246 
310 2.1771771907806396 
311 2.0615732669830322 
312 2.349421262741089 
313 2.224381923675537 
314 2.26880145072937 
315 2.481001138687134 
316 2.46292781829834 
317 2.418909788131714 
318 2.2415239810943604 
319 2.032773017883301 
320 2.228978157043457 
321 2.2520785331726074 
322 2.239783525466919 
323 2.4490435123443604 
324 2.401867628097534 
325 2.4348537921905518 
326 2.54740047454834 
327 2.4019815921783447 
328 2.328563928604126 
329 2.3696298599243164 
330 2.308460235595703 
331 2.350377082824707 
332 2.269911289215088 
333 2.330350399017334 
334 2.3380541801452637 
335 2.1469175815582275 
336 2.2163245677948 
337 2.1312735080718994 
338 2.022627115249634 
339 2.2856509685516357 
340 2.287534713745117 
341 2.371690511703491 
342 2.2654078006744385 
343 2.4489519596099854 
344 2.6207525730133057 
345 2.531233072280884 
346 2.4593746662139893 
347 2.5701239109039307 
348 2.355923652648926 
349 2.392047882080078 
350 2.324326276779175 
351 2.28291916847229 
352 2.215311050415039 
353 2.270930528640747 
354 2.285806894302368 
355 2.2249481678009033 
356 2.2277169227600098 
357 2.2763636112213135 
358 2.4990527629852295 
359 2.353762149810791 
360 2.2497177124023438 
361 2.3508081436157227 
362 2.377902030944824 
363 2.265493392944336 
364 2.2128474712371826 
365 2.300344944000244 
366 2.205742359161377 
367 2.098618507385254 
368 2.1584393978118896 
369 2.1246581077575684 
370 2.172075033187866 
371 2.056947708129883 
372 1.982352614402771 
373 1.8884512186050415 
374 1.8326705694198608 
375 1.9352672100067139 
376 2.0010435581207275 
377 1.9989572763442993 
378 1.7996162176132202 
379 2.024075746536255 
380 2.0508008003234863 
381 1.982055425643921 
382 1.9192837476730347 
383 1.93863844871521 
384 1.9157789945602417 
385 1.7621594667434692 
386 1.6999863386154175 
387 1.6024229526519775 
388 1.6346033811569214 
389 1.665374517440796 
390 1.664643406867981 
391 1.5111597776412964 
392 1.598244309425354 
393 1.673653244972229 
394 1.8227909803390503 
395 1.699342131614685 
396 1.7587387561798096 
397 1.8507373332977295 
398 1.723773717880249 
399 1.6746799945831299 
400 1.6317222118377686 
401 1.6407065391540527 
402 1.8275309801101685 
403 1.791337490081787 
404 1.97767174243927 
405 1.815940499305725 
406 1.8190486431121826 
407 1.8078278303146362 
408 1.6928582191467285 
409 1.6029900312423706 
410 1.5261008739471436 
411 1.5111570358276367 
412 1.5396536588668823 
413 1.5716018676757812 
414 1.5692243576049805 
415 1.7404917478561401 
416 1.6834484338760376 
417 1.7903783321380615 
418 1.8014941215515137 
419 1.772472858428955 
420 1.7054245471954346 
421 1.844575047492981 
422 2.0531134605407715 
423 2.013171911239624 
424 1.99332857131958 
425 1.9607889652252197 
426 1.879511833190918 
427 1.8253450393676758 
428 1.6675735712051392 
429 1.8340343236923218 
430 1.7127012014389038 
431 1.5262619256973267 
432 1.45936119556427 
433 1.471413493156433 
434 1.544564127922058 
435 1.547041654586792 
436 1.5572501420974731 
437 1.581137776374817 
438 1.6234426498413086 
439 1.6990129947662354 
440 1.6978371143341064 
441 1.7826197147369385 
442 1.839884877204895 
443 1.746703028678894 
444 1.7472776174545288 
445 1.7956604957580566 
446 1.7107914686203003 
447 1.9532548189163208 
448 1.8046770095825195 
449 1.9128514528274536 
450 1.769798755645752 
451 1.5750192403793335 
452 1.5200353860855103 
453 1.5554783344268799 
454 1.5831854343414307 
455 1.4593995809555054 
456 1.5248700380325317 
457 1.435598611831665 
458 1.3807363510131836 
459 1.3170989751815796 
460 1.4027787446975708 
461 1.5547858476638794 
462 1.6602776050567627 
463 1.6042977571487427 
464 1.6890078783035278 
465 1.6134623289108276 
466 1.743952989578247 
467 1.5412166118621826 
468 1.5323456525802612 
469 1.4866373538970947 
470 1.5670801401138306 
471 1.4787592887878418 
472 1.4434127807617188 
473 1.4701814651489258 
474 1.5413631200790405 
475 1.337598204612732 
476 1.3648735284805298 
477 1.2434732913970947 
478 1.3032903671264648 
479 1.3656588792800903 
480 1.4302939176559448 
481 1.5245989561080933 
482 1.629776954650879 
483 1.7768315076828003 
484 1.6214890480041504 
485 1.6653059720993042 
486 1.7113559246063232 
487 1.6219676733016968 
488 1.4073480367660522 
489 1.3616894483566284 
490 1.437754511833191 
491 1.447184681892395 
492 1.4939887523651123 
493 1.5745402574539185 
494 1.6249215602874756 
495 1.5406532287597656 
496 1.560752272605896 
497 1.5882514715194702 
498 1.5925335884094238 
499 1.6304887533187866 
500 1.7897734642028809 
501 1.868633508682251 
502 1.6913728713989258 
503 1.7098461389541626 
504 1.8043607473373413 
505 1.9126073122024536 
506 1.9831979274749756 
507 1.9247734546661377 
508 1.9683663845062256 
509 2.077373743057251 
510 1.9021044969558716 
511 1.8248143196105957 
512 1.6769709587097168 
513 1.8857784271240234 
514 2.0086731910705566 
515 2.057749032974243 
516 2.006014108657837 
517 1.961329460144043 
518 1.9644402265548706 
519 1.9535025358200073 
520 1.9363744258880615 
521 2.013731002807617 
522 1.968498945236206 
523 2.1407082080841064 
524 2.072228193283081 
525 2.2860565185546875 
526 2.1605749130249023 
527 2.1755998134613037 
528 2.0009891986846924 
529 2.0751073360443115 
530 2.109051465988159 
531 2.096888780593872 
532 1.91604745388031 
533 1.966182827949524 
534 1.9909708499908447 
535 1.7528942823410034 
536 1.7688096761703491 
537 1.738555908203125 
538 1.8535677194595337 
539 1.872564673423767 
540 1.918458104133606 
541 1.8264397382736206 
542 1.871224045753479 
543 2.007887840270996 
544 1.9343695640563965 
545 2.0494885444641113 
546 2.0730624198913574 
547 2.269103527069092 
548 2.3699941635131836 
549 2.501002788543701 
550 2.4565231800079346 
551 2.4283697605133057 
552 2.40397572517395 
553 2.380779981613159 
554 2.4048314094543457 
555 2.3401620388031006 
556 2.337207555770874 
557 2.2642502784729004 
558 2.4795281887054443 
559 2.5237767696380615 
560 2.502232313156128 
561 2.6548826694488525 
562 2.745262622833252 
563 2.7013027667999268 
564 2.8890252113342285 
565 2.7423088550567627 
566 2.665400505065918 
567 2.715581178665161 
568 2.7143070697784424 
569 2.594191551208496 
570 2.5354666709899902 
571 2.5196497440338135 
572 2.4982106685638428 
573 2.699258804321289 
574 2.6188011169433594 
575 2.4937853813171387 
576 2.4263269901275635 
577 2.4450676441192627 
578 2.5039074420928955 
579 2.611363649368286 
580 2.5620880126953125 
581 2.426234483718872 
582 2.428248882293701 
583 2.3853490352630615 
584 2.403517961502075 
585 2.4516525268554688 
586 2.4584314823150635 
587 2.535196304321289 
588 2.5279533863067627 
589 2.553006172180176 
590 2.439563274383545 
591 2.404773712158203 
592 2.4911649227142334 
593 2.392277956008911 
594 2.4037668704986572 
595 2.4533016681671143 
596 2.3675527572631836 
597 2.415074348449707 
598 2.377126455307007 
599 2.3400235176086426 
600 2.3599205017089844 
601 2.5596425533294678 
602 2.4827730655670166 
603 2.5426676273345947 
604 2.467292547225952 
605 2.528805732727051 
606 2.5026090145111084 
607 2.3722543716430664 
608 2.54191255569458 
609 2.5791754722595215 
610 2.5161759853363037 
611 2.4053475856781006 
612 2.424567699432373 
613 2.3487141132354736 
614 2.282697916030884 
615 2.3380508422851562 
616 2.328371286392212 
617 2.238431453704834 
618 2.26593017578125 
619 2.2932779788970947 
620 2.136850118637085 
621 2.1508495807647705 
622 2.208571672439575 
623 2.1877541542053223 
624 2.2632343769073486 
625 2.227179527282715 
626 2.2496488094329834 
627 2.2760322093963623 
628 2.24457049369812 
629 2.2324745655059814 
630 2.3149187564849854 
631 2.3947064876556396 
632 2.3038222789764404 
633 2.256969690322876 
634 2.2120015621185303 
635 2.1394708156585693 
636 2.2160491943359375 
637 2.3138186931610107 
638 2.241826057434082 
639 2.44746470451355 
640 2.436065435409546 
641 2.320228099822998 
642 2.3072285652160645 
643 2.469111919403076 
644 2.3741323947906494 
645 2.202178716659546 
646 2.1107208728790283 
647 2.259223222732544 
648 2.2926552295684814 
649 2.2272684574127197 
650 2.328200578689575 
651 2.374445676803589 
652 2.3885700702667236 
653 2.418212890625 
654 2.4560980796813965 
655 2.426140785217285 
656 2.3809242248535156 
657 2.1327972412109375 
658 2.155514717102051 
659 2.28052020072937 
660 2.2623255252838135 
661 2.1291816234588623 
662 2.0093109607696533 
663 2.2201266288757324 
664 2.0397732257843018 
665 2.161921501159668 
666 2.07672381401062 
667 2.173454523086548 
668 2.1787054538726807 
669 2.1544692516326904 
670 1.992970585823059 
671 2.053407669067383 
672 1.8940478563308716 
673 1.9806498289108276 
674 1.8067413568496704 
675 1.793682336807251 
676 1.7026888132095337 
677 1.7275121212005615 
678 1.8041659593582153 
679 1.871999740600586 
680 1.9233518838882446 
681 2.001573324203491 
682 1.939679741859436 
683 2.0464816093444824 
684 1.9909621477127075 
685 1.9470939636230469 
686 1.8974745273590088 
687 1.9743486642837524 
688 2.042200803756714 
689 1.9549064636230469 
690 2.2719309329986572 
691 2.238255739212036 
692 2.0649116039276123 
693 1.9112550020217896 
694 1.8709051609039307 
695 1.8810548782348633 
696 1.7303612232208252 
697 1.7263023853302002 
698 1.7637736797332764 
699 1.70208740234375 
700 1.6099854707717896 
701 1.7931692600250244 
702 1.6579174995422363 
703 1.5622376203536987 
704 1.5413953065872192 
705 1.5774706602096558 
706 1.722440481185913 
707 1.7169996500015259 
708 1.7309166193008423 
709 1.85504150390625 
710 1.7756412029266357 
711 2.059957981109619 
712 1.914920687675476 
713 1.9199004173278809 
714 1.873473882675171 
715 1.8419448137283325 
716 1.7020984888076782 
717 1.654857873916626 
718 1.7765861749649048 
719 1.78135085105896 
720 1.7582443952560425 
721 1.6624524593353271 
722 1.6083797216415405 
723 1.6516588926315308 
724 1.6748058795928955 
725 1.6702467203140259 
726 1.6601214408874512 
727 1.7423455715179443 
728 1.716640591621399 
729 1.5973451137542725 
730 1.58324134349823 
731 1.4821009635925293 
732 1.4970158338546753 
733 1.4487401247024536 
734 1.5028047561645508 
735 1.596374273300171 
736 1.822299599647522 
737 1.6391282081604004 
738 1.5446265935897827 
739 1.7186708450317383 
740 1.5529899597167969 
741 1.7900049686431885 
742 1.9280723333358765 
743 1.9779146909713745 
744 2.002714157104492 
745 2.043184280395508 
746 1.826529860496521 
747 1.8123928308486938 
748 1.7047314643859863 
749 1.484022617340088 
750 1.5586943626403809 
751 1.5134212970733643 
752 1.594483733177185 
753 1.8428354263305664 
754 1.6700403690338135 
755 1.7488892078399658 
756 1.7544265985488892 
757 1.7553422451019287 
758 1.7984962463378906 
759 1.913823127746582 
760 2.035815715789795 
761 2.0164341926574707 
762 1.9255427122116089 
763 1.9383560419082642 
764 1.8451350927352905 
765 1.8327836990356445 
766 1.8298084735870361 
767 1.9520502090454102 
768 1.8915871381759644 
769 1.9072704315185547 
770 1.9845058917999268 
771 2.070556640625 
772 2.0258326530456543 
773 2.0053634643554688 
774 1.9052047729492188 
775 1.9502836465835571 
776 1.8406546115875244 
777 1.9373410940170288 
778 2.1446468830108643 
779 2.0629305839538574 
780 1.9576752185821533 
781 2.1400043964385986 
782 1.9634193181991577 
783 1.803484559059143 
784 1.780021071434021 
785 1.81380033493042 
786 2.0064408779144287 
787 1.8078361749649048 
788 1.9729143381118774 
789 1.8063565492630005 
790 1.8896657228469849 
791 1.8648759126663208 
792 1.896358609199524 
793 1.9458097219467163 
794 2.0548129081726074 
795 2.0330047607421875 
796 1.8881391286849976 
797 1.8485054969787598 
798 1.9103028774261475 
799 1.882585048675537 
800 1.9362002611160278 
801 1.9338843822479248 
802 1.9359312057495117 
803 1.9924046993255615 
804 1.9135191440582275 
805 1.9644702672958374 
806 2.104670763015747 
807 2.1811347007751465 
808 2.2753067016601562 
809 2.3119006156921387 
810 2.338798999786377 
811 2.236799478530884 
812 2.2474827766418457 
813 2.2072043418884277 
814 2.2686824798583984 
815 2.1478068828582764 
816 2.095427989959717 
817 2.084780693054199 
818 2.079775094985962 
819 2.00779128074646 
820 1.98086416721344 
821 2.0440492630004883 
822 2.136521577835083 
823 2.0209248065948486 
824 1.8971818685531616 
825 2.0579380989074707 
826 2.0717856884002686 
827 2.16550350189209 
828 2.2249839305877686 
829 2.2182233333587646 
830 2.266751766204834 
831 2.2955336570739746 
832 2.2418057918548584 
833 2.387955904006958 
834 2.3301758766174316 
835 2.2596828937530518 
836 2.172187328338623 
837 2.224022388458252 
838 2.2827107906341553 
839 2.348273515701294 
840 2.334524393081665 
841 2.3038957118988037 
842 2.167226552963257 
843 2.31272554397583 
844 2.0947680473327637 
845 2.2736082077026367 
846 2.1629960536956787 
847 2.355825901031494 
848 2.249856948852539 
849 2.344334125518799 
850 2.360074996948242 
851 2.415527820587158 
852 2.518979787826538 
853 2.48703932762146 
854 2.394911766052246 
855 2.515474557876587 
856 2.5528485774993896 
857 2.6797330379486084 
858 2.6878509521484375 
859 2.623413324356079 
860 2.6618456840515137 
861 2.6733012199401855 
862 2.552281618118286 
863 2.6046738624572754 
864 2.755655527114868 
865 2.495755910873413 
866 2.537217855453491 
867 2.6738216876983643 
868 2.573974847793579 
869 2.6689398288726807 
870 2.6389119625091553 
871 2.726203203201294 
872 2.707176446914673 
873 2.5452680587768555 
874 2.6860225200653076 
875 2.5818874835968018 
876 2.4921255111694336 
877 2.4078502655029297 
878 2.4629061222076416 
879 2.474752187728882 
880 2.423286199569702 
881 2.441817283630371 
882 2.475815773010254 
883 2.418365240097046 
884 2.387948751449585 
885 2.4850857257843018 
886 2.503448486328125 
887 2.5546181201934814 
888 2.4929659366607666 
889 2.5265533924102783 
890 2.6118462085723877 
891 2.5316085815429688 
892 2.558119773864746 
893 2.4581425189971924 
894 2.545750141143799 
895 2.7480058670043945 
896 2.7891225814819336 
897 2.8509576320648193 
898 2.6361544132232666 
899 2.560490608215332 
900 2.547053575515747 
901 2.723210334777832 
902 2.6823620796203613 
903 2.595592498779297 
904 2.5745012760162354 
905 2.6200766563415527 
906 2.5725159645080566 
907 2.6092402935028076 
908 2.6523873805999756 
909 2.6964340209960938 
910 2.6275861263275146 
911 2.6976137161254883 
912 2.641111373901367 
913 2.5547235012054443 
914 2.6491408348083496 
915 2.680224657058716 
916 2.770498514175415 
917 2.7606852054595947 
918 2.6151044368743896 
919 2.7089452743530273 
920 2.6420464515686035 
921 2.6524832248687744 
922 2.5418543815612793 
923 2.6507656574249268 
924 2.6205098628997803 
925 2.436882495880127 
926 2.481672763824463 
927 2.4967026710510254 
928 2.5004563331604004 
929 2.3861567974090576 
930 2.3850831985473633 
931 2.4288289546966553 
932 2.4413013458251953 
933 2.395810842514038 
934 2.438502311706543 
935 2.555833339691162 
936 2.585969924926758 
937 2.3560640811920166 
938 2.5231034755706787 
939 2.4100708961486816 
940 2.310009479522705 
941 2.327192544937134 
942 2.275991439819336 
943 2.153531789779663 
944 2.254237651824951 
945 2.317596673965454 
946 2.3276407718658447 
947 2.36887526512146 
948 2.3671038150787354 
949 2.3444857597351074 
950 2.3542938232421875 
951 2.4876761436462402 
952 2.3650896549224854 
953 2.4201858043670654 
954 2.5567128658294678 
955 2.345261573791504 
956 2.320920467376709 
957 2.373152256011963 
958 2.4165844917297363 
959 2.3196284770965576 
960 2.3994364738464355 
961 2.3648734092712402 
962 2.332693576812744 
963 2.3428094387054443 
964 2.346759557723999 
965 2.2288002967834473 
966 2.1311776638031006 
967 2.238504648208618 
968 2.2465736865997314 
969 2.1997199058532715 
970 2.1752588748931885 
971 2.211369752883911 
972 2.1712148189544678 
973 2.182424545288086 
974 2.2588446140289307 
975 2.22902250289917 
976 2.141599178314209 
977 2.2619361877441406 
978 2.219575881958008 
979 2.2281835079193115 
980 2.2452547550201416 
981 2.191403865814209 
982 2.046304941177368 
983 2.007115125656128 
984 1.988539457321167 
985 1.9890021085739136 
986 2.036458730697632 
987 2.111201524734497 
988 2.021794319152832 
989 2.0527544021606445 
990 2.0814883708953857 
991 2.037780523300171 
992 1.9834589958190918 
993 2.0873517990112305 
994 2.0527865886688232 
995 2.0776121616363525 
996 2.291586399078369 
997 2.3261868953704834 
998 2.336806058883667 
999 2.2080554962158203 
1000 2.274352788925171 
1001 2.334641218185425 
1002 2.2286477088928223 
1003 2.3571865558624268 
1004 2.2197725772857666 
1005 2.345255136489868 
1006 2.460808515548706 
1007 2.457798480987549 
1008 2.2467572689056396 
1009 2.1550819873809814 
1010 2.1038708686828613 
1011 1.9145987033843994 
1012 1.9536513090133667 
1013 2.0020053386688232 
1014 2.0082638263702393 
1015 1.927096962928772 
1016 2.0772929191589355 
1017 2.089453935623169 
1018 2.106119394302368 
1019 2.0911011695861816 
1020 1.9466551542282104 
1021 1.9703782796859741 
1022 2.075932264328003 
1023 2.0492594242095947 
1024 2.0093321800231934 
1025 1.9706547260284424 
1026 1.820162296295166 
1027 1.7262107133865356 
1028 1.7251102924346924 
1029 1.7141069173812866 
1030 1.7868796586990356 
1031 1.949850082397461 
1032 1.7926074266433716 
1033 1.9495134353637695 
1034 2.0020811557769775 
1035 2.037341833114624 
1036 2.12485671043396 
1037 2.180826425552368 
1038 2.066744565963745 
1039 2.012916088104248 
1040 2.111205816268921 
1041 1.955602765083313 
1042 1.9571583271026611 
1043 2.003889322280884 
1044 1.936753273010254 
1045 2.031412124633789 
1046 2.14414644241333 
1047 2.1940577030181885 
1048 2.2408154010772705 
1049 2.3062541484832764 
1050 2.0933778285980225 
1051 2.089195728302002 
1052 2.2495951652526855 
1053 2.2825653553009033 
1054 2.1300134658813477 
1055 2.1497788429260254 
1056 2.0904204845428467 
1057 2.102933645248413 
1058 2.2107675075531006 
1059 2.0971035957336426 
1060 2.095857620239258 
1061 2.101794958114624 
1062 2.1818599700927734 
1063 2.191077470779419 
1064 2.234541416168213 
1065 2.1621696949005127 
1066 2.21687912940979 
1067 2.0573885440826416 
1068 2.0606861114501953 
1069 2.124155044555664 
1070 2.088381052017212 
1071 2.0134081840515137 
1072 2.046447277069092 
1073 1.9839590787887573 
1074 1.9143961668014526 
1075 1.9169933795928955 
1076 2.0309205055236816 
1077 2.00956130027771 
1078 1.8928916454315186 
1079 1.976261854171753 
1080 1.8523331880569458 
1081 1.9401105642318726 
1082 1.9859859943389893 
1083 2.027285099029541 
1084 2.038414478302002 
1085 1.9995521306991577 
1086 2.0618488788604736 
1087 1.949880599975586 
1088 2.066058874130249 
1089 2.0437827110290527 
1090 2.0889344215393066 
1091 1.9082715511322021 
1092 1.9168301820755005 
1093 2.0292065143585205 
1094 2.035106897354126 
1095 2.079007625579834 
1096 2.0544040203094482 
1097 2.2205746173858643 
1098 2.294891595840454 
1099 2.237497568130493 
1100 2.177717447280884 
1101 2.2582192420959473 
1102 2.364032745361328 
1103 2.4528729915618896 
1104 2.5360360145568848 
1105 2.527371406555176 
1106 2.4707798957824707 
1107 2.4585771560668945 
1108 2.54404878616333 
1109 2.5127670764923096 
1110 2.5640954971313477 
1111 2.558699607849121 
1112 2.377211570739746 
1113 2.4326398372650146 
1114 2.4343373775482178 
1115 2.481367349624634 
1116 2.5651848316192627 
1117 2.7763214111328125 
1118 2.6393587589263916 
1119 2.659757375717163 
1120 2.6138908863067627 
1121 2.455512285232544 
1122 2.310001850128174 
1123 2.218165397644043 
1124 2.221764087677002 
1125 2.2082126140594482 
1126 2.153489112854004 
1127 1.9949806928634644 
1128 2.053912401199341 
1129 2.1454873085021973 
1130 2.2911410331726074 
1131 2.228132486343384 
1132 2.3307313919067383 
1133 2.347939968109131 
1134 2.2436156272888184 
1135 2.208141803741455 
1136 2.275942087173462 
1137 2.0486254692077637 
1138 2.0144805908203125 
1139 1.9916611909866333 
1140 2.0256094932556152 
1141 2.055152177810669 
1142 2.098114490509033 
1143 2.02642822265625 
1144 2.0104660987854004 
1145 2.148921012878418 
1146 2.135809898376465 
1147 2.1339592933654785 
1148 2.088961601257324 
1149 2.0414791107177734 
1150 2.0421040058135986 
1151 2.041060447692871 
1152 2.125077724456787 
1153 1.958679437637329 
1154 2.008118152618408 
1155 2.0074501037597656 
1156 2.037705898284912 
1157 1.960301160812378 
1158 1.9409793615341187 
1159 1.9247385263442993 
1160 1.960716724395752 
1161 2.1093125343322754 
1162 2.074361562728882 
1163 2.215879440307617 
1164 2.3025574684143066 
1165 2.3522450923919678 
1166 2.3468751907348633 
1167 2.22587513923645 
1168 2.261739730834961 
1169 2.4609079360961914 
1170 2.2796452045440674 
1171 2.166910409927368 
1172 2.1655635833740234 
1173 2.1492412090301514 
1174 2.062009572982788 
1175 2.1593074798583984 
1176 2.049490451812744 
1177 2.0484087467193604 
1178 2.0010297298431396 
1179 2.0864017009735107 
1180 2.0722813606262207 
1181 1.9527870416641235 
1182 1.9780585765838623 
1183 2.0816078186035156 
1184 2.1645991802215576 
1185 2.1319751739501953 
1186 1.995667815208435 
1187 2.1230123043060303 
1188 2.081526279449463 
1189 2.145699977874756 
1190 1.969634771347046 
1191 2.120230197906494 
1192 2.048583984375 
1193 1.9957852363586426 
1194 1.9459154605865479 
1195 1.7650682926177979 
1196 1.7798200845718384 
1197 1.7710059881210327 
1198 1.7682809829711914 
1199 1.823512077331543 
1200 1.8278156518936157 
1201 1.8553180694580078 
1202 1.8362879753112793 
1203 1.8992395401000977 
1204 1.9094831943511963 
1205 1.90250563621521 
1206 1.6940304040908813 
1207 1.615772008895874 
1208 1.6525157690048218 
1209 1.6624078750610352 
1210 1.6166250705718994 
1211 1.7799937725067139 
1212 1.6840544939041138 
1213 1.8197479248046875 
1214 1.875308871269226 
1215 2.0219733715057373 
1216 1.8865107297897339 
1217 1.9365088939666748 
1218 2.0934526920318604 
1219 2.173537015914917 
1220 1.9625978469848633 
1221 2.015403985977173 
1222 2.123980760574341 
1223 2.2128591537475586 
1224 2.2391319274902344 
1225 2.2441980838775635 
1226 2.2492177486419678 
1227 2.2882633209228516 
1228 2.236570119857788 
1229 2.074154853820801 
1230 2.109812021255493 
1231 2.1281578540802 
1232 2.1277859210968018 
1233 2.2261438369750977 
1234 2.192478656768799 
1235 2.2052254676818848 
1236 2.140505790710449 
1237 2.056856393814087 
1238 2.001474618911743 
1239 2.0607993602752686 
1240 2.0256853103637695 
1241 1.9900835752487183 
1242 2.050260305404663 
1243 2.017275094985962 
1244 1.9906946420669556 
1245 2.0659661293029785 
1246 2.1258134841918945 
1247 2.064495801925659 
1248 1.9935003519058228 
1249 2.0169172286987305 
1250 2.1479554176330566 
1251 2.2817599773406982 
1252 2.1742212772369385 
1253 2.077883005142212 
1254 2.0573158264160156 
1255 2.1145389080047607 
1256 2.0343785285949707 
1257 2.0708773136138916 
1258 2.1014575958251953 
1259 2.105792760848999 
1260 2.0210177898406982 
1261 1.909118413925171 
1262 1.8549292087554932 
1263 1.8320238590240479 
1264 1.9205366373062134 
1265 1.839664101600647 
1266 1.8678936958312988 
1267 1.9394928216934204 
1268 1.8479881286621094 
1269 1.7797017097473145 
1270 1.7307589054107666 
1271 1.768103003501892 
1272 1.7407442331314087 
1273 1.9474018812179565 
1274 1.7861579656600952 
1275 1.884716272354126 
1276 1.8910558223724365 
1277 1.684154987335205 
1278 1.672978162765503 
1279 1.8129686117172241 
1280 1.8074570894241333 
1281 1.7854186296463013 
1282 1.780707597732544 
1283 2.0202536582946777 
1284 2.0377237796783447 
1285 1.9460670948028564 
1286 2.073483943939209 
1287 1.903524398803711 
1288 1.9183920621871948 
1289 1.9630223512649536 
1290 2.069228172302246 
1291 2.0187735557556152 
1292 1.9375089406967163 
1293 1.9603993892669678 
1294 1.9140905141830444 
1295 1.822914958000183 
1296 1.8116469383239746 
1297 1.7272855043411255 
1298 1.8296658992767334 
1299 1.921580195426941 
1300 1.8643349409103394 
1301 1.9103978872299194 
1302 1.896169900894165 
1303 1.7346233129501343 
1304 1.7308785915374756 
1305 1.747968077659607 
1306 1.7759497165679932 
1307 1.8858163356781006 
1308 1.6960698366165161 
1309 1.581849217414856 
1310 1.663339376449585 
1311 1.8478895425796509 
1312 1.6861093044281006 
1313 1.8216618299484253 
1314 1.889003872871399 
1315 2.021951198577881 
1316 1.9798554182052612 
1317 2.0333120822906494 
1318 2.042607307434082 
1319 2.1531569957733154 
1320 2.3799092769622803 
1321 2.4181556701660156 
1322 2.548067331314087 
1323 2.374373435974121 
1324 2.3590025901794434 
1325 2.417104482650757 
1326 2.2041640281677246 
1327 2.279761552810669 
1328 2.2135064601898193 
1329 2.1831915378570557 
1330 2.2174479961395264 
1331 2.1851041316986084 
1332 2.162017345428467 
1333 2.0648505687713623 
1334 1.9350682497024536 
1335 1.9439928531646729 
1336 2.0564053058624268 
1337 1.8581711053848267 
1338 1.9326682090759277 
1339 1.9744443893432617 
1340 2.060432195663452 
1341 2.0134849548339844 
1342 1.8999871015548706 
1343 1.9780256748199463 
1344 2.1425774097442627 
1345 2.101884365081787 
1346 2.061988115310669 
1347 2.233856439590454 
1348 2.2051520347595215 
1349 2.1783266067504883 
1350 2.1788079738616943 
1351 2.1302008628845215 
1352 2.2850167751312256 
1353 1.9980759620666504 
1354 2.017008066177368 
1355 1.9492560625076294 
1356 1.9476712942123413 
1357 2.0471529960632324 
1358 1.7690075635910034 
1359 1.740682601928711 
1360 1.8355071544647217 
1361 1.8935953378677368 
1362 1.8541836738586426 
1363 1.8760547637939453 
1364 1.827152132987976 
1365 1.6868336200714111 
1366 1.7564337253570557 
1367 1.6783478260040283 
1368 1.5797535181045532 
1369 1.6156524419784546 
1370 1.5050266981124878 
1371 1.4791392087936401 
1372 1.5037319660186768 
1373 1.3995431661605835 
1374 1.4616206884384155 
1375 1.481204867362976 
1376 1.5101191997528076 
1377 1.4650096893310547 
1378 1.4675811529159546 
1379 1.4679627418518066 
1380 1.4113095998764038 
1381 1.3747715950012207 
1382 1.5854458808898926 
1383 1.593224287033081 
1384 1.6512409448623657 
1385 1.5956560373306274 
1386 1.5029163360595703 
1387 1.5323872566223145 
1388 1.4243534803390503 
1389 1.4341105222702026 
1390 1.3573946952819824 
1391 1.4253848791122437 
1392 1.3765968084335327 
1393 1.5215052366256714 
1394 1.4305295944213867 
1395 1.5392687320709229 
1396 1.5474079847335815 
1397 1.573477864265442 
1398 1.6203442811965942 
1399 1.567874550819397 
1400 1.5649017095565796 
1401 1.6644916534423828 
1402 1.587538242340088 
1403 1.7298188209533691 
1404 1.754538893699646 
1405 1.7627754211425781 
1406 1.7620381116867065 
1407 1.8174904584884644 
1408 1.9329907894134521 
1409 2.0231218338012695 
1410 1.861833930015564 
1411 1.782396674156189 
1412 1.8775240182876587 
1413 1.7891180515289307 
1414 1.8062270879745483 
1415 1.8482791185379028 
1416 1.9228880405426025 
1417 1.9277445077896118 
1418 1.9417880773544312 
1419 1.939080834388733 
1420 1.827197551727295 
1421 1.654022216796875 
1422 1.587605595588684 
1423 1.7510957717895508 
1424 1.755637764930725 
1425 1.8431122303009033 
1426 1.7002758979797363 
1427 1.6954319477081299 
1428 1.6324676275253296 
1429 1.5865747928619385 
1430 1.6318974494934082 
1431 1.5260915756225586 
1432 1.7746086120605469 
1433 1.746781349182129 
1434 1.560329556465149 
1435 1.5741350650787354 
1436 1.5880190134048462 
1437 1.6067909002304077 
1438 1.54950749874115 
1439 1.7251980304718018 
1440 1.727349877357483 
1441 1.8561755418777466 
1442 1.8029929399490356 
1443 1.7888423204421997 
1444 1.8427882194519043 
1445 1.8087522983551025 
1446 1.8234137296676636 
1447 1.8392267227172852 
1448 1.7622079849243164 
1449 1.8238970041275024 
1450 1.7551802396774292 
1451 1.795707106590271 
1452 1.8920493125915527 
1453 1.88438081741333 
1454 1.82962965965271 
1455 1.8147003650665283 
1456 1.8341829776763916 
1457 1.723561406135559 
1458 1.8210515975952148 
1459 1.9317551851272583 
1460 1.8317623138427734 
1461 1.8678284883499146 
1462 1.9583061933517456 
1463 1.9367400407791138 
1464 1.8733160495758057 
1465 1.8779268264770508 
1466 1.8851876258850098 
1467 1.9233808517456055 
1468 1.7720069885253906 
1469 1.82791006565094 
1470 1.7555196285247803 
1471 1.7052257061004639 
1472 1.744777798652649 
1473 1.7418882846832275 
1474 1.7272580862045288 
1475 1.751435399055481 
1476 1.9350011348724365 
1477 1.8535182476043701 
1478 1.821537971496582 
1479 1.852306604385376 
1480 1.7026537656784058 
1481 1.7440423965454102 
1482 1.8688864707946777 
1483 1.8045419454574585 
1484 1.8480641841888428 
1485 1.7682727575302124 
1486 1.676649570465088 
1487 1.7456575632095337 
1488 1.75453519821167 
1489 1.833882212638855 
1490 1.7762625217437744 
1491 1.8218995332717896 
1492 1.789644479751587 
1493 1.8344850540161133 
1494 1.7531465291976929 
1495 1.7471671104431152 
1496 1.898055911064148 
1497 1.872262716293335 
1498 1.9485483169555664 
1499 1.945989727973938 
1500 1.866057276725769 
1501 1.8196228742599487 
1502 1.924446940422058 
1503 1.9256622791290283 
1504 1.9059703350067139 
1505 1.902714490890503 
1506 1.8379615545272827 
1507 1.8885910511016846 
1508 1.933733344078064 
1509 1.9819390773773193 
1510 1.9579988718032837 
1511 1.8375047445297241 
1512 1.8254899978637695 
1513 1.9828134775161743 
1514 1.965313196182251 
1515 2.049952745437622 
1516 2.1419875621795654 
1517 2.048921585083008 
1518 1.9326903820037842 
1519 1.7923789024353027 
1520 1.8661627769470215 
1521 1.9656877517700195 
1522 1.9671964645385742 
1523 1.9660712480545044 
1524 2.093783140182495 
1525 1.9521890878677368 
1526 2.077033042907715 
1527 1.9874054193496704 
1528 2.0114428997039795 
1529 1.9742714166641235 
1530 1.9693007469177246 
1531 2.0527899265289307 
1532 2.0155563354492188 
1533 1.9920495748519897 
1534 2.019054889678955 
1535 1.9653713703155518 
1536 1.882397174835205 
1537 1.8229275941848755 
1538 1.845847487449646 
1539 1.9416093826293945 
1540 2.0683116912841797 
1541 2.100377321243286 
1542 2.0695650577545166 
1543 2.023101568222046 
1544 2.0124025344848633 
1545 2.151350498199463 
1546 2.4388463497161865 
1547 2.2338218688964844 
1548 2.1062657833099365 
1549 1.9525976181030273 
1550 1.911177158355713 
1551 2.130944013595581 
1552 2.0581681728363037 
1553 2.1642515659332275 
1554 2.154191017150879 
1555 2.0759618282318115 
1556 2.24092173576355 
1557 2.204721212387085 
1558 2.2408413887023926 
1559 2.296898126602173 
1560 2.2586939334869385 
1561 2.19376277923584 
1562 2.3638434410095215 
1563 2.4689688682556152 
1564 2.326516628265381 
1565 2.266061305999756 
1566 2.277885675430298 
1567 2.2155659198760986 
1568 2.214460849761963 
1569 2.1616370677948 
1570 2.3382272720336914 
1571 2.372379779815674 
1572 2.4149088859558105 
1573 2.2477266788482666 
1574 2.2645015716552734 
1575 2.2193667888641357 
1576 2.289977788925171 
1577 2.254997491836548 
1578 2.2891035079956055 
1579 2.124361753463745 
1580 2.1951751708984375 
1581 2.484708070755005 
1582 2.379347324371338 
1583 2.460526466369629 
1584 2.3491647243499756 
1585 2.3099205493927 
1586 2.159240484237671 
1587 2.264601945877075 
1588 2.1070055961608887 
1589 2.1375010013580322 
1590 2.263909339904785 
1591 2.3201680183410645 
1592 2.3364970684051514 
1593 2.3428795337677 
1594 2.3740503787994385 
1595 2.3043384552001953 
1596 2.191283941268921 
1597 2.1990303993225098 
1598 2.110325813293457 
1599 2.131643295288086 
1600 2.0678343772888184 
1601 2.212162733078003 
1602 2.3076932430267334 
1603 2.2418386936187744 
1604 2.2193310260772705 
1605 2.2415459156036377 
1606 2.1432442665100098 
1607 2.0679996013641357 
1608 2.110245704650879 
1609 2.192826509475708 
1610 2.1167209148406982 
1611 2.25380802154541 
1612 2.1673498153686523 
1613 2.1401638984680176 
1614 2.122281551361084 
1615 2.043833017349243 
1616 1.9875829219818115 
1617 2.04179310798645 
1618 2.1206271648406982 
1619 2.060854434967041 
1620 1.9335110187530518 
1621 1.9180102348327637 
1622 1.8505858182907104 
1623 1.6703001260757446 
1624 1.8127999305725098 
1625 1.7287460565567017 
1626 1.7232993841171265 
1627 1.6751407384872437 
1628 1.7209570407867432 
1629 1.7348103523254395 
1630 1.8941036462783813 
1631 1.777268648147583 
1632 1.9529974460601807 
1633 1.9590908288955688 
1634 1.8939307928085327 
1635 1.8747490644454956 
1636 1.8820993900299072 
1637 1.9759190082550049 
1638 1.9317452907562256 
1639 2.005692481994629 
1640 2.1885411739349365 
1641 2.325815439224243 
1642 2.198089361190796 
1643 2.2440755367279053 
1644 2.276726722717285 
1645 2.2257182598114014 
1646 2.2715156078338623 
1647 2.437321186065674 
1648 2.3921680450439453 
1649 2.350900650024414 
1650 2.107219934463501 
1651 2.064685583114624 
1652 2.1805410385131836 
1653 2.250483989715576 
1654 2.1327896118164062 
1655 2.1649444103240967 
1656 2.2318308353424072 
1657 2.4193310737609863 
1658 2.4571611881256104 
1659 2.1777853965759277 
1660 2.2850663661956787 
1661 2.399552583694458 
1662 2.5581135749816895 
1663 2.3631646633148193 
1664 2.3781394958496094 
1665 2.647902250289917 
1666 2.6233346462249756 
1667 2.4614343643188477 
1668 2.3090720176696777 
1669 2.4449713230133057 
1670 2.3910765647888184 
1671 2.249218463897705 
1672 2.1991403102874756 
1673 2.1586732864379883 
1674 2.2642064094543457 
1675 2.199977159500122 
1676 2.377748489379883 
1677 2.187709331512451 
1678 2.1056110858917236 
1679 2.0853917598724365 
1680 2.014913558959961 
1681 1.8661115169525146 
1682 1.9908195734024048 
1683 2.0543246269226074 
1684 2.1018283367156982 
1685 2.1519882678985596 
1686 2.049288749694824 
1687 2.177198648452759 
1688 2.2021374702453613 
1689 2.2483372688293457 
1690 2.0943427085876465 
1691 2.216933250427246 
1692 2.196229934692383 
1693 2.0643398761749268 
1694 2.0517587661743164 
1695 2.0489094257354736 
1696 2.043651580810547 
1697 2.141176462173462 
1698 2.041423797607422 
1699 2.1161036491394043 
1700 2.0555331707000732 
1701 2.030907392501831 
1702 1.9640594720840454 
1703 1.980504035949707 
1704 1.8733669519424438 
1705 1.8156589269638062 
1706 1.8345125913619995 
1707 1.8244869709014893 
1708 1.8399617671966553 
1709 1.8236240148544312 
1710 1.7630560398101807 
1711 1.7234623432159424 
1712 1.6846294403076172 
1713 1.671492576599121 
1714 1.6487360000610352 
1715 1.7525640726089478 
1716 1.9355918169021606 
1717 2.0016210079193115 
1718 1.849394679069519 
1719 1.7567025423049927 
1720 1.7941311597824097 
1721 1.8773212432861328 
1722 1.9129921197891235 
1723 1.8159418106079102 
1724 1.7268004417419434 
1725 1.835511326789856 
1726 1.612521767616272 
1727 1.7579052448272705 
1728 1.6976091861724854 
1729 1.7142366170883179 
1730 1.7831648588180542 
1731 1.7969502210617065 
1732 1.7795755863189697 
1733 1.699524998664856 
1734 1.7690834999084473 
1735 1.78419029712677 
1736 1.861796498298645 
1737 1.802422046661377 
1738 1.8446509838104248 
1739 1.7511775493621826 
1740 1.8089518547058105 
1741 1.6999448537826538 
1742 1.7409988641738892 
1743 1.7357888221740723 
1744 1.8551182746887207 
1745 1.8658777475357056 
1746 1.8425254821777344 
1747 1.8716497421264648 
1748 1.8516566753387451 
1749 2.052523374557495 
1750 2.0232245922088623 
1751 1.9852025508880615 
1752 1.9555976390838623 
1753 1.9934455156326294 
1754 1.979404091835022 
1755 1.9552956819534302 
1756 1.9070550203323364 
1757 1.9395020008087158 
1758 1.8666754961013794 
1759 2.0120339393615723 
1760 1.9104502201080322 
1761 1.8862464427947998 
1762 2.0984370708465576 
1763 2.128730058670044 
1764 2.180572986602783 
1765 2.1916303634643555 
1766 2.207193613052368 
1767 2.0887417793273926 
1768 2.020962953567505 
1769 2.0098628997802734 
1770 1.92777419090271 
1771 1.942628026008606 
1772 2.026219606399536 
1773 1.9770742654800415 
1774 1.9062579870224 
1775 1.9383457899093628 
1776 1.7530834674835205 
1777 1.8140850067138672 
1778 1.9449268579483032 
1779 1.9044843912124634 
1780 1.9924724102020264 
1781 1.9985400438308716 
1782 1.9517192840576172 
1783 1.9138503074645996 
1784 1.9137589931488037 
1785 1.9350711107254028 
1786 1.9958765506744385 
1787 1.8633334636688232 
1788 1.8356486558914185 
1789 1.9814163446426392 
1790 2.0459156036376953 
1791 2.1289026737213135 
1792 2.061434745788574 
1793 2.1359035968780518 
1794 2.123032569885254 
1795 2.0647506713867188 
1796 2.024221420288086 
1797 1.9593297243118286 
1798 2.006103038787842 
1799 2.047348737716675 
1800 2.1484227180480957 
1801 2.1921346187591553 
1802 2.1629977226257324 
1803 2.040097713470459 
1804 2.0861170291900635 
1805 2.1256210803985596 
1806 2.0265052318573 
1807 2.1518666744232178 
1808 2.131004571914673 
1809 2.2630996704101562 
1810 2.3151094913482666 
1811 2.373087167739868 
1812 2.5766448974609375 
1813 2.4391930103302 
1814 2.177565336227417 
1815 2.15793776512146 
1816 2.264620304107666 
1817 2.473583936691284 
1818 2.2878475189208984 
1819 2.263096570968628 
1820 2.167038917541504 
1821 2.2042388916015625 
1822 1.924768328666687 
1823 1.8978676795959473 
1824 2.0449156761169434 
1825 1.9190863370895386 
1826 1.9846112728118896 
1827 2.0432844161987305 
1828 2.0582919120788574 
1829 2.0216400623321533 
1830 2.0737173557281494 
1831 2.018235206604004 
1832 1.836054801940918 
1833 1.9243676662445068 
1834 1.9426547288894653 
1835 2.0039985179901123 
1836 1.9899441003799438 
1837 2.090142250061035 
1838 2.020667791366577 
1839 2.0499696731567383 
1840 2.185788631439209 
1841 2.276474952697754 
1842 2.1066811084747314 
1843 2.0881447792053223 
1844 2.039052963256836 
1845 2.05871319770813 
1846 1.9959025382995605 
1847 2.140775442123413 
1848 2.0370657444000244 
1849 2.016587734222412 
1850 2.059021472930908 
1851 2.0813021659851074 
1852 2.140231132507324 
1853 2.1023783683776855 
1854 2.043365240097046 
1855 2.00586199760437 
1856 1.9854482412338257 
1857 1.9298274517059326 
1858 1.9318363666534424 
1859 1.9626245498657227 
1860 1.8876445293426514 
1861 2.0001931190490723 
1862 1.9845422506332397 
1863 1.9312082529067993 
1864 1.8580635786056519 
1865 1.8739038705825806 
1866 1.9080255031585693 
1867 1.8170028924942017 
1868 1.9002649784088135 
1869 2.0236473083496094 
1870 2.0122575759887695 
1871 2.2078285217285156 
1872 2.223074197769165 
1873 2.011944532394409 
1874 2.202504873275757 
1875 2.0398030281066895 
1876 2.034301280975342 
1877 1.960857629776001 
1878 1.993107557296753 
1879 1.839232087135315 
1880 1.9806957244873047 
1881 1.9594552516937256 
1882 1.8577907085418701 
1883 1.695664882659912 
1884 1.8481152057647705 
1885 1.7573771476745605 
1886 1.8199154138565063 
1887 1.8071682453155518 
1888 1.614254355430603 
1889 1.7191320657730103 
1890 1.75203275680542 
1891 1.6377449035644531 
1892 1.7080085277557373 
1893 1.6414361000061035 
1894 1.6802573204040527 
1895 1.731988549232483 
1896 1.787649154663086 
1897 1.70130455493927 
1898 1.788348913192749 
1899 1.779283046722412 
1900 1.7815885543823242 
1901 1.905882716178894 
1902 1.865438461303711 
1903 1.946943998336792 
1904 1.8585708141326904 
1905 1.8382518291473389 
1906 1.8745429515838623 
1907 1.9219979047775269 
1908 1.856874942779541 
1909 1.9852231740951538 
1910 2.017047882080078 
1911 2.072439670562744 
1912 2.05519700050354 
1913 1.9962316751480103 
1914 2.0324463844299316 
1915 2.0649759769439697 
1916 2.0798282623291016 
1917 2.1745545864105225 
1918 2.0754234790802 
1919 2.188060998916626 
1920 2.13906192779541 
1921 1.9791369438171387 
1922 1.8888447284698486 
1923 1.891241431236267 
1924 1.7874505519866943 
1925 1.59759521484375 
1926 1.5134414434432983 
1927 1.4569809436798096 
1928 1.3892332315444946 
1929 1.4383070468902588 
1930 1.460949420928955 
1931 1.5157735347747803 
1932 1.5099202394485474 
1933 1.4911271333694458 
1934 1.5011855363845825 
1935 1.5110257863998413 
1936 1.4751479625701904 
1937 1.6277669668197632 
1938 1.5284303426742554 
1939 1.4341294765472412 
1940 1.5692518949508667 
1941 1.602715015411377 
1942 1.6557868719100952 
1943 1.647010326385498 
1944 1.6365973949432373 
1945 1.6589295864105225 
1946 1.6502453088760376 
1947 1.6247012615203857 
1948 1.6790459156036377 
1949 1.6856999397277832 
1950 1.6711047887802124 
1951 1.608392357826233 
1952 1.6879830360412598 
1953 1.5913671255111694 
1954 1.522968053817749 
1955 1.506335735321045 
1956 1.5890039205551147 
1957 1.6100025177001953 
1958 1.5689200162887573 
1959 1.5313544273376465 
1960 1.6693580150604248 
1961 1.6282719373703003 
1962 1.6543701887130737 
1963 1.607580542564392 
1964 1.5624961853027344 
1965 1.6120506525039673 
1966 1.6626219749450684 
1967 1.5944271087646484 
1968 1.5708779096603394 
1969 1.622238278388977 
1970 1.5823960304260254 
1971 1.63095223903656 
1972 1.770500659942627 
1973 1.7109578847885132 
1974 1.7206562757492065 
1975 1.6090494394302368 
1976 1.5970855951309204 
1977 1.6445884704589844 
1978 1.6727348566055298 
1979 1.632110357284546 
1980 1.7559118270874023 
1981 1.8111318349838257 
1982 1.580094337463379 
1983 1.6543071269989014 
1984 1.7505990266799927 
1985 1.692179799079895 
1986 1.7029778957366943 
1987 1.6533273458480835 
1988 1.66768217086792 
1989 1.7218034267425537 
1990 1.9151527881622314 
1991 1.9670743942260742 
1992 1.7959822416305542 
1993 1.8474100828170776 
1994 1.7071665525436401 
1995 1.7185901403427124 
1996 1.758560061454773 
1997 1.6537950038909912 
1998 1.5865854024887085 
1999 1.6411746740341187 
2000 1.6378982067108154 
2001 1.884641170501709 
2002 1.9108489751815796 
2003 1.669313907623291 
2004 1.6444908380508423 
2005 1.6780062913894653 
2006 1.4617621898651123 
2007 1.5246762037277222 
2008 1.5661656856536865 
2009 1.630184531211853 
2010 1.526629090309143 
2011 1.5798070430755615 
2012 1.6502108573913574 
2013 1.5729705095291138 
2014 1.485739827156067 
2015 1.4995814561843872 
2016 1.4843600988388062 
2017 1.3918594121932983 
2018 1.3963322639465332 
2019 1.439368486404419 
2020 1.3737074136734009 
2021 1.4463145732879639 
2022 1.4836928844451904 
2023 1.5401970148086548 
2024 1.6254746913909912 
2025 1.7462241649627686 
2026 1.8654029369354248 
2027 1.857442855834961 
2028 1.7770570516586304 
2029 1.6686558723449707 
2030 1.7525196075439453 
2031 1.6923341751098633 
2032 1.7645611763000488 
2033 1.7762705087661743 
2034 1.795776605606079 
2035 1.860129952430725 
2036 1.802573561668396 
2037 1.7893974781036377 
2038 1.7112270593643188 
2039 1.8458775281906128 
2040 1.8102703094482422 
2041 1.931396245956421 
2042 1.9392963647842407 
2043 2.0705816745758057 
2044 2.049752712249756 
2045 2.0144541263580322 
2046 1.8870092630386353 
2047 1.9448659420013428 
2048 1.9381471872329712 
2049 1.8264572620391846 
2050 1.7815018892288208 
2051 1.7448161840438843 
2052 1.6159119606018066 
2053 1.7019827365875244 
2054 1.638668417930603 
2055 1.6924742460250854 
2056 1.7472970485687256 
2057 1.6955457925796509 
2058 1.8271859884262085 
2059 1.8849283456802368 
2060 1.7880650758743286 
2061 1.865005612373352 
2062 1.9293547868728638 
2063 2.091259479522705 
2064 2.0218634605407715 
2065 1.9946088790893555 
2066 2.016890525817871 
2067 2.036146640777588 
2068 1.9920005798339844 
2069 1.8630261421203613 
2070 1.838813066482544 
2071 1.956053376197815 
2072 1.9408599138259888 
2073 1.9639866352081299 
2074 2.043100357055664 
2075 1.9902561902999878 
2076 2.0892202854156494 
2077 2.088207721710205 
2078 1.9704575538635254 
2079 1.9754823446273804 
2080 2.1780714988708496 
2081 2.0388972759246826 
2082 2.081718683242798 
2083 1.951977014541626 
2084 1.9812270402908325 
2085 2.0843722820281982 
2086 1.986545205116272 
2087 2.0293166637420654 
2088 1.9708988666534424 
2089 1.906668782234192 
2090 1.8925358057022095 
2091 1.9642459154129028 
2092 1.9456102848052979 
2093 2.0169663429260254 
2094 2.16906476020813 
2095 2.1038689613342285 
2096 2.2003893852233887 
2097 2.2463715076446533 
2098 2.160543203353882 
2099 2.1681969165802 
2100 2.201573610305786 
2101 2.0564935207366943 
2102 2.0498225688934326 
2103 2.0171635150909424 
2104 2.1168549060821533 
2105 2.1795434951782227 
2106 2.2808544635772705 
2107 2.268465995788574 
2108 2.4557645320892334 
2109 2.36515736579895 
2110 2.361415147781372 
2111 2.3099653720855713 
2112 2.375981569290161 
2113 2.371121644973755 
2114 2.43002986907959 
2115 2.3571903705596924 
2116 2.372014284133911 
2117 2.4579567909240723 
2118 2.524380683898926 
2119 2.4787845611572266 
2120 2.3116321563720703 
2121 2.281923294067383 
2122 2.148981809616089 
2123 2.0723679065704346 
2124 2.3700687885284424 
2125 2.226619005203247 
2126 2.2674920558929443 
2127 2.2887279987335205 
2128 2.0908403396606445 
2129 2.0400779247283936 
2130 2.171905040740967 
2131 2.133391857147217 
2132 2.1466917991638184 
2133 2.103706121444702 
2134 2.168245315551758 
2135 2.2621939182281494 
2136 2.274505376815796 
2137 2.292022466659546 
2138 2.332665205001831 
2139 2.3671557903289795 
2140 2.446291208267212 
2141 2.2997777462005615 
2142 2.376458168029785 
