frame    mol0
    0      NA
    1   0.129
    2   0.086
    3   0.097
    4   0.124
    5   0.107
    6   0.144
    7   0.091
    8   0.114
    9   0.098
   10   0.156
   11   0.116
   12   0.170
   13   0.123
   14   0.098
   15   0.138
   16   0.111
   17   0.183
   18   0.152
   19   0.150
   20   0.171
   21   0.095
   22   0.203
   23   0.175
   24   0.150
   25   0.150
   26   0.180
   27   0.152
   28   0.222
   29   0.213
   30   0.198
   31   0.181
   32   0.099
   33   0.149
   34   0.200
   35   0.195
   36   0.260
   37   0.224
   38   0.297
   39   0.186
   40   0.198
   41   0.195
   42   0.202
   43   0.264
   44   0.243
   45   0.208
   46   0.351
   47   0.287
   48   0.407
   49   0.411
   50   0.372
   51   0.369
   52   0.342
   53   0.190
   54   0.350
   55   0.322
   56   0.427
   57   0.295
   58   0.347
   59   0.272
   60   0.309
   61   0.124
   62   0.248
   63   0.247
   64   0.203
   65   0.352
   66   0.298
   67   0.245
   68   0.301
   69   0.251
   70   0.205
   71   0.241
   72   0.314
   73   0.295
   74   0.178
   75   0.289
   76   0.291
   77   0.301
   78   0.177
   79   0.208
   80   0.209
   81   0.317
   82   0.277
   83   0.255
   84   0.270
   85   0.194
   86   0.265
   87   0.298
   88   0.300
   89   0.231
   90   0.225
   91   0.224
   92   0.282
   93   0.377
   94   0.329
   95   0.396
   96   0.221
   97   0.396
   98   0.217
   99   0.246
  100   0.375
  101   0.317
  102   0.274
  103   0.273
  104   0.392
  105   0.231
  106   0.314
  107   0.398
  108   0.387
  109   0.299
  110   0.348
  111   0.338
  112   0.260
  113   0.172
  114   0.306
  115   0.273
  116   0.239
  117   0.273
  118   0.247
  119   0.266
  120   0.391
  121   0.296
  122   0.271
  123   0.270
  124   0.173
  125   0.221
  126   0.442
  127   0.323
  128   0.241
  129   0.286
  130   0.208
  131   0.313
  132   0.146
  133   0.329
  134   0.228
  135   0.195
  136   0.330
  137   0.203
  138   0.225
  139   0.270
  140   0.234
  141   0.257
  142   0.265
  143   0.216
  144   0.305
  145   0.195
  146   0.280
  147   0.302
  148   0.317
  149   0.255
  150   0.319
  151   0.296
  152   0.252
  153   0.281
  154   0.391
  155   0.268
  156   0.447
  157   0.185
  158   0.323
  159   0.366
  160   0.381
  161   0.242
  162   0.268
  163   0.290
  164   0.288
  165   0.264
  166   0.264
  167   0.309
  168   0.193
  169   0.215
  170   0.237
  171   0.286
  172   0.363
  173   0.355
  174   0.335
  175   0.329
  176   0.349
  177   0.296
  178   0.244
  179   0.428
  180   0.341
  181   0.258
  182   0.267
  183   0.252
  184   0.263
  185   0.347
  186   0.261
  187   0.322
  188   0.237
  189   0.198
  190   0.334
  191   0.262
  192   0.310
  193   0.305
  194   0.251
  195   0.344
  196   0.380
  197   0.357
  198   0.311
  199   0.394
  200   0.290
  201   0.450
  202   0.310
  203   0.363
  204   0.268
  205   0.273
  206   0.241
  207   0.203
  208   0.205
  209   0.199
  210   0.356
  211   0.261
  212   0.269
  213   0.303
  214   0.229
  215   0.388
  216   0.314
  217   0.441
  218   0.273
  219   0.233
  220   0.350
  221   0.279
  222   0.280
  223   0.263
  224   0.319
  225   0.280
  226   0.224
  227   0.252
  228   0.410
  229   0.298
  230   0.256
  231   0.290
  232   0.349
  233   0.221
  234   0.282
  235   0.235
  236   0.368
  237   0.316
  238   0.480
  239   0.286
  240   0.227
  241   0.330
  242   0.309
  243   0.477
  244   0.468
  245   0.275
  246   0.337
  247   0.359
  248   0.268
  249   0.298
  250   0.233
  251   0.382
  252   0.300
  253   0.217
  254   0.281
  255   0.292
  256   0.508
  257   0.463
  258   0.374
  259   0.248
  260   0.387
  261   0.310
  262   0.402
  263   0.363
  264   0.326
  265   0.325
  266   0.327
  267   0.337
  268   0.220
  269   0.306
  270   0.354
  271   0.303
  272   0.379
  273   0.284
  274   0.337
  275   0.340
  276   0.436
  277   0.521
  278   0.400
  279   0.569
  280   0.420
  281   0.522
  282   0.254
  283   0.410
  284   0.259
  285   0.318
  286   0.391
  287   0.328
  288   0.467
  289   0.235
  290   0.311
  291   0.284
  292   0.551
  293   0.347
  294   0.333
  295   0.382
  296   0.453
  297   0.392
  298   0.254
  299   0.382
  300   0.322
  301   0.349
  302   0.441
  303   0.319
  304   0.469
  305   0.332
  306   0.324
  307   0.391
  308   0.335
  309   0.309
  310   0.181
  311   0.204
  312   0.264
  313   0.292
  314   0.400
  315   0.209
  316   0.342
  317   0.288
  318   0.386
  319   0.405
  320   0.399
  321   0.284
  322   0.304
  323   0.348
  324   0.340
  325   0.350
  326   0.291
  327   0.276
  328   0.358
  329   0.316
  330   0.398
  331   0.275
  332   0.348
  333   0.230
  334   0.345
  335   0.336
  336   0.226
  337   0.350
  338   0.306
  339   0.239
  340   0.367
  341   0.201
  342   0.441
  343   0.397
  344   0.468
  345   0.424
  346   0.416
  347   0.488
  348   0.356
  349   0.418
  350   0.432
  351   0.486
  352   0.435
  353   0.447
  354   0.396
  355   0.337
  356   0.312
  357   0.358
  358   0.247
  359   0.393
  360   0.339
  361   0.369
  362   0.345
  363   0.311
  364   0.384
  365   0.299
  366   0.324
  367   0.313
  368   0.389
  369   0.424
  370   0.313
  371   0.321
  372   0.283
  373   0.409
  374   0.293
  375   0.308
  376   0.379
  377   0.349
  378   0.288
  379   0.262
  380   0.376
  381   0.296
  382   0.281
  383   0.332
  384   0.453
  385   0.442
  386   0.440
  387   0.343
  388   0.231
  389   0.352
  390   0.363
  391   0.250
  392   0.347
  393   0.309
  394   0.490
  395   0.331
  396   0.261
  397   0.284
  398   0.306
  399   0.377
  400   0.212
  401   0.257
  402   0.286
  403   0.257
  404   0.364
  405   0.275
  406   0.401
  407   0.352
  408   0.191
  409   0.318
  410   0.368
  411   0.396
  412   0.375
  413   0.365
  414   0.294
  415   0.390
  416   0.236
  417   0.359
  418   0.262
  419   0.225
  420   0.301
  421   0.189
  422   0.300
  423   0.312
  424   0.313
  425   0.283
  426   0.322
  427   0.355
  428   0.391
  429   0.302
  430   0.354
  431   0.304
  432   0.272
  433   0.314
  434   0.267
  435   0.342
  436   0.265
  437   0.227
  438   0.311
  439   0.296
  440   0.284
  441   0.439
  442   0.312
  443   0.315
  444   0.402
  445   0.284
  446   0.324
  447   0.402
  448   0.260
  449   0.360
  450   0.402
  451   0.367
  452   0.319
  453   0.383
  454   0.252
  455   0.315
  456   0.441
  457   0.333
  458   0.307
  459   0.280
  460   0.308
  461   0.270
  462   0.240
  463   0.403
  464   0.198
  465   0.199
  466   0.230
  467   0.268
  468   0.361
  469   0.208
  470   0.248
  471   0.318
  472   0.313
  473   0.336
  474   0.239
  475   0.321
  476   0.320
  477   0.343
  478   0.261
  479   0.205
  480   0.352
  481   0.353
  482   0.311
  483   0.235
  484   0.200
  485   0.484
  486   0.226
  487   0.288
  488   0.288
  489   0.327
  490   0.327
  491   0.239
  492   0.311
  493   0.646
  494   0.576
  495   0.483
  496   0.581
  497   0.557
  498   0.673
  499   0.605
  500   0.606
  501   0.742
  502   0.517
  503   0.609
  504   0.753
  505   0.669
  506   0.668
  507   0.704
  508   0.694
  509   0.594
  510   0.605
  511   0.665
  512   0.643
  513   0.689
  514   0.694
  515   0.834
  516   0.752
  517   0.749
  518   0.748
  519   0.649
  520   0.816
  521   0.709
  522   0.664
  523   0.738
  524   0.666
  525   0.718
  526   0.693
  527   0.619
  528   0.620
  529   0.659
  530   0.651
  531   0.801
  532   0.729
  533   0.690
  534   0.669
  535   0.683
  536   0.631
  537   0.739
  538   0.740
  539   0.766
  540   0.796
  541   0.608
  542   0.722
  543   0.669
  544   0.676
  545   0.778
  546   0.864
  547   0.785
  548   0.823
  549   0.699
  550   0.868
  551   0.734
  552   0.802
  553   0.732
  554   0.701
  555   0.559
  556   0.823
  557   0.793
  558   0.819
  559   0.693
  560   0.703
  561   0.646
  562   0.616
  563   0.716
  564   0.859
  565   0.786
  566   0.773
  567   0.718
  568   0.757
  569   0.718
  570   0.694
  571   0.791
  572   0.651
  573   0.575
  574   0.719
  575   0.794
  576   0.857
  577   0.779
  578   0.658
  579   0.544
  580   0.652
  581   0.675
  582   0.557
  583   0.821
  584   0.884
  585   0.718
  586   0.810
  587   0.708
  588   0.686
  589   0.737
  590   0.727
  591   0.869
  592   0.670
  593   0.813
  594   0.657
  595   0.749
  596   0.752
  597   0.658
  598   0.553
  599   0.485
  600   0.600
  601   0.601
  602   0.576
  603   0.536
  604   0.539
  605   0.561
  606   0.455
  607   0.541
  608   0.582
  609   0.610
  610   0.525
  611   0.716
  612   0.583
  613   0.519
  614   0.539
  615   0.559
  616   0.587
  617   0.544
  618   0.561
  619   0.663
  620   0.620
  621   0.634
  622   0.743
  623   0.685
  624   0.469
  625   0.805
  626   0.543
  627   0.742
  628   0.545
  629   0.579
  630   0.588
  631   0.796
  632   0.611
  633   0.628
  634   0.584
  635   0.440
  636   0.670
  637   0.539
  638   0.592
  639   0.654
  640   0.708
  641   0.619
  642   0.760
  643   0.573
  644   0.508
  645   0.709
  646   0.682
  647   0.519
  648   0.593
  649   0.581
  650   0.551
  651   0.577
  652   0.560
  653   0.619
  654   0.613
  655   0.665
  656   0.577
  657   0.652
  658   0.631
  659   0.500
  660   0.580
  661   0.607
  662   0.684
  663   0.660
  664   0.547
  665   0.486
  666   0.687
  667   0.659
  668   0.671
  669   0.633
  670   0.483
  671   0.524
  672   0.531
  673   0.694
  674   0.674
  675   0.747
  676   0.608
  677   0.605
  678   0.668
  679   0.474
  680   0.643
  681   0.563
  682   0.688
  683   0.522
  684   0.640
  685   0.616
  686   0.509
  687   0.552
  688   0.609
  689   0.498
  690   0.667
  691   0.624
  692   0.634
  693   0.490
  694   0.477
  695   0.647
  696   0.511
  697   0.609
  698   0.718
  699   0.697
  700   0.652
  701   0.525
  702   0.635
  703   0.664
  704   0.697
  705   0.649
  706   0.655
  707   0.724
  708   0.671
  709   0.632
  710   0.635
  711   0.518
  712   0.545
  713   0.494
  714   0.556
  715   0.637
  716   0.726
  717   0.674
  718   0.681
  719   0.616
  720   0.763
  721   0.673
  722   0.621
  723   0.415
  724   0.623
  725   0.478
  726   0.592
  727   0.718
  728   0.579
  729   0.742
  730   0.529
  731   0.637
  732   0.534
  733   0.581
  734   0.716
  735   0.662
  736   0.539
  737   0.616
  738   0.573
  739   0.757
  740   0.658
  741   0.739
  742   0.752
  743   0.666
  744   0.523
  745   0.732
  746   0.698
  747   0.552
  748   0.648
  749   0.597
  750   0.623
  751   0.534
  752   0.550
  753   0.560
  754   0.615
  755   0.606
  756   0.586
  757   0.498
  758   0.682
  759   0.801
  760   0.716
  761   0.772
  762   0.638
  763   0.619
  764   0.704
  765   0.606
  766   0.677
  767   0.569
  768   0.809
  769   0.705
  770   0.644
  771   0.690
  772   0.591
  773   0.659
  774   0.600
  775   0.588
  776   0.750
  777   0.743
  778   0.801
  779   0.759
  780   0.705
  781   0.671
  782   0.681
  783   0.671
  784   0.825
  785   0.732
  786   0.783
  787   0.598
  788   0.615
  789   0.569
  790   0.740
  791   0.605
  792   0.784
  793   0.691
  794   0.627
  795   0.696
  796   0.640
  797   0.654
  798   0.734
  799   0.667
  800   0.657
  801   0.702
  802   0.843
  803   0.638
  804   0.716
  805   0.721
  806   0.748
  807   0.660
  808   0.660
  809   0.753
  810   0.584
  811   0.631
  812   0.683
  813   0.744
  814   0.781
  815   0.750
  816   0.783
  817   0.566
  818   0.710
  819   0.638
  820   0.691
  821   0.653
  822   0.614
  823   0.586
  824   0.626
  825   0.591
  826   0.602
  827   0.686
  828   0.703
  829   0.735
  830   0.750
  831   0.624
  832   0.684
  833   0.639
  834   0.604
  835   0.587
  836   0.593
  837   0.688
  838   0.674
  839   0.585
  840   0.648
  841   0.697
  842   0.802
  843   0.604
  844   0.692
  845   0.722
  846   0.596
  847   0.664
  848   0.536
  849   0.606
  850   0.675
  851   0.556
  852   0.534
  853   0.485
  854   0.478
  855   0.521
  856   0.708
  857   0.723
  858   0.799
  859   0.625
  860   0.707
  861   0.607
  862   0.572
  863   0.547
  864   0.655
  865   0.568
  866   0.569
  867   0.584
  868   0.569
  869   0.666
  870   0.654
  871   0.768
  872   0.622
  873   0.727
  874   0.595
  875   0.756
  876   0.646
  877   0.740
  878   0.568
  879   0.620
  880   0.743
  881   0.549
  882   0.559
  883   0.641
  884   0.575
  885   0.730
  886   0.618
  887   0.747
  888   0.586
  889   0.583
  890   0.615
  891   0.701
  892   0.550
  893   0.716
  894   0.648
  895   0.636
  896   0.648
  897   0.636
  898   0.698
  899   0.735
  900   0.830
  901   0.961
  902   0.773
  903   0.729
  904   0.686
  905   0.607
  906   0.751
  907   0.744
  908   0.790
  909   0.738
  910   0.841
  911   0.680
  912   0.670
  913   0.733
  914   0.888
  915   0.651
  916   0.636
  917   0.664
  918   0.628
  919   0.610
  920   0.603
  921   0.684
  922   0.713
  923   0.626
  924   0.615
  925   0.595
  926   0.682
  927   0.740
  928   0.707
  929   0.587
  930   0.658
  931   0.592
  932   0.600
  933   0.732
  934   0.887
  935   0.638
  936   0.618
  937   0.708
  938   0.640
  939   0.572
  940   0.625
  941   0.678
  942   0.645
  943   0.592
  944   0.715
  945   0.702
  946   0.605
  947   0.618
  948   0.667
  949   0.628
  950   0.653
  951   0.792
  952   0.814
  953   0.768
  954   0.740
  955   0.713
  956   0.717
  957   0.673
  958   0.642
  959   0.714
  960   0.698
  961   0.691
  962   0.776
  963   0.701
  964   0.770
  965   0.648
  966   0.665
  967   0.730
  968   0.640
  969   0.754
  970   0.762
  971   0.556
  972   0.706
  973   0.703
  974   0.717
  975   0.569
  976   0.674
  977   0.657
  978   0.763
  979   0.600
  980   0.740
  981   0.623
  982   0.683
  983   0.750
  984   0.601
  985   0.636
  986   0.684
  987   0.654
  988   0.603
  989   0.741
  990   0.686
  991   0.761
  992   0.731
  993   0.723
  994   0.782
  995   0.715
  996   0.705
  997   0.649
  998   0.721
  999   0.550
 1000   0.675
 1001   0.698
 1002   0.767
 1003   0.699
 1004   0.656
 1005   0.658
 1006   0.671
 1007   0.759
 1008   0.746
 1009   0.663
 1010   0.629
 1011   0.773
 1012   0.631
 1013   0.876
 1014   0.571
 1015   0.722
 1016   0.783
 1017   0.688
 1018   0.790
 1019   0.666
 1020   0.856
 1021   0.832
 1022   0.644
 1023   0.658
 1024   0.721
 1025   0.738
 1026   0.708
 1027   0.697
 1028   0.557
 1029   0.594
 1030   0.701
 1031   0.934
 1032   0.606
 1033   0.750
 1034   0.681
 1035   0.760
 1036   0.668
 1037   0.780
 1038   0.684
 1039   0.716
 1040   0.744
 1041   0.688
 1042   0.728
 1043   0.652
 1044   0.738
 1045   0.554
 1046   0.651
 1047   0.700
 1048   0.645
 1049   0.580
 1050   0.675
 1051   0.616
 1052   0.700
 1053   0.680
 1054   0.747
 1055   0.823
 1056   0.888
 1057   0.836
 1058   0.732
 1059   0.763
 1060   0.697
 1061   0.719
 1062   0.744
 1063   0.599
 1064   0.702
 1065   0.763
 1066   0.780
 1067   0.584
 1068   0.662
 1069   0.572
 1070   0.691
 1071   0.707
 1072   0.721
 1073   0.880
 1074   0.692
 1075   0.774
 1076   0.823
 1077   0.620
 1078   0.756
 1079   0.781
 1080   0.773
 1081   0.768
 1082   0.739
 1083   0.679
 1084   0.774
 1085   0.612
 1086   0.725
 1087   0.639
 1088   0.823
 1089   0.777
 1090   0.804
 1091   0.867
 1092   0.712
 1093   0.638
 1094   0.621
 1095   0.697
 1096   0.589
 1097   0.878
 1098   0.638
 1099   0.686
 1100   0.627
 1101   0.692
 1102   0.846
 1103   0.603
 1104   0.616
 1105   0.798
 1106   0.667
 1107   0.682
 1108   0.680
 1109   0.745
 1110   0.652
 1111   0.607
 1112   0.764
 1113   0.574
 1114   0.653
 1115   0.535
 1116   0.596
 1117   0.601
 1118   0.624
 1119   0.587
 1120   0.651
 1121   0.655
 1122   0.655
 1123   0.701
 1124   0.750
 1125   0.677
 1126   0.828
 1127   0.747
 1128   0.495
 1129   0.634
 1130   0.824
 1131   0.589
 1132   0.719
 1133   0.631
 1134   0.778
 1135   0.671
 1136   0.663
 1137   0.693
 1138   0.699
 1139   0.798
 1140   0.642
 1141   0.643
 1142   0.683
 1143   0.721
 1144   0.674
 1145   0.733
 1146   0.735
 1147   0.835
 1148   0.658
 1149   0.761
 1150   0.737
 1151   0.671
 1152   0.590
 1153   0.765
 1154   0.654
 1155   0.712
 1156   0.620
 1157   0.718
 1158   0.713
 1159   0.721
 1160   0.854
 1161   0.623
 1162   0.797
 1163   0.871
 1164   0.715
 1165   0.772
 1166   0.681
 1167   0.776
 1168   0.837
 1169   0.702
 1170   0.764
 1171   0.676
 1172   0.577
 1173   0.590
 1174   0.476
 1175   0.579
 1176   0.746
 1177   0.625
 1178   0.637
 1179   0.584
 1180   0.735
 1181   0.632
 1182   0.622
 1183   0.646
 1184   0.619
 1185   0.596
 1186   0.692
 1187   0.606
 1188   0.616
 1189   0.606
 1190   0.828
 1191   0.583
 1192   0.640
 1193   0.615
 1194   0.571
 1195   0.554
 1196   0.730
 1197   0.691
 1198   0.673
 1199   0.573
 1200   0.623
 1201   0.548
 1202   0.521
 1203   0.679
 1204   0.549
 1205   0.674
 1206   0.575
 1207   0.651
 1208   0.668
 1209   0.487
 1210   0.676
 1211   0.537
 1212   0.780
 1213   0.514
 1214   0.695
 1215   0.730
 1216   0.656
 1217   0.728
 1218   0.647
 1219   0.680
 1220   0.534
 1221   0.668
 1222   0.563
 1223   0.730
 1224   0.617
 1225   0.718
 1226   0.777
 1227   0.745
 1228   0.630
 1229   0.758
 1230   0.566
 1231   0.449
 1232   0.521
 1233   0.620
 1234   0.590
 1235   0.547
 1236   0.438
 1237   0.542
 1238   0.632
 1239   0.684
 1240   0.663
 1241   0.654
 1242   0.654
 1243   0.438
 1244   0.458
 1245   0.566
 1246   0.674
 1247   0.710
 1248   0.574
 1249   0.758
 1250   0.745
 1251   0.573
 1252   0.661
 1253   0.611
 1254   0.561
 1255   0.588
 1256   0.664
 1257   0.651
 1258   0.553
 1259   0.513
 1260   0.600
 1261   0.632
 1262   0.650
 1263   0.635
 1264   0.789
 1265   0.542
 1266   0.601
 1267   0.538
 1268   0.655
 1269   0.608
 1270   0.568
 1271   0.573
 1272   0.747
 1273   0.610
 1274   0.636
 1275   0.572
 1276   0.668
 1277   0.653
 1278   0.621
 1279   0.789
 1280   0.660
 1281   0.551
 1282   0.734
 1283   0.609
 1284   0.615
 1285   0.514
 1286   0.684
 1287   0.644
 1288   0.540
 1289   0.672
 1290   0.633
 1291   0.593
 1292   0.668
 1293   0.603
 1294   0.647
 1295   0.534
 1296   0.578
 1297   0.559
 1298   0.646
 1299   0.669
 1300   0.564
 1301   0.598
 1302   0.604
 1303   0.635
 1304   0.622
 1305   0.653
 1306   0.755
 1307   0.558
 1308   0.514
 1309   0.652
 1310   0.649
 1311   0.591
 1312   0.630
 1313   0.507
 1314   0.605
 1315   0.518
 1316   0.586
 1317   0.656
 1318   0.626
 1319   0.702
 1320   0.536
 1321   0.652
 1322   0.594
 1323   0.721
 1324   0.616
 1325   0.626
 1326   0.583
 1327   0.613
 1328   0.541
 1329   0.590
 1330   0.582
 1331   0.640
 1332   0.551
 1333   0.628
 1334   0.677
 1335   0.733
 1336   0.615
 1337   0.548
 1338   0.726
 1339   0.636
 1340   0.544
 1341   0.648
 1342   0.581
 1343   0.709
 1344   0.581
 1345   0.536
 1346   0.630
 1347   0.562
 1348   0.665
 1349   0.609
 1350   0.628
 1351   0.646
 1352   0.596
 1353   0.610
 1354   0.579
 1355   0.692
 1356   0.617
 1357   0.562
 1358   0.638
 1359   0.511
 1360   0.709
 1361   0.639
 1362   0.664
 1363   0.574
 1364   0.652
 1365   0.751
 1366   0.694
 1367   0.619
 1368   0.595
 1369   0.532
 1370   0.601
 1371   0.595
 1372   0.695
 1373   0.544
 1374   0.670
 1375   0.570
 1376   0.580
 1377   0.768
 1378   0.572
 1379   0.511
 1380   0.522
 1381   0.664
 1382   0.684
 1383   0.564
 1384   0.579
 1385   0.765
 1386   0.652
 1387   0.630
 1388   0.529
 1389   0.722
 1390   0.507
 1391   0.653
 1392   0.669
 1393   0.650
 1394   0.652
 1395   0.797
 1396   0.601
 1397   0.617
 1398   0.695
 1399   0.785
 1400   0.481
 1401   0.623
 1402   0.628
 1403   0.647
 1404   0.641
 1405   0.704
 1406   0.700
 1407   0.631
 1408   0.547
 1409   0.627
 1410   0.672
 1411   0.658
 1412   0.670
 1413   0.563
 1414   0.615
 1415   0.713
 1416   0.730
 1417   0.645
 1418   0.671
 1419   0.723
 1420   0.591
 1421   0.641
 1422   0.643
 1423   0.704
 1424   0.681
 1425   0.585
 1426   0.639
 1427   0.676
 1428   0.713
 1429   0.631
 1430   0.726
 1431   0.661
 1432   0.700
 1433   0.600
 1434   0.663
 1435   0.554
 1436   0.764
 1437   0.705
 1438   0.641
 1439   0.713
 1440   0.653
 1441   0.631
 1442   0.762
 1443   0.620
 1444   0.627
 1445   0.743
 1446   0.849
 1447   0.664
 1448   0.775
 1449   0.706
 1450   0.763
 1451   0.727
 1452   0.575
 1453   0.722
 1454   0.576
 1455   0.678
 1456   0.614
 1457   0.688
 1458   0.616
 1459   0.657
 1460   0.693
 1461   0.716
 1462   0.697
 1463   0.686
 1464   0.597
 1465   0.637
 1466   0.666
 1467   0.624
 1468   0.687
 1469   0.795
 1470   0.707
 1471   0.669
 1472   0.685
 1473   0.702
 1474   0.642
 1475   0.570
 1476   0.690
 1477   0.616
 1478   0.703
 1479   0.675
 1480   0.726
 1481   0.644
 1482   0.681
 1483   0.788
 1484   0.618
 1485   0.623
 1486   0.656
 1487   0.694
 1488   0.677
 1489   0.632
 1490   0.730
 1491   0.619
 1492   0.699
 1493   0.736
 1494   0.567
 1495   0.634
 1496   0.749
 1497   0.725
 1498   0.660
 1499   0.741
 1500   0.690
 1501   0.671
 1502   0.691
 1503   0.683
 1504   0.687
 1505   0.632
 1506   0.717
 1507   0.715
 1508   0.586
 1509   0.895
 1510   0.833
 1511   0.576
 1512   0.774
 1513   0.530
 1514   0.685
 1515   0.700
 1516   0.723
 1517   0.570
 1518   0.587
 1519   0.656
 1520   0.587
 1521   0.803
 1522   0.681
 1523   0.860
 1524   0.791
 1525   0.979
 1526   0.761
 1527   0.661
 1528   0.606
 1529   0.618
 1530   0.733
 1531   0.565
 1532   0.648
 1533   0.554
 1534   0.614
 1535   0.721
 1536   0.615
 1537   0.720
 1538   0.624
 1539   0.803
 1540   0.566
 1541   0.725
 1542   0.548
 1543   0.631
 1544   0.620
 1545   0.652
 1546   0.638
 1547   0.685
 1548   0.697
 1549   0.591
 1550   0.623
 1551   0.644
 1552   0.739
 1553   0.721
 1554   0.741
 1555   0.663
 1556   0.681
 1557   0.722
 1558   0.662
 1559   0.596
 1560   0.673
 1561   0.590
 1562   0.810
 1563   0.783
 1564   0.771
 1565   0.561
 1566   0.621
 1567   0.503
 1568   0.692
 1569   0.624
 1570   0.569
 1571   0.703
 1572   0.686
 1573   0.548
 1574   0.689
 1575   0.548
 1576   0.677
 1577   0.676
 1578   0.792
 1579   0.659
 1580   0.655
 1581   0.679
 1582   0.567
 1583   0.587
 1584   0.715
 1585   0.619
 1586   0.728
 1587   0.668
 1588   0.653
 1589   0.687
 1590   0.653
 1591   0.755
 1592   0.605
 1593   0.636
 1594   0.692
 1595   0.800
 1596   0.793
 1597   0.651
 1598   0.769
 1599   0.626
 1600   0.550
 1601   0.714
 1602   0.668
 1603   0.648
 1604   0.696
 1605   0.724
 1606   0.670
 1607   0.628
 1608   0.627
 1609   0.653
 1610   0.671
 1611   0.574
 1612   0.614
 1613   0.594
 1614   0.654
 1615   0.648
 1616   0.572
 1617   0.716
 1618   0.590
 1619   0.681
 1620   0.795
 1621   0.551
 1622   0.562
 1623   0.526
 1624   0.587
 1625   0.653
 1626   0.566
 1627   0.570
 1628   0.609
 1629   0.568
 1630   0.661
 1631   0.636
 1632   0.580
 1633   0.693
 1634   0.560
 1635   0.681
 1636   0.692
 1637   0.713
 1638   0.740
 1639   0.671
 1640   0.814
 1641   0.669
 1642   0.667
 1643   0.681
 1644   0.609
 1645   0.559
 1646   0.584
 1647   0.533
 1648   0.541
 1649   0.562
 1650   0.614
 1651   0.639
 1652   0.616
 1653   0.660
 1654   0.568
 1655   0.716
 1656   0.567
 1657   0.664
 1658   0.593
 1659   0.784
 1660   0.601
 1661   0.639
 1662   0.627
 1663   0.716
 1664   0.533
 1665   0.634
 1666   0.666
 1667   0.713
 1668   0.708
 1669   0.621
 1670   0.626
 1671   0.502
 1672   0.670
 1673   0.663
 1674   0.679
 1675   0.641
 1676   0.588
 1677   0.606
 1678   0.626
 1679   0.764
 1680   0.702
 1681   0.606
 1682   0.576
 1683   0.586
 1684   0.628
 1685   0.627
 1686   0.538
 1687   0.564
 1688   0.590
 1689   0.647
 1690   0.600
 1691   0.589
 1692   0.778
 1693   0.573
 1694   0.688
 1695   0.556
 1696   0.521
 1697   0.567
 1698   0.578
 1699   0.512
 1700   0.618
 1701   0.650
 1702   0.743
 1703   0.605
 1704   0.634
 1705   0.611
 1706   0.731
 1707   0.623
 1708   0.633
 1709   0.730
 1710   0.612
 1711   0.526
 1712   0.578
 1713   0.581
 1714   0.656
 1715   0.606
 1716   0.633
 1717   0.569
 1718   0.632
 1719   0.704
 1720   0.586
 1721   0.466
 1722   0.666
 1723   0.619
 1724   0.587
 1725   0.768
 1726   0.511
 1727   0.610
 1728   0.585
 1729   0.681
 1730   0.561
 1731   0.660
 1732   0.612
 1733   0.562
 1734   0.502
 1735   0.674
 1736   0.678
 1737   0.492
 1738   0.664
 1739   0.580
 1740   0.636
 1741   0.592
 1742   0.602
 1743   0.596
 1744   0.579
 1745   0.552
 1746   0.706
 1747   0.595
 1748   0.544
 1749   0.543
 1750   0.635
 1751   0.647
 1752   0.716
 1753   0.664
 1754   0.580
 1755   0.772
 1756   0.619
 1757   0.642
 1758   0.773
 1759   0.532
 1760   0.715
 1761   0.610
 1762   0.593
 1763   0.738
 1764   0.769
 1765   0.747
 1766   0.572
 1767   0.583
 1768   0.712
 1769   0.616
 1770   0.653
 1771   0.725
 1772   0.708
 1773   0.585
 1774   0.661
 1775   0.599
 1776   0.672
 1777   0.671
 1778   0.734
 1779   0.743
 1780   0.737
 1781   0.785
 1782   0.776
 1783   0.616
 1784   0.698
 1785   0.692
 1786   0.653
 1787   0.731
 1788   0.592
 1789   0.609
 1790   0.669
 1791   0.631
 1792   0.810
 1793   0.736
 1794   0.827
 1795   0.685
 1796   0.747
 1797   0.682
 1798   0.707
 1799   0.518
 1800   0.640
 1801   0.610
 1802   0.788
 1803   0.582
 1804   0.631
 1805   0.668
 1806   0.743
 1807   0.607
 1808   0.751
 1809   0.691
 1810   0.793
 1811   0.603
 1812   0.684
 1813   0.601
 1814   0.706
 1815   0.763
 1816   0.778
 1817   0.728
 1818   0.578
 1819   0.694
 1820   0.708
 1821   0.646
 1822   0.656
 1823   0.686
 1824   0.674
 1825   0.557
 1826   0.635
 1827   0.676
 1828   0.610
 1829   0.642
 1830   0.757
 1831   0.683
 1832   0.775
 1833   0.564
 1834   0.646
 1835   0.543
 1836   0.685
 1837   0.506
 1838   0.512
 1839   0.515
 1840   0.653
 1841   0.643
 1842   0.535
 1843   0.683
 1844   0.597
 1845   0.422
 1846   0.542
 1847   0.524
 1848   0.621
 1849   0.551
 1850   0.707
 1851   0.584
 1852   0.577
 1853   0.677
 1854   0.774
 1855   0.626
 1856   0.621
 1857   0.682
 1858   0.629
 1859   0.544
 1860   0.558
 1861   0.657
 1862   0.674
 1863   0.774
 1864   0.749
 1865   0.563
 1866   0.662
 1867   0.756
 1868   0.614
 1869   0.657
 1870   0.722
 1871   0.736
 1872   0.643
 1873   0.812
 1874   0.565
 1875   0.612
 1876   0.712
 1877   0.515
 1878   0.588
 1879   0.561
 1880   0.501
 1881   0.577
 1882   0.732
 1883   0.667
 1884   0.702
 1885   0.687
 1886   0.587
 1887   0.592
 1888   0.576
 1889   0.645
 1890   0.644
 1891   0.603
 1892   0.697
 1893   0.717
 1894   0.647
 1895   0.627
 1896   0.522
 1897   0.658
 1898   0.558
 1899   0.627
 1900   0.534
 1901   0.605
 1902   0.555
 1903   0.666
 1904   0.579
 1905   0.550
 1906   0.627
 1907   0.620
 1908   0.638
 1909   0.626
 1910   0.790
 1911   0.628
 1912   0.617
 1913   0.627
 1914   0.546
 1915   0.667
 1916   0.595
 1917   0.616
 1918   0.714
 1919   0.644
 1920   0.704
 1921   0.630
 1922   0.504
 1923   0.524
 1924   0.676
 1925   0.672
 1926   0.621
 1927   0.723
 1928   0.776
 1929   0.576
 1930   0.660
 1931   0.734
 1932   0.603
 1933   0.573
 1934   0.653
 1935   0.614
 1936   0.647
 1937   0.661
 1938   0.638
 1939   0.668
 1940   0.649
 1941   0.504
 1942   0.654
 1943   0.561
 1944   0.541
 1945   0.668
 1946   0.543
 1947   0.644
 1948   0.547
 1949   0.688
 1950   0.708
 1951   0.600
 1952   0.616
 1953   0.706
 1954   0.674
 1955   0.770
 1956   0.594
 1957   0.709
 1958   0.556
 1959   0.639
 1960   0.651
 1961   0.700
 1962   0.733
 1963   0.549
 1964   0.688
 1965   0.676
 1966   0.669
 1967   0.652
 1968   0.564
 1969   0.578
 1970   0.582
 1971   0.691
 1972   0.907
 1973   0.704
 1974   0.557
 1975   0.593
 1976   0.779
 1977   0.678
 1978   0.541
 1979   0.685
 1980   0.606
 1981   0.765
 1982   0.594
 1983   0.543
 1984   0.670
 1985   0.585
 1986   0.685
 1987   0.563
 1988   0.658
 1989   0.707
 1990   0.647
 1991   0.520
 1992   0.633
 1993   0.651
 1994   0.599
 1995   0.576
 1996   0.520
 1997   0.594
 1998   0.556
 1999   0.661
 2000   0.568
 2001   0.670
 2002   0.542
 2003   0.579
 2004   0.510
 2005   0.647
 2006   0.677
 2007   0.546
 2008   0.526
 2009   0.633
 2010   0.550
 2011   0.605
 2012   0.668
 2013   0.578
 2014   0.546
 2015   0.679
 2016   0.597
 2017   0.561
 2018   0.679
 2019   0.713
 2020   0.731
 2021   0.697
 2022   0.562
 2023   0.517
 2024   0.608
 2025   0.596
 2026   0.552
 2027   0.605
 2028   0.611
 2029   0.682
 2030   0.627
 2031   0.544
 2032   0.494
 2033   0.581
 2034   0.775
 2035   0.614
 2036   0.690
 2037   0.668
 2038   0.561
 2039   0.652
 2040   0.572
 2041   0.705
 2042   0.599
 2043   0.757
 2044   0.528
 2045   0.638
 2046   0.620
 2047   0.566
 2048   0.647
 2049   0.589
 2050   0.588
 2051   0.549
 2052   0.477
 2053   0.607
 2054   0.682
 2055   0.699
 2056   0.589
 2057   0.582
 2058   0.677
 2059   0.618
 2060   0.585
 2061   0.493
 2062   0.619
 2063   0.517
 2064   0.505
 2065   0.573
 2066   0.511
 2067   0.427
 2068   0.591
 2069   0.608
 2070   0.583
 2071   0.567
 2072   0.592
 2073   0.742
 2074   0.709
 2075   0.617
 2076   0.659
 2077   0.686
 2078   0.716
 2079   0.667
 2080   0.626
 2081   0.603
 2082   0.602
 2083   0.570
 2084   0.627
 2085   0.548
 2086   0.642
 2087   0.576
 2088   0.659
 2089   0.633
 2090   0.763
 2091   0.723
 2092   0.640
 2093   0.710
 2094   0.619
 2095   0.569
 2096   0.673
 2097   0.659
 2098   0.565
 2099   0.708
 2100   0.597
 2101   0.646
 2102   0.648
 2103   0.637
 2104   0.733
 2105   0.595
 2106   0.619
 2107   0.533
 2108   0.580
 2109   0.505
 2110   0.613
 2111   0.573
 2112   0.692
 2113   0.561
 2114   0.596
 2115   0.581
 2116   0.540
 2117   0.693
 2118   0.802
 2119   0.630
 2120   0.643
 2121   0.545
 2122   0.680
 2123   0.521
 2124   0.672
 2125   0.559
 2126   0.715
 2127   0.521
 2128   0.620
 2129   0.527
 2130   0.665
 2131   0.622
 2132   0.630
 2133   0.690
 2134   0.796
 2135   0.462
 2136   0.565
 2137   0.614
 2138   0.725
 2139   0.672
 2140   0.570
 2141   0.570
 2142   0.727

