1 0.1732250601053238 
2 0.17479494214057922 
3 0.17228594422340393 
4 0.1692562848329544 
5 0.17451152205467224 
6 0.17558647692203522 
7 0.17952631413936615 
8 0.17923671007156372 
9 0.17961537837982178 
10 0.17937105894088745 
11 0.1794249415397644 
12 0.19057680666446686 
13 0.18155528604984283 
14 0.18658918142318726 
15 0.19321249425411224 
16 0.18478962779045105 
17 0.2040098011493683 
18 0.20202873647212982 
19 0.20870135724544525 
20 0.21226291358470917 
21 0.2071770429611206 
22 0.2360946238040924 
23 0.239594504237175 
24 0.2451678216457367 
25 0.2445896416902542 
26 0.25195133686065674 
27 0.24164046347141266 
28 0.3147667944431305 
29 0.30258965492248535 
30 0.3020913898944855 
31 0.29991087317466736 
32 0.2940807342529297 
33 0.32010790705680847 
34 0.2995244264602661 
35 0.40835466980934143 
36 0.39943671226501465 
37 0.3924553394317627 
38 0.4105677902698517 
39 0.4040857255458832 
40 0.4129430949687958 
41 0.410527765750885 
42 0.38727056980133057 
43 0.8058597445487976 
44 0.8503620624542236 
45 0.9869204163551331 
46 1.0048211812973022 
47 1.1324056386947632 
48 1.1794523000717163 
49 1.0298256874084473 
50 1.1735886335372925 
51 1.2162212133407593 
52 1.204399585723877 
53 1.2509660720825195 
54 1.169517993927002 
55 1.1159820556640625 
56 1.115030288696289 
57 1.206998348236084 
58 1.1893844604492188 
59 1.2538118362426758 
60 1.2189604043960571 
61 1.2157188653945923 
62 1.1973062753677368 
63 1.032433032989502 
64 1.0470495223999023 
65 1.0799909830093384 
66 0.9529095888137817 
67 1.0031280517578125 
68 1.0565032958984375 
69 1.116485357284546 
70 1.1304221153259277 
71 1.0734755992889404 
72 1.1883643865585327 
73 1.3421211242675781 
74 1.189900517463684 
75 1.2101901769638062 
76 1.2506259679794312 
77 1.2359251976013184 
78 1.345302700996399 
79 1.307698130607605 
80 1.2608695030212402 
81 1.2556686401367188 
82 1.207431674003601 
83 1.34694504737854 
84 1.3308206796646118 
85 1.3442634344100952 
86 1.3043630123138428 
87 1.3008559942245483 
88 1.3502771854400635 
89 1.4685382843017578 
90 1.4735041856765747 
91 1.399817943572998 
92 1.2930428981781006 
93 1.180267095565796 
94 1.2775214910507202 
95 1.274321436882019 
96 1.2478541135787964 
97 1.1269516944885254 
98 1.2189291715621948 
99 1.1990841627120972 
100 1.209087610244751 
101 1.2693700790405273 
102 1.2070083618164062 
103 1.0807890892028809 
104 1.249301552772522 
105 1.3024519681930542 
106 1.1792371273040771 
107 1.3262208700180054 
108 1.3262488842010498 
109 1.3824609518051147 
110 1.4032623767852783 
111 1.3132156133651733 
112 1.3472065925598145 
113 1.2935062646865845 
114 1.3029643297195435 
115 1.4277209043502808 
116 1.5236896276474 
117 1.5083951950073242 
118 1.5044549703598022 
119 1.4997739791870117 
120 1.4729853868484497 
121 1.4930505752563477 
122 1.4786754846572876 
123 1.4477596282958984 
124 1.4845339059829712 
125 1.3954344987869263 
126 1.4335540533065796 
127 1.606270432472229 
128 1.615744709968567 
129 1.6175453662872314 
130 1.4925788640975952 
131 1.4690370559692383 
132 1.4848078489303589 
133 1.5005972385406494 
134 1.505661964416504 
135 1.5120352506637573 
136 1.572029948234558 
137 1.584501028060913 
138 1.532016396522522 
139 1.542526125907898 
140 1.7501749992370605 
141 1.6327123641967773 
142 1.5999811887741089 
143 1.5863722562789917 
144 1.6653205156326294 
145 1.8274725675582886 
146 1.6638970375061035 
147 1.5909854173660278 
148 1.628827691078186 
149 1.4793739318847656 
150 1.4866774082183838 
151 1.4914888143539429 
152 1.6732940673828125 
153 1.7076442241668701 
154 1.6483919620513916 
155 1.541395902633667 
156 1.41007399559021 
157 1.3438811302185059 
158 1.5534818172454834 
159 1.426802396774292 
160 1.428499698638916 
161 1.400576114654541 
162 1.3400202989578247 
163 1.2999333143234253 
164 1.307676911354065 
165 1.3546669483184814 
166 1.3707751035690308 
167 1.3577920198440552 
168 1.345092535018921 
169 1.4474152326583862 
170 1.5108507871627808 
171 1.5013102293014526 
172 1.4239097833633423 
173 1.5275261402130127 
174 1.3429096937179565 
175 1.495028018951416 
176 1.4244794845581055 
177 1.3202183246612549 
178 1.555923342704773 
179 1.4674500226974487 
180 1.436755657196045 
181 1.4623222351074219 
182 1.325295090675354 
183 1.215397596359253 
184 1.287381649017334 
185 1.4395793676376343 
186 1.4429351091384888 
187 1.3364795446395874 
188 1.3685272932052612 
189 1.4097145795822144 
190 1.4091978073120117 
191 1.3081707954406738 
192 1.2848676443099976 
193 1.1904979944229126 
194 1.2253249883651733 
195 1.2336843013763428 
196 1.2249796390533447 
197 1.2121943235397339 
198 1.1893421411514282 
199 1.1949220895767212 
200 1.1481974124908447 
201 1.1590642929077148 
202 1.1165369749069214 
203 1.1762930154800415 
204 1.302013635635376 
205 1.2113460302352905 
206 1.2010152339935303 
207 1.223380208015442 
208 1.3375283479690552 
209 1.244576334953308 
210 1.2250065803527832 
211 1.3956223726272583 
212 1.3910409212112427 
213 1.3103090524673462 
214 1.3648409843444824 
215 1.3462915420532227 
216 1.492591381072998 
217 1.453012228012085 
218 1.5694667100906372 
219 1.6867375373840332 
220 1.6754133701324463 
221 1.6897624731063843 
222 1.6245412826538086 
223 1.6671885251998901 
224 1.482699990272522 
225 1.4908528327941895 
226 1.5867730379104614 
227 1.583849549293518 
228 1.698822021484375 
229 1.3529291152954102 
230 1.623826265335083 
231 1.6519112586975098 
232 1.6005176305770874 
233 1.6632810831069946 
234 1.5368332862854004 
235 1.5004246234893799 
236 1.540768027305603 
237 1.4958001375198364 
238 1.4934346675872803 
239 1.5402830839157104 
240 1.497093677520752 
241 1.4672155380249023 
242 1.4484308958053589 
243 1.498881220817566 
244 1.4076471328735352 
245 1.3650293350219727 
246 1.4486310482025146 
247 1.4268254041671753 
248 1.4811787605285645 
249 1.4572994709014893 
250 1.4078086614608765 
251 1.2238012552261353 
252 1.4427881240844727 
253 1.5326374769210815 
254 1.4739716053009033 
255 1.3790339231491089 
256 1.2959001064300537 
257 1.3240617513656616 
258 1.3216092586517334 
259 1.3641748428344727 
260 1.2981233596801758 
261 1.3441215753555298 
262 1.4024039506912231 
263 1.35781991481781 
264 1.3991341590881348 
265 1.5280801057815552 
266 1.5625745058059692 
267 1.4737509489059448 
268 1.3772739171981812 
269 1.30397629737854 
270 1.4306896924972534 
271 1.5741958618164062 
272 1.5587433576583862 
273 1.5044790506362915 
274 1.5489482879638672 
275 1.5286099910736084 
276 1.6040691137313843 
277 1.5261677503585815 
278 1.5134981870651245 
279 1.6126736402511597 
280 1.5278582572937012 
281 1.4961007833480835 
282 1.3979662656784058 
283 1.4786876440048218 
284 1.5071868896484375 
285 1.524541974067688 
286 1.4950730800628662 
287 1.5144059658050537 
288 1.5598185062408447 
289 1.596070408821106 
290 1.5252797603607178 
291 1.5077518224716187 
292 1.4888194799423218 
293 1.4740592241287231 
294 1.5356782674789429 
295 1.5406759977340698 
296 1.5103870630264282 
297 1.4536917209625244 
298 1.531941294670105 
299 1.4954354763031006 
300 1.4245227575302124 
301 1.4466344118118286 
302 1.4233741760253906 
303 1.4091215133666992 
304 1.3603161573410034 
305 1.310131549835205 
306 1.267549753189087 
307 1.3237617015838623 
308 1.2800365686416626 
309 1.3231805562973022 
310 1.3256728649139404 
311 1.311059832572937 
312 1.251579999923706 
313 1.214585542678833 
314 1.3027727603912354 
315 1.2990208864212036 
316 1.2903759479522705 
317 1.2896850109100342 
318 1.304747223854065 
319 1.3411688804626465 
320 1.2243576049804688 
321 1.3797568082809448 
322 1.3435779809951782 
323 1.3751780986785889 
324 1.4820369482040405 
325 1.4442983865737915 
326 1.4524470567703247 
327 1.4503194093704224 
328 1.4396895170211792 
329 1.3999648094177246 
330 1.4788439273834229 
331 1.3465250730514526 
332 1.3133203983306885 
333 1.4013639688491821 
334 1.3884183168411255 
335 1.3597102165222168 
336 1.3930491209030151 
337 1.3671512603759766 
338 1.388971209526062 
339 1.5283598899841309 
340 1.7708697319030762 
341 2.0827789306640625 
342 1.9010047912597656 
343 1.9496551752090454 
344 2.018312454223633 
345 1.9525837898254395 
346 2.151965618133545 
347 2.086324691772461 
348 1.9846584796905518 
349 2.0085837841033936 
350 2.081200361251831 
351 2.016683340072632 
352 1.8716819286346436 
353 1.9571813344955444 
354 1.9361854791641235 
355 1.79664146900177 
356 2.07918381690979 
357 2.1477885246276855 
358 2.171560525894165 
359 2.0940608978271484 
360 2.248875379562378 
361 2.1978845596313477 
362 2.2477762699127197 
363 2.2729287147521973 
364 2.171146869659424 
365 2.006624698638916 
366 2.112990379333496 
367 2.086277484893799 
368 2.254870653152466 
369 2.2824158668518066 
370 2.135258197784424 
371 2.0250403881073 
372 2.074172019958496 
373 2.0954771041870117 
374 2.0290255546569824 
375 1.9282915592193604 
376 1.9620939493179321 
377 1.8234431743621826 
378 1.9364078044891357 
379 2.002034902572632 
380 1.9799128770828247 
381 1.9846882820129395 
382 2.175366163253784 
383 2.1680891513824463 
384 2.0560452938079834 
385 2.1250057220458984 
386 2.1838929653167725 
387 2.23317289352417 
388 2.287898302078247 
389 2.131291627883911 
390 2.1553869247436523 
391 2.1065096855163574 
392 1.9525548219680786 
393 1.9411143064498901 
394 1.858199954032898 
395 1.857819676399231 
396 1.9597994089126587 
397 1.7629942893981934 
398 1.7076432704925537 
399 1.6853199005126953 
400 1.6057541370391846 
401 1.6474192142486572 
402 1.4992520809173584 
403 1.4684205055236816 
404 1.4324976205825806 
405 1.3513398170471191 
406 1.5171705484390259 
407 1.5401558876037598 
408 1.569066047668457 
409 1.5375598669052124 
410 1.3983360528945923 
411 1.480314016342163 
412 1.4530820846557617 
413 1.4059678316116333 
414 1.4373676776885986 
415 1.5168434381484985 
416 1.567481279373169 
417 1.7518662214279175 
418 1.6134037971496582 
419 1.557814359664917 
420 1.6053941249847412 
421 1.6055361032485962 
422 1.7690836191177368 
423 1.7065359354019165 
424 1.8026585578918457 
425 1.751290202140808 
426 1.8387556076049805 
427 1.866894006729126 
428 1.8069723844528198 
429 1.7700332403182983 
430 1.7431962490081787 
431 1.8725388050079346 
432 1.7164697647094727 
433 1.7488923072814941 
434 1.642251968383789 
435 1.7313768863677979 
436 1.6074165105819702 
437 1.6131818294525146 
438 1.6199959516525269 
439 1.6012794971466064 
440 1.5516072511672974 
441 1.4735525846481323 
442 1.5664173364639282 
443 1.6470922231674194 
444 1.5923609733581543 
445 1.7707301378250122 
446 1.6395301818847656 
447 1.6780080795288086 
448 1.7371535301208496 
449 1.5876915454864502 
450 1.7008990049362183 
451 1.6759473085403442 
452 1.7330608367919922 
453 1.6270780563354492 
454 1.7195093631744385 
455 1.5724716186523438 
456 1.5208252668380737 
457 1.6544438600540161 
458 1.6408299207687378 
459 1.7145075798034668 
460 1.532425880432129 
461 1.7566847801208496 
462 1.5921955108642578 
463 1.6006618738174438 
464 1.6142085790634155 
465 1.753479242324829 
466 1.657484531402588 
467 1.6534245014190674 
468 1.7497990131378174 
469 1.561539888381958 
470 1.6346594095230103 
471 1.60663902759552 
472 1.625813603401184 
473 1.5956133604049683 
474 1.5782232284545898 
475 1.6542598009109497 
476 1.5813149213790894 
477 1.6088069677352905 
478 1.6297067403793335 
479 1.5859237909317017 
480 1.5305571556091309 
481 1.546797513961792 
482 1.5724045038223267 
483 1.6112968921661377 
484 1.6792384386062622 
485 1.6165491342544556 
486 1.6040160655975342 
487 1.705120325088501 
488 1.6484849452972412 
489 1.7547906637191772 
490 1.7415372133255005 
491 1.827486276626587 
492 1.9299284219741821 
493 1.7279771566390991 
494 1.9459422826766968 
495 1.9202274084091187 
496 1.7573493719100952 
497 1.8040552139282227 
498 1.968078374862671 
499 1.9179775714874268 
500 1.852060317993164 
501 1.7516839504241943 
502 1.854997158050537 
503 1.8103095293045044 
504 1.638867735862732 
505 1.7139564752578735 
506 1.6903817653656006 
507 1.6126015186309814 
508 1.651559591293335 
509 1.637783408164978 
510 1.5959110260009766 
511 1.706648826599121 
512 1.6820045709609985 
513 1.672748327255249 
514 1.7556434869766235 
515 1.5967732667922974 
516 1.6597224473953247 
517 1.6470434665679932 
518 1.7234407663345337 
519 1.6836597919464111 
520 1.6625325679779053 
521 1.797781229019165 
522 1.8260807991027832 
523 1.7875839471817017 
524 1.7767126560211182 
525 1.699772834777832 
526 1.6026986837387085 
527 1.6148349046707153 
528 1.6639735698699951 
529 1.6281824111938477 
530 1.6564173698425293 
531 1.5724483728408813 
532 1.5216327905654907 
533 1.601474404335022 
534 1.4219127893447876 
535 1.4075902700424194 
536 1.401669979095459 
537 1.5438896417617798 
538 1.6235462427139282 
539 1.4557701349258423 
540 1.5641885995864868 
541 1.5061044692993164 
542 1.5485976934432983 
543 1.6992164850234985 
544 1.636150598526001 
545 1.6092628240585327 
546 1.5990986824035645 
547 1.6401649713516235 
548 1.435202717781067 
549 1.5072537660598755 
550 1.3497357368469238 
551 1.4568843841552734 
552 1.4900299310684204 
553 1.6298476457595825 
554 1.6902415752410889 
555 1.6709076166152954 
556 1.5958675146102905 
557 1.5642061233520508 
558 1.495206594467163 
559 1.589839220046997 
560 1.5584415197372437 
561 1.5559653043746948 
562 1.5406891107559204 
563 1.71266508102417 
564 1.705505609512329 
565 1.6282306909561157 
566 1.7222198247909546 
567 1.6994590759277344 
568 1.5656911134719849 
569 1.6567609310150146 
570 1.6133596897125244 
571 1.6962705850601196 
572 1.7003073692321777 
573 1.5621142387390137 
574 1.6045893430709839 
575 1.7207269668579102 
576 1.673421859741211 
577 1.627493143081665 
578 1.5780917406082153 
579 1.628395676612854 
580 1.4909437894821167 
581 1.4544894695281982 
582 1.5277858972549438 
583 1.5141929388046265 
584 1.6367952823638916 
585 1.6347090005874634 
586 1.6977300643920898 
587 1.7200080156326294 
588 1.578507900238037 
589 1.583493947982788 
590 1.615820288658142 
591 1.626564860343933 
592 1.651492953300476 
593 1.61685049533844 
594 1.5779849290847778 
595 1.4820103645324707 
596 1.576337456703186 
597 1.6804101467132568 
598 1.6923577785491943 
599 1.7755050659179688 
600 1.5793449878692627 
601 1.5943118333816528 
602 1.6299608945846558 
603 1.6266920566558838 
604 1.580778956413269 
605 1.6809837818145752 
606 1.664291262626648 
607 1.5750502347946167 
608 1.4737567901611328 
609 1.392745852470398 
610 1.5190608501434326 
611 1.5581904649734497 
612 1.533776044845581 
613 1.4712494611740112 
614 1.6599247455596924 
615 1.5218021869659424 
616 1.5917088985443115 
617 1.6001641750335693 
618 1.4189629554748535 
619 1.4152432680130005 
620 1.4212877750396729 
621 1.5143359899520874 
622 1.5616992712020874 
623 1.6365116834640503 
624 1.4957066774368286 
625 1.7073593139648438 
626 1.720737338066101 
627 1.733860969543457 
628 1.7831369638442993 
629 1.889161467552185 
630 1.9682515859603882 
631 1.9674841165542603 
632 1.9108599424362183 
633 2.0322139263153076 
634 1.7720842361450195 
635 1.885115385055542 
636 1.950559139251709 
637 2.0480496883392334 
638 2.0262269973754883 
639 2.1264994144439697 
640 2.130993604660034 
641 2.1515281200408936 
642 2.2480058670043945 
643 2.282435894012451 
644 2.200470209121704 
645 2.238001823425293 
646 1.9328641891479492 
647 1.9042233228683472 
648 2.0589826107025146 
649 1.921095371246338 
650 1.9748609066009521 
651 1.8697209358215332 
652 1.8468801975250244 
653 1.7517099380493164 
654 1.8035376071929932 
655 1.721865177154541 
656 1.8509864807128906 
657 1.898884892463684 
658 1.6786202192306519 
659 1.7013355493545532 
660 1.6482160091400146 
661 1.7323009967803955 
662 1.7508693933486938 
663 1.8472158908843994 
664 1.9405124187469482 
665 1.9806326627731323 
666 2.026318073272705 
667 1.9715979099273682 
668 1.9619027376174927 
669 1.9076365232467651 
670 1.857572317123413 
671 2.002687454223633 
672 2.0383827686309814 
673 1.9885004758834839 
674 2.0836362838745117 
675 1.8871755599975586 
676 1.9364827871322632 
677 2.060462474822998 
678 2.1225697994232178 
679 2.1280174255371094 
680 2.1460864543914795 
681 2.067821502685547 
682 1.9769545793533325 
683 2.123086929321289 
684 2.187699794769287 
685 2.0890421867370605 
686 2.014252185821533 
687 2.077622175216675 
688 2.230902910232544 
689 2.161945104598999 
690 2.118765115737915 
691 2.056201457977295 
692 1.970404028892517 
693 2.141266107559204 
694 2.2289278507232666 
695 2.054431200027466 
696 2.1500437259674072 
697 2.1382265090942383 
698 2.067284107208252 
699 2.0505685806274414 
700 2.0225284099578857 
701 2.1629419326782227 
702 2.1015350818634033 
703 2.1613657474517822 
704 2.0365076065063477 
705 2.0391769409179688 
706 2.0191152095794678 
707 1.9885168075561523 
708 1.8994948863983154 
709 2.0008199214935303 
710 2.01349139213562 
711 1.9964393377304077 
712 2.034224271774292 
713 2.1290130615234375 
714 2.090832233428955 
715 1.8764094114303589 
716 1.8905352354049683 
717 1.968772530555725 
718 2.031660795211792 
719 1.9758373498916626 
720 1.9460887908935547 
721 2.0021796226501465 
722 2.00624942779541 
723 1.9426332712173462 
724 2.1111483573913574 
725 1.9984190464019775 
726 2.0520761013031006 
727 2.1507699489593506 
728 2.003790855407715 
729 1.972588300704956 
730 1.8801263570785522 
731 1.969788908958435 
732 1.985285997390747 
733 1.800492525100708 
734 1.8313148021697998 
735 1.9951260089874268 
736 1.9130809307098389 
737 1.9054330587387085 
738 1.8779981136322021 
739 1.8621654510498047 
740 1.7625349760055542 
741 1.8542914390563965 
742 1.940181851387024 
743 1.95330810546875 
744 1.8692076206207275 
745 1.8409606218338013 
746 1.8911751508712769 
747 1.9335931539535522 
748 1.9450469017028809 
749 1.9405555725097656 
750 1.838531255722046 
751 1.9135385751724243 
752 1.6962149143218994 
753 1.8562639951705933 
754 1.8498554229736328 
755 1.9734102487564087 
756 1.9614237546920776 
757 1.9851343631744385 
758 1.8412375450134277 
759 1.7604097127914429 
760 1.9176968336105347 
761 2.0427303314208984 
762 2.055633306503296 
763 1.9695582389831543 
764 2.0305497646331787 
765 1.9351140260696411 
766 2.1108040809631348 
767 2.0187294483184814 
768 2.0034573078155518 
769 1.9673362970352173 
770 2.1093714237213135 
771 2.0561909675598145 
772 2.1148946285247803 
773 2.049464225769043 
774 1.943205714225769 
775 1.8621761798858643 
776 1.8954949378967285 
777 2.0220117568969727 
778 2.054842948913574 
779 2.0484509468078613 
780 2.1659257411956787 
781 2.2104740142822266 
782 2.034442186355591 
783 2.166400194168091 
784 2.145263433456421 
785 2.1125481128692627 
786 2.141530752182007 
787 2.1644906997680664 
788 2.083319902420044 
789 1.9590617418289185 
790 2.107844114303589 
791 2.2083680629730225 
792 2.1544668674468994 
793 2.138756513595581 
794 2.0624873638153076 
795 2.0794222354888916 
796 2.043931484222412 
797 2.0816397666931152 
798 2.2046921253204346 
799 2.1846816539764404 
800 2.0343945026397705 
801 2.1329991817474365 
802 2.1458303928375244 
803 2.2456352710723877 
804 2.18563175201416 
805 2.364780902862549 
806 2.1421358585357666 
807 2.114978551864624 
808 2.061115026473999 
809 2.0160772800445557 
810 1.9553375244140625 
811 2.015768527984619 
812 2.1176602840423584 
813 1.9829517602920532 
814 2.0135655403137207 
815 2.0753369331359863 
816 2.1140928268432617 
817 2.059241771697998 
818 2.1715810298919678 
819 2.16355562210083 
820 2.082519054412842 
821 2.152275562286377 
822 2.1314826011657715 
823 2.207324504852295 
824 2.1750528812408447 
825 2.189601421356201 
826 2.221287727355957 
827 2.1071438789367676 
828 2.0625030994415283 
829 2.07924485206604 
830 2.135728597640991 
831 2.1473474502563477 
832 2.3422603607177734 
833 2.257509469985962 
834 2.3486101627349854 
835 2.222989082336426 
836 2.191984176635742 
837 2.2831642627716064 
838 2.2891926765441895 
839 2.3559136390686035 
840 2.3028297424316406 
841 2.3443782329559326 
842 2.31257700920105 
843 2.368797540664673 
844 2.397709369659424 
845 2.3262863159179688 
846 2.316399097442627 
847 2.4691097736358643 
848 2.3837387561798096 
849 2.43332576751709 
850 2.4534072875976562 
851 2.4195001125335693 
852 2.3796489238739014 
853 2.395379066467285 
854 2.307490110397339 
855 2.3989317417144775 
856 2.4891185760498047 
857 2.499211549758911 
858 2.433222770690918 
859 2.4681224822998047 
860 2.4060864448547363 
861 2.41158127784729 
862 2.394803762435913 
863 2.2791364192962646 
864 2.5029282569885254 
865 2.4543397426605225 
866 2.3761086463928223 
867 2.201713800430298 
868 2.1816043853759766 
869 2.280855894088745 
870 2.255157947540283 
871 2.303844451904297 
872 2.220506429672241 
873 2.1831841468811035 
874 2.276754379272461 
875 2.2987282276153564 
876 2.499734878540039 
877 2.449498176574707 
878 2.4921982288360596 
879 2.466250419616699 
880 2.422623872756958 
881 2.4041121006011963 
882 2.323284864425659 
883 2.3782544136047363 
884 2.403130292892456 
885 2.27532696723938 
886 2.274730920791626 
887 2.2746288776397705 
888 2.2899584770202637 
889 2.4353432655334473 
890 2.3836746215820312 
891 2.378072500228882 
892 2.2568154335021973 
893 2.2284436225891113 
894 2.250957489013672 
895 2.2258057594299316 
896 2.24206805229187 
897 2.145076036453247 
898 2.2151875495910645 
899 2.1946067810058594 
900 2.1073668003082275 
901 2.222306251525879 
902 2.2423596382141113 
903 2.12668514251709 
904 2.091135025024414 
905 2.158906936645508 
906 2.23258900642395 
907 2.0481348037719727 
908 2.2134437561035156 
909 2.16025447845459 
910 2.1668343544006348 
911 2.301480531692505 
912 2.173210382461548 
913 2.331820011138916 
914 2.098506212234497 
915 2.207893133163452 
916 2.3176534175872803 
917 2.202529191970825 
918 2.2471916675567627 
919 2.161046028137207 
920 2.2142953872680664 
921 2.187195301055908 
922 2.2536771297454834 
923 2.2949318885803223 
924 2.1118383407592773 
925 2.207993745803833 
926 2.2449533939361572 
927 2.289215326309204 
928 2.306978464126587 
929 2.2041051387786865 
930 2.265864372253418 
931 2.193652629852295 
932 2.213294267654419 
933 2.3023955821990967 
934 2.329537868499756 
935 2.2701852321624756 
936 2.2770590782165527 
937 2.2084193229675293 
938 2.137673854827881 
939 2.2000694274902344 
940 2.15327525138855 
941 2.161506414413452 
942 2.212114095687866 
943 2.1271843910217285 
944 2.1353073120117188 
945 2.1086771488189697 
946 2.255887746810913 
947 2.2532098293304443 
948 2.2186503410339355 
949 2.253291606903076 
950 2.297104597091675 
951 2.3072712421417236 
952 2.238546133041382 
953 2.314236640930176 
954 2.3989434242248535 
955 2.429419994354248 
956 2.313041925430298 
957 2.4226009845733643 
958 2.4418604373931885 
959 2.364928960800171 
960 2.473480224609375 
961 2.5075199604034424 
962 2.4510250091552734 
963 2.46042799949646 
964 2.4043545722961426 
965 2.5309224128723145 
966 2.5719614028930664 
967 2.4767935276031494 
968 2.5287842750549316 
969 2.3863437175750732 
970 2.4201419353485107 
971 2.4739131927490234 
972 2.4770524501800537 
973 2.493551731109619 
974 2.4597008228302 
975 2.5255985260009766 
976 2.3972666263580322 
977 2.4316768646240234 
978 2.2741425037384033 
979 2.24123215675354 
980 2.277743101119995 
981 2.373575210571289 
982 2.270656108856201 
983 2.243457794189453 
984 2.237610101699829 
985 2.168462038040161 
986 2.2057435512542725 
987 2.1428468227386475 
988 2.179962158203125 
989 2.1656856536865234 
990 2.1499252319335938 
991 2.232234477996826 
992 2.2740914821624756 
993 2.3692052364349365 
994 2.3435890674591064 
995 2.2802505493164062 
996 2.3021676540374756 
997 2.331899642944336 
998 2.2355332374572754 
999 2.3950612545013428 
1000 2.3081657886505127 
1001 2.348102569580078 
1002 2.3264009952545166 
1003 2.4277544021606445 
1004 2.3622093200683594 
1005 2.313217878341675 
1006 2.345371723175049 
1007 2.278886556625366 
1008 2.3323779106140137 
1009 2.3816304206848145 
1010 2.4221930503845215 
1011 2.3077001571655273 
1012 2.3057823181152344 
1013 2.3004682064056396 
1014 2.3841795921325684 
1015 2.318675994873047 
1016 2.2668447494506836 
1017 2.3034610748291016 
1018 2.3541247844696045 
1019 2.229219436645508 
1020 2.219149351119995 
1021 2.2645761966705322 
1022 2.237469434738159 
1023 2.3794803619384766 
1024 2.25826096534729 
1025 2.3185884952545166 
1026 2.206244468688965 
1027 2.316279649734497 
1028 2.243600368499756 
1029 2.2656402587890625 
1030 2.3344316482543945 
1031 2.220780849456787 
1032 2.244326591491699 
1033 2.1887223720550537 
1034 2.261014699935913 
1035 2.3041064739227295 
1036 2.2806150913238525 
1037 2.3392889499664307 
1038 2.3551506996154785 
1039 2.3752098083496094 
1040 2.3932912349700928 
1041 2.467172622680664 
1042 2.65163516998291 
1043 2.6062026023864746 
1044 2.5840249061584473 
1045 2.4118175506591797 
1046 2.511960506439209 
1047 2.6224300861358643 
1048 2.5730669498443604 
1049 2.523374319076538 
1050 2.536346197128296 
1051 2.410813093185425 
1052 2.4159188270568848 
1053 2.4582884311676025 
1054 2.5059871673583984 
1055 2.5644116401672363 
1056 2.5753591060638428 
1057 2.4599695205688477 
1058 2.517043352127075 
1059 2.5783958435058594 
1060 2.5761139392852783 
1061 2.553536891937256 
1062 2.416686534881592 
1063 2.4142398834228516 
1064 2.3770384788513184 
1065 2.377930164337158 
1066 2.4039599895477295 
1067 2.3880016803741455 
1068 2.4236598014831543 
1069 2.373906373977661 
1070 2.459988832473755 
1071 2.4923949241638184 
1072 2.616410255432129 
1073 2.4787304401397705 
1074 2.4518558979034424 
1075 2.383246421813965 
1076 2.43871808052063 
1077 2.501210927963257 
1078 2.375227928161621 
1079 2.47021222114563 
1080 2.5355758666992188 
1081 2.49344539642334 
1082 2.471529483795166 
1083 2.404405117034912 
1084 2.2850892543792725 
1085 2.3158211708068848 
1086 2.247793674468994 
1087 2.4029831886291504 
1088 2.4295148849487305 
1089 2.399510145187378 
1090 2.38234543800354 
1091 2.4170355796813965 
1092 2.3767290115356445 
1093 2.452986478805542 
1094 2.4002370834350586 
1095 2.4556467533111572 
1096 2.315624237060547 
1097 2.3454174995422363 
1098 2.537381649017334 
1099 2.396439552307129 
1100 2.588085889816284 
1101 2.592747688293457 
1102 2.489431858062744 
1103 2.369638681411743 
1104 2.37266206741333 
1105 2.466769218444824 
1106 2.4892828464508057 
1107 2.5548954010009766 
1108 2.4866890907287598 
1109 2.4056236743927 
1110 2.3976569175720215 
1111 2.426426649093628 
1112 2.4513940811157227 
1113 2.2529025077819824 
1114 2.4979748725891113 
1115 2.5374412536621094 
1116 2.4886794090270996 
1117 2.544827938079834 
1118 2.4412097930908203 
1119 2.6081058979034424 
1120 2.531055212020874 
1121 2.497690200805664 
1122 2.489021062850952 
1123 2.589280366897583 
1124 2.622925281524658 
1125 2.583284378051758 
1126 2.610078811645508 
1127 2.668916702270508 
1128 2.608997344970703 
1129 2.5006120204925537 
1130 2.4799587726593018 
1131 2.4988274574279785 
1132 2.4849140644073486 
1133 2.512798309326172 
1134 2.4681529998779297 
1135 2.3368399143218994 
1136 2.398348569869995 
1137 2.4200620651245117 
1138 2.3910696506500244 
1139 2.524685859680176 
1140 2.399526357650757 
1141 2.4590904712677 
1142 2.4451775550842285 
1143 2.4993128776550293 
1144 2.4657602310180664 
1145 2.5198380947113037 
1146 2.4694037437438965 
1147 2.6439852714538574 
1148 2.5693044662475586 
1149 2.459911823272705 
1150 2.4449386596679688 
1151 2.416679620742798 
1152 2.3550384044647217 
1153 2.3229634761810303 
1154 2.378647804260254 
1155 2.3437752723693848 
1156 2.325845241546631 
1157 2.3392763137817383 
1158 2.4411914348602295 
1159 2.4846715927124023 
1160 2.4265224933624268 
1161 2.4659171104431152 
1162 2.3477282524108887 
1163 2.3861968517303467 
1164 2.3857882022857666 
1165 2.398902416229248 
1166 2.3275270462036133 
1167 2.437042474746704 
1168 2.4788806438446045 
1169 2.5446360111236572 
1170 2.5948307514190674 
1171 2.5189263820648193 
1172 2.362701654434204 
1173 2.4077441692352295 
1174 2.5767738819122314 
1175 2.3583898544311523 
1176 2.4142379760742188 
1177 2.467045545578003 
1178 2.467113494873047 
1179 2.429971933364868 
1180 2.391134738922119 
1181 2.2998671531677246 
1182 2.2420644760131836 
1183 2.1399104595184326 
1184 2.1557610034942627 
1185 2.2126710414886475 
1186 2.3694021701812744 
1187 2.231045722961426 
1188 2.2543282508850098 
1189 2.294407367706299 
1190 2.380497932434082 
1191 2.4719531536102295 
1192 2.346493721008301 
1193 2.329348087310791 
1194 2.4237048625946045 
1195 2.3317928314208984 
1196 2.379398822784424 
1197 2.373446464538574 
1198 2.3677124977111816 
1199 2.5478334426879883 
1200 2.3712544441223145 
1201 2.2789201736450195 
1202 2.3820698261260986 
1203 2.399336338043213 
1204 2.4645519256591797 
1205 2.349545955657959 
1206 2.5350289344787598 
1207 2.461326837539673 
1208 2.4344141483306885 
1209 2.4260072708129883 
1210 2.4869649410247803 
1211 2.4700465202331543 
1212 2.4912350177764893 
1213 2.518221378326416 
1214 2.473444938659668 
1215 2.4524784088134766 
1216 2.430680751800537 
1217 2.4195261001586914 
1218 2.4685189723968506 
1219 2.5332043170928955 
1220 2.431501865386963 
1221 2.360607862472534 
1222 2.315615653991699 
1223 2.264099359512329 
1224 2.3493874073028564 
1225 2.4562554359436035 
1226 2.3328709602355957 
1227 2.3790104389190674 
1228 2.4106242656707764 
1229 2.4779980182647705 
1230 2.450597047805786 
1231 2.360741138458252 
1232 2.444885730743408 
1233 2.4958934783935547 
1234 2.420837879180908 
1235 2.376185178756714 
1236 2.4001152515411377 
1237 2.331965923309326 
1238 2.2757537364959717 
1239 2.263533115386963 
1240 2.3873636722564697 
1241 2.4213547706604004 
1242 2.390547275543213 
1243 2.4968388080596924 
1244 2.3614933490753174 
1245 2.477915048599243 
1246 2.4724395275115967 
1247 2.4765405654907227 
1248 2.451434373855591 
1249 2.4035801887512207 
1250 2.4505345821380615 
1251 2.525085926055908 
1252 2.3044166564941406 
1253 2.4399375915527344 
1254 2.4809162616729736 
1255 2.38039493560791 
1256 2.153272867202759 
1257 2.212357759475708 
1258 2.2170755863189697 
1259 2.2479350566864014 
1260 2.473543643951416 
1261 2.3869893550872803 
1262 2.4472031593322754 
1263 2.3675575256347656 
1264 2.250324249267578 
1265 2.216721773147583 
1266 2.1774284839630127 
1267 2.1718060970306396 
1268 2.2484560012817383 
1269 2.226928472518921 
1270 2.217172145843506 
1271 2.3717050552368164 
1272 2.513624429702759 
1273 2.426361560821533 
1274 2.6014723777770996 
1275 2.704533100128174 
1276 2.5866622924804688 
1277 2.6577765941619873 
1278 2.8491837978363037 
1279 2.677802801132202 
1280 2.61319899559021 
1281 2.5524470806121826 
1282 2.669126510620117 
1283 2.6163904666900635 
1284 2.6613574028015137 
1285 2.707188129425049 
1286 2.6246116161346436 
1287 2.6092166900634766 
1288 2.583009958267212 
1289 2.6751980781555176 
1290 2.653864860534668 
1291 2.638563632965088 
1292 2.7048721313476562 
1293 2.700187921524048 
1294 2.6895158290863037 
1295 2.6276235580444336 
1296 2.670844793319702 
1297 2.433434247970581 
1298 2.524691343307495 
1299 2.455909013748169 
1300 2.469043731689453 
1301 2.4831182956695557 
1302 2.4449849128723145 
1303 2.559347629547119 
1304 2.7122035026550293 
1305 2.5273869037628174 
1306 2.721994400024414 
1307 2.8327956199645996 
1308 2.7851109504699707 
1309 2.702562093734741 
1310 2.7153093814849854 
1311 2.533022880554199 
1312 2.5905566215515137 
1313 2.753209114074707 
1314 2.7029507160186768 
1315 2.626537561416626 
1316 2.613572120666504 
1317 2.69643497467041 
1318 2.5672810077667236 
1319 2.460507869720459 
1320 2.566823720932007 
1321 2.5357606410980225 
1322 2.487373113632202 
1323 2.5402345657348633 
1324 2.466404676437378 
1325 2.2913553714752197 
1326 2.3830933570861816 
1327 2.3431808948516846 
1328 2.381347417831421 
1329 2.3518996238708496 
1330 2.373896837234497 
1331 2.3229548931121826 
1332 2.3079721927642822 
1333 2.2554428577423096 
1334 2.1383748054504395 
1335 2.2750515937805176 
1336 2.3222110271453857 
1337 2.2938642501831055 
1338 2.3581342697143555 
1339 2.327040672302246 
1340 2.396026372909546 
1341 2.2948226928710938 
1342 2.291410446166992 
1343 2.29941987991333 
1344 2.3761298656463623 
1345 2.155062198638916 
1346 2.2924156188964844 
1347 2.165360927581787 
1348 2.2177560329437256 
1349 2.101574182510376 
1350 1.9354709386825562 
1351 2.191303014755249 
1352 2.132230281829834 
1353 2.1044516563415527 
1354 2.2061243057250977 
1355 2.109532356262207 
1356 2.055450201034546 
1357 1.8684024810791016 
1358 1.9405707120895386 
1359 1.8306387662887573 
1360 1.896475076675415 
1361 1.974407434463501 
1362 1.9916257858276367 
1363 1.9173437356948853 
1364 1.7681884765625 
1365 1.918250560760498 
1366 2.0702426433563232 
1367 2.067094564437866 
1368 2.1134517192840576 
1369 2.060274124145508 
1370 2.1326406002044678 
1371 2.137110710144043 
1372 2.2136988639831543 
1373 2.15934419631958 
1374 2.143028736114502 
1375 1.9838674068450928 
1376 1.9983208179473877 
1377 1.9405022859573364 
1378 1.9050536155700684 
1379 2.03378963470459 
1380 2.0903029441833496 
1381 2.0454447269439697 
1382 1.9454517364501953 
1383 2.1534101963043213 
1384 2.0369787216186523 
1385 2.07621693611145 
1386 2.0180792808532715 
1387 2.0097408294677734 
1388 2.045423746109009 
1389 2.1540279388427734 
1390 2.0876271724700928 
1391 1.938975214958191 
1392 2.0139448642730713 
1393 1.8407851457595825 
1394 2.018932819366455 
1395 1.9858571290969849 
1396 2.0096054077148438 
1397 2.349620819091797 
1398 2.2247891426086426 
1399 2.28865909576416 
1400 2.430283546447754 
1401 2.409660577774048 
1402 2.375 
1403 2.330636978149414 
1404 2.3089096546173096 
1405 2.184873580932617 
1406 2.3076272010803223 
1407 2.058629274368286 
1408 2.125345230102539 
1409 2.0681376457214355 
1410 2.038451910018921 
1411 1.9826219081878662 
1412 2.0224575996398926 
1413 1.967492699623108 
1414 2.0024092197418213 
1415 1.9944597482681274 
1416 1.9750677347183228 
1417 1.8802763223648071 
1418 2.016042947769165 
1419 2.042827844619751 
1420 2.058025360107422 
1421 2.1124229431152344 
1422 2.01928448677063 
1423 2.073124885559082 
1424 1.9055583477020264 
1425 1.936517596244812 
1426 1.8803269863128662 
1427 1.9508370161056519 
1428 1.9284436702728271 
1429 1.9885168075561523 
1430 2.205284833908081 
1431 2.0707764625549316 
1432 2.0824177265167236 
1433 2.044445514678955 
1434 2.0833799839019775 
1435 2.0716030597686768 
1436 1.9234697818756104 
1437 1.979196548461914 
1438 1.9216498136520386 
1439 2.0713305473327637 
1440 2.106588125228882 
1441 2.3423311710357666 
1442 2.202941656112671 
1443 2.041626214981079 
1444 2.2348804473876953 
1445 2.0247583389282227 
1446 2.085926055908203 
1447 2.042936325073242 
1448 1.8981735706329346 
1449 1.962684154510498 
1450 1.9221137762069702 
1451 2.063892364501953 
1452 1.9948430061340332 
1453 1.9589685201644897 
1454 1.8851118087768555 
1455 1.945181965827942 
1456 1.9752920866012573 
1457 1.8957490921020508 
1458 1.931327223777771 
1459 1.9855619668960571 
1460 1.9730255603790283 
1461 2.1389212608337402 
1462 2.0356693267822266 
1463 2.012666940689087 
1464 1.946813702583313 
1465 2.0961081981658936 
1466 2.1809380054473877 
1467 2.4037182331085205 
1468 2.26068377494812 
1469 2.1910746097564697 
1470 2.2624874114990234 
1471 2.1155784130096436 
1472 2.3756227493286133 
1473 2.348703622817993 
1474 2.214461326599121 
1475 2.2633285522460938 
1476 2.1214821338653564 
1477 2.235642194747925 
1478 2.131389617919922 
1479 1.963924765586853 
1480 1.9185600280761719 
1481 1.8577381372451782 
1482 1.8143306970596313 
1483 1.8792119026184082 
1484 1.8382912874221802 
1485 1.9368172883987427 
1486 1.979893684387207 
1487 1.9271457195281982 
1488 1.7643457651138306 
1489 1.5118001699447632 
1490 1.6391446590423584 
1491 1.6280007362365723 
1492 1.8143606185913086 
1493 1.9788107872009277 
1494 1.9521615505218506 
1495 1.9081370830535889 
1496 1.9015827178955078 
1497 1.9100500345230103 
1498 2.141387462615967 
1499 2.0787220001220703 
1500 1.8402000665664673 
1501 1.7873696088790894 
1502 1.7081514596939087 
1503 1.776163935661316 
1504 1.816170573234558 
1505 1.8647080659866333 
1506 1.7568626403808594 
1507 1.7820419073104858 
1508 1.7438899278640747 
1509 1.7772719860076904 
1510 1.6991418600082397 
1511 1.7314931154251099 
1512 1.7090604305267334 
1513 1.722678303718567 
1514 1.7257853746414185 
1515 1.7237093448638916 
1516 1.77197265625 
1517 1.6002331972122192 
1518 1.6204532384872437 
1519 1.6902107000350952 
1520 1.7539212703704834 
1521 1.636451005935669 
1522 1.709452509880066 
1523 1.7568286657333374 
1524 1.9391415119171143 
1525 1.96111261844635 
1526 1.8778517246246338 
1527 1.9802050590515137 
1528 1.902561902999878 
1529 1.8679187297821045 
1530 1.9327232837677002 
1531 1.9227805137634277 
1532 1.96732759475708 
1533 2.142801523208618 
1534 2.1152052879333496 
1535 2.1626813411712646 
1536 2.0732293128967285 
1537 2.0509138107299805 
1538 2.102856159210205 
1539 2.16019606590271 
1540 2.0800459384918213 
1541 2.2110931873321533 
1542 2.1734256744384766 
1543 2.2456228733062744 
1544 2.4271607398986816 
1545 2.2238810062408447 
1546 2.2919492721557617 
1547 2.3028533458709717 
1548 2.229571580886841 
1549 2.2809834480285645 
1550 2.38996958732605 
1551 2.277236223220825 
1552 2.2913596630096436 
1553 2.346514940261841 
1554 2.3803865909576416 
1555 2.388411045074463 
1556 2.4005351066589355 
1557 2.3640620708465576 
1558 2.1949405670166016 
1559 2.2096855640411377 
1560 2.2023797035217285 
1561 2.3048288822174072 
1562 2.285388469696045 
1563 2.2633752822875977 
1564 2.0208683013916016 
1565 2.051978826522827 
1566 2.190673589706421 
1567 2.233725070953369 
1568 2.199732780456543 
1569 2.3015918731689453 
1570 2.2783777713775635 
1571 2.3554182052612305 
1572 2.1247308254241943 
1573 2.1663968563079834 
1574 2.1698803901672363 
1575 2.252810001373291 
1576 2.0541231632232666 
1577 2.1585092544555664 
1578 2.2151341438293457 
1579 2.119093894958496 
1580 2.2505176067352295 
1581 2.0943713188171387 
1582 2.2035834789276123 
1583 2.3753697872161865 
1584 2.336428165435791 
1585 2.2196168899536133 
1586 2.3486759662628174 
1587 2.2505199909210205 
1588 2.1913974285125732 
1589 2.255953788757324 
1590 2.3099570274353027 
1591 2.3918344974517822 
1592 2.331240177154541 
1593 2.4288320541381836 
1594 2.2448225021362305 
1595 2.187394142150879 
1596 2.142897605895996 
1597 2.2821600437164307 
1598 2.270500659942627 
1599 2.2552554607391357 
1600 2.3350419998168945 
1601 2.230848789215088 
1602 2.153855800628662 
1603 2.001887559890747 
1604 2.168370246887207 
1605 2.1108717918395996 
1606 2.2054245471954346 
1607 2.156680107116699 
1608 2.0277719497680664 
1609 2.060698986053467 
1610 1.9183562994003296 
1611 1.9079545736312866 
1612 1.9173293113708496 
1613 1.9545124769210815 
1614 1.9821544885635376 
1615 1.8824703693389893 
1616 1.8211532831192017 
1617 1.6784474849700928 
1618 1.6780937910079956 
1619 1.7362521886825562 
1620 1.8552817106246948 
1621 1.9304388761520386 
1622 1.8111838102340698 
1623 1.8154886960983276 
1624 1.890801191329956 
1625 1.810851812362671 
1626 1.8429248332977295 
1627 1.9881937503814697 
1628 1.9951153993606567 
1629 1.9890044927597046 
1630 1.983900785446167 
1631 2.028053045272827 
1632 2.0629265308380127 
1633 2.0200283527374268 
1634 1.9906806945800781 
1635 1.9925971031188965 
1636 2.0110023021698 
1637 2.031559467315674 
1638 1.936873435974121 
1639 1.9331388473510742 
1640 1.95500910282135 
1641 1.9523735046386719 
1642 1.8999804258346558 
1643 1.7826664447784424 
1644 1.8369691371917725 
1645 1.776857614517212 
1646 2.09417462348938 
1647 1.8712859153747559 
1648 1.9909204244613647 
1649 1.9244613647460938 
1650 1.943597435951233 
1651 1.9967966079711914 
1652 2.003033399581909 
1653 1.9012858867645264 
1654 1.985496163368225 
1655 1.940030813217163 
1656 1.8302041292190552 
1657 1.7849278450012207 
1658 1.8268967866897583 
1659 1.788246989250183 
1660 1.8827930688858032 
1661 1.867487907409668 
1662 1.80290949344635 
1663 1.8087348937988281 
1664 1.7624800205230713 
1665 1.7459912300109863 
1666 1.71927809715271 
1667 1.7897616624832153 
1668 1.769262671470642 
1669 1.8594167232513428 
1670 1.8513866662979126 
1671 1.79417884349823 
1672 1.78373122215271 
1673 1.91987943649292 
1674 1.8778150081634521 
1675 1.9611082077026367 
1676 2.096081018447876 
1677 1.9558403491973877 
1678 1.989443063735962 
1679 1.9813661575317383 
1680 2.019935369491577 
1681 2.132560968399048 
1682 1.978028416633606 
1683 1.9971781969070435 
1684 2.027592420578003 
1685 2.117192268371582 
1686 2.1471874713897705 
1687 2.076615333557129 
1688 2.152106761932373 
1689 2.1697068214416504 
1690 2.254756450653076 
1691 2.2270243167877197 
1692 2.111719846725464 
1693 2.2611961364746094 
1694 2.184230327606201 
1695 2.113712787628174 
1696 2.214082956314087 
1697 2.142545223236084 
1698 2.112931489944458 
1699 2.230863094329834 
1700 2.2941856384277344 
1701 2.321528434753418 
1702 2.3555855751037598 
1703 2.248224973678589 
1704 2.343441963195801 
1705 2.3174633979797363 
1706 2.3955416679382324 
1707 2.3318428993225098 
1708 2.391021251678467 
1709 2.3759562969207764 
1710 2.317831039428711 
1711 2.3045711517333984 
1712 2.1389944553375244 
1713 2.3144402503967285 
1714 2.3940324783325195 
1715 2.3156800270080566 
1716 2.3500406742095947 
1717 2.387012481689453 
1718 2.34676194190979 
1719 2.433732271194458 
1720 2.4456844329833984 
1721 2.3525171279907227 
1722 2.364567518234253 
1723 2.416285276412964 
1724 2.539360284805298 
1725 2.4039037227630615 
1726 2.429668664932251 
1727 2.3854691982269287 
1728 2.333387851715088 
1729 2.3318612575531006 
1730 2.350092649459839 
1731 2.2979187965393066 
1732 2.356412887573242 
1733 2.473109483718872 
1734 2.469299077987671 
1735 2.4192919731140137 
1736 2.5937092304229736 
1737 2.615551233291626 
1738 2.5350449085235596 
1739 2.4241585731506348 
1740 2.4657092094421387 
1741 2.415557622909546 
1742 2.321099281311035 
1743 2.392038345336914 
1744 2.2740368843078613 
1745 2.3425886631011963 
1746 2.3396036624908447 
1747 2.5154800415039062 
1748 2.460092306137085 
1749 2.5911879539489746 
1750 2.453674554824829 
1751 2.520148277282715 
1752 2.4945456981658936 
1753 2.4451003074645996 
1754 2.2477867603302 
1755 2.2474756240844727 
1756 2.209294557571411 
1757 2.2637956142425537 
1758 2.2572238445281982 
1759 2.338026523590088 
1760 2.179462432861328 
1761 2.2006924152374268 
1762 2.029334306716919 
1763 2.0605313777923584 
1764 1.9921337366104126 
1765 2.0324079990386963 
1766 1.9435827732086182 
1767 2.070392370223999 
1768 1.8417701721191406 
1769 1.91258704662323 
1770 1.8880258798599243 
1771 1.8157035112380981 
1772 1.6848437786102295 
1773 1.8267561197280884 
1774 1.8429334163665771 
1775 1.8145112991333008 
1776 1.7859975099563599 
1777 1.83665132522583 
1778 1.8300050497055054 
1779 1.7891019582748413 
1780 1.8833166360855103 
1781 1.8877049684524536 
1782 1.8700716495513916 
1783 1.9172770977020264 
1784 1.8124239444732666 
1785 1.8704464435577393 
1786 1.6976649761199951 
1787 1.8136610984802246 
1788 1.9037400484085083 
1789 1.9270023107528687 
1790 1.8205496072769165 
1791 1.7968140840530396 
1792 1.9262447357177734 
1793 1.8754082918167114 
1794 1.8792451620101929 
1795 1.8257708549499512 
1796 1.7942901849746704 
1797 1.778563380241394 
1798 1.7986878156661987 
1799 1.8196265697479248 
1800 1.8876960277557373 
1801 1.8707221746444702 
1802 1.7815682888031006 
1803 1.9344464540481567 
1804 1.8671512603759766 
1805 1.9168280363082886 
1806 1.786791205406189 
1807 1.7502893209457397 
1808 1.813133955001831 
1809 1.8691964149475098 
1810 1.931899070739746 
1811 1.711995005607605 
1812 1.686010479927063 
1813 1.6277116537094116 
1814 1.6384859085083008 
1815 1.5846104621887207 
1816 1.6780105829238892 
1817 1.5857880115509033 
1818 1.5854533910751343 
1819 1.5784701108932495 
1820 1.7806347608566284 
1821 1.6905418634414673 
1822 1.8089174032211304 
1823 1.732927918434143 
1824 1.9189437627792358 
1825 1.760311484336853 
1826 1.9612663984298706 
1827 1.9332560300827026 
1828 1.9074761867523193 
1829 1.9096266031265259 
1830 1.9796693325042725 
1831 2.036999464035034 
1832 2.0222103595733643 
1833 2.021486759185791 
1834 1.9457522630691528 
1835 1.8615667819976807 
1836 1.9973820447921753 
1837 1.9523217678070068 
1838 2.1764118671417236 
1839 2.1856517791748047 
1840 2.083491325378418 
1841 2.043687343597412 
1842 2.0114574432373047 
1843 2.000214099884033 
1844 2.0485541820526123 
1845 1.9981971979141235 
1846 2.0005407333374023 
1847 1.9766653776168823 
1848 1.897673487663269 
1849 1.7749392986297607 
1850 1.812288761138916 
1851 1.8031669855117798 
1852 1.806472659111023 
1853 1.8073805570602417 
1854 1.8475815057754517 
1855 1.8721568584442139 
1856 1.6880549192428589 
1857 1.6979835033416748 
1858 1.6838363409042358 
1859 1.5992273092269897 
1860 1.5755423307418823 
1861 1.5443742275238037 
1862 1.586506962776184 
1863 1.587045431137085 
1864 1.6073402166366577 
1865 1.6010489463806152 
1866 1.5459928512573242 
1867 1.6257281303405762 
1868 1.588353157043457 
1869 1.6436926126480103 
1870 1.583336591720581 
1871 1.6461695432662964 
1872 1.5976194143295288 
1873 1.6501811742782593 
1874 1.5859405994415283 
1875 1.527025818824768 
1876 1.5332320928573608 
1877 1.5312868356704712 
1878 1.6750775575637817 
1879 1.6803263425827026 
1880 1.6917933225631714 
1881 1.6694273948669434 
1882 1.6778568029403687 
1883 1.6373292207717896 
1884 1.6216281652450562 
1885 1.766280174255371 
1886 1.630039930343628 
1887 1.592021107673645 
1888 1.6034890413284302 
1889 1.6633445024490356 
1890 1.7146551609039307 
1891 1.6485902070999146 
1892 1.5664509534835815 
1893 1.5876994132995605 
1894 1.6936466693878174 
1895 1.5945698022842407 
1896 1.7286680936813354 
1897 1.596863031387329 
1898 1.5220072269439697 
1899 1.410440444946289 
1900 1.4838021993637085 
1901 1.5707215070724487 
1902 1.474546194076538 
1903 1.4733787775039673 
1904 1.5573716163635254 
1905 1.5213228464126587 
1906 1.5684760808944702 
1907 1.6714715957641602 
1908 1.586952805519104 
1909 1.5138676166534424 
1910 1.573707103729248 
1911 1.5952352285385132 
1912 1.458160400390625 
1913 1.4337178468704224 
1914 1.4196058511734009 
1915 1.48934805393219 
1916 1.5355926752090454 
1917 1.4772179126739502 
1918 1.4138137102127075 
1919 1.4622420072555542 
1920 1.4940341711044312 
1921 1.6109898090362549 
1922 1.5523409843444824 
1923 1.542922019958496 
1924 1.4122592210769653 
1925 1.534182071685791 
1926 1.4978262186050415 
1927 1.5699412822723389 
1928 1.5881061553955078 
1929 1.5795423984527588 
1930 1.556029200553894 
1931 1.6210575103759766 
1932 1.6605260372161865 
1933 1.6366777420043945 
1934 1.5062220096588135 
1935 1.50348961353302 
1936 1.5001331567764282 
1937 1.591498613357544 
1938 1.5494977235794067 
1939 1.4833513498306274 
1940 1.4798845052719116 
1941 1.5736185312271118 
1942 1.538282036781311 
1943 1.514356255531311 
1944 1.5321484804153442 
1945 1.5651955604553223 
1946 1.4908134937286377 
1947 1.4852325916290283 
1948 1.4703565835952759 
1949 1.5447492599487305 
1950 1.56598699092865 
1951 1.5571753978729248 
1952 1.5682721138000488 
1953 1.5413901805877686 
1954 1.5720020532608032 
1955 1.7587522268295288 
1956 1.564969539642334 
1957 1.562984585762024 
1958 1.4129339456558228 
1959 1.458413004875183 
1960 1.5236077308654785 
1961 1.5088685750961304 
1962 1.5636247396469116 
1963 1.420283555984497 
1964 1.4553121328353882 
1965 1.464264988899231 
1966 1.5175197124481201 
1967 1.6353875398635864 
1968 1.555909514427185 
1969 1.637758493423462 
1970 1.70173978805542 
1971 1.6646796464920044 
1972 1.601130723953247 
1973 1.5255752801895142 
1974 1.5637538433074951 
1975 1.6525194644927979 
1976 1.6931802034378052 
1977 1.5144052505493164 
1978 1.5218019485473633 
1979 1.502902865409851 
1980 1.6056568622589111 
1981 1.5880342721939087 
1982 1.565683364868164 
1983 1.7083693742752075 
1984 1.643247365951538 
1985 1.712170124053955 
1986 1.7585681676864624 
1987 1.6160920858383179 
1988 1.6095491647720337 
1989 1.611101746559143 
1990 1.654557228088379 
1991 1.6474676132202148 
1992 1.6182448863983154 
1993 1.653182029724121 
1994 1.6241893768310547 
1995 1.5852664709091187 
1996 1.661271572113037 
1997 1.6452277898788452 
1998 1.6436333656311035 
1999 1.7568422555923462 
2000 1.784749984741211 
2001 1.8593865633010864 
2002 1.905117392539978 
2003 1.8267598152160645 
2004 1.8261358737945557 
2005 1.7140589952468872 
2006 1.7470989227294922 
2007 1.6782643795013428 
2008 1.6566816568374634 
2009 1.6800872087478638 
2010 1.732710361480713 
2011 1.5681769847869873 
2012 1.6596808433532715 
2013 1.6570643186569214 
2014 1.7502390146255493 
2015 1.6891918182373047 
2016 1.5881768465042114 
2017 1.6192538738250732 
2018 1.5066543817520142 
2019 1.4284156560897827 
2020 1.4860562086105347 
2021 1.4686387777328491 
2022 1.6000255346298218 
2023 1.6713117361068726 
2024 1.765823245048523 
2025 1.698243498802185 
2026 1.6398892402648926 
2027 1.6437550783157349 
2028 1.6320589780807495 
2029 1.644477367401123 
2030 1.6314427852630615 
2031 1.7012290954589844 
2032 1.6182682514190674 
2033 1.6759291887283325 
2034 1.7332491874694824 
2035 1.851008415222168 
2036 1.7100534439086914 
2037 1.727196455001831 
2038 1.6065118312835693 
2039 1.6715401411056519 
2040 1.7985559701919556 
2041 1.8205877542495728 
2042 1.8215970993041992 
2043 1.8597190380096436 
2044 1.827708125114441 
2045 1.8253707885742188 
2046 1.9486000537872314 
2047 1.8452982902526855 
2048 1.9548341035842896 
2049 1.874931812286377 
2050 1.9152216911315918 
2051 1.9764423370361328 
2052 1.8629053831100464 
2053 1.9290783405303955 
2054 2.010751962661743 
2055 2.0970253944396973 
2056 2.1018764972686768 
2057 1.9541447162628174 
2058 1.9292434453964233 
2059 1.930443525314331 
2060 1.7542873620986938 
2061 1.8607251644134521 
2062 1.8376249074935913 
2063 1.75572669506073 
2064 1.8113336563110352 
2065 1.9009815454483032 
2066 1.8693066835403442 
2067 1.879705786705017 
2068 1.864423394203186 
2069 1.8506829738616943 
2070 1.8060585260391235 
2071 1.84892737865448 
2072 1.9289368391036987 
2073 1.8588136434555054 
2074 1.891973853111267 
2075 1.9901299476623535 
2076 1.9056843519210815 
2077 1.7242196798324585 
2078 1.6651387214660645 
2079 1.9265705347061157 
2080 1.8351608514785767 
2081 1.8031268119812012 
2082 1.8810954093933105 
2083 1.912160038948059 
2084 1.7908908128738403 
2085 1.7143100500106812 
2086 1.7603230476379395 
2087 1.992063045501709 
2088 1.8162246942520142 
2089 1.992514967918396 
2090 1.9924415349960327 
2091 1.8836534023284912 
2092 1.8216134309768677 
2093 1.9438446760177612 
2094 1.9005471467971802 
2095 1.7772395610809326 
2096 1.8635594844818115 
2097 1.7070481777191162 
2098 1.7488640546798706 
2099 1.7589353322982788 
2100 1.714698076248169 
2101 1.7215672731399536 
2102 1.8412166833877563 
2103 1.7551242113113403 
2104 1.8936872482299805 
2105 1.9494998455047607 
2106 1.901550531387329 
2107 1.8196996450424194 
2108 1.8471601009368896 
2109 1.9280731678009033 
2110 1.8511003255844116 
2111 1.92414391040802 
2112 1.910406470298767 
2113 2.0522923469543457 
2114 1.985552191734314 
2115 1.9922189712524414 
2116 2.099400043487549 
2117 2.1077680587768555 
2118 2.1006076335906982 
2119 2.1607818603515625 
2120 2.0166397094726562 
2121 1.9488120079040527 
2122 1.8670903444290161 
2123 1.911207675933838 
2124 2.0150957107543945 
2125 1.9022947549819946 
2126 2.02528715133667 
2127 2.027383804321289 
2128 1.985978126525879 
2129 2.029627799987793 
2130 2.0484201908111572 
2131 2.053218126296997 
2132 2.0851426124572754 
2133 2.1331636905670166 
2134 2.0967578887939453 
2135 2.188579797744751 
2136 2.105203628540039 
2137 2.0945355892181396 
2138 2.1045665740966797 
2139 2.0287179946899414 
2140 2.093820571899414 
2141 2.0863571166992188 
2142 2.1722524166107178 
