frame    mol0
    0      NA
    1   0.161
    2   0.163
    3   0.170
    4   0.170
    5   0.176
    6   0.170
    7   0.174
    8   0.168
    9   0.177
   10   0.186
   11   0.186
   12   0.196
   13   0.183
   14   0.186
   15   0.193
   16   0.191
   17   0.207
   18   0.189
   19   0.213
   20   0.202
   21   0.213
   22   0.227
   23   0.254
   24   0.251
   25   0.241
   26   0.254
   27   0.273
   28   0.290
   29   0.302
   30   0.315
   31   0.320
   32   0.314
   33   0.304
   34   0.306
   35   0.372
   36   0.405
   37   0.411
   38   0.393
   39   0.405
   40   0.392
   41   0.377
   42   0.393
   43   0.702
   44   0.813
   45   0.983
   46   0.928
   47   0.916
   48   0.972
   49   1.056
   50   0.932
   51   0.919
   52   0.859
   53   0.893
   54   0.904
   55   1.106
   56   1.029
   57   1.129
   58   1.244
   59   1.249
   60   1.534
   61   1.412
   62   1.518
   63   1.475
   64   1.545
   65   1.549
   66   1.713
   67   1.825
   68   1.732
   69   1.943
   70   1.792
   71   1.834
   72   1.835
   73   1.702
   74   1.759
   75   2.012
   76   2.077
   77   2.056
   78   1.916
   79   1.874
   80   1.777
   81   1.671
   82   1.702
   83   1.820
   84   1.900
   85   1.957
   86   1.871
   87   1.788
   88   1.904
   89   1.984
   90   1.800
   91   1.787
   92   1.785
   93   1.682
   94   1.763
   95   1.930
   96   1.906
   97   1.834
   98   1.811
   99   1.906
  100   2.103
  101   1.994
  102   2.053
  103   1.973
  104   1.856
  105   1.822
  106   2.039
  107   2.143
  108   2.111
  109   2.058
  110   2.047
  111   2.048
  112   2.268
  113   2.205
  114   2.124
  115   2.344
  116   2.141
  117   2.085
  118   2.079
  119   1.985
  120   2.019
  121   1.906
  122   1.929
  123   1.881
  124   1.992
  125   1.983
  126   2.114
  127   2.229
  128   2.305
  129   2.367
  130   2.242
  131   2.164
  132   2.167
  133   2.014
  134   2.090
  135   2.104
  136   2.217
  137   2.163
  138   2.064
  139   2.104
  140   1.952
  141   1.864
  142   2.083
  143   1.906
  144   1.866
  145   1.973
  146   2.143
  147   2.140
  148   1.929
  149   1.845
  150   2.128
  151   2.113
  152   1.971
  153   1.946
  154   2.032
  155   1.947
  156   2.223
  157   2.164
  158   2.123
  159   1.890
  160   1.911
  161   2.042
  162   1.969
  163   2.027
  164   2.116
  165   1.982
  166   1.909
  167   1.906
  168   2.019
  169   1.983
  170   2.137
  171   2.195
  172   2.003
  173   1.812
  174   1.919
  175   1.817
  176   1.836
  177   1.905
  178   1.729
  179   1.800
  180   1.667
  181   1.723
  182   1.836
  183   1.662
  184   1.548
  185   1.508
  186   1.429
  187   1.641
  188   1.697
  189   1.637
  190   1.754
  191   1.668
  192   1.750
  193   1.974
  194   1.982
  195   1.853
  196   1.973
  197   2.118
  198   2.112
  199   2.416
  200   2.359
  201   2.264
  202   2.217
  203   1.990
  204   2.088
  205   1.970
  206   2.012
  207   1.898
  208   1.742
  209   1.838
  210   1.833
  211   1.894
  212   2.035
  213   2.061
  214   2.128
  215   2.337
  216   2.465
  217   2.528
  218   2.449
  219   2.308
  220   2.374
  221   2.354
  222   2.244
  223   2.367
  224   2.161
  225   2.234
  226   2.205
  227   2.203
  228   2.187
  229   2.138
  230   2.216
  231   2.107
  232   2.274
  233   2.177
  234   2.236
  235   2.092
  236   2.137
  237   2.321
  238   2.437
  239   2.328
  240   2.317
  241   2.193
  242   2.039
  243   2.082
  244   2.129
  245   2.408
  246   2.263
  247   2.224
  248   2.120
  249   2.155
  250   1.935
  251   1.804
  252   1.926
  253   1.895
  254   1.780
  255   1.885
  256   1.855
  257   1.800
  258   1.690
  259   1.902
  260   2.108
  261   2.255
  262   2.262
  263   2.247
  264   2.036
  265   2.020
  266   2.113
  267   2.175
  268   2.230
  269   2.036
  270   2.031
  271   2.014
  272   2.122
  273   2.172
  274   2.332
  275   2.378
  276   2.403
  277   2.198
  278   2.287
  279   2.468
  280   2.262
  281   2.306
  282   2.184
  283   2.394
  284   2.424
  285   2.534
  286   2.619
  287   2.347
  288   2.428
  289   2.530
  290   2.653
  291   2.828
  292   2.690
  293   2.583
  294   2.809
  295   2.759
  296   2.715
  297   2.807
  298   2.865
  299   2.809
  300   3.013
  301   2.575
  302   2.685
  303   2.526
  304   2.451
  305   2.558
  306   2.668
  307   2.416
  308   2.429
  309   2.579
  310   2.598
  311   2.543
  312   2.803
  313   2.572
  314   2.687
  315   2.897
  316   2.881
  317   2.826
  318   2.591
  319   2.321
  320   2.566
  321   2.494
  322   2.591
  323   2.802
  324   2.789
  325   2.777
  326   2.942
  327   2.784
  328   2.756
  329   2.809
  330   2.777
  331   2.905
  332   2.759
  333   2.810
  334   2.765
  335   2.593
  336   2.618
  337   2.551
  338   2.425
  339   2.655
  340   2.647
  341   2.775
  342   2.624
  343   2.725
  344   2.988
  345   2.841
  346   2.765
  347   2.858
  348   2.723
  349   2.692
  350   2.717
  351   2.658
  352   2.596
  353   2.689
  354   2.698
  355   2.632
  356   2.664
  357   2.675
  358   2.910
  359   2.756
  360   2.661
  361   2.862
  362   2.889
  363   2.715
  364   2.710
  365   2.729
  366   2.667
  367   2.527
  368   2.557
  369   2.548
  370   2.629
  371   2.422
  372   2.365
  373   2.221
  374   2.181
  375   2.158
  376   2.220
  377   2.249
  378   2.076
  379   2.396
  380   2.516
  381   2.381
  382   2.323
  383   2.327
  384   2.231
  385   2.154
  386   1.993
  387   1.879
  388   1.888
  389   1.864
  390   1.755
  391   1.632
  392   1.772
  393   1.805
  394   2.031
  395   1.837
  396   1.931
  397   1.945
  398   1.802
  399   1.805
  400   1.750
  401   1.872
  402   2.027
  403   1.957
  404   2.207
  405   1.969
  406   1.890
  407   1.870
  408   1.845
  409   1.798
  410   1.721
  411   1.703
  412   1.787
  413   1.817
  414   1.727
  415   1.891
  416   1.796
  417   1.934
  418   1.969
  419   1.859
  420   1.848
  421   1.949
  422   2.199
  423   2.205
  424   2.220
  425   2.208
  426   2.085
  427   2.098
  428   1.904
  429   2.042
  430   1.900
  431   1.666
  432   1.527
  433   1.579
  434   1.730
  435   1.684
  436   1.681
  437   1.647
  438   1.739
  439   1.795
  440   1.786
  441   1.825
  442   1.904
  443   1.815
  444   1.801
  445   1.867
  446   1.789
  447   2.076
  448   1.962
  449   2.053
  450   1.902
  451   1.670
  452   1.654
  453   1.625
  454   1.684
  455   1.603
  456   1.654
  457   1.603
  458   1.561
  459   1.451
  460   1.577
  461   1.765
  462   1.960
  463   1.891
  464   1.924
  465   1.769
  466   2.025
  467   1.687
  468   1.675
  469   1.514
  470   1.691
  471   1.612
  472   1.531
  473   1.489
  474   1.644
  475   1.431
  476   1.441
  477   1.311
  478   1.439
  479   1.425
  480   1.561
  481   1.709
  482   1.744
  483   1.975
  484   1.805
  485   1.926
  486   2.005
  487   1.819
  488   1.564
  489   1.496
  490   1.540
  491   1.539
  492   1.677
  493   1.725
  494   1.766
  495   1.689
  496   1.725
  497   1.859
  498   1.877
  499   1.936
  500   2.212
  501   2.275
  502   2.034
  503   2.031
  504   2.165
  505   2.262
  506   2.342
  507   2.298
  508   2.394
  509   2.619
  510   2.414
  511   2.269
  512   2.073
  513   2.351
  514   2.524
  515   2.631
  516   2.555
  517   2.489
  518   2.470
  519   2.468
  520   2.490
  521   2.569
  522   2.536
  523   2.753
  524   2.660
  525   2.861
  526   2.675
  527   2.702
  528   2.470
  529   2.532
  530   2.585
  531   2.574
  532   2.397
  533   2.440
  534   2.438
  535   2.105
  536   2.102
  537   2.059
  538   2.221
  539   2.277
  540   2.219
  541   2.101
  542   2.175
  543   2.320
  544   2.236
  545   2.403
  546   2.468
  547   2.680
  548   2.722
  549   2.886
  550   2.864
  551   2.891
  552   2.821
  553   2.816
  554   2.810
  555   2.745
  556   2.807
  557   2.720
  558   2.964
  559   3.079
  560   3.046
  561   3.212
  562   3.362
  563   3.270
  564   3.432
  565   3.345
  566   3.272
  567   3.412
  568   3.456
  569   3.284
  570   3.205
  571   3.180
  572   3.138
  573   3.346
  574   3.269
  575   3.116
  576   3.062
  577   3.129
  578   3.240
  579   3.377
  580   3.287
  581   3.069
  582   3.052
  583   3.031
  584   3.069
  585   3.058
  586   3.131
  587   3.218
  588   3.181
  589   3.190
  590   3.059
  591   3.060
  592   3.125
  593   2.985
  594   2.936
  595   3.025
  596   2.972
  597   3.066
  598   2.961
  599   2.902
  600   2.927
  601   3.158
  602   3.094
  603   3.101
  604   2.980
  605   3.097
  606   3.051
  607   2.833
  608   3.050
  609   3.130
  610   3.146
  611   2.964
  612   2.996
  613   2.835
  614   2.784
  615   2.833
  616   2.851
  617   2.754
  618   2.804
  619   2.764
  620   2.636
  621   2.675
  622   2.721
  623   2.725
  624   2.820
  625   2.764
  626   2.792
  627   2.791
  628   2.740
  629   2.715
  630   2.820
  631   2.891
  632   2.760
  633   2.672
  634   2.625
  635   2.598
  636   2.712
  637   2.780
  638   2.764
  639   3.015
  640   2.957
  641   2.831
  642   2.872
  643   3.068
  644   2.914
  645   2.704
  646   2.651
  647   2.792
  648   2.739
  649   2.619
  650   2.798
  651   2.764
  652   2.803
  653   2.813
  654   2.837
  655   2.789
  656   2.817
  657   2.526
  658   2.626
  659   2.768
  660   2.735
  661   2.597
  662   2.455
  663   2.662
  664   2.442
  665   2.586
  666   2.567
  667   2.651
  668   2.703
  669   2.680
  670   2.414
  671   2.518
  672   2.319
  673   2.363
  674   2.176
  675   2.150
  676   1.994
  677   2.061
  678   2.074
  679   2.189
  680   2.276
  681   2.326
  682   2.228
  683   2.382
  684   2.311
  685   2.300
  686   2.250
  687   2.348
  688   2.400
  689   2.315
  690   2.663
  691   2.657
  692   2.464
  693   2.227
  694   2.175
  695   2.235
  696   1.961
  697   1.953
  698   2.052
  699   1.957
  700   1.851
  701   2.123
  702   1.878
  703   1.728
  704   1.680
  705   1.743
  706   1.888
  707   1.846
  708   1.864
  709   2.046
  710   1.920
  711   2.262
  712   2.160
  713   2.176
  714   2.059
  715   1.991
  716   1.934
  717   1.944
  718   2.092
  719   1.987
  720   1.998
  721   1.855
  722   1.790
  723   1.834
  724   1.847
  725   1.866
  726   1.856
  727   1.942
  728   1.914
  729   1.803
  730   1.784
  731   1.660
  732   1.732
  733   1.673
  734   1.697
  735   1.884
  736   2.109
  737   1.895
  738   1.808
  739   2.029
  740   1.863
  741   2.037
  742   2.271
  743   2.350
  744   2.421
  745   2.481
  746   2.201
  747   2.112
  748   2.061
  749   1.794
  750   1.868
  751   1.760
  752   1.926
  753   2.213
  754   2.030
  755   2.180
  756   2.195
  757   2.214
  758   2.239
  759   2.357
  760   2.530
  761   2.496
  762   2.361
  763   2.408
  764   2.294
  765   2.290
  766   2.291
  767   2.430
  768   2.310
  769   2.415
  770   2.398
  771   2.572
  772   2.487
  773   2.504
  774   2.274
  775   2.397
  776   2.258
  777   2.364
  778   2.602
  779   2.491
  780   2.448
  781   2.623
  782   2.403
  783   2.192
  784   2.176
  785   2.299
  786   2.594
  787   2.327
  788   2.535
  789   2.331
  790   2.416
  791   2.375
  792   2.417
  793   2.465
  794   2.552
  795   2.582
  796   2.420
  797   2.340
  798   2.420
  799   2.424
  800   2.486
  801   2.469
  802   2.509
  803   2.561
  804   2.456
  805   2.520
  806   2.704
  807   2.782
  808   2.919
  809   3.006
  810   3.017
  811   2.886
  812   2.915
  813   2.894
  814   2.956
  815   2.749
  816   2.713
  817   2.662
  818   2.593
  819   2.520
  820   2.474
  821   2.586
  822   2.654
  823   2.576
  824   2.417
  825   2.629
  826   2.652
  827   2.770
  828   2.826
  829   2.884
  830   2.924
  831   2.948
  832   2.904
  833   3.072
  834   3.001
  835   2.889
  836   2.807
  837   2.826
  838   2.919
  839   3.002
  840   2.951
  841   2.916
  842   2.742
  843   2.964
  844   2.710
  845   2.895
  846   2.764
  847   2.946
  848   2.791
  849   2.821
  850   2.868
  851   3.000
  852   3.113
  853   3.050
  854   2.933
  855   3.134
  856   3.134
  857   3.231
  858   3.261
  859   3.209
  860   3.190
  861   3.227
  862   3.079
  863   3.181
  864   3.318
  865   3.002
  866   3.127
  867   3.249
  868   3.121
  869   3.184
  870   3.182
  871   3.339
  872   3.302
  873   3.159
  874   3.270
  875   3.172
  876   3.158
  877   3.067
  878   3.161
  879   3.152
  880   3.104
  881   3.105
  882   3.124
  883   3.082
  884   3.035
  885   3.116
  886   3.121
  887   3.173
  888   3.124
  889   3.137
  890   3.243
  891   3.057
  892   3.126
  893   2.951
  894   3.114
  895   3.295
  896   3.298
  897   3.339
  898   3.137
  899   3.096
  900   3.131
  901   3.281
  902   3.238
  903   3.025
  904   3.087
  905   3.119
  906   3.092
  907   3.152
  908   3.237
  909   3.252
  910   3.238
  911   3.310
  912   3.210
  913   3.155
  914   3.183
  915   3.170
  916   3.297
  917   3.287
  918   3.152
  919   3.322
  920   3.157
  921   3.166
  922   3.065
  923   3.170
  924   3.138
  925   2.995
  926   2.997
  927   3.026
  928   3.088
  929   2.908
  930   2.928
  931   2.979
  932   3.022
  933   2.976
  934   3.077
  935   3.225
  936   3.169
  937   2.977
  938   3.156
  939   3.019
  940   2.928
  941   2.950
  942   2.858
  943   2.749
  944   2.834
  945   2.972
  946   2.943
  947   3.046
  948   2.949
  949   2.963
  950   3.009
  951   3.090
  952   2.965
  953   3.044
  954   3.209
  955   2.975
  956   2.940
  957   2.988
  958   3.076
  959   2.968
  960   3.049
  961   3.014
  962   2.951
  963   2.968
  964   2.986
  965   2.834
  966   2.722
  967   2.883
  968   2.891
  969   2.809
  970   2.808
  971   2.854
  972   2.816
  973   2.763
  974   2.830
  975   2.776
  976   2.703
  977   2.851
  978   2.872
  979   2.841
  980   2.872
  981   2.833
  982   2.658
  983   2.593
  984   2.507
  985   2.497
  986   2.561
  987   2.572
  988   2.419
  989   2.499
  990   2.478
  991   2.482
  992   2.430
  993   2.597
  994   2.515
  995   2.543
  996   2.740
  997   2.824
  998   2.811
  999   2.622
 1000   2.693
 1001   2.840
 1002   2.743
 1003   2.924
 1004   2.807
 1005   2.944
 1006   3.083
 1007   3.041
 1008   2.709
 1009   2.599
 1010   2.485
 1011   2.227
 1012   2.222
 1013   2.319
 1014   2.348
 1015   2.216
 1016   2.386
 1017   2.459
 1018   2.508
 1019   2.474
 1020   2.283
 1021   2.322
 1022   2.446
 1023   2.382
 1024   2.333
 1025   2.167
 1026   1.954
 1027   1.969
 1028   1.946
 1029   1.964
 1030   2.060
 1031   2.260
 1032   2.090
 1033   2.347
 1034   2.414
 1035   2.500
 1036   2.640
 1037   2.685
 1038   2.497
 1039   2.467
 1040   2.639
 1041   2.385
 1042   2.401
 1043   2.470
 1044   2.386
 1045   2.511
 1046   2.672
 1047   2.736
 1048   2.756
 1049   2.866
 1050   2.553
 1051   2.495
 1052   2.780
 1053   2.817
 1054   2.588
 1055   2.623
 1056   2.473
 1057   2.448
 1058   2.591
 1059   2.531
 1060   2.558
 1061   2.552
 1062   2.582
 1063   2.514
 1064   2.573
 1065   2.509
 1066   2.638
 1067   2.456
 1068   2.471
 1069   2.499
 1070   2.511
 1071   2.356
 1072   2.394
 1073   2.206
 1074   2.146
 1075   2.166
 1076   2.287
 1077   2.327
 1078   2.199
 1079   2.328
 1080   2.188
 1081   2.293
 1082   2.346
 1083   2.408
 1084   2.391
 1085   2.429
 1086   2.451
 1087   2.332
 1088   2.498
 1089   2.471
 1090   2.521
 1091   2.297
 1092   2.318
 1093   2.389
 1094   2.402
 1095   2.490
 1096   2.436
 1097   2.639
 1098   2.675
 1099   2.638
 1100   2.609
 1101   2.710
 1102   2.854
 1103   2.914
 1104   3.021
 1105   2.973
 1106   2.966
 1107   2.989
 1108   3.144
 1109   3.141
 1110   3.174
 1111   3.097
 1112   2.974
 1113   3.067
 1114   3.037
 1115   3.064
 1116   3.117
 1117   3.241
 1118   3.184
 1119   3.169
 1120   3.130
 1121   2.929
 1122   2.673
 1123   2.483
 1124   2.557
 1125   2.504
 1126   2.386
 1127   2.216
 1128   2.270
 1129   2.467
 1130   2.650
 1131   2.508
 1132   2.729
 1133   2.850
 1134   2.705
 1135   2.617
 1136   2.704
 1137   2.409
 1138   2.401
 1139   2.358
 1140   2.417
 1141   2.441
 1142   2.514
 1143   2.410
 1144   2.421
 1145   2.518
 1146   2.526
 1147   2.469
 1148   2.422
 1149   2.350
 1150   2.328
 1151   2.319
 1152   2.380
 1153   2.176
 1154   2.239
 1155   2.141
 1156   2.274
 1157   2.282
 1158   2.182
 1159   2.208
 1160   2.278
 1161   2.486
 1162   2.372
 1163   2.568
 1164   2.690
 1165   2.760
 1166   2.710
 1167   2.628
 1168   2.689
 1169   2.855
 1170   2.700
 1171   2.587
 1172   2.502
 1173   2.403
 1174   2.267
 1175   2.488
 1176   2.323
 1177   2.351
 1178   2.275
 1179   2.338
 1180   2.371
 1181   2.250
 1182   2.258
 1183   2.344
 1184   2.365
 1185   2.346
 1186   2.220
 1187   2.296
 1188   2.268
 1189   2.393
 1190   2.222
 1191   2.352
 1192   2.313
 1193   2.283
 1194   2.109
 1195   1.928
 1196   1.909
 1197   2.006
 1198   2.003
 1199   1.996
 1200   1.997
 1201   2.014
 1202   1.957
 1203   2.063
 1204   2.102
 1205   2.148
 1206   1.897
 1207   1.782
 1208   1.751
 1209   1.820
 1210   1.749
 1211   1.977
 1212   1.810
 1213   1.981
 1214   2.106
 1215   2.258
 1216   2.125
 1217   2.167
 1218   2.433
 1219   2.621
 1220   2.286
 1221   2.348
 1222   2.577
 1223   2.652
 1224   2.568
 1225   2.675
 1226   2.567
 1227   2.583
 1228   2.552
 1229   2.367
 1230   2.485
 1231   2.439
 1232   2.381
 1233   2.513
 1234   2.560
 1235   2.529
 1236   2.518
 1237   2.396
 1238   2.276
 1239   2.374
 1240   2.247
 1241   2.189
 1242   2.311
 1243   2.250
 1244   2.173
 1245   2.266
 1246   2.377
 1247   2.237
 1248   2.136
 1249   2.185
 1250   2.369
 1251   2.530
 1252   2.452
 1253   2.369
 1254   2.412
 1255   2.478
 1256   2.335
 1257   2.419
 1258   2.423
 1259   2.496
 1260   2.367
 1261   2.267
 1262   2.130
 1263   2.127
 1264   2.178
 1265   2.062
 1266   2.113
 1267   2.176
 1268   2.079
 1269   2.036
 1270   1.892
 1271   2.053
 1272   2.012
 1273   2.218
 1274   2.003
 1275   2.090
 1276   2.118
 1277   1.918
 1278   1.853
 1279   1.996
 1280   1.988
 1281   1.931
 1282   2.013
 1283   2.228
 1284   2.241
 1285   2.175
 1286   2.282
 1287   2.095
 1288   2.045
 1289   2.043
 1290   2.203
 1291   2.169
 1292   2.028
 1293   2.074
 1294   1.992
 1295   1.909
 1296   1.968
 1297   1.894
 1298   1.967
 1299   2.125
 1300   2.089
 1301   2.074
 1302   2.112
 1303   2.013
 1304   1.953
 1305   1.977
 1306   1.983
 1307   2.095
 1308   1.806
 1309   1.763
 1310   1.813
 1311   1.938
 1312   1.768
 1313   1.866
 1314   1.942
 1315   2.160
 1316   2.224
 1317   2.302
 1318   2.415
 1319   2.461
 1320   2.722
 1321   2.856
 1322   2.883
 1323   2.686
 1324   2.577
 1325   2.732
 1326   2.478
 1327   2.466
 1328   2.370
 1329   2.293
 1330   2.394
 1331   2.373
 1332   2.373
 1333   2.345
 1334   2.175
 1335   2.208
 1336   2.317
 1337   2.051
 1338   2.206
 1339   2.248
 1340   2.364
 1341   2.272
 1342   2.158
 1343   2.186
 1344   2.510
 1345   2.341
 1346   2.270
 1347   2.478
 1348   2.441
 1349   2.520
 1350   2.515
 1351   2.400
 1352   2.568
 1353   2.227
 1354   2.139
 1355   2.039
 1356   1.999
 1357   2.223
 1358   1.884
 1359   1.783
 1360   1.969
 1361   1.963
 1362   1.913
 1363   1.973
 1364   1.968
 1365   1.789
 1366   1.899
 1367   1.736
 1368   1.633
 1369   1.614
 1370   1.550
 1371   1.560
 1372   1.582
 1373   1.424
 1374   1.527
 1375   1.519
 1376   1.660
 1377   1.564
 1378   1.581
 1379   1.559
 1380   1.481
 1381   1.462
 1382   1.691
 1383   1.687
 1384   1.682
 1385   1.622
 1386   1.544
 1387   1.588
 1388   1.451
 1389   1.500
 1390   1.436
 1391   1.516
 1392   1.496
 1393   1.626
 1394   1.545
 1395   1.633
 1396   1.639
 1397   1.703
 1398   1.736
 1399   1.656
 1400   1.656
 1401   1.730
 1402   1.663
 1403   1.760
 1404   1.776
 1405   1.821
 1406   1.835
 1407   1.896
 1408   1.976
 1409   2.019
 1410   1.882
 1411   1.791
 1412   1.831
 1413   1.809
 1414   1.862
 1415   1.896
 1416   1.962
 1417   1.930
 1418   2.014
 1419   1.984
 1420   1.861
 1421   1.752
 1422   1.645
 1423   1.801
 1424   1.816
 1425   1.924
 1426   1.777
 1427   1.747
 1428   1.713
 1429   1.663
 1430   1.655
 1431   1.547
 1432   1.822
 1433   1.801
 1434   1.681
 1435   1.725
 1436   1.712
 1437   1.714
 1438   1.628
 1439   1.846
 1440   1.826
 1441   1.909
 1442   1.934
 1443   1.911
 1444   1.952
 1445   1.887
 1446   1.871
 1447   1.922
 1448   1.842
 1449   1.916
 1450   1.847
 1451   1.881
 1452   1.963
 1453   1.955
 1454   1.913
 1455   1.967
 1456   1.993
 1457   1.877
 1458   1.941
 1459   2.109
 1460   1.958
 1461   1.996
 1462   2.055
 1463   2.051
 1464   1.972
 1465   1.954
 1466   1.948
 1467   2.003
 1468   1.863
 1469   1.995
 1470   1.882
 1471   1.795
 1472   1.793
 1473   1.855
 1474   1.792
 1475   1.790
 1476   2.025
 1477   1.969
 1478   1.956
 1479   2.015
 1480   1.833
 1481   1.813
 1482   1.918
 1483   1.893
 1484   1.916
 1485   1.869
 1486   1.777
 1487   1.844
 1488   1.895
 1489   1.971
 1490   1.891
 1491   1.937
 1492   1.842
 1493   1.889
 1494   1.892
 1495   1.842
 1496   2.016
 1497   1.979
 1498   2.051
 1499   2.055
 1500   1.951
 1501   1.951
 1502   2.011
 1503   2.009
 1504   1.948
 1505   1.957
 1506   1.933
 1507   1.980
 1508   1.956
 1509   2.025
 1510   1.976
 1511   1.916
 1512   1.880
 1513   2.011
 1514   2.038
 1515   2.102
 1516   2.153
 1517   2.112
 1518   1.964
 1519   1.874
 1520   1.988
 1521   2.037
 1522   2.070
 1523   2.000
 1524   2.151
 1525   2.066
 1526   2.173
 1527   2.155
 1528   2.146
 1529   2.147
 1530   2.069
 1531   2.120
 1532   2.092
 1533   2.066
 1534   2.017
 1535   2.043
 1536   1.948
 1537   1.895
 1538   1.954
 1539   1.979
 1540   2.088
 1541   2.249
 1542   2.195
 1543   2.089
 1544   2.130
 1545   2.232
 1546   2.468
 1547   2.273
 1548   2.166
 1549   2.008
 1550   1.963
 1551   2.186
 1552   2.154
 1553   2.250
 1554   2.239
 1555   2.132
 1556   2.290
 1557   2.279
 1558   2.315
 1559   2.369
 1560   2.314
 1561   2.260
 1562   2.439
 1563   2.542
 1564   2.384
 1565   2.321
 1566   2.364
 1567   2.327
 1568   2.338
 1569   2.265
 1570   2.437
 1571   2.441
 1572   2.405
 1573   2.243
 1574   2.315
 1575   2.316
 1576   2.334
 1577   2.342
 1578   2.342
 1579   2.249
 1580   2.327
 1581   2.657
 1582   2.535
 1583   2.625
 1584   2.538
 1585   2.478
 1586   2.290
 1587   2.483
 1588   2.281
 1589   2.283
 1590   2.447
 1591   2.555
 1592   2.631
 1593   2.646
 1594   2.725
 1595   2.669
 1596   2.560
 1597   2.548
 1598   2.485
 1599   2.494
 1600   2.444
 1601   2.598
 1602   2.712
 1603   2.611
 1604   2.497
 1605   2.607
 1606   2.469
 1607   2.336
 1608   2.434
 1609   2.575
 1610   2.423
 1611   2.608
 1612   2.536
 1613   2.455
 1614   2.468
 1615   2.341
 1616   2.252
 1617   2.333
 1618   2.501
 1619   2.382
 1620   2.183
 1621   2.122
 1622   2.037
 1623   1.741
 1624   1.898
 1625   1.848
 1626   1.793
 1627   1.852
 1628   1.898
 1629   1.906
 1630   2.065
 1631   1.922
 1632   2.150
 1633   2.165
 1634   2.159
 1635   2.116
 1636   2.143
 1637   2.243
 1638   2.187
 1639   2.287
 1640   2.504
 1641   2.724
 1642   2.610
 1643   2.677
 1644   2.722
 1645   2.591
 1646   2.701
 1647   2.902
 1648   2.818
 1649   2.796
 1650   2.478
 1651   2.343
 1652   2.511
 1653   2.691
 1654   2.547
 1655   2.479
 1656   2.596
 1657   2.819
 1658   2.825
 1659   2.462
 1660   2.587
 1661   2.677
 1662   2.934
 1663   2.713
 1664   2.661
 1665   3.138
 1666   3.052
 1667   2.813
 1668   2.510
 1669   2.702
 1670   2.644
 1671   2.540
 1672   2.466
 1673   2.399
 1674   2.541
 1675   2.421
 1676   2.641
 1677   2.420
 1678   2.320
 1679   2.231
 1680   2.236
 1681   2.044
 1682   2.151
 1683   2.254
 1684   2.341
 1685   2.406
 1686   2.278
 1687   2.406
 1688   2.474
 1689   2.584
 1690   2.364
 1691   2.487
 1692   2.567
 1693   2.332
 1694   2.284
 1695   2.269
 1696   2.213
 1697   2.359
 1698   2.312
 1699   2.399
 1700   2.309
 1701   2.257
 1702   2.240
 1703   2.197
 1704   2.111
 1705   2.036
 1706   2.052
 1707   2.099
 1708   2.080
 1709   2.043
 1710   1.980
 1711   1.783
 1712   1.728
 1713   1.719
 1714   1.730
 1715   1.822
 1716   1.985
 1717   2.016
 1718   1.819
 1719   1.716
 1720   1.753
 1721   1.909
 1722   1.945
 1723   1.849
 1724   1.735
 1725   1.873
 1726   1.705
 1727   1.878
 1728   1.856
 1729   1.844
 1730   1.917
 1731   1.938
 1732   1.875
 1733   1.811
 1734   1.849
 1735   1.840
 1736   1.936
 1737   1.876
 1738   1.937
 1739   1.858
 1740   1.871
 1741   1.784
 1742   1.824
 1743   1.824
 1744   1.919
 1745   1.890
 1746   1.910
 1747   1.939
 1748   1.957
 1749   2.083
 1750   2.129
 1751   2.109
 1752   2.096
 1753   2.133
 1754   2.058
 1755   2.025
 1756   1.989
 1757   2.064
 1758   1.961
 1759   2.195
 1760   2.032
 1761   1.985
 1762   2.107
 1763   2.137
 1764   2.195
 1765   2.192
 1766   2.233
 1767   2.102
 1768   2.025
 1769   2.082
 1770   1.972
 1771   2.002
 1772   2.068
 1773   1.977
 1774   1.912
 1775   1.981
 1776   1.848
 1777   1.929
 1778   2.066
 1779   2.029
 1780   2.147
 1781   2.154
 1782   2.053
 1783   2.003
 1784   2.035
 1785   2.096
 1786   2.137
 1787   1.912
 1788   1.818
 1789   1.959
 1790   2.048
 1791   2.148
 1792   2.098
 1793   2.163
 1794   2.200
 1795   2.130
 1796   2.035
 1797   1.935
 1798   2.000
 1799   2.009
 1800   2.135
 1801   2.203
 1802   2.204
 1803   2.080
 1804   2.133
 1805   2.121
 1806   2.069
 1807   2.243
 1808   2.192
 1809   2.340
 1810   2.368
 1811   2.381
 1812   2.518
 1813   2.431
 1814   2.143
 1815   2.202
 1816   2.287
 1817   2.510
 1818   2.371
 1819   2.379
 1820   2.298
 1821   2.341
 1822   1.988
 1823   1.987
 1824   2.082
 1825   2.004
 1826   2.064
 1827   2.147
 1828   2.174
 1829   2.161
 1830   2.211
 1831   2.081
 1832   1.904
 1833   2.033
 1834   2.017
 1835   2.071
 1836   1.955
 1837   2.060
 1838   2.020
 1839   2.048
 1840   2.163
 1841   2.275
 1842   2.165
 1843   2.127
 1844   2.149
 1845   2.157
 1846   2.110
 1847   2.185
 1848   2.115
 1849   2.142
 1850   2.164
 1851   2.182
 1852   2.205
 1853   2.158
 1854   2.081
 1855   2.042
 1856   2.070
 1857   2.018
 1858   2.048
 1859   2.029
 1860   1.949
 1861   2.127
 1862   2.028
 1863   1.975
 1864   1.891
 1865   1.879
 1866   1.976
 1867   1.857
 1868   1.944
 1869   2.066
 1870   2.025
 1871   2.203
 1872   2.190
 1873   2.000
 1874   2.188
 1875   2.049
 1876   2.018
 1877   1.958
 1878   1.965
 1879   1.772
 1880   1.988
 1881   1.972
 1882   1.886
 1883   1.792
 1884   1.948
 1885   1.827
 1886   1.919
 1887   1.877
 1888   1.676
 1889   1.709
 1890   1.716
 1891   1.617
 1892   1.736
 1893   1.650
 1894   1.700
 1895   1.734
 1896   1.826
 1897   1.766
 1898   1.853
 1899   1.844
 1900   1.802
 1901   1.966
 1902   1.883
 1903   1.948
 1904   1.972
 1905   1.901
 1906   1.932
 1907   1.979
 1908   1.958
 1909   2.061
 1910   2.067
 1911   2.099
 1912   2.083
 1913   2.024
 1914   2.043
 1915   2.094
 1916   2.124
 1917   2.198
 1918   2.084
 1919   2.214
 1920   2.138
 1921   1.963
 1922   1.903
 1923   1.918
 1924   1.833
 1925   1.645
 1926   1.533
 1927   1.505
 1928   1.438
 1929   1.471
 1930   1.502
 1931   1.537
 1932   1.587
 1933   1.533
 1934   1.573
 1935   1.570
 1936   1.550
 1937   1.671
 1938   1.600
 1939   1.496
 1940   1.629
 1941   1.692
 1942   1.687
 1943   1.669
 1944   1.645
 1945   1.662
 1946   1.672
 1947   1.643
 1948   1.694
 1949   1.691
 1950   1.677
 1951   1.593
 1952   1.707
 1953   1.576
 1954   1.450
 1955   1.474
 1956   1.571
 1957   1.579
 1958   1.534
 1959   1.485
 1960   1.654
 1961   1.656
 1962   1.654
 1963   1.611
 1964   1.556
 1965   1.579
 1966   1.682
 1967   1.629
 1968   1.610
 1969   1.628
 1970   1.587
 1971   1.661
 1972   1.792
 1973   1.746
 1974   1.773
 1975   1.684
 1976   1.686
 1977   1.764
 1978   1.812
 1979   1.708
 1980   1.872
 1981   1.912
 1982   1.669
 1983   1.727
 1984   1.863
 1985   1.769
 1986   1.785
 1987   1.724
 1988   1.770
 1989   1.880
 1990   2.127
 1991   2.129
 1992   1.974
 1993   2.099
 1994   1.951
 1995   1.931
 1996   1.959
 1997   1.864
 1998   1.722
 1999   1.850
 2000   1.845
 2001   2.061
 2002   2.176
 2003   1.870
 2004   1.790
 2005   1.809
 2006   1.565
 2007   1.662
 2008   1.802
 2009   1.816
 2010   1.628
 2011   1.692
 2012   1.763
 2013   1.694
 2014   1.512
 2015   1.527
 2016   1.598
 2017   1.471
 2018   1.481
 2019   1.531
 2020   1.465
 2021   1.560
 2022   1.615
 2023   1.621
 2024   1.713
 2025   1.867
 2026   2.004
 2027   1.931
 2028   1.889
 2029   1.794
 2030   1.908
 2031   1.768
 2032   1.848
 2033   1.825
 2034   1.870
 2035   1.957
 2036   1.838
 2037   1.860
 2038   1.735
 2039   1.867
 2040   1.842
 2041   1.879
 2042   1.913
 2043   2.056
 2044   2.006
 2045   2.027
 2046   1.888
 2047   1.965
 2048   1.935
 2049   1.851
 2050   1.836
 2051   1.816
 2052   1.729
 2053   1.793
 2054   1.735
 2055   1.797
 2056   1.803
 2057   1.786
 2058   1.922
 2059   2.004
 2060   1.864
 2061   2.000
 2062   1.967
 2063   2.115
 2064   2.035
 2065   2.044
 2066   2.017
 2067   2.027
 2068   2.005
 2069   1.861
 2070   1.773
 2071   1.921
 2072   1.932
 2073   1.940
 2074   2.026
 2075   1.950
 2076   2.083
 2077   2.095
 2078   1.965
 2079   1.955
 2080   2.148
 2081   2.062
 2082   2.088
 2083   1.977
 2084   2.016
 2085   2.026
 2086   1.948
 2087   1.989
 2088   1.910
 2089   1.889
 2090   1.912
 2091   1.942
 2092   1.944
 2093   2.024
 2094   2.244
 2095   2.198
 2096   2.297
 2097   2.384
 2098   2.294
 2099   2.268
 2100   2.275
 2101   2.148
 2102   2.137
 2103   2.124
 2104   2.263
 2105   2.327
 2106   2.468
 2107   2.414
 2108   2.630
 2109   2.535
 2110   2.572
 2111   2.524
 2112   2.597
 2113   2.605
 2114   2.706
 2115   2.707
 2116   2.659
 2117   2.740
 2118   2.815
 2119   2.761
 2120   2.547
 2121   2.461
 2122   2.342
 2123   2.367
 2124   2.651
 2125   2.471
 2126   2.516
 2127   2.545
 2128   2.361
 2129   2.261
 2130   2.385
 2131   2.398
 2132   2.418
 2133   2.368
 2134   2.465
 2135   2.660
 2136   2.686
 2137   2.714
 2138   2.752
 2139   2.780
 2140   2.894
 2141   2.714
 2142   2.818

