0 3.2899650400788754
1 3.4498669746768402
2 3.3250415887637756
3 3.407456998539721
4 3.307029413586606
5 3.485797135691993
6 3.3032045174094424
7 3.4294731006046537
8 3.366972668285714
9 3.4402280748336462
10 3.532701591413092
11 3.550999959188906
12 3.447547166983472
13 3.545477708472739
14 3.351975507154453
15 3.293243739802827
16 3.364638254409512
17 3.3376127440836294
18 3.4284747799028437
19 3.2944368934319592
20 3.2681023165948417
21 3.3228584713387193
22 3.446700176891166
23 3.3525421315609467
24 3.197939223411495
25 3.280198631742484
26 3.378476756828034
27 3.3350246058264554
28 3.3977640442534915
29 3.3849556547318755
30 3.3477498918908464
31 3.354815630436691
32 3.2166788406511673
33 3.2883834022262524
34 3.3703302880134025
35 3.3869947917219543
36 3.3776845496540875
37 3.2742399908813025
38 3.3067716082271588
39 3.3372929241425036
40 3.415005718039675
41 3.34395286258577
42 3.365515611441122
43 3.2733646136797936
44 3.3856912544656206
45 3.4268292980084536
46 3.378881063130031
47 3.2778964518336284
48 3.452709763292384
49 3.3182697148552194
50 3.4639988825688666
51 3.34632796340375
52 3.264519651580841
53 3.3141375571159277
54 3.2797844815724115
55 3.3362710708303984
56 3.24861053987587
57 3.2346031715454537
58 3.480762990679347
59 3.327617748450874
60 3.475051607984194
61 3.301497153964298
62 3.370834243017051
63 3.352567061177095
64 3.356188054244035
65 3.2873019517090305
66 3.3882538952798376
67 3.3018594494624374
68 3.4031086350119106
69 3.4230362706473723
70 3.640997570029495
71 3.273520288099071
72 3.332422248239904
73 3.378484048877661
74 3.2193421252847054
75 3.2862508461216877
76 3.3697132413714104
77 3.228797721308613
78 3.2861530975887803
79 3.240571064865729
80 3.2987715525973464
81 3.300040704549564
82 3.2521271010039414
83 3.2277541092979054
84 3.3132056887294814
85 3.352684553894343
86 3.341394096619838
87 3.2480575689508413
88 3.3819911842711328
89 3.2092966859161405
90 3.2781857601189475
91 3.2749054990868935
92 3.338445330037008
93 3.360050188182118
94 3.3609272213252765
95 3.3365616606971322
96 3.3178707266719623
97 3.3619366981082246
98 3.2872271184929778
99 3.412499994108292
100 3.339354954542275
101 3.1941126440739125
102 3.370956167041746
103 3.195821775631951
104 3.310370173468148
105 3.295262177864952
106 3.3002860382748502
107 3.1847307814062225
108 3.3811101776343766
109 3.3521424549272454
110 3.2856615254396466
111 3.377127579820563
112 3.5104818071191253
113 3.3637682269687796
114 3.3229897478087356
115 3.3346799581350455
116 3.481941504909958
117 3.334904355702652
118 3.2787845710268506
119 3.263384902298239
120 3.265277072731082
121 3.334849467112167
122 3.4009224038387837
123 3.292331613206628
124 3.310170585725337
125 3.4041514334285106
126 3.2655710052208184
127 3.396337315350288
128 3.27237691772633
129 3.3927310320120396
130 3.469616227059888
131 3.2967169740789006
132 3.387639072342264
133 3.278728573198403
134 3.3347077843403317
135 3.2605566343874792
136 3.3256179479037953
137 3.3205581648441163
138 3.331422651174863
139 3.267606944168769
140 3.356495015126312
141 3.305736183112509
142 3.417515927518501
143 3.380824824508423
144 3.34164962518799
145 3.255804233189739
146 3.23393437850462
147 3.420394483618701
148 3.3512967228827764
149 3.3651229226079686
150 3.25394704801603
151 3.4244719094477007
152 3.372903810665973
153 3.3714562518666766
154 3.3306111036616657
155 3.243535813724149
156 3.2212046408862682
157 3.282473547697392
158 3.2169529182053402
159 3.407036805957922
160 3.3352300437049545
161 3.3180291955651087
162 3.342800752793829
163 3.3465632656050257
164 3.2393516312715147
165 3.416654637974442
166 3.3968534884698163
167 3.264462733161729
168 3.267426545747773
169 3.3901193628063755
170 3.3307042754222036
171 3.257165472594035
172 3.246548810077392
173 3.5403548596518153
174 3.4321493135694374
175 3.330990798732377
176 3.284843096461022
177 3.342522131860659
178 3.320965527524113
179 3.2137107465579207
180 3.257595338588605
181 3.446494928642169
182 3.3072844489257345
183 3.269775724028451
184 3.3497898809347784
185 3.2862480326716508
186 3.3715301827845856
187 3.4054547633999137
188 3.3857957435111987
189 3.3685318560654895
190 3.3259996534608463
191 3.4102920908523555
192 3.2757807072189506
193 3.3286460442121544
194 3.322474847668141
195 3.6090027710490196
196 3.41908247472063
197 3.3965962584587377
198 3.310801079606608
199 3.2008401985078354
200 3.3368583919445802
201 3.369098377674926
202 3.454521573404877
203 3.3435206512723927
204 3.450914255013903
205 3.3087732495358573
206 3.508889889910343
207 3.410976229115153
208 3.4059121192671213
209 3.421644226974461
210 3.4607582440399454
211 3.453348379447368
212 3.316227493861661
213 3.39885435795934
214 3.300261999564956
215 3.2927676734799363
216 3.3493980762019486
217 3.4168367006960563
218 3.3458541608259424
219 3.313083574730305
220 3.3664821779147207
221 3.3707851500708035
222 3.3094038682370455
223 3.368899350563515
224 3.332990641724087
225 3.255105268180831
226 3.410926138294978
227 3.4494903238116654
228 3.442667425855614
229 3.3378726080984635
230 3.236943389862648
231 3.314886962279278
232 3.4750393078740154
233 3.3900115776552107
234 3.252313317805783
235 3.2484183428740403
236 3.2942519040219858
237 3.341929672944677
238 3.401821537364542
239 3.4217336390511868
240 3.3669511841320743
241 3.3657973666406273
242 3.2954244309315084
243 3.249100219915575
244 3.392072999089155
245 3.206393876820475
246 3.4144261066200343
247 3.3230107778364304
248 3.2739487868684845
249 3.3492678742671056
250 3.407856796691214
251 3.310483568801772
252 3.3480948081366617
253 3.254382696093687
254 3.23386573715133
255 3.283921171308312
256 3.2756895371867256
257 3.338503626326834
258 3.3262384749303546
259 3.342861347480267
260 3.4111331410181234
261 3.3063589023401954
262 3.272887969025692
263 3.310814198470111
264 3.4875189012848504
265 3.3392569737074673
266 3.5318809058684573
267 3.5732970439624947
268 3.2422023599455705
269 3.227168362473952
270 3.320525781858959
271 3.480355580519245
272 3.5300030803477163
273 3.505875885688727
274 3.435562187558704
275 3.4773802184319003
276 3.3873813233682886
277 3.4187808444348593
278 3.385473823819158
279 3.4011574712573025
280 3.5285762403366387
281 3.5314004778506978
282 3.416046918060793
283 3.2954076074386762
284 3.244188948656199
285 3.275525696689955
286 3.4756299280806515
287 3.3720012990882955
288 3.315823992906551
289 3.330622970390921
290 3.237451093733869
291 3.2677906318133476
292 3.411960883950764
293 3.3029629638593097
294 3.3758980102081013
295 3.311892006394244
296 3.4241848054932893
297 3.3635986085837093
298 3.369850553162712
299 3.4809552570724662
300 3.396432596875136
301 3.3533052265206273
302 3.4137139010563597
303 3.3406989944303427
304 3.4318054741880974
305 3.386972302723946
306 3.422358603840018
307 3.3317805551954205
308 3.328963343910867
309 3.419695883702474
310 3.161012513187746
311 3.378712164963335
312 3.325212688411067
313 3.33942840019631
314 3.389975591624866
315 3.338659448862979
316 3.3181325407806175
317 3.354835771895006
318 3.308275877851236
319 3.378026401510005
320 3.2986666247193526
321 3.4324217160253103
322 3.277311810437073
323 3.387739041706668
324 3.3333615132948435
325 3.26703545608893
326 3.1899968257456797
327 3.3459997517428914
328 3.42232307525373
329 3.356178050362169
330 3.4088559965448324
331 3.3723658407307964
332 3.4084727610451475
333 3.4030727694071397
334 3.446522882315746
335 3.261311587362613
336 3.4116069071280517
337 3.4000844952412317
338 3.3230614598295873
339 3.4328845575147833
340 3.371322311852061
341 3.410999372061854
342 3.2126986468358116
343 3.3093247497891642
344 3.370534803106849
345 3.2893771065081268
346 3.3283543513280955
347 3.398906051274642
348 3.3347065205830124
349 3.3410511428494307
350 3.25433332670514
351 3.4765709811642265
352 3.373197415775326
353 3.287663940492184
354 3.280763039196491
355 3.414785844951188
356 3.331509289574848
357 3.4044524234026867
358 3.3727888662402488
359 3.3233006491379067
360 3.2792576763741157
361 3.4473471879603568
362 3.3334297758699507
363 3.392660831758297
364 3.378581613973983
365 3.2821306682725018
366 3.337998240796417
367 3.239314028667765
368 3.4186557959060706
369 3.4039723691332777
370 3.376057478055616
371 3.474711339405877
372 3.4011387911306055
373 3.337884377344044
374 3.346509579250039
375 3.28733678088814
376 3.4339843273022006
377 3.320138668271732
378 3.3547126140319516
379 3.447856063421986
380 3.2510759986807125
381 3.266089833625537
382 3.3303035618318284
383 3.2624736542998924
384 3.2848782351176973
385 3.2929207093758537
386 3.232627675880428
387 3.2851702217886607
388 3.3154230069095
389 3.397040273343902
390 3.4058959395389103
391 3.3644030256049544
392 3.4784538455326492
393 3.383612737479645
394 3.3678851021763534
395 3.232086233359159
396 3.2755405567084885
397 3.279897009377603
398 3.291656110729654
399 3.427184670990246
400 3.3829392287749305
401 3.2938128704662373
402 3.2718830605588916
403 3.367008486104002
404 3.3246140381916836
405 3.3020511351154873
406 3.282376236063216
407 3.308266832987116
408 3.344431905614811
409 3.3182962455754272
410 3.4855768863076957
411 3.398015967109676
412 3.2857128280675476
413 3.382429940862866
414 3.37420590051393
415 3.343162780214969
416 3.4033895445036166
417 3.346996403465193
418 3.4336776933901048
419 3.36593033823683
420 3.4654001578091687
421 3.4729086054685823
422 3.2989792973479655
423 3.3305363893034747
424 3.413849623912761
425 3.3609652464543527
426 3.355328509066039
427 3.4738091481948365
428 3.3433873391929363
429 3.373877674316811
430 3.340863876318939
431 3.421545211086284
432 3.2245486299661175
433 3.346193293361642
434 3.3250236511552207
435 3.3923345974216654
436 3.312979357038096
437 3.3232135332507005
438 3.430990703863821
439 3.3020145360100726
440 3.3235075718562936
441 3.4305072175476243
442 3.2899595189753628
443 3.303886126310449
444 3.309190823785279
445 3.454633642950787
446 3.2913873978181583
447 3.352846253208809
448 3.5835101695282
449 3.3376186759352873
450 3.2938382761923672
451 3.4197466814214112
452 3.3588447734260156
453 3.457403342124171
454 3.4098786844670297
455 3.4411957882376587
456 3.3753958502058667
457 3.399871565610836
458 3.385868412749132
459 3.4668117258896807
460 3.2922678736963404
461 3.43280666553809
462 3.3022046105457976
463 3.4293287178139966
464 3.282656783778428
465 3.378925830233168
466 3.4315028188031276
467 3.2941295419112326
468 3.3962150988832325
469 3.3297895136978637
470 3.3045981089394996
471 3.3939555463563518
472 3.228025657896089
473 3.3178600176012556
474 3.3225756341982557
475 3.4136944355217955
476 3.3399586339032266
477 3.314611621609483
478 3.4408909193357027
479 3.3006403905771
480 3.3985525107826415
481 3.407605536860024
482 3.337780513728097
483 3.2631770648458813
484 3.4214032649001607
485 3.4265838124173484
486 3.3269083204553644
487 3.3365948073346456
488 3.404807551022362
489 3.427245458102182
490 3.33637518381271
491 3.2952852430903468
492 3.3068392247587144
493 3.425110343839914
494 3.327385408626492
495 3.3924251621000705
496 3.867834694469396
497 3.353841352630527
498 3.4666867641255057
499 3.335998979626865
500 3.3148505610897896
501 3.3254772269423407
502 3.2760063024970347
503 3.3412654863146054
504 3.463624992496689
505 3.3398956604284438
506 3.292425699673477
507 3.333329232656609
508 3.3133903511641285
509 3.2763017353178014
510 3.2743306475490663
511 3.3099179844154527
512 3.3657800909520876
513 3.3753366827253055
514 3.511137489049124
515 3.355789437251887
516 3.429286450895097
517 3.3600416661556802
518 3.3802051160975055
519 3.3644488831861743
520 3.528687309007666
521 3.254403359914451
522 3.3715960204207556
523 3.3240636359984452
524 3.378461998567368
525 3.352899473780768
526 3.2971867660524588
527 3.4251086766816194
528 3.313586285760787
529 3.278153085686593
530 3.275825878982314
531 3.2920854876904255
532 3.4039998355852013
533 3.371512686938923
534 3.390430973963135
535 3.2844595429827113
536 3.2294459193832963
537 3.4335698795465004
538 3.4023522877772865
539 3.2828289531176265
540 3.3018800615121187
541 3.4212952819215663
542 3.5514213996011454
543 3.4302923423820406
544 3.4284796960300983
545 3.262350955896959
546 3.482247983498105
547 3.411944521444886
548 3.4254537394301754
549 3.279314579782112
550 3.288003336779856
551 3.33882070162314
552 3.260141236820041
553 3.4109741580925323
554 3.2666298672768637
555 3.2827371943341124
556 3.2603554475511243
557 3.3767969066652226
558 3.3574688534564148
559 3.37589323917457
560 3.414854588497455
561 3.261963657687478
562 3.3859919753681402
563 3.367590683085236
564 3.2976915213204427
565 3.290914943311131
566 3.3600681480637866
567 3.306294097142352
568 3.3049585097348246
569 3.498053430167502
570 3.3703426948463164
571 3.3219672574356096
572 3.3982915375428693
573 3.3834176115250827
574 3.3593719598331044
575 3.3142600751952207
576 3.2470443155813857
577 3.3246205673629845
578 3.335999088729694
579 3.4195603697866095
580 3.2930857572485697
581 3.350969156460254
582 3.3398532831118675
583 3.335297759621565
584 3.4407594278013067
585 3.1915237448686344
586 3.4922686572563655
587 3.2981998093856375
588 3.4017369709244525
589 3.3031442301313825
590 3.267978853200146
591 3.24067539057606
592 3.342834973041043
593 3.506913884954707
594 3.353667025367274
595 3.404287078316814
596 3.3989874945096594
597 3.236265118454484
598 3.3492775924920815
599 3.379263569878004
600 3.3752270794296013
601 3.23469000081183
602 3.233720881385225
603 3.3932430259484705
604 3.352912329822043
605 3.3327553666080454
606 3.359624206325024
607 3.462322695834864
608 3.3761325474975683
609 3.312155754838032
610 3.31853522014456
611 3.459622364285696
612 3.3952014996918463
613 3.4450749079801906
614 3.3112771897636994
615 3.3936773781871095
616 3.2959420695736448
617 3.2925729033378244
618 3.349301240066104
619 3.2500657243648114
620 3.3074179436310387
621 3.3285573620097066
622 3.2437893604508425
623 3.290783112808185
624 3.3589571530540288
625 3.2660676573615195
626 3.2683971025877807
627 3.2768590027732403
628 3.2954678972575104
629 3.2926500242647743
630 3.4507786063355534
631 3.2294466502701265
632 3.272289539084163
633 3.316561719773187
634 3.400472992410182
635 3.4996153462511304
636 3.365879542686157
637 3.181011479914716
638 3.396256475014786
639 3.4547055082506812
640 3.339863235660361
641 3.265909043113954
642 3.298777006945052
643 3.2733513224900888
644 3.2301485753525947
645 3.293628073778006
646 3.454424001283909
647 3.4005053836278774
648 3.285263935865321
649 3.3206803538584504
650 3.396693129443679
651 3.339829316279265
652 3.456624603595123
653 3.4912548744137215
654 3.265754811402677
655 3.3881769660662067
656 3.3143907927169383
657 3.310223819774614
658 3.48101715389022
659 3.3285114727139486
660 3.4783048018985814
661 3.2669140042745237
662 3.30876640187906
663 3.294349435171011
664 3.314549075722523
665 3.469590966080962
666 3.360546427689598
667 3.257620170900429
668 3.3727918066425433
669 3.3115426117984965
670 3.318854378248783
671 3.2666224665441135
672 3.40891335957584
673 3.2248562134607246
674 3.35152609935885
675 3.3217523694037316
676 3.285923395367083
677 3.436242316004567
678 3.2215705988422916
679 3.360875566654648
680 3.374096451439808
681 3.405074977468796
682 3.3427441527432387
683 3.1948336768728627
684 3.4154810750379583
685 3.401139854677311
686 3.246538573816006
687 3.353328343051933
688 3.4014952780988894
689 3.417686178855751
690 3.30850542292816
691 3.4041387095622793
692 3.3560807073439394
693 3.1575793488658856
694 3.256671265450524
695 3.36613864650775
696 3.3838519544433727
697 3.421412347895384
698 3.371722211534328
699 3.398359409277896
700 3.235730705566286
701 3.267843301463964
702 3.303260648727865
703 3.3702323505007454
704 3.344433149018648
705 3.3525684138684304
706 3.3717082040415765
707 3.3415925329003766
708 3.4075531204281524
709 3.346063094774474
710 3.4001425493745536
711 3.316321521706343
712 3.3690095443891406
713 3.2938103815923303
714 3.389271731452367
715 3.3506857550635964
716 3.3973390250355124
717 3.3053519420057094
718 3.285055366604264
719 3.397825852348064
720 3.478887762667392
721 3.4803778632409132
722 3.3606660213171655
723 3.4217711047172683
724 3.289761743164416
725 3.3530185024166075
726 3.284315587399057
727 3.421033246095348
728 3.3610831919614244
729 3.3302229768676104
730 3.2840866440726133
731 3.424866629749081
732 3.393597380917826
733 3.333847152449101
734 3.2866649860910178
735 3.2627003426825576
736 3.3353543053431234
737 3.416184965191393
738 3.2538388163989005
739 3.2416738425072467
740 3.438493598579978
741 3.3865479677732986
742 3.2295019400284395
743 3.298245811598112
744 3.555895664014636
745 3.3867986818666984
746 3.4797081633231937
747 3.4871748975332126
748 3.3107194100845336
749 3.467503275039361
750 3.7106429243994725
751 3.431922819622159
752 3.363955241043012
753 3.4768749313500926
754 3.3113665976846773
755 3.384946981436375
756 3.388561124427467
757 3.2639440922161325
758 3.3023581985169552
759 3.2596682854897594
760 3.24667947644907
761 3.3380769690290677
762 3.4915241576439913
763 3.2819949520326905
764 3.3721516547423422
765 3.353753879671604
766 3.241065731822945
767 3.205607455346586
768 3.261146774096407
769 3.2061265944829622
770 3.3925633449733135
771 3.4306103561081023
772 3.3317091559102505
773 3.2815018359655865
774 3.3755139416984257
775 3.3414967877465354
776 3.255305818248591
777 3.4105932292445718
778 3.33562933803576
779 3.477716119899151
780 3.5032723851461127
781 3.2539130486112513
782 3.375215834831088
783 3.3461795868284647
784 3.349756494121482
785 3.4323901319437518
786 3.319919027459062
787 3.330726961228393
788 3.452033966109648
789 3.303812617770608
790 3.3541223455367435
791 3.255274381334649
792 3.310842259771945
793 3.2994566843804445
794 3.315698769958464
795 3.3009707092802762
796 3.3351986888362934
797 3.48224874286343
798 3.3163143160974675
799 3.2630386941298553
800 3.303087643952834
801 3.4465404984922134
802 3.2824229589721505
803 3.482696486942978
804 3.3752781985313294
805 3.2545648513686802
806 3.344626245009741
807 3.377240112683249
808 3.3094440725233056
809 3.315548561072298
810 3.384663874036559
811 3.36235568604393
812 3.3163766165974065
813 3.3672254626741926
814 3.408019298293035
815 3.3064553281612215
816 3.2251809804815825
817 3.316038516402367
818 3.4149287347331283
819 3.2937249859979087
820 3.3767943275659373
821 3.3070335756610465
822 3.293087475931954
823 3.3468156635212036
824 3.3084866001521145
825 3.4693214725367123
826 3.33492966680233
827 3.311193005583593
828 3.350268966957634
829 3.357627993459923
830 3.321426959836632
831 3.2928464467496124
832 3.4263309029860824
833 3.36132777139436
834 3.312007550199845
835 3.4167079497818458
836 3.3735435176817847
837 3.259445309569112
838 3.2962046847599633
839 3.2749576303141836
840 3.29879841902828
841 3.4003524538001138
842 3.3130304531745103
843 3.3130720181874644
844 3.326563727196795
845 3.377358669688639
846 3.300906745000086
847 3.3183243593127987
848 3.4091738053146665
849 3.5672431103889553
850 3.2869409698915484
851 3.3874875120281605
852 3.3744020981356977
853 3.344045890231156
854 3.431331619584425
855 3.2845232795124564
856 3.3879999995680454
857 3.328982142643135
858 3.3821542220302487
859 3.3484504667637207
860 3.3906709505932353
861 3.3712880201696684
862 3.3998062387408035
863 3.2981818204426743
864 3.319571633143897
865 3.4067157154357814
866 3.4543676502443734
867 3.3143301916999337
868 3.271200538052662
869 3.379041382531012
870 3.310256388761199
871 3.4140202875208647
872 3.216649356454922
873 3.2405374762074093
874 3.323764694781284
875 3.3374863529184613
876 3.345268235670598
877 3.3925503829697115
878 3.4071981137244625
879 3.301894609788729
880 3.28924020296694
881 3.4042274632438287
882 3.302810376861805
883 3.4330482213917897
884 3.3533753713628167
885 3.3281166002290474
886 3.25727878572874
887 3.355414946422916
888 3.3354931638395042
889 3.2924885747413666
890 3.346800227958684
891 3.4578682229511197
892 3.342698311531614
893 3.3656205939491772
894 3.3425550875411996
895 3.331469336575626
896 3.2821976227168674
897 3.3286957137959208
898 3.306926378852014
899 3.363772516666795
900 3.366972618938574
901 3.28259886434826
902 3.2105345747926304
903 3.3500370456440933
904 3.307125070987333
905 3.4317375022684105
906 3.33056356638834
907 3.2984476365282362
908 3.351640402093048
909 3.25095648129028
910 3.351896642072263
911 3.366316508473897
912 3.4286120626436376
913 3.3191051906798523
914 3.400006473699642
915 3.3062149682364765
916 3.3013434838423756
917 3.3843082446043993
918 3.2833094579261863
919 3.19748497333401
920 3.28928731400188
921 3.48378409451985
922 3.2605902210164888
923 3.365105542317187
924 3.2791668171925017
925 3.3660985049132357
926 3.3721682956450763
927 3.2824059440408266
928 3.399144933444743
929 3.337689504418685
930 3.280649319256796
931 3.3294329749313833
932 3.2497541635377054
933 3.3585898375179504
934 3.3227644400937995
935 3.294381337471346
936 3.2874454257914896
937 3.4924212940104042
938 3.4141864087652105
939 3.2801370992269714
940 3.4281326497819564
941 3.321594746974458
942 3.234311110236143
943 3.3674022161453454
944 3.485624849144914
945 3.326112200515443
946 3.286190578586979
947 3.3219341700654406
948 3.3827269679070793
949 3.4603979950133414
950 3.421863037741435
951 3.442063789810309
952 3.454007371076173
953 3.314277964078796
954 3.30695764423918
955 3.3178650591603267
956 3.418066359023514
957 3.392321021019097
958 3.2931850488565524
959 3.3965121904129614
960 3.2266512372295515
961 3.5552690378884333
962 3.3896553096439637
963 3.358661980471347
964 3.2427878835228525
965 3.304246684844212
966 3.2810069347118227
967 3.3779882123871787
968 3.614196883328745
969 3.54251649206626
970 3.309528850703675
971 3.335904673198066
972 3.250310780682282
973 3.3295811943873463
974 3.432603027384202
975 3.313487214615479
976 3.459847929494178
977 3.3423724928962657
978 3.349784161118377
979 3.336968533327192
980 3.47566778241323
981 3.3356485289278424
982 3.2957537580230594
983 3.376323614773952
984 3.2873274887655293
985 3.345477841833538
986 3.421291435235194
987 3.3198363485186904
988 3.365643339485357
989 3.3403502471778994
990 3.2586175846415264
991 3.3548053623138934
992 3.2128454183108346
993 3.3023306070695075
994 3.2463540459987366
995 3.312687696422045
996 3.3983926382787453
997 3.3194241848284487
998 3.461122379350571
999 3.2589130690114985
1000 3.2361366013654758
1001 3.4134935956288093
1002 3.353798424991002
1003 3.2994295020525195
1004 3.3974230245771624
1005 3.3702378797958104
1006 3.363084208663344
1007 3.3840594924700595
1008 3.3652579896030548
1009 3.49632022251439
1010 3.3269778605712794
1011 3.3489318032248856
1012 3.308693908363094
1013 3.1801567448749823
1014 3.3608170467355634
1015 3.3868568820865232
1016 3.213111979962769
1017 3.2897773731435835
1018 3.3943316502607583
1019 3.2931541695336564
1020 3.291136167977943
1021 3.3080655221534494
1022 3.3436071936698735
1023 3.3211143239900296
1024 3.3068943065585534
1025 3.358919957734492
1026 3.2680467909824467
1027 3.31936731726614
1028 3.320531717727757
1029 3.3063259622688475
1030 3.379526803008139
1031 3.214445352127922
1032 3.265090429672444
1033 3.4268225896561266
1034 3.3775650410645386
1035 3.6313262813046587
1036 3.2238337952900427
1037 3.312949166277683
1038 3.2267674589448987
1039 3.3577860330504232
1040 3.334433339640025
1041 3.233765084238498
1042 3.2952993392196395
1043 3.3650868404983068
1044 3.3084551556788737
1045 3.3362282386886615
1046 3.4318689219828515
1047 3.445078025774623
1048 3.340948314090374
1049 3.37499016224654
1050 3.3903910133448583
1051 3.3362337440222776
1052 3.344490178779359
1053 3.383715829054759
1054 3.416683121965009
1055 3.3866633156500376
1056 3.306780277112139
1057 3.3061534926841265
1058 3.198361171396446
1059 3.3794543072377103
1060 3.264159117300224
1061 3.2829042887594184
1062 3.19645422935496
1063 3.405560472351069
1064 3.5186663069278015
1065 3.361425257605493
1066 3.287665585318408
1067 3.4198322572021542
1068 3.4402691648578263
1069 3.363262416829005
1070 3.2356349508109394
1071 3.231523635696868
1072 3.3690932780301
1073 3.3270908679158646
1074 3.3108317962406058
1075 3.2931343858320155
1076 3.307061185117948
1077 3.289830121234717
1078 3.2468279202579744
1079 3.360147771419543
1080 3.324447352435546
1081 3.4391819978867493
1082 3.3395010022412124
1083 3.4777094205669026
1084 3.2616184403401745
1085 3.3797347558873625
1086 3.249640246901077
1087 3.2615407294338996
1088 3.346426921399951
1089 3.3770169379493056
1090 3.395726983430627
1091 3.382428117558901
1092 3.4063497007790016
1093 3.473564093038721
1094 3.305113506013061
1095 3.3377507877565407
1096 3.2501485043425458
1097 3.3018693233031904
1098 3.419872657723253
1099 3.462325187931621
1100 3.302643304820854
1101 3.483164567661983
1102 3.536208577112978
1103 3.2834227197605985
1104 3.2188687318039024
1105 3.402146562264826
1106 3.3466097046812786
1107 3.4507726275761774
1108 3.3135956432228
1109 3.342011172682113
1110 3.384830150255646
1111 3.2451757164454422
1112 3.2991392486775304
1113 3.3647882758305805
1114 3.3958163857223744
1115 3.3727342817796466
1116 3.36191091191556
1117 3.3504091147366433
1118 3.308556049053125
1119 3.275158268235984
1120 3.243217460111764
1121 3.3249202408394445
1122 3.4438327714046646
1123 3.3339836594207872
1124 3.3652914672403944
1125 3.296883913319239
1126 3.2060037775692045
1127 3.3392391296720687
1128 3.314166491355282
1129 3.4292857381031174
1130 3.3526836475839117
1131 3.309427217252447
1132 3.249005972750479
1133 3.3489654100237747
1134 3.390425878473266
1135 3.282437842438986
1136 3.412291746210202
1137 3.347258110559357
1138 3.2909644585199134
1139 3.458539537420772
1140 3.389753045670981
1141 3.287214452680559
1142 3.3400374058138063
1143 3.3369201744539168
1144 3.3322164633440194
1145 3.395943016185744
1146 3.418072112498676
1147 3.2627867097000607
1148 3.3386831007805085
1149 3.295732142123661
1150 3.3666778616943165
1151 3.486979857407854
1152 3.3653484190054646
1153 3.318670995368257
1154 3.3391040394305045
1155 3.272998554632034
1156 3.3109881966726555
1157 3.4010158447766745
1158 3.3380029732370735
1159 3.3776662809974063
1160 3.373136879899308
1161 3.418692481915783
1162 3.336256458047287
1163 3.260825264884368
1164 3.2263989888808453
1165 3.2897156086868766
1166 3.3180847181347684
1167 3.329152990006255
1168 3.42978365820134
1169 3.3617772556085153
1170 3.4965566520131444
1171 3.308190270518422
1172 3.351409519645801
1173 3.240639883249412
1174 3.436275380811512
1175 3.2442811966992022
1176 3.36293446905189
1177 3.2240932672274853
1178 3.342663392196031
1179 3.5329214236089634
1180 3.332452962192728
1181 3.345416166487649
1182 3.3259430183276364
1183 3.1994081688146965
1184 3.3243809705034906
1185 3.4750831196733496
1186 3.397720398551185
1187 3.434036031271565
1188 3.4623339367376644
1189 3.271769972973324
1190 3.5379781709583358
1191 3.260867163881397
1192 3.4350642260234676
1193 3.336061293442636
1194 3.37639611939716
1195 3.2602373330024093
1196 3.3267640010919752
1197 3.5992410587995765
1198 3.3739770409076124
1199 3.264435660920192
1200 3.3496238198899504
1201 3.3201633368101757
1202 3.268382687460689
1203 3.5077504903470573
1204 3.2784619140978233
1205 3.25857427344731
1206 3.3606314413606637
1207 3.4497245554609037
1208 3.2337894068577326
1209 3.2312092793808778
1210 3.365331048620767
1211 3.30625219592095
1212 3.3802908625878074
1213 3.2205349662405145
1214 3.30341703288328
1215 3.282187772187884
1216 3.2848635655395206
1217 3.3968425492703536
1218 3.4486403056880053
1219 3.3591409828595515
1220 3.40130309209962
1221 3.308490560374427
1222 3.2715163710907125
1223 3.3542741461226195
1224 3.358363163756461
1225 3.4123870436753294
1226 3.387877429746781
1227 3.3918042704450273
1228 3.4752719199121107
1229 3.3227135105337813
1230 3.269196831172547
1231 3.239466867339176
1232 3.407423531878478
1233 3.312141985246967
1234 3.254095349392399
1235 3.3600585188651095
1236 3.3542808895752465
1237 3.2612758057241424
1238 3.337013190912412
1239 3.296132733900621
1240 3.4026569202819923
1241 3.431331553182321
1242 3.32431537223633
1243 3.203778723026872
1244 3.2225396513641336
1245 3.301340910145184
1246 3.2990565799429046
1247 3.2485590459042992
1248 3.2831498817923417
1249 3.406938160288525
1250 3.3438182740064875
1251 3.2402944966020213
1252 3.4015371972287394
1253 3.2088820133569986
1254 3.2868578102823984
1255 3.2969388030714004
1256 3.511216014157854
1257 3.4460947390094523
1258 3.424561165169026
1259 3.252509448779018
1260 3.3201031622283925
1261 3.3619641453595013
1262 3.366001998607501
1263 3.3978845523606247
1264 3.411470586178387
1265 4.037027638602836
1266 3.5046837601031835
1267 3.422342448712057
1268 3.6038894197470372
1269 3.3074362920872873
1270 3.405775374980323
1271 3.370668543272247
1272 3.2438813513726203
1273 3.3381558151230615
1274 3.2303623783977278
1275 3.3022784067740356
1276 3.2866938566673287
1277 3.315771267803708
1278 3.3525508821481873
1279 3.2761191840613577
1280 3.345755385096056
1281 3.2788060992895356
1282 3.2629839974131656
1283 3.27146447146015
1284 3.4783536475916175
1285 3.273350177238006
1286 3.2497827836162414
1287 3.4658060303518052
1288 3.309588257172555
1289 3.316831870031008
1290 3.2917717322395554
1291 3.222142341206465
1292 3.5307419803181093
1293 3.3071739450319706
1294 3.3067880341020826
1295 3.275924180309667
1296 3.377489786888982
1297 3.231487584816307
1298 3.398175403213439
1299 3.2971733369695175
1300 3.4639079670856314
1301 3.2762528286888597
1302 3.322887178006812
1303 3.423315962755314
1304 3.3405209335221677
1305 3.2700256995224035
1306 3.4370421491775334
1307 3.2501577865884905
1308 3.4224915910138702
1309 3.3463320712485074
1310 3.304050896476042
1311 3.297896484930591
1312 3.61415002837842
1313 3.2600389187936902
1314 3.335239023063881
1315 3.4750664671536784
1316 3.189400958949378
1317 3.3362909949591657
1318 3.2477516030694433
1319 3.3611030834250304
1320 3.3873091338910277
1321 3.325348487550239
1322 3.40488165466845
1323 3.3958052061922555
1324 3.377251527303428
1325 3.354961774264484
1326 3.299779270550805
1327 3.249987204117829
1328 3.3226343079253313
1329 3.3102190728238585
1330 3.2910050871062304
1331 3.3119522821003757
1332 3.2298995496131457
1333 3.4322444533874
1334 3.3982841693672334
1335 3.274657427966375
1336 3.3344008108291643
1337 3.32420496280594
1338 3.2062689455259705
1339 3.371766204083237
1340 3.207511570656848
1341 3.3273251681817864
1342 3.34178617765533
1343 3.3912237193958035
1344 3.2700546002392037
1345 3.290046744921604
1346 3.206123867591848
1347 3.279614439450515
1348 3.35524522642395
1349 3.424651151703602
1350 3.36113695667262
1351 3.3169025724349708
1352 3.4469861832665916
1353 3.3102118833124705
1354 3.4333440351093034
1355 3.3753691018614997
1356 3.3581683144600265
1357 3.3197428357700347
1358 3.3986191400489965
1359 3.275500272788481
1360 3.472399942933391
1361 3.3259529151011065
1362 3.3431841807960114
1363 3.542589567655626
1364 3.2962883403044096
1365 3.4554355211091354
1366 3.4514384063894523
1367 3.3532395904871612
1368 3.481741784488273
1369 3.4410843979457906
1370 3.459477513532071
1371 3.4001125829979393
1372 3.2524533968363425
1373 3.3856953759916277
1374 3.277499570490445
1375 3.2894849459605227
1376 3.366707239551992
1377 3.359439954099527
1378 3.234302481659149
1379 3.417026229308927
1380 3.3007284404742836
1381 3.394957598005692
1382 3.499625598453159
1383 3.4085266468969495
1384 3.26797627905643
1385 3.3777157743543054
1386 3.3662595109116045
1387 3.239508048267208
1388 3.228406600056445
1389 3.354007952797505
1390 3.2523485570540798
1391 3.255498411636263
1392 3.2399791355817404
1393 3.371146763281716
1394 3.298665988913799
1395 3.229233937567726
1396 3.3551618980571307
1397 3.350051059910768
1398 3.2466464817044893
1399 3.350900815428837
1400 3.276703605037361
1401 3.292723000867515
1402 3.39459029818176
1403 3.349859027901819
1404 3.320445054523922
1405 3.3690870665777806
1406 3.3017873747143383
1407 3.19741001233706
1408 3.3896160593704687
1409 3.379612057271811
1410 3.2940596177509587
1411 3.3170543408022866
1412 3.380475899262155
1413 3.3775025141564825
1414 3.4396460169078265
1415 3.3308366597580608
1416 3.3964175799284884
1417 3.3750783458061018
1418 3.3840733356768617
1419 3.3569866064597584
1420 3.3977055401949725
1421 3.3609860375559215
1422 3.3280546656656993
1423 3.294159322181343
1424 3.2519190296575227
1425 3.4339906382988756
1426 3.301196407211289
1427 3.3858220723173997
1428 3.3196046530212753
1429 3.2359593299644005
1430 3.4532399362501933
1431 3.42454471748215
1432 3.3698209600629294
1433 3.3237546710908985
1434 3.309694012658962
1435 3.2365066976960364
1436 3.4779342506100828
1437 3.3115039143628615
1438 3.252093462567911
1439 3.3323726518897887
1440 3.3708924029910503
1441 3.2580471233041033
1442 3.228104146168229
1443 3.4581893982434417
1444 3.3954582475774124
1445 3.4104118288198295
1446 3.3403670466636584
1447 3.309358763587625
1448 3.2927581938782704
1449 3.299967475815493
1450 3.281179776692958
1451 3.380068557144482
1452 3.4019858147154234
1453 3.311113274998967
1454 3.3134775632859674
1455 3.3477110121922866
1456 3.4533340703634035
1457 3.276350986600797
1458 3.281462213531486
1459 3.3763739988619883
1460 3.3660752565223317
1461 3.330121079233453
1462 3.3723468133334165
1463 3.270985298196107
1464 3.322807668159364
1465 3.346259621632941
1466 3.2815181480454068
1467 3.4236836606024394
1468 3.4470157347895394
1469 3.2617817943418195
1470 3.2979151208339506
1471 3.2986622235038636
1472 3.213035479069537
1473 3.257459943818201
1474 3.4627325267936837
1475 3.3268357590430515
1476 3.283470873321895
1477 3.3425483401714384
1478 3.4170168783475963
1479 3.2480905306956718
1480 3.346974764243074
1481 3.3563586968600183
1482 3.3455391947179383
1483 3.33643564766353
1484 3.344628081669727
1485 3.2943744630734106
1486 3.311519772354743
1487 3.2974866281595103
1488 3.3318603924001424
1489 3.271125009525174
1490 3.3960680494559177
1491 3.3002916594345213
1492 3.3496189454982166
1493 3.2165076242843353
1494 3.282037568230081
1495 3.36811821519016
1496 3.4125771676346033
1497 3.276366620508824
1498 3.2908909750878794
1499 3.384969694888864
1500 3.3206272621517043
1501 3.334576254487767
1502 3.279637884686946
1503 3.353083183164569
1504 3.271420106298791
1505 3.3541759928459456
1506 3.310195034854007
1507 3.326436064349033
1508 3.2825107799307878
1509 3.376909444393737
1510 3.2966639242752307
1511 3.391564765775802
1512 3.3071489471276654
1513 3.6697870477899284
1514 3.2630831959370825
1515 3.3112601336990024
1516 3.3452206561759357
1517 3.2903105725468156
1518 3.3594127193442103
1519 3.2862291855819543
1520 3.2869318199956683
1521 3.3017089696447366
1522 3.397941695697146
1523 3.264750327762918
1524 3.246910286090205
1525 3.4357217068892902
1526 3.3217146263144333
1527 3.223878683145824
1528 3.2725917344288025
1529 3.3473392899672625
1530 3.3718281173340308
1531 3.245378589862419
1532 3.3184939391658363
1533 3.3553565987604617
1534 3.4256329298203365
1535 3.299974116185336
1536 3.2986317807011583
1537 3.3378078899056565
1538 3.29906482231432
1539 3.354133271769394
1540 3.405734872015858
1541 3.29670235634465
1542 3.456991740154175
1543 3.4412879433498906
1544 3.387423616632202
1545 3.293358347367714
1546 3.336301490737756
1547 3.4208858522894796
1548 3.3485043394797125
1549 3.301825927298541
1550 3.258144571577257
1551 3.3533515284201187
1552 3.2470205896988995
1553 3.3450731744936473
1554 3.3628160939198617
1555 3.3592783213080524
1556 3.3252552512866416
1557 3.4198411711950945
1558 3.2326111777977706
1559 3.316709845303653
1560 3.3525713186180988
1561 3.341078307508639
1562 3.3148771332962768
1563 3.2724148632589958
1564 3.3556304320532044
1565 3.420016109145869
1566 3.3398112425839814
1567 3.3192277760068403
1568 3.2875419207762753
1569 3.3471778787740476
1570 3.2809407168303633
1571 3.3312542586243556
1572 3.410999177826701
1573 3.331580897625315
1574 3.396258354923041
1575 3.289547821803572
1576 3.359946396031684
1577 3.233321328905594
1578 3.206602971666482
1579 3.3171229469682935
1580 3.5206006931932783
1581 3.531564582404927
1582 3.361670715322766
1583 3.1896040465540847
1584 3.329852282272511
1585 3.283707676009445
1586 3.275414349917139
1587 3.3390279501167166
1588 3.5610760466007596
1589 3.311990374578833
1590 3.4793043745067362
1591 3.348851504027722
1592 3.2685810967168485
1593 3.3913519714686746
1594 3.2837236194888737
1595 3.1737105686536067
1596 3.2930217017297205
1597 3.341020954584162
1598 3.397404755760926
1599 3.3568915285144927
1600 3.33261516579695
1601 3.360914422473606
1602 3.208491004624676
1603 3.3209688352435762
1604 3.326502031716625
1605 3.3157837543475477
1606 3.47240104761639
1607 3.4445409069623643
1608 3.2770358869316754
1609 3.373729452491791
1610 3.3478342861726507
1611 3.359985080849839
1612 3.300992420789204
1613 3.3216603921925736
1614 3.234665974845507
1615 3.4155077442135227
1616 3.2732705645185134
1617 3.3306723950354495
1618 3.474766750491917
1619 3.3544910568538695
1620 3.3376014267847456
1621 3.296489129735447
1622 3.430884638828583
1623 3.3999089644485925
1624 3.351446561213789
1625 3.3717492065381394
1626 3.307734691131261
1627 3.3509411368148356
1628 3.3523417835850324
1629 3.255208499347651
1630 3.4305016046238657
1631 3.2982466208932153
1632 3.3977027047960138
1633 3.353220975107882
1634 3.46065095886477
1635 3.33019544416022
1636 3.3949875166771655
1637 3.3190768809295657
1638 3.4155889376260236
1639 3.385479453449143
1640 3.342935229564217
1641 3.397423697438562
1642 3.3077705101693673
1643 3.4482295826548737
1644 3.321024866195707
1645 3.292987387180806
1646 3.3589815877555416
1647 3.2548224980755363
1648 3.188686342809553
1649 3.288776871604361
1650 3.3600215822479873
1651 3.288035101561879
1652 3.327909559472828
1653 3.2977750191521955
1654 3.2897353129055955
1655 3.2760989570107504
1656 3.2982626160466983
1657 3.268389186769543
1658 3.3553131691359437
1659 3.296871502461354
1660 3.396390338971938
1661 3.237125236231111
1662 3.6033551723912125
1663 3.3421564067131255
1664 3.270627554653034
1665 3.388914799676449
1666 3.362769903966588
1667 3.335957106202206
1668 3.3296760477631575
1669 3.392162534738893
1670 3.3328945178865306
1671 3.402270095496832
1672 3.26509774998518
1673 3.3175593884305745
1674 3.3934396704412157
1675 3.547971539216422
1676 3.388480963158991
1677 3.3575950797837963
1678 3.2721341720674295
1679 3.366118932980567
1680 3.4656854097916248
1681 3.2836065085666264
1682 3.4424057983860785
1683 3.3419763363582318
1684 3.420402245872483
1685 3.3786043172904168
1686 3.2939923602912384
1687 3.443451438483308
1688 3.2939514096931686
1689 3.3423561995712747
1690 3.376288149210018
1691 3.3720605231233334
1692 3.4063594995188673
1693 3.298167304482573
1694 3.314258428508378
1695 3.2537725313499806
1696 3.245144276635358
1697 3.3131311688096803
1698 3.410817602245163
1699 3.2874004881105576
1700 3.2859445599626516
1701 3.251875553973286
1702 3.4030063769175176
1703 3.278936634374783
1704 3.3670074329831072
1705 3.3837744532235767
1706 3.4144692519123923
1707 3.293375661809175
1708 3.2870440994806525
1709 3.2501248145500776
1710 3.319870585288483
1711 3.3939459829942833
1712 3.4235708931222835
1713 3.44545673048598
1714 3.298433067454724
1715 3.4688397283005425
1716 3.2498966282465553
1717 3.3254095277578624
1718 3.329185721850669
1719 3.3927139238964203
1720 3.285007722204632
1721 3.4525475012804616
1722 3.2535347759786832
1723 3.358246382756016
1724 3.5000412666457126
1725 3.2771446300347935
1726 3.109773892183665
1727 3.284955503167172
1728 3.272805359641562
1729 3.2701306837627886
1730 3.3019679390939523
1731 3.4357711038783476
1732 3.4316839449235776
1733 3.4036689373878497
1734 3.34626642923143
1735 3.264147867549243
1736 3.458179941989643
1737 3.2494404076562806
1738 3.3130495041422154
1739 3.339202472809649
1740 3.3365138257035527
1741 3.426199595884061
1742 3.304574284280593
1743 3.3067362828991103
1744 3.4896073072300595
1745 3.278367876810772
1746 3.3687110913126808
1747 3.299855077830832
1748 3.327317154654789
1749 3.4321796646734666
1750 3.2991211826792175
1751 3.2692677445862834
1752 3.400470559496309
1753 3.239421778441637
1754 3.462114041170051
1755 3.4523849523786123
1756 3.3263764464006877
1757 3.3301688191877346
1758 3.2328125076425462
1759 3.3704527994176465
1760 3.4996591480601755
1761 3.298227340543367
1762 3.2556680854859428
1763 3.3384473195481656
1764 3.427730761224156
1765 3.3927094458972493
1766 3.254575539832871
1767 3.2874742270871278
1768 3.4247586978042714
1769 3.3560460838203627
1770 3.3504795009357125
1771 3.2633021484339673
1772 3.3562531754425127
1773 3.4895110058313072
1774 3.4087760916323306
1775 3.4186991263724016
1776 3.394690717255249
1777 3.280620520739635
1778 3.4092076305768573
1779 3.2279878729266427
1780 3.2709668717486386
1781 3.367511260622119
1782 3.4017359025843166
1783 3.318066566021137
1784 3.458129081242079
1785 3.2523314143010915
1786 3.2932982765903382
1787 3.3350799172443577
1788 3.2817098152270026
1789 3.2245455846171702
1790 3.2715809135132243
1791 3.372615999241311
1792 3.3152214351663596
1793 3.334865838353374
1794 3.3274780284831595
1795 3.371721996683157
1796 3.2827599241352114
1797 3.2969133519575218
1798 3.2767043770108164
1799 3.384548854106148
1800 3.465356870225351
1801 3.3952511251728033
1802 3.4297388927075705
1803 3.3736236765651335
1804 3.198382209597108
1805 3.309647756293823
1806 3.2845508240976273
1807 3.393951083948049
1808 3.3053182230310343
1809 3.374342967028263
1810 3.357319175117743
1811 3.405434489316348
1812 3.416060993000333
1813 3.2637881942613403
1814 3.3767474722121937
1815 3.257147019993574
1816 3.344767896970182
1817 3.3079632581806018
1818 3.506860180721894
1819 3.41907052394903
1820 3.4322558650759496
1821 3.2826721135737857
1822 3.2922714520844627
1823 3.217577840101607
1824 3.2790010944201526
1825 3.530789797622081
1826 3.346333965936321
1827 3.381694055625284
1828 3.3553028505032847
1829 3.347783897771874
1830 3.465163154978583
1831 3.2738888784456748
1832 3.2994276800942886
1833 3.444559664197959
1834 3.375117863054269
1835 3.376889911277094
1836 3.328736730988926
1837 3.2865291942490313
1838 3.481799365743377
1839 3.343600736079093
1840 3.293519326008668
1841 3.405786807150655
1842 3.291551460684236
1843 3.26761382567002
1844 3.2973959099776193
1845 3.2940854982456114
1846 3.3114908687930726
1847 3.426224558019776
1848 3.2425207443059203
1849 3.3259097804176854
1850 3.3676210485633833
1851 3.311227315964769
1852 3.2687514535948585
1853 3.43498971088304
1854 3.23383892204623
1855 3.398391860287672
1856 3.2967807179557607
1857 3.3204467059120546
1858 3.2798171300784524
1859 3.304635348042687
1860 3.3125699521391114
1861 3.242082554339884
1862 3.482654398814861
1863 3.51203562844247
1864 3.296667735838552
1865 3.4300266914390884
1866 3.32819864796257
1867 3.3525827442642586
1868 3.3858505331049042
1869 3.4292978010341906
1870 3.249401550820507
1871 3.2472004285639695
1872 3.352047651638705
1873 3.4791435093819025
1874 3.3459657503903304
1875 3.3423521044671456
1876 3.3011623462835846
1877 3.270209101710704
1878 3.3427450043303706
1879 3.3284215457415027
1880 3.4269945169771763
1881 3.1403944297455997
1882 3.480459219648721
1883 3.4144470055429204
1884 3.353844784802964
1885 3.5426529121510253
1886 3.381118073665945
1887 3.268117634022606
1888 3.3550703578132777
1889 3.46944523795893
1890 3.4653189435576652
1891 3.3821169233000763
1892 3.2448858867322152
1893 3.4732919427711226
1894 3.38207124643642
1895 3.3583363680511296
1896 3.2886609745115045
1897 3.3512483416850003
1898 3.3957389314067514
1899 3.2960538464443703
1900 3.3226169468326554
1901 3.4600675992749093
1902 3.73235705586324
1903 3.305988681043244
1904 3.470877577784943
1905 3.620080445057117
1906 3.332819560117079
1907 3.3998652448862328
1908 3.337133814850382
1909 3.2418183680702772
1910 3.4115921131932954
1911 3.356070496112077
1912 3.3411750621923777
1913 3.214767541264272
1914 3.432949014055741
1915 3.331701685036957
1916 3.328622289293727
1917 3.424660291377336
1918 3.262401268879739
1919 3.302585831278935
1920 3.272017850519067
1921 3.3313061061846265
1922 3.427402611071355
1923 3.2599721224089273
1924 3.3749175075619484
1925 3.2559712158582106
1926 3.3937085844908492
1927 3.305401932036405
1928 3.326738565828079
1929 3.4075610273903707
1930 3.3648835475147636
1931 3.461825708226668
1932 3.355860670011872
1933 3.2928284197132385
1934 3.3121712789952857
1935 3.3319423217185897
1936 3.391267317443475
1937 3.358575176979603
1938 3.3276667902094044
1939 3.387022005508854
1940 3.3822863027323766
1941 3.374313731713729
1942 3.2915462771591777
1943 3.407077727061631
1944 3.29072742572813
1945 3.2637915138506894
1946 3.3601548266700507
1947 3.435329532311973
1948 3.40150693760019
1949 3.4898026834910567
1950 3.4923001639551106
1951 3.27718719464821
1952 3.3126309747233034
1953 3.3870545786553428
1954 3.2795057754763617
1955 3.380840544940113
1956 3.2748936104889865
1957 3.204494677468162
1958 3.2083274736320884
1959 3.211819919528238
1960 3.3731026665361448
1961 3.352525013995414
1962 3.4035523454340786
1963 3.427313126700779
1964 3.3929825162186953
1965 3.265673770649854
1966 3.348619423306124
1967 3.2652282082053774
1968 3.2595210912071866
1969 3.363248623300147
1970 3.38901385825084
1971 3.34307463865718
1972 3.412781344012321
1973 3.249774612393913
1974 3.545238465882769
1975 3.3967308421431004
1976 3.3117857368742523
1977 3.449585853702763
1978 3.4744531029961894
1979 3.3036393397535386
1980 3.2611328172233915
1981 3.360316489706069
1982 3.4032435135298877
1983 3.3119269302432714
1984 3.2940620821027125
1985 3.484205398562304
1986 3.2713630358151873
1987 3.2444437751306636
1988 3.3419146061963
1989 3.3382411178205125
1990 3.454533351173777
1991 3.327436110406806
1992 3.458123946410493
1993 3.4621205060920075
1994 3.2844237180433
1995 3.34079291451818
1996 3.386239992907788
1997 3.3027505339256735
1998 3.2911730805963084
1999 3.4425966778526176
2000 3.3440196155679165
2001 3.327922332815414
2002 3.312308268204914
2003 3.41517525284499
2004 3.29840222187051
2005 3.2838083494505024
2006 3.330863098292263
2007 3.340943538296518
2008 3.3787214314535787
2009 3.335195981893429
2010 3.2123276027840393
2011 3.307057982242343
2012 3.3438000064734226
2013 3.3689003545027347
2014 3.4937328264462115
2015 3.291116043867607
2016 3.3716013563047476
2017 3.3224446677715287
2018 3.3776478895763464
2019 3.2951864781262468
2020 3.3311120443319155
2021 3.3727670487594934
2022 3.338284621599946
2023 3.306245524959663
2024 3.2734689907377894
2025 3.3364984206951647
2026 3.2180109005466937
2027 3.3665457396542244
2028 3.363769201278333
2029 3.312959255227825
2030 3.3235120467976986
2031 3.351643024060292
2032 3.3058542683466885
2033 3.267033245771087
2034 3.2627386122326216
2035 3.3321083509606013
2036 3.3006719595335197
2037 3.3276859935127607
2038 3.4264668248069863
2039 3.429833591035203
2040 3.2029905969336965
2041 3.4047553337059537
2042 3.370281783532122
2043 3.464856989018473
2044 3.319332340829901
2045 3.426255286168747
2046 3.284250319540845
2047 3.3403317723370387
2048 3.638645243565178
2049 3.3382900302014433
2050 3.346186011649706
2051 3.499430888124317
2052 3.4426295893267205
2053 3.4192367344370194
2054 3.237194188823468
2055 3.285752132456344
2056 3.3057380886221654
2057 3.2859479535016534
2058 3.359818126364766
2059 3.3375004138444857
2060 3.2209720859888216
2061 3.3371163730916376
2062 3.283590136021484
2063 3.513077712427089
2064 3.26308756251214
2065 3.2663836236817807
2066 3.37682123271338
2067 3.3917291361746336
2068 3.3256577054716185
2069 3.3796950164914876
2070 3.344483420998069
2071 3.351711242426481
2072 3.3572414154699772
2073 3.4935641274262883
2074 3.2996705205146033
2075 3.3736477532734597
2076 3.2560695716714108
2077 3.3494084795532144
2078 3.265940431337951
2079 3.323152023496276
2080 3.3023939361078014
2081 3.3721317923425977
2082 3.377134066917534
2083 3.476591175312969
2084 3.331470098684377
2085 3.2734087743150875
2086 3.2453804847460734
2087 3.3266173393847214
2088 3.3172448186135237
2089 3.2092825309744337
2090 3.2669840432470694
2091 3.38372157698475
2092 3.4090237678788764
2093 3.273013711800366
2094 3.249856439376057
2095 3.295266647843844
2096 3.286642087348191
2097 3.353378198781706
2098 3.2650473215252833
2099 3.2920220381640335
2100 3.535652842864625
2101 3.40227379000395
2102 3.276688232969499
2103 3.383775782193442
2104 3.2796453392272693
2105 3.372852648185087
2106 3.4419406586929693
2107 3.291225368451617
2108 3.3771534382857755
2109 3.5191737151235607
2110 3.3903131767433825
2111 3.4763157722181366
2112 3.2876539497369084
2113 3.3550032228946733
2114 3.172179737554248
2115 3.3490527130180783
2116 3.238522496156693
2117 3.3308527194467166
2118 3.2467782514066186
2119 3.357563678479255
2120 3.2837869999766136
2121 3.2849653588959633
2122 3.3514583596920056
2123 3.267515949651983
2124 3.345242440458101
2125 3.3326353060640543
2126 3.3412343104125544
2127 3.389269226927463
2128 3.3534163184204826
2129 3.1313398496320284
2130 3.3678477507447826
2131 3.2594712648712942
2132 3.5841609314133334
2133 3.2717842599285087
2134 3.496047340814453
2135 3.287223427363587
2136 3.423553147040811
2137 3.2998523055315507
2138 3.4021715777809702
2139 3.180366074013106
2140 3.376176193088574
2141 3.31601022444009
2142 3.375040822901833
