0 9.992445479518524
1 9.532698112827616
2 9.981995057255794
3 10.044822563562445
4 10.05768538768023
5 9.9436071184872
6 10.18333145347502
7 9.992207679639561
8 9.68494191119909
9 10.184528989773522
10 10.03976680094771
11 9.208658467081797
12 9.850790644526667
13 10.096042181788222
14 11.246465466502388
15 10.09615298794589
16 9.80396320935924
17 9.491950909749704
18 9.143201830487252
19 9.694419643416497
20 9.35208264032408
21 9.010816682307004
22 8.637535937329538
23 9.82503010743976
24 10.228459628708054
25 9.473493678522692
26 10.278884885909608
27 10.045610289581345
28 9.22435285099368
29 9.35149350307661
30 8.912193899474316
31 10.277690982640452
32 7.6959366578297965
33 7.5907669958095285
34 6.962974126610805
35 6.4929584072722175
36 7.046287045064058
37 5.598144846077313
38 6.531784593418907
39 6.56140144398753
40 6.433164228886002
41 5.9767523882918105
42 7.265849073816432
43 6.9441999558681164
44 6.360681914794755
45 6.281314810156468
46 6.079531596794133
47 6.622738737816136
48 6.393343857033704
49 6.2312169528021615
50 6.084962043828524
51 5.321275580326805
52 6.105230839823704
53 5.348623533512295
54 5.540686603404823
55 4.873336242410914
56 5.419478439367516
57 5.764783736952213
58 6.084063259086668
59 5.399822392952669
60 6.148563974449535
61 6.087052099341003
62 6.4122853530527
63 5.647195531467305
64 5.556514878711193
65 5.498152900418206
66 4.7348400048824315
67 4.828585167017298
68 4.914241925182805
69 4.6078365388461915
70 4.7815248705804985
71 4.863090206930836
72 4.870646260010176
73 4.689472825176222
74 4.487570349970262
75 5.147825222116638
76 4.702408614760444
77 4.418925195468814
78 4.60385931139313
79 4.828933828117734
80 4.814593665650183
81 4.745328456642262
82 4.417814501096194
83 4.732474007242969
84 4.66902656049526
85 4.574815876069395
86 4.425435436199598
87 4.634620544448857
88 4.887477842464772
89 4.80665800728914
90 4.594274679611679
91 4.707235928571485
92 4.747712451268479
93 4.605924442728719
94 4.781881778210166
95 4.7835672866816115
96 4.810592842365002
97 5.389179300478943
98 4.696552954574494
99 4.846219771405631
100 4.677924673075666
101 4.62102951783439
102 4.67811790504931
103 4.828222388684253
104 4.538325268390959
105 4.646905075905256
106 4.5769025031386885
107 4.503888464872247
108 4.649422280365486
109 4.633966379422126
110 5.024091268031328
111 4.585836814355279
112 4.709484262896368
113 5.073239681943794
114 4.852362972955796
115 4.571360792007423
116 4.177370671258028
117 4.782486329784561
118 4.6128184544707915
119 5.019818094739529
120 5.2427226978038
121 4.612549934565786
122 4.743154980527472
123 4.716862795106641
124 4.6428395610949975
125 4.646314660862444
126 4.5814764427364105
127 5.561811399542456
128 5.021660969145393
129 5.189304182191054
130 4.510564800650361
131 4.605151006208221
132 4.475387533479195
133 4.675140690037407
134 4.712816996130683
135 4.625229913155838
136 5.201786350321401
137 5.839494198384147
138 4.832282538977335
139 6.0338824727874965
140 6.386319186419969
141 5.991030129001236
142 6.331786554489812
143 6.381954379870201
144 6.268212836398732
145 6.180439597193246
146 6.66548419113816
147 5.873155898085359
148 5.6987485179623425
149 5.64375948209337
150 6.929313926471601
151 7.2288501760360555
152 6.6837923164889075
153 5.4458561537012296
154 5.834127657689267
155 5.8821714469488375
156 5.941061735320631
157 5.849403101584399
158 5.103422628283147
159 6.227921590393875
160 5.050320816448134
161 5.30917750739907
162 4.9084975107006
163 4.685944081655205
164 4.089223491586409
165 4.6805539560015665
166 4.5106881122636455
167 4.459861875535814
168 4.163106178281318
169 4.521133630492692
170 4.648255196276845
171 4.549030275662189
172 4.539016135049287
173 4.7091135685788
174 4.700585305216218
175 4.614558230834362
176 4.839546441231943
177 4.854070325903287
178 4.609181251594312
179 4.630672625250434
180 4.948671061275712
181 4.635714523534186
182 4.853889004476999
183 4.615191492482675
184 4.687019414632658
185 4.5281842075429575
186 4.353230707029811
187 4.698384407890382
188 4.277024854968819
189 4.398003933536691
190 4.453533426622973
191 4.776334867743488
192 4.5194243846280715
193 4.796810480335932
194 4.493004591050735
195 4.802876878826799
196 4.2932719494562805
197 4.841270459681277
198 4.534227423729917
199 4.4112093158493835
200 4.722151259084233
201 4.612479824514528
202 4.525256205969418
203 4.8703989250886215
204 4.903510140158866
205 4.7668196161745815
206 4.940334012229139
207 5.053050810387879
208 4.5947554869247895
209 4.678716152196691
210 4.502146460192372
211 4.804072238343475
212 4.58958320589856
213 4.318587282881915
214 4.555219534587765
215 4.7552632696876955
216 4.976951912119302
217 4.342587662551614
218 4.528296013862292
219 4.486988865620108
220 4.468466016547984
221 4.520874405211088
222 4.91423472605533
223 4.642386933803098
224 4.719775162244127
225 4.468256966071337
226 4.379499563110649
227 4.74454417109329
228 4.571735515406603
229 4.246599231060273
230 4.489032022967222
231 4.749368748108049
232 4.503144705503315
233 4.694281246332346
234 4.798038617339362
235 4.8977524481472186
236 4.486117945225264
237 4.555700731052414
238 4.613979737759224
239 4.666766544701012
240 4.599093078122377
241 4.993479731753091
242 4.394473889960149
243 5.348315670179523
244 4.67083271772107
245 4.486516349998614
246 4.906744224815451
247 4.892685201217565
248 4.865819607794543
249 4.774676310699074
250 4.587226710363214
251 4.713699355371154
252 4.384916091855862
253 4.6535822958391035
254 4.552650802115702
255 4.619113952958777
256 4.6005115900031415
257 4.273575798162223
258 4.505953877312179
259 4.6668495701825865
260 4.657254219262325
261 4.710962129746975
262 4.638425403343747
263 4.775262908383032
264 4.642434716302151
265 4.554392844578178
266 4.666045731195681
267 4.885984195242945
268 4.883789437388189
269 4.706581494726341
270 4.9044391081965175
271 4.691640973527587
272 4.678815721159218
273 4.618161422134214
274 5.037865534407853
275 4.450655289474906
276 4.638130126587861
277 4.694348891203499
278 4.830372076211788
279 4.763114023414796
280 4.265143661641286
281 4.3017824343330275
282 4.717750659086567
283 4.566287956045488
284 4.804694821860807
285 4.737928779251177
286 4.942862310691267
287 4.774946767034081
288 5.163981325067218
289 4.871652847957703
290 5.057289971863369
291 4.784001133784323
292 4.449085398789052
293 5.386636468476375
294 4.631797917897602
295 4.830056115838575
296 4.697897701033952
297 5.396029197617748
298 6.05922263386712
299 5.58895256686588
300 6.573681422003523
301 5.801786546747076
302 6.40182566271232
303 6.2739743230069
304 6.2138064527619115
305 5.962368143584216
306 4.239211327293202
307 4.713845022830935
308 5.076877267264411
309 4.688533175023221
310 5.005056031591816
311 4.966628175914224
312 4.657128104598293
313 4.650809553158465
314 4.674005240105738
315 4.59748847493912
316 4.922818470385855
317 4.835870969634093
318 4.967097683978305
319 4.290503729368152
320 4.838192799846446
321 4.551122643860687
322 4.5556157251071365
323 5.026962794447856
324 4.8480477856536
325 6.385788606755209
326 6.209573630019956
327 4.509811114192836
328 4.675240314017087
329 5.249844964605833
330 5.4247430093823095
331 4.861086017013913
332 4.628811864670612
333 4.983643144980072
334 5.631480427105893
335 4.772158326866902
336 4.983456708768016
337 5.288931252931666
338 4.978603919163964
339 4.789602859838934
340 5.860911709160775
341 4.861683390206944
342 4.6268762176642415
343 4.900091522960296
344 4.998891063475397
345 4.679212813949229
346 4.775080791839602
347 4.580007767838802
348 4.785127834790237
349 4.486105112928616
350 4.522964300273375
351 4.70407220551632
352 6.314837590208019
353 4.954149315523255
354 4.665871689979987
355 4.847579065303369
356 4.601683980625897
357 5.171392540704101
358 4.637843972179467
359 4.619693955737888
360 4.496504612473973
361 4.81708761935935
362 4.9715089391614695
363 5.399018836495149
364 5.642370547466195
365 4.835844862153884
366 5.883003133054507
367 5.691334238577936
368 5.43696253562452
369 6.188370842233886
370 4.671234209193571
371 4.594367859471241
372 4.718030443820376
373 4.970578385875334
374 4.708868573774205
375 4.675509444978214
376 4.819223146121226
377 4.678799861360336
378 4.673603688218387
379 4.700767712631004
380 5.024964513355032
381 5.005994874324229
382 4.83556012175461
383 4.490438371958429
384 6.462593804460397
385 6.8392009440719574
386 6.329533503575645
387 6.543001826403482
388 6.154387703600558
389 6.307546341772548
390 5.791122785182829
391 6.847256743414943
392 6.216634185451645
393 6.801709914144417
394 6.735108905693654
395 5.694851229679605
396 5.981671329094375
397 6.5717138283152865
398 6.5218017871115475
399 6.50835397986087
400 6.672702069962458
401 4.892525025742834
402 5.068645109694668
403 4.4378424327965496
404 4.857681556037994
405 4.724918369933529
406 4.5392524836884585
407 4.699664173669848
408 4.802458198543042
409 4.669765951104482
410 4.555893622365197
411 4.973059419945755
412 5.178669305072762
413 5.108207033355606
414 4.671322209218032
415 4.707790134512239
416 5.0909269030612085
417 5.711407425567274
418 4.674860899698577
419 4.684343282156874
420 4.952864332540649
421 6.5107785284460995
422 5.7973393602568235
423 5.199947707143982
424 4.672452773090709
425 5.167304326824694
426 4.79737334042525
427 4.730422648820264
428 4.721130272925961
429 4.546262440531834
430 4.510075553573534
431 4.414320726589447
432 4.840116954476496
433 4.952313068479827
434 4.512932897891073
435 5.0490932912058595
436 5.456354730849356
437 4.660324128855851
438 4.061464427126619
439 4.635803307229096
440 5.859525032616859
441 4.771862162254365
442 4.5387271213232125
443 4.894600800547286
444 4.3095708856265
445 6.99290192537488
446 4.727984016644992
447 4.707574370880615
448 4.877376988170797
449 4.870916234566169
450 4.8420261240811735
451 7.168848772395348
452 5.128965159178906
453 4.624821122567805
454 4.7965733445958145
455 4.846293933540451
456 4.864370575475945
457 4.628114718674607
458 4.674563705756794
459 4.502022534651715
460 4.409902748925376
461 5.215634839989309
462 4.470491928501015
463 4.7967950631237475
464 4.394598480731067
465 4.820375091088118
466 4.614677718500282
467 5.052177824179875
468 4.803970807755275
469 4.575712190276491
470 5.956004836047748
471 4.559711543545733
472 4.81327753586604
473 4.479141303471067
474 4.890809440206996
475 4.722307361690519
476 4.799623598535387
477 4.560393152522202
478 4.823228751626932
479 4.628633526419719
480 4.816843427381386
481 5.0849595070755464
482 4.933870705824375
483 5.8410621459814935
484 4.883635766365099
485 4.574152773453742
486 4.524565566313706
487 4.452857238168455
488 4.931336452094761
489 4.696299273842052
490 5.3134149437106215
491 4.927128320097989
492 5.427577030061098
493 4.840549280206026
494 4.976457956560122
495 5.006823792069699
496 4.740812272678575
497 5.219605383538707
498 4.997253138259387
499 5.024890366772212
500 4.790749577688323
501 5.012586029170876
502 4.851835220629848
503 4.662630081015693
504 4.873934795435026
505 4.726043725922613
506 6.1639000228847785
507 4.864451941560997
508 5.2132301472519575
509 5.62218806226994
510 4.601497060363587
511 4.7910649525073525
512 5.190072317690511
513 5.188749421673308
514 4.969275383165209
515 4.739398571457945
516 4.983848619505048
517 4.664513686135294
518 4.888911278567682
519 4.7567947482740305
520 4.969100620315873
521 4.661289021102774
522 4.8383087996852705
523 4.8018692834273695
524 4.6016728164071
525 4.693653067420803
526 4.666866775386364
527 4.518712093407499
528 5.287695553749708
529 5.138882811293322
530 6.513077979181
531 4.533302274532432
532 6.522411770847248
533 6.798423203733191
534 6.515781905064149
535 6.008581189269125
536 6.328033429395224
537 5.792034802287122
538 5.678426457774466
539 7.003474683293315
540 7.197242852899389
541 6.961517627642664
542 4.739534280174564
543 4.860289375436028
544 4.713970545054726
545 4.544119054611988
546 4.276077357838948
547 4.827405201253077
548 5.112154436717834
549 4.799623854353715
550 4.700434588202649
551 4.741245524284002
552 4.35228859685184
553 4.848547762081183
554 4.748519705850975
555 4.736306029144055
556 4.693057217155338
557 4.992215373883473
558 4.565349273705286
559 4.7633719116779565
560 5.43147980090891
561 5.05174588917396
562 4.929911572166975
563 4.745714381930425
564 4.370461502934252
565 4.698093235419587
566 5.1693960598187365
567 4.793915903295106
568 6.634701304603267
569 6.475434326634227
570 4.8181703454117635
571 4.723046803223599
572 4.638456544009334
573 4.580961765892536
574 4.760109745252789
575 5.199804842541007
576 4.4837514126793865
577 4.703054067391525
578 5.042204316274173
579 4.735372702144758
580 4.860711981449694
581 5.652176893981512
582 5.214528231751844
583 4.842241449380344
584 4.571735329351852
585 4.6802196535140945
586 4.757518931393484
587 4.607698052933701
588 4.670303655460752
589 4.895366372737972
590 4.700429705231068
591 4.550244392023925
592 4.664493810721801
593 4.79871776916558
594 5.131508136430603
595 5.829741673744453
596 5.758914253929964
597 6.397689595912666
598 6.277176231176675
599 5.997941960067209
600 6.64804961395585
601 6.723846893871445
602 7.35610171692394
603 6.389458663693459
604 5.310362379494286
605 5.983698436228663
606 4.617257227531452
607 4.790576345448136
608 4.882967261172774
609 4.8211861950821016
610 4.8405783189533
611 4.739549791816176
612 4.577603898961338
613 4.8752258401496436
614 4.939864712681401
615 4.822549500438975
616 4.856255574414345
617 4.7482553882301834
618 5.922479629019247
619 4.634838609743484
620 4.868368274819378
621 5.111838360939847
622 4.723405995154261
623 4.487944125753128
624 5.12308633939913
625 5.071968432064112
626 4.515847476450366
627 5.072956118828257
628 4.9215713381423125
629 4.604203054948619
630 4.705691076922499
631 4.896474470738072
632 4.590029690158233
633 4.6132716259364885
634 4.726387792155286
635 4.743468806655189
636 4.646706120193673
637 4.712285038202259
638 4.497157117804911
639 4.988213061011603
640 4.724593872746196
641 4.666013223188072
642 4.97800872402633
643 5.1242092890774
644 6.742860279876934
645 5.659076652018558
646 4.941372273351264
647 5.28968672458077
648 4.938205598528522
649 5.502407101102937
650 5.293322636457794
651 5.2760412585838905
652 5.604535196224601
653 6.268775636696926
654 5.627705633487927
655 5.753259097607534
656 6.2571442704161235
657 6.767778172677363
658 5.898571409334887
659 5.747260940958287
660 5.980860511135519
661 6.309802394263378
662 6.898002648652033
663 6.59697886568764
664 6.37814932809518
665 6.368259763131898
666 6.615083145562462
667 6.319547675651403
668 6.12375806198647
669 6.041864524401882
670 5.584863851461219
671 5.518542424518517
672 5.815465202602309
673 5.976256383833619
674 5.9009758936389725
675 5.814570390183419
676 6.15087469018379
677 6.252343881720673
678 7.035665666361022
679 6.105084121291236
680 5.772474425700331
681 7.016563756725004
682 5.975914232298803
683 7.230255463054687
684 6.720193032231581
685 6.7315084611658405
686 6.82203956663637
687 5.65313631718343
688 6.492235473590086
689 5.937157636740479
690 6.974522346017447
691 7.1606356094976515
692 6.681552667145108
693 6.603884274185807
694 6.46499965449863
695 6.089765117795297
696 7.266057452687128
697 7.102738700390592
698 6.747808904952589
699 6.9700296172609475
700 6.61564415696395
701 6.2886891959094005
702 6.082978510358146
703 5.554804323058394
704 6.156244439080755
705 6.219572656043591
706 6.5719022370839735
707 6.266681060062212
708 5.900030666321312
709 7.296401237752366
710 5.440592912283119
711 6.188560339696754
712 6.65166076715256
713 6.345583271182186
714 6.787424092504922
715 6.224782559267868
716 7.022017566022323
717 6.143837146632412
718 5.746339907729438
719 6.522291756805564
720 5.657169572865955
721 5.965353193141035
722 5.7114761247101224
723 6.180278067226848
724 6.115682354284958
725 6.537405811986557
726 5.737698751727901
727 6.330800491738378
728 5.939286204890775
729 6.363968386917935
730 6.4893078488079015
731 6.803250863123706
732 6.1755753024296505
733 6.626263672595557
734 6.49119358947649
735 6.391643283727063
736 6.812386302739943
737 5.710337657758376
738 6.353530288983411
739 6.445124418898901
740 6.574607166112363
741 7.071341024686876
742 7.1908543878231015
743 7.122914332666604
744 6.910728287389899
745 7.075387452504091
746 7.8274797166740235
747 7.718773972271686
748 6.891935491207078
749 4.934017662705247
750 4.619485134287185
751 4.892255767778548
752 6.276232402165721
753 4.6924235456374275
754 4.086908839621778
755 4.6959810354478755
756 4.760208959502555
757 4.816303504005279
758 4.710275537545714
759 4.493915812915103
760 4.591992566988907
761 5.40250487286042
762 5.219063370961823
763 4.456170782751247
764 4.361201912991181
765 5.025647552930293
766 4.960701543856295
767 4.512910599881048
768 4.886988777915402
769 5.070223584695265
770 4.737632837676916
771 4.593373996359536
772 4.699621503765477
773 5.022198975852591
774 4.4694872865657445
775 4.639826161883886
776 4.627389504808961
777 4.827597366973444
778 4.529938876227713
779 4.9119437102014
780 4.630666126635754
781 4.719557774626229
782 4.8414659428835005
783 4.661883889650412
784 6.473335135656922
785 4.911326349607838
786 4.787647956265943
787 4.7976399207215215
788 4.473153844602532
789 4.879656695764223
790 4.805452973188343
791 4.791211456389111
792 4.772840383278361
793 5.80576160230173
794 4.616920950110797
795 4.52961358025247
796 5.096994149064581
797 5.5915700339038805
798 6.972823254343069
799 5.452168226672991
800 6.856899304568632
801 5.9940362899435105
802 7.445352475006749
803 4.844680645521185
804 5.209702636411686
805 4.565303503822129
806 4.967597129354344
807 4.653967876568093
808 5.3196612442927265
809 4.611269354192716
810 4.857536153956736
811 4.95299957195439
812 4.840069951039288
813 4.735313293774541
814 5.8059664689793244
815 4.666387715199582
816 4.96095311370115
817 5.08815032147242
818 5.667639352651402
819 5.8478598132250585
820 4.882241050259624
821 4.814406714036971
822 5.3498411627891
823 4.506155816819034
824 4.876955664354265
825 5.940259832555012
826 4.624821067798035
827 5.32951235506094
828 4.939685156248956
829 5.047422865515149
830 5.016445233471594
831 5.877834181721236
832 4.7861219438659734
833 4.654162043174586
834 4.781754269285609
835 6.4594006448386825
836 6.739273279405995
837 6.316125845372138
838 6.688997143200858
839 6.757276896318847
840 6.650602933688816
841 6.955134269697272
842 6.701713249261715
843 7.7757127550269844
844 6.50710161457495
845 6.743324536156822
846 6.979336571763054
847 6.885767801624608
848 6.957761422543547
849 6.75477358288886
850 6.807478363503018
851 6.8119526785705435
852 6.687771635300929
853 6.887162625739775
854 6.482665152675205
855 7.054354796005534
856 4.878184610374023
857 5.023055889660139
858 5.023639648534929
859 5.253700772862114
860 4.643953471723569
861 4.855198034628154
862 5.335426244546247
863 4.947641415833995
864 4.702874732542383
865 6.691819931263335
866 6.435863522649896
867 6.7786166179285905
868 7.306826467703947
869 6.197303146093645
870 6.76794160662982
871 4.7566049073340295
872 4.76109695464882
873 4.70501874586765
874 4.582318334750205
875 4.94882608217824
876 4.740903191915111
877 4.472116884009745
878 5.111995815493609
879 4.835384483053376
880 4.906681320796952
881 4.938113640966015
882 4.517350096804887
883 4.558036518845862
884 4.650011446133983
885 6.009804647327184
886 6.5162265429763755
887 4.912309561218761
888 4.630205450832648
889 4.752780161563219
890 4.756113765084367
891 4.785675981943264
892 4.849439693819962
893 4.823923006474149
894 4.9049510247737285
895 4.8353539007372675
896 4.884846946649451
897 4.511787392682905
898 4.683511098175476
899 4.428487162375862
900 4.851323116253235
901 4.628080796468097
902 5.44201006394048
903 4.815733086899277
904 5.2304135489265
905 5.36072161769446
906 5.063130380190892
907 4.495481171446861
908 5.6779789570053385
909 4.617525161730486
910 6.179400612323565
911 4.948611999812422
912 4.84296545568663
913 4.839412860934956
914 4.702422374552812
915 4.784949421795485
916 6.32357122689998
917 4.863108985057275
918 4.662795181354331
919 3.974749371518211
920 4.886485168145227
921 4.700023123245104
922 4.681664357072894
923 4.562739820548794
924 4.736856055050928
925 5.494969170496221
926 4.992269359395047
927 4.719126700109692
928 4.517180922442739
929 4.882525164383919
930 5.4612819967564725
931 4.673453914741791
932 7.194004071467886
933 4.500715854593453
934 4.704738530258817
935 4.824514480551233
936 4.398416125019768
937 4.644397748760883
938 4.838307294832422
939 4.630068978380376
940 5.031741199120066
941 4.992772685996397
942 4.589617842016971
943 4.79824397727362
944 7.242197215136832
945 4.908982668598499
946 5.25396138645661
947 4.97709260959966
948 5.055243200532302
949 4.7514758516220255
950 5.896634867496337
951 5.77802716328576
952 4.942143587540844
953 6.509049530233937
954 6.281711577620333
955 6.665564510499897
956 6.677342284584556
957 6.052683590803052
958 5.195609412663499
959 6.1689079955043535
960 6.389700179939856
961 6.666722649686382
962 5.965709827881084
963 6.665840128668095
964 4.598516494580864
965 5.0996024351525735
966 5.158167973396943
967 4.539271892341835
968 4.744563602261094
969 5.412302972219434
970 4.625551845927153
971 5.026052689325312
972 4.868737860825864
973 4.836717961502908
974 4.5561938508056485
975 4.969286274521837
976 7.208237063283692
977 5.340357016671182
978 5.917138058890378
979 4.670224814178155
980 4.618816893595449
981 4.658922195232644
982 4.9912394388419115
983 4.572553889812098
984 5.497659346768584
985 4.769201447077589
986 4.834929741564572
987 4.917655588172384
988 5.097866661356679
989 4.711924962174073
990 6.1734027383234045
991 6.2214568057120765
992 5.60452576904041
993 5.777043638091636
994 5.710169704245658
995 6.10482176154103
996 5.204729273129092
997 6.288767392354851
998 5.768843249826892
999 6.407165009744571
1000 6.370767702384758
1001 6.324210382531197
1002 6.160168465740823
1003 6.582549207770553
1004 5.754820599378509
1005 5.732546164994481
1006 4.768878587850418
1007 5.206716971444603
1008 4.75650881910052
1009 5.009367468886857
1010 4.962407051693829
1011 4.550516841725387
1012 4.795701061584664
1013 4.769885602189617
1014 4.844610704128193
1015 5.993452432777219
1016 4.89151858343789
1017 4.92433722619339
1018 4.932569600005103
1019 6.140783119013668
1020 6.351431296509965
1021 7.405342817876108
1022 7.392253115327925
1023 7.119907582457867
1024 6.565347305913115
1025 6.6964821845539815
1026 5.88172784450854
1027 6.338397733984148
1028 6.184621676521074
1029 5.594285164237308
1030 4.373258913352144
1031 4.642227079723945
1032 4.6571388642796885
1033 4.8559992849930955
1034 4.871312255314988
1035 4.703239222492214
1036 4.902514454859929
1037 4.8335359137572835
1038 5.151010688216074
1039 5.187096078746386
1040 5.023631124875075
1041 4.911926211520611
1042 4.920199064643555
1043 4.493577796581965
1044 4.836219989106036
1045 4.987847099673051
1046 5.015465032290423
1047 4.689382149804218
1048 4.7910878901455
1049 4.811961637161425
1050 5.272687488086424
1051 4.628930943153069
1052 5.031217084938761
1053 5.016738140619486
1054 5.909849532384974
1055 4.750876114708501
1056 5.059642343948139
1057 4.700805817843398
1058 4.626319877490733
1059 4.86816905687939
1060 5.137614167109737
1061 4.8960042248132325
1062 4.676690186343149
1063 4.573807549070112
1064 4.462325694909268
1065 4.64384648126444
1066 4.806372222400895
1067 4.787472224639958
1068 4.557203077423295
1069 4.661002902302284
1070 5.602229763667562
1071 4.754295408097845
1072 4.940342813879126
1073 4.54704722187818
1074 4.755539561130798
1075 4.869110634709626
1076 4.467306508168455
1077 4.604204614791099
1078 4.937809903826296
1079 4.970811956384948
1080 4.733885538307478
1081 4.807115320038361
1082 4.6445087788961175
1083 4.751723173173825
1084 4.659984507744352
1085 4.775877144895907
1086 4.780545499067026
1087 4.892992900968898
1088 4.6470614055345285
1089 4.821098133457637
1090 4.803485399242995
1091 4.950178759058024
1092 4.676939199251552
1093 5.1846027273772775
1094 4.686337401451522
1095 4.927860980623694
1096 4.590363082023824
1097 4.635678366259163
1098 4.960472633129424
1099 4.640257411452751
1100 4.851458973164361
1101 4.495982563124784
1102 5.05576530546138
1103 5.313117723511056
1104 4.7879756553164485
1105 5.847178128622867
1106 4.775918174117284
1107 4.870707177223173
1108 4.715037579964123
1109 5.102283290202853
1110 4.968191910972362
1111 4.605431459448388
1112 4.918428296232957
1113 4.829846226035838
1114 4.77651691666592
1115 4.6371634830394495
1116 4.978020392564859
1117 4.763832073202975
1118 6.2799069211177665
1119 5.861365169370473
1120 5.3999023670616815
1121 6.693511173718071
1122 6.674699779605046
1123 6.116952516923653
1124 6.4174158049927055
1125 6.261952961852937
1126 6.3546849217175
1127 6.169250589107359
1128 6.580536345042151
1129 6.533816634233694
1130 6.575022212603879
1131 6.275591778916915
1132 6.219628809910401
1133 6.5033710271007195
1134 6.497884059457785
1135 5.701273468100303
1136 5.715059344165747
1137 7.874399844054087
1138 7.039920062523656
1139 6.8707752192279985
1140 6.948943062501039
1141 6.8244170192547795
1142 6.882883529470779
1143 6.3274847684023765
1144 6.280459652812008
1145 7.520101163709366
1146 7.393721196014964
1147 7.2310375972829775
1148 7.400870192538646
1149 6.8677489533522555
1150 7.457981851064651
1151 6.9463915389515245
1152 6.1661329260858055
1153 6.566519988871142
1154 6.516436492696998
1155 7.223928916536903
1156 7.681581147400168
1157 7.571126482194291
1158 7.618178258722918
1159 7.074959096734921
1160 7.33808747224776
1161 7.36984579071626
1162 6.6712411825558044
1163 8.391401424779504
1164 6.412161914163098
1165 6.898179015229269
1166 6.488655684161278
1167 6.56094344057533
1168 7.327294368259517
1169 7.005664494115748
1170 7.1294131659307585
1171 7.016495498496002
1172 7.032815547699266
1173 6.557811602096531
1174 6.530175588153724
1175 6.658632384585794
1176 7.0488883557085105
1177 6.736494916851467
1178 7.329567975182185
1179 7.996499077691567
1180 6.873349091688147
1181 6.947119971672417
1182 7.284070431463179
1183 6.764565123921571
1184 7.015794115611694
1185 7.263472854724425
1186 6.9519977738982845
1187 7.057614004606098
1188 8.057109770897304
1189 8.437867127892346
1190 8.735268809339377
1191 8.661082313077511
1192 7.217083514420787
1193 7.424024821220953
1194 8.283291189042524
1195 7.868077810765175
1196 6.912098042162001
1197 7.074300941792381
1198 7.301242041389898
1199 7.360316925911802
1200 7.9976724966760955
1201 7.100658163966432
1202 7.487990245019125
1203 7.818734443828122
1204 7.691566692105568
1205 7.469123480474786
1206 6.960849391458258
1207 7.131852789896505
1208 7.527446008132469
1209 6.79256061657383
1210 6.75368573673432
1211 6.5919923884028835
1212 7.018938162828429
1213 7.778212346707432
1214 6.742046277533932
1215 7.707996452924834
1216 7.966589187692544
1217 7.43925942146425
1218 8.187258391452835
1219 6.6217550553568225
1220 5.943272291484041
1221 6.605046638357086
1222 6.824738004454574
1223 6.932597454774785
1224 7.2775228743187945
1225 6.583726343873885
1226 6.778359951676704
1227 7.360461206753255
1228 5.998895183751062
1229 7.146751563631885
1230 7.152589143722121
1231 4.720004162185383
1232 6.091505982076466
1233 6.9597263855490015
1234 6.317693956145933
1235 7.287847783151749
1236 7.121613675503065
1237 6.931205869356699
1238 7.249551931126627
1239 6.513977314686054
1240 6.116062497565748
1241 7.210761183879351
1242 6.498473296845399
1243 6.318404005186223
1244 7.049653684961526
1245 6.698056205463755
1246 5.923510863607076
1247 6.204549153346008
1248 6.323501324069408
1249 5.398979560738805
1250 7.035428762654078
1251 7.095207702696298
1252 6.636258870448229
1253 6.269031361672554
1254 6.574830087220681
1255 5.923300498887323
1256 6.3743117394268305
1257 5.695655506832977
1258 5.188575339922409
1259 4.8003610075796335
1260 4.642749857073065
1261 4.510382245507798
1262 5.97127807045125
1263 4.982218893497748
1264 5.562539682987917
1265 4.514956171904263
1266 4.580775127585357
1267 5.062501116372533
1268 4.688782921188477
1269 6.298994648134827
1270 4.759865875290081
1271 4.797330437845041
1272 4.808270433831925
1273 4.707651558887363
1274 4.5696924092501305
1275 5.928746540480176
1276 5.055830372917182
1277 5.238289136901917
1278 5.021185100276465
1279 5.761294691162013
1280 6.031705229042626
1281 5.518360717378704
1282 7.1047126049797615
1283 6.464170116699911
1284 4.906066546957171
1285 4.862419619677549
1286 4.91287724850313
1287 4.891843394649108
1288 5.136806003437372
1289 4.801715586052674
1290 4.783786174580707
1291 5.100160820011214
1292 4.765276775011492
1293 4.958850217298222
1294 4.955557392292628
1295 4.632104587001396
1296 4.756316399932398
1297 4.696379720008403
1298 5.190726176186022
1299 4.701735992503687
1300 4.725754129158658
1301 4.8061466804478
1302 4.387080271623134
1303 4.267158015335483
1304 4.6399422773491805
1305 4.7636909760401585
1306 5.3434106763822395
1307 5.762299817231323
1308 4.736101816937073
1309 4.455588902756864
1310 4.662348569544777
1311 4.672239255432742
1312 5.2451992040324
1313 4.783680673854115
1314 4.646649696391609
1315 4.912928712522405
1316 6.124507095049752
1317 6.393878466623243
1318 6.318749295458921
1319 6.901784281153424
1320 6.15375213023727
1321 4.800017366968245
1322 6.287949146177224
1323 4.838034850169208
1324 6.770353486822212
1325 4.796809073693609
1326 4.775425691060853
1327 6.819330953254554
1328 6.834631592742982
1329 6.798932377755707
1330 6.803696639307293
1331 7.248134416057254
1332 6.744155409218004
1333 5.608974948500304
1334 4.888003160590803
1335 6.92702906288075
1336 6.8102952847151785
1337 6.323662366181673
1338 7.031322904574053
1339 6.485942608281675
1340 5.526614574948684
1341 4.961546111760137
1342 4.703682262641356
1343 4.548026461514555
1344 4.8290322148425995
1345 6.717566702801654
1346 5.686216590829963
1347 6.290263696497022
1348 6.869265289337125
1349 6.833081561683
1350 6.105169593907895
1351 6.587516525459743
1352 3.7253294487487767
1353 3.5079869906120633
1354 3.3781805779179908
1355 3.9328942759484127
1356 4.957849331157088
1357 4.760328088607675
1358 4.918254895032445
1359 4.969778405196188
1360 4.684508815115445
1361 7.111505715099584
1362 7.009687094765278
1363 6.4016923748477055
1364 4.697907126520934
1365 4.964588702958627
1366 6.215511444408384
1367 6.201731776244073
1368 6.316467399658813
1369 4.625299829352902
1370 4.825302341137355
1371 4.947606821239601
1372 6.641329848255356
1373 6.8218412165735804
1374 5.660040811910244
1375 5.328044745216083
1376 4.836185847249411
1377 4.341375679478245
1378 4.743585076998452
1379 6.034450352081051
1380 6.769861551661505
1381 6.5748240606324755
1382 7.810899755578667
1383 7.231431128979324
1384 7.511293516093214
1385 6.33021200160866
1386 6.156222227569119
1387 6.778742981785711
1388 6.280694631688188
1389 6.334036032189028
1390 5.928963197813306
1391 5.97266457822185
1392 6.76012554139327
1393 8.149079145125969
1394 6.690732294784125
1395 6.684740139285729
1396 7.063727078490648
1397 6.547551368512488
1398 6.2601581915227955
1399 5.487196184210292
1400 7.417906222086774
1401 7.025282858786052
1402 6.573040298336682
1403 7.151880549178592
1404 6.658219261423229
1405 6.375269272288556
1406 6.313813234310611
1407 6.7698200022028905
1408 6.86063365363334
1409 6.696724114463859
1410 5.930414022995041
1411 6.634919058231566
1412 6.178950168317173
1413 6.231459040882211
1414 6.538913809136652
1415 6.5059362892811174
1416 6.536337047835423
1417 6.0659554751107105
1418 6.995635548277314
1419 5.839585759482926
1420 4.819977812609105
1421 6.0540818183772265
1422 4.880544365277102
1423 5.018816441412777
1424 5.921789073509352
1425 4.430640665538662
1426 4.781036518068993
1427 5.161677208478993
1428 4.699255607728835
1429 4.770747308918229
1430 4.612693414958916
1431 5.291297624860243
1432 4.847398054586499
1433 4.9168581682276535
1434 4.62931406858744
1435 5.73274325352861
1436 4.701465674518082
1437 4.9553860859877545
1438 6.230404114877201
1439 5.275001844779463
1440 5.164978489870598
1441 5.462885299263979
1442 6.556415010689817
1443 4.426808684413516
1444 6.219635851838497
1445 6.698019287518318
1446 4.798970829366688
1447 4.841039760124591
1448 4.703078968704217
1449 4.884628758226144
1450 4.882337546348418
1451 4.69388086803122
1452 4.789429846732618
1453 6.013690650157645
1454 4.57931569020965
1455 5.089945869321507
1456 5.430747620525917
1457 4.620689598466923
1458 4.873224515277516
1459 5.776239094162123
1460 4.960131327590666
1461 6.374676678906896
1462 4.73113411280721
1463 5.499315008561541
1464 5.353211605220374
1465 6.032211555139038
1466 5.756135534047254
1467 5.851485269082795
1468 5.240624338315286
1469 6.348459508881644
1470 6.058351130243095
1471 5.523193470710495
1472 6.445178647314164
1473 4.870584462775967
1474 4.675941719889986
1475 4.846487216306766
1476 5.293933102072517
1477 4.657324441634862
1478 5.241509751489463
1479 4.808899550023909
1480 4.72109271478727
1481 4.774115313427762
1482 5.3711449490581495
1483 5.022617597869991
1484 6.278128629862235
1485 4.967270433874223
1486 4.99207930206823
1487 4.310138783807465
1488 3.25149835857365
1489 3.9591890874608775
1490 3.86926024854107
1491 4.480090611861336
1492 4.470081897041581
1493 4.096976947813239
1494 3.5723692366133735
1495 3.685336108176737
1496 3.3505111415989735
1497 3.6209501945917117
1498 3.324077999764617
1499 3.550131741006324
1500 4.254895784653271
1501 3.9417795952638435
1502 4.294340229625623
1503 3.9758350914742717
1504 4.198358662890862
1505 3.257242508177062
1506 5.450608257511756
1507 6.151995228643934
1508 5.534848480140159
1509 4.924674310349297
1510 4.498386053490569
1511 5.029031352883427
1512 4.570329950454874
1513 6.633673143269592
1514 4.489348331884337
1515 5.056993831991234
1516 5.5202562917197255
1517 6.415380368450891
1518 5.277305738152406
1519 6.674597484268317
1520 4.5900083584773315
1521 4.711884755440493
1522 5.451312312515594
1523 4.847668744089419
1524 5.250182869672537
1525 5.416159664654935
1526 4.571915981910665
1527 4.594499058985857
1528 4.612220008556144
1529 5.079522466466187
1530 4.538385367353029
1531 5.00512143956422
1532 5.132013534708889
1533 4.395171882173294
1534 4.756566941406388
1535 4.8866562620156335
1536 4.50374876790015
1537 4.6560052408737596
1538 5.450297174172675
1539 4.9287343452341315
1540 4.5528542032777395
1541 4.742459990410272
1542 4.840033498396576
1543 4.830779037134568
1544 5.05968850717053
1545 4.874957385296659
1546 4.86099394576388
1547 4.579304975406025
1548 4.712648549097457
1549 5.693212200686881
1550 4.779007734919421
1551 4.470926394038158
1552 4.673392311709239
1553 4.926626227496595
1554 4.562399473821854
1555 4.480402143862149
1556 4.990059532364465
1557 4.86536752355399
1558 5.254086918599264
1559 4.479187505434461
1560 4.713029317035269
1561 4.761144358651898
1562 6.037683576662264
1563 4.8668989094559985
1564 4.298072041668715
1565 4.554817433188877
1566 4.926347641474292
1567 4.467594350362883
1568 5.183292473088775
1569 4.818469853806
1570 4.559724998351851
1571 4.596650653501691
1572 5.341306199381977
1573 5.876656114335799
1574 6.436547606956738
1575 6.908248326389116
1576 6.042258536566012
1577 7.0945132676626015
1578 6.468734883483106
1579 6.075740252328809
1580 7.167716661860822
1581 5.988549150870612
1582 6.008794767223157
1583 5.972468354114651
1584 6.760302246211045
1585 5.851526228736794
1586 5.438622739376609
1587 5.76095434557253
1588 5.146080556526097
1589 6.3117273317185365
1590 6.303441510118686
1591 6.1707935476247044
1592 6.3942769051790815
1593 6.349431056706337
1594 6.984296423440521
1595 6.5389874082563075
1596 6.264722825025596
1597 6.14390691395946
1598 5.7455029636884385
1599 6.4025234303599925
1600 6.48547537179489
1601 6.848816337343987
1602 6.6961457400934234
1603 6.8990038557938425
1604 6.446240703791393
1605 6.668630612919781
1606 6.140138876587538
1607 4.914259913799051
1608 4.9926060288239835
1609 4.521005265548702
1610 7.162734977006992
1611 5.256584873273862
1612 4.584097208804263
1613 4.615954469174584
1614 4.790658850049273
1615 6.177568964481439
1616 5.992473190644571
1617 5.901074910492724
1618 4.545433334059941
1619 4.597417111561071
1620 5.133532698168215
1621 5.1075345176036375
1622 4.810781856677507
1623 5.855050062378589
1624 4.604763052031476
1625 4.989823565326156
1626 4.5272685198027265
1627 4.727026521796337
1628 5.379094562883912
1629 4.464118670831394
1630 4.910338457421667
1631 5.0079268468762645
1632 4.957601679960971
1633 4.661488382527131
1634 5.767165856335781
1635 4.448257658103012
1636 4.9397576488192945
1637 4.6814176679404635
1638 4.731160080510451
1639 4.728075140402865
1640 4.59758024066082
1641 4.600666402595044
1642 4.805890540059249
1643 5.4731341424789255
1644 5.2249184152889026
1645 4.767987046707928
1646 4.763489085556698
1647 4.856205991209819
1648 4.674345313510203
1649 5.1145585793900405
1650 4.964903530204572
1651 5.173420590402088
1652 4.820701275058571
1653 5.554977033687967
1654 4.849844328820745
1655 4.8504498029464305
1656 4.747870369008065
1657 4.788641012680291
1658 4.696307142395079
1659 4.820602673999637
1660 4.80558519585757
1661 4.727164648608808
1662 6.301136842204171
1663 5.543428044879454
1664 4.612402134531013
1665 4.6381140793380915
1666 5.115401357655133
1667 4.895028873708641
1668 4.491126019080501
1669 6.002544423399786
1670 4.696988956280874
1671 4.963011777385411
1672 4.474060060985589
1673 5.015640812669445
1674 4.833340509554417
1675 4.707289168509398
1676 4.548655446176831
1677 4.886603467090478
1678 4.620250190936809
1679 5.051488014135621
1680 5.047750820316736
1681 6.408769051119915
1682 6.085214093936553
1683 4.681722095887284
1684 4.668537803257933
1685 4.825411577454313
1686 4.498662187975091
1687 5.297162839481635
1688 4.567570974229701
1689 5.046913788852587
1690 4.465904143648157
1691 4.83446022085565
1692 4.415389318350053
1693 5.543080133104706
1694 4.579235659342503
1695 4.495856423974143
1696 5.574375225980903
1697 5.501339925944868
1698 4.565014837745418
1699 4.74910116570316
1700 5.488841882437565
1701 4.829165174590467
1702 4.638851974855744
1703 5.84616660465912
1704 4.936723587150187
1705 5.015756743607671
1706 5.191736511943656
1707 4.722621735198329
1708 4.626850549959201
1709 5.7201393826943345
1710 4.77475524310486
1711 5.814710745929743
1712 4.730259290046852
1713 4.880389179469792
1714 5.003539121056244
1715 5.149394043627262
1716 4.733400708989498
1717 4.862281168068631
1718 4.614750605415875
1719 4.836777633528094
1720 5.994386567346089
1721 5.408667992903412
1722 5.25247736957389
1723 5.793638539152163
1724 4.822683145097682
1725 4.888408796842715
1726 4.815854026026628
1727 4.623344781167701
1728 4.322587002846089
1729 4.989615504339476
1730 4.521824259695021
1731 5.776867831815011
1732 6.388543031625689
1733 7.341987887141672
1734 6.982302502551174
1735 6.430366987274631
1736 6.937863497952759
1737 5.408754986877381
1738 4.7603639493899745
1739 4.791524862907718
1740 5.274088154686988
1741 4.819684190464567
1742 4.742215889957516
1743 4.552355252121966
1744 4.750971381123993
1745 6.020120830274751
1746 6.205641171337943
1747 5.3058391710451485
1748 7.104972145986118
1749 7.009415834862259
1750 6.422844654842375
1751 5.997883514278916
1752 5.941708888574344
1753 5.764927833660331
1754 6.379846946629773
1755 6.807400644327076
1756 6.426874779372493
1757 6.918503688418461
1758 6.229276608544173
1759 5.0294969816304835
1760 5.112475712078076
1761 4.696069991730073
1762 5.068177980990762
1763 5.544178953226238
1764 4.3477482645746965
1765 4.31651675395493
1766 5.035617385187368
1767 5.000392634021112
1768 5.80098919969604
1769 5.893536720066992
1770 4.879105560893682
1771 5.113368660102616
1772 5.50308008097714
1773 5.299743521436531
1774 6.285534065820821
1775 5.800387947316673
1776 4.721847444614613
1777 7.10985058810675
1778 4.99796823293561
1779 4.682453802432467
1780 5.7521104603752065
1781 4.746078257511764
1782 4.716298338148116
1783 4.750375671145804
1784 4.95157408936629
1785 4.700743081601111
1786 5.93743129642559
1787 5.945414701791051
1788 5.6518629072842845
1789 6.720411561610278
1790 5.261232861335717
1791 6.61453144243943
1792 6.594746773841952
1793 7.052879554107187
1794 6.505121661819518
1795 6.912725647345605
1796 6.918300008857153
1797 6.90791967622335
1798 6.500629628789604
1799 6.138886032519335
1800 6.281085239939222
1801 7.133917374084721
1802 7.026021978915128
1803 6.848232832268928
1804 7.769252375961309
1805 6.90821123834979
1806 6.945240001801217
1807 5.718806084434765
1808 4.96173439826571
1809 4.482102175791246
1810 5.188493080062083
1811 4.621753848860275
1812 5.117376618065243
1813 5.182877971522118
1814 4.6089153076066465
1815 4.827337419389131
1816 4.727771691562536
1817 4.345198616119319
1818 4.853911292296918
1819 4.526528170138691
1820 6.000869968377342
1821 4.859700059090519
1822 5.529717034007794
1823 5.39186866857287
1824 6.006698832084871
1825 6.086873559387429
1826 6.1653458551764615
1827 6.176619846093744
1828 5.620017097669501
1829 6.056936591925479
1830 6.419187836235818
1831 5.980914004118669
1832 6.5141088918759875
1833 5.5455055845312575
1834 5.9535952054463985
1835 6.445013682539353
1836 5.803691137936953
1837 5.891716442225658
1838 7.148409744204107
1839 6.165560274578781
1840 5.767191728137563
1841 6.905639725767754
1842 6.5600886174936495
1843 6.508324171467085
1844 6.469395552168034
1845 5.999170443641652
1846 5.989331368858142
1847 6.652431454676886
1848 6.190429856801383
1849 5.880911725279539
1850 7.089057115094836
1851 7.057745697618192
1852 6.823574610938773
1853 6.021945319438764
1854 6.210342555335923
1855 6.0010376157992935
1856 7.108795603669794
1857 7.146920507296937
1858 6.462253612138364
1859 6.63225224873109
1860 5.838242710147433
1861 5.981242095522093
1862 5.7575207436017095
1863 5.2173885671334155
1864 6.53815578781179
1865 7.0267264666509
1866 6.26930693423015
1867 7.562507825605614
1868 6.429237399419065
1869 5.785375624177913
1870 6.640607431190934
1871 6.963836058877415
1872 7.101960169186361
1873 6.602651708674497
1874 5.70218193394435
1875 5.52729994298591
1876 5.998701165686914
1877 7.711173457813425
1878 7.400668615970142
1879 6.417651319947713
1880 5.466258401325097
1881 5.895597704813058
1882 5.402997312600846
1883 6.441925042812823
1884 6.7671973021868475
1885 6.521102817571035
1886 4.629252239883655
1887 4.437002087818527
1888 4.674137326644863
1889 4.78250452004199
1890 4.9400848956500845
1891 4.1707224631027255
1892 6.258240057201215
1893 4.688744519456848
1894 4.947815067193933
1895 4.8092349977159525
1896 4.687607353520937
1897 4.782605124245938
1898 4.980047323109653
1899 4.704146172558235
1900 4.955079458908742
1901 4.895406929920844
1902 4.759277587706751
1903 4.84911917003406
1904 4.531206942455932
1905 4.9849703892734
1906 4.768866628081564
1907 5.033797528916788
1908 4.432583237332903
1909 4.978665337290327
1910 5.728984384237258
1911 4.609594271702743
1912 4.745712667899235
1913 4.926919873219012
1914 4.818931371195138
1915 4.954292773702946
1916 4.8862401366935675
1917 5.3336408256892724
1918 4.884395442135872
1919 6.410588091016363
1920 6.884018704691666
1921 6.729676727867151
1922 6.350303530375125
1923 4.739045301600133
1924 5.873194140093232
1925 6.171782685491232
1926 6.813175873880597
1927 4.760530283548637
1928 4.554573032520624
1929 4.664710850480209
1930 4.719963587265708
1931 4.6826701080016555
1932 4.782224321866328
1933 4.589368386704511
1934 4.919867219512969
1935 6.326947515864771
1936 4.881764605778176
1937 4.7285378588493705
1938 5.225329931841365
1939 5.16326633620162
1940 4.508497240323455
1941 4.883814343306949
1942 4.697438229119764
1943 4.820939230112938
1944 4.699543213083089
1945 4.966732846616299
1946 4.681465584030566
1947 5.036504834106409
1948 5.5030442896548335
1949 4.589224463096052
1950 4.571260557045897
1951 4.601622817371199
1952 4.711315412317464
1953 4.897836569987335
1954 4.668584067342825
1955 5.834061295532075
1956 4.4954441979302215
1957 5.176556596919991
1958 4.635224029243698
1959 4.706119425236209
1960 4.744591100687799
1961 5.0143606284301425
1962 4.825611265535336
1963 4.727884923900013
1964 4.752862321541447
1965 5.572038031902981
1966 4.818342067486504
1967 4.814194857645964
1968 4.772309529252035
1969 5.061055266617944
1970 4.683295616985919
1971 4.868997532652802
1972 5.458734279669404
1973 4.504414176214384
1974 4.873906408097377
1975 4.733055090469643
1976 5.4660988371724795
1977 4.908498869986601
1978 4.935405180910794
1979 4.830972765137854
1980 5.885259933305693
1981 5.312729002210024
1982 5.104272524047748
1983 4.936959829932024
1984 5.172566268200526
1985 4.401885450873624
1986 4.95293817909873
1987 4.536510274897121
1988 4.912814384447675
1989 4.612607758483648
1990 5.654031747368134
1991 5.308829688673124
1992 5.858234013482858
1993 5.6158498126993095
1994 4.909789123370764
1995 4.87153512972338
1996 4.609868971698722
1997 5.745078216514832
1998 6.264444911822563
1999 4.933128276162891
2000 5.663976024030176
2001 6.770654005651329
2002 5.436803681373529
2003 5.076890034163278
2004 4.557612266042937
2005 4.6640805865652375
2006 4.907944117951702
2007 5.402683906388951
2008 4.576960802657516
2009 5.0512618045197835
2010 4.404333222885386
2011 4.761033455178351
2012 5.622582337164058
2013 4.835414004263858
2014 4.812626349612675
2015 4.817091503084128
2016 6.020228852175021
2017 4.797252079944383
2018 4.718353765472815
2019 4.87052620618896
2020 4.920983606137219
2021 5.098790850982057
2022 4.733168198147183
2023 4.910229788036718
2024 5.044389888676483
2025 5.892605692773517
2026 4.517302589566539
2027 4.581459534010898
2028 4.693530816893309
2029 5.159698184461243
2030 4.7389787236737915
2031 4.783057970808926
2032 4.968411048191801
2033 5.277771228490602
2034 4.638751107192162
2035 4.98266253969978
2036 5.391657272126028
2037 5.1683246276304
2038 5.018552499009745
2039 4.977819758261398
2040 4.8899920924459295
2041 4.65643589548042
2042 5.254234206823217
2043 4.962598416264323
2044 4.8577645576104365
2045 5.367387203013371
2046 5.625949832100699
2047 5.045859229694748
2048 5.15574908564106
2049 4.77229128887272
2050 4.795049244559377
2051 4.896151169213416
2052 6.7180605052327795
2053 4.634109642536916
2054 4.368114975772849
2055 4.895013355496804
2056 4.241582145486048
2057 5.1479784194550176
2058 5.005401788308796
2059 4.89501983368924
2060 4.864302429442315
2061 6.032887673593463
2062 4.732002092118377
2063 4.740569904183382
2064 5.846678200305007
2065 4.6916793365967955
2066 4.937086790510291
2067 4.719111231748734
2068 4.8762020296392325
2069 5.987544975705083
2070 4.792276922193828
2071 4.964260278267508
2072 4.729310637540207
2073 4.3828541853442236
2074 4.252083494514373
2075 4.826045521582784
2076 4.369238586588038
2077 4.786062784184238
2078 4.756772835234804
2079 5.700450147685634
2080 4.7614390307596635
2081 4.732643459505145
2082 4.801576351617631
2083 4.396295585894852
2084 5.056929897796717
2085 4.612978072921193
2086 4.875063751251303
2087 4.533962553137293
2088 4.787269625688729
2089 6.0350449635892485
2090 7.197038690849444
2091 6.483473379105854
2092 6.339888949436072
2093 7.016010842059427
2094 6.098310309588049
2095 5.524102758104892
2096 6.397904284446601
2097 6.611750837774712
2098 6.185958577999539
2099 6.176556229571628
2100 7.139268183693014
2101 5.874387630956878
2102 6.2384458715779765
2103 6.028680375725893
2104 5.905825152936293
2105 6.269495911945856
2106 6.21272263306028
2107 7.271249368695938
2108 6.893505032638386
2109 6.831693523978483
2110 6.851516670770146
2111 7.203526071781741
2112 7.0225886482914905
2113 6.612342281702829
2114 6.436369484125715
2115 6.800446379990253
2116 6.385692810680228
2117 7.125198990937021
2118 7.559858959123606
2119 7.733348725448133
2120 7.148420970679793
2121 7.317172828997761
2122 7.003760866292814
2123 7.536834757249635
2124 7.1865460795024605
2125 6.986587002659178
2126 6.903220460672872
2127 6.975491804479419
2128 7.934080987830371
2129 7.420597862181739
2130 7.7544142738196165
2131 8.5385067080203
2132 7.1203205057643855
2133 6.730726825999903
2134 7.478310089380992
2135 7.271435062521668
2136 6.515993404813446
2137 7.02882295239231
2138 6.147016375766681
2139 7.022131938522199
2140 6.358781336299681
2141 6.539465897916717
2142 6.697030656501522
