0 4.39646850132074
1 4.938256122445848
2 4.680136877797457
3 4.346820100233749
4 4.668845850358922
5 4.603125984901246
6 4.3363204868080745
7 4.795854742337846
8 4.521956559905286
9 4.6622495110802875
10 4.78079115032437
11 4.779951778839403
12 4.530761338903691
13 4.591963729530404
14 4.666459963337604
15 4.7075324263008635
16 4.469899492854643
17 4.3331027952597125
18 4.501306021958819
19 4.577559489349219
20 4.093117014978568
21 4.231757737411912
22 4.343799697057163
23 4.75274979284023
24 4.337216706186445
25 4.5376105915101395
26 4.797158906500663
27 4.567715226220746
28 4.470779883558584
29 4.53504453049136
30 4.205385966882024
31 4.60091124885147
32 4.298964279118482
33 4.361627105313853
34 4.4681224516439
35 4.607987810014909
36 4.343687244430819
37 4.694540421035676
38 4.19690806922529
39 4.142911496218001
40 4.884420433050534
41 4.615290082125588
42 4.2722199109668
43 4.498733817698359
44 4.334129987661952
45 4.26764446167246
46 4.4680926455372285
47 4.293187895362421
48 4.399027287397248
49 4.119542623737563
50 4.183549877104078
51 4.351345777388749
52 4.332169187043465
53 4.307424646434347
54 4.238533802623865
55 4.216614967171005
56 4.4672168375546155
57 4.246372867801158
58 4.3699056764869
59 4.390047973672051
60 4.465987087985353
61 4.03276509559541
62 4.264621289321759
63 4.569754399849711
64 4.161722399760712
65 4.001034213478858
66 4.453986215033487
67 4.4098043950945405
68 4.05967925002341
69 4.5726748790431335
70 4.183378955085336
71 4.483204632560551
72 4.808926969907912
73 4.524289497766631
74 4.555064367228504
75 4.239746550348224
76 4.442178276272205
77 4.23512788735325
78 4.577464157107034
79 4.235631946312727
80 4.139320647615201
81 4.140196524441565
82 4.558050908688632
83 4.303692120258678
84 4.344816548992621
85 4.337936980483959
86 4.225718301261907
87 4.262461833658277
88 4.6485931845244775
89 4.603070980233262
90 4.14778040627665
91 4.220207602315268
92 4.533845442394975
93 4.497262445131224
94 4.569340666034235
95 4.388305182259767
96 4.554331625495138
97 4.371848481262027
98 4.306585808865368
99 4.66267260035265
100 4.679364588702927
101 4.295279018848571
102 4.6628412768144445
103 4.327174168656086
104 4.743339131992542
105 4.199501206530446
106 4.582266777787543
107 3.9759912453843484
108 4.4739037797214705
109 4.149946654088392
110 3.3728972564162687
111 4.316738197310033
112 4.377394506794755
113 4.860142105835831
114 4.375625539753478
115 4.152238792787197
116 4.609416796533331
117 4.133848298247007
118 4.201083550766275
119 4.340778441274798
120 4.1998076750101
121 4.246930932953615
122 4.3976306975121995
123 4.421381217701239
124 4.409380463689031
125 4.3554468093226895
126 4.592434850123339
127 4.0069682912504305
128 4.255863402177815
129 4.409462259027912
130 4.632110652826905
131 4.359274177621046
132 4.241278893548261
133 3.8950089714605456
134 4.477123748730821
135 4.2228400086703894
136 4.0747273425552875
137 4.237868965581228
138 4.1277420258324575
139 4.3379438992475245
140 4.626903982138101
141 4.108161236944818
142 4.580779376744216
143 4.3778448874193625
144 4.39430770274733
145 4.482715636767953
146 4.17020852402962
147 4.434107910565055
148 4.717846130069889
149 4.643713279611207
150 4.220806271584995
151 4.50123169958805
152 4.486081099154239
153 4.577137466959382
154 3.586246371665143
155 4.419549705526835
156 4.437319762765184
157 3.5340817975169543
158 3.6597071279468834
159 3.6826014461593304
160 3.9977101553573626
161 4.161941592955155
162 4.137463349314903
163 3.79615680705017
164 4.170189017599694
165 3.9277478799047074
166 4.192550069268908
167 4.002633797502528
168 3.9027242759860163
169 3.839184543690317
170 3.851252922160724
171 3.983146530289769
172 3.804834235503247
173 4.036811840592753
174 3.9679666861527148
175 3.3952643239847276
176 4.287173445566913
177 3.607092415600527
178 3.7448619552512703
179 4.242124406443417
180 4.122477473001697
181 4.188338174163216
182 3.8505870556662773
183 4.346041347085517
184 4.050678882156374
185 3.8796568786564123
186 3.8246029822456937
187 4.669667102886478
188 4.2858008986194545
189 4.090755127770627
190 4.1885946045905325
191 4.484563807788908
192 4.460432858953337
193 4.50761230055565
194 4.585566991875219
195 4.034637041980352
196 4.009046945697028
197 4.048389610712956
198 4.160408245530298
199 4.744407766427081
200 4.240761207407208
201 4.256598842354489
202 4.422070182563077
203 3.772026715283333
204 4.145092224352337
205 4.211226818085255
206 3.8790189451900274
207 3.895003742239014
208 4.216357340637714
209 4.179417995305217
210 4.086415541621769
211 4.409451805335735
212 4.338591994589789
213 4.69311310688929
214 4.042798110381581
215 4.084265885595622
216 4.318330092154549
217 4.228340166507816
218 4.106744030504271
219 4.775178797744782
220 4.162406331678445
221 4.83595956232124
222 4.07282506027376
223 4.470775182406269
224 4.39771565520252
225 4.481636738937397
226 4.4900985105833
227 4.149833181307703
228 4.5526093760393165
229 4.197073472421986
230 4.268423855593382
231 4.276528004047119
232 4.25744329936435
233 4.597699738324237
234 4.114064239825358
235 4.665251670275215
236 4.523459347621703
237 4.504623463631618
238 4.37642846080874
239 4.408325959435987
240 4.594373425618562
241 4.3319858728133385
242 4.407904825993164
243 4.260897610839096
244 3.9730382536473354
245 4.440502413623869
246 4.64658639543779
247 4.497394862080583
248 4.154277732217889
249 3.4574207113086097
250 3.774880009474887
251 4.197463287283878
252 4.554180503253204
253 4.2315106113617595
254 4.056995229139523
255 4.258305031024692
256 4.1709797040726615
257 4.020431017833401
258 4.457940911937371
259 4.594688904018326
260 4.115405868670087
261 3.6079430054975137
262 4.287054740637787
263 4.599201634297554
264 4.501272193546999
265 4.26659527071529
266 3.9753227508379703
267 4.2047522543022815
268 3.799616119326514
269 4.253109525695982
270 4.345621871167447
271 4.418727451541392
272 4.574830445477944
273 4.166152633407499
274 4.354361766972724
275 4.312709602890177
276 4.2721108804936225
277 4.2227400283898
278 4.351668905025816
279 4.016650612587432
280 4.349119368815586
281 4.231289365312899
282 3.9216395182189894
283 4.3779171571904785
284 4.403756614638041
285 4.123066720922511
286 4.522864183346173
287 4.098311757500585
288 4.132342388015448
289 4.114803635569653
290 4.617907850317099
291 4.064813703613772
292 4.069037608216504
293 4.603946100267273
294 4.357877930951934
295 4.1613789693374015
296 3.7613465288063046
297 4.135173449986429
298 3.907762440546491
299 3.243005420764728
300 3.865799739702255
301 3.5984870273915575
302 3.9127911019431036
303 3.8453658534381057
304 3.266837345197079
305 4.604368153620892
306 4.203522486024231
307 3.8136118070051697
308 4.239041494292563
309 4.0270509680902045
310 4.035698656673064
311 4.0216503239356225
312 4.043533640761364
313 4.648789561247864
314 4.0635052523675395
315 4.391863374935165
316 4.077223844000992
317 4.150900342500784
318 4.090982882457414
319 4.201092437273886
320 3.935323743513092
321 4.159776883047756
322 3.975122968266289
323 4.011232354201201
324 4.4746359408464595
325 4.299490640278619
326 4.281976489055129
327 4.290781703567375
328 4.201283467500301
329 4.2304907616108265
330 3.9589010214848614
331 4.172648885056013
332 4.530071416381516
333 4.098300340455653
334 4.365860765064415
335 4.121986922151102
336 4.149311183428078
337 4.617944396100886
338 4.253403034541462
339 3.993038437437066
340 4.335216522959938
341 4.420193017639282
342 4.128220432699584
343 4.087281655421496
344 4.423674986660179
345 4.465706252810782
346 4.474901679822987
347 4.2015634804589705
348 4.155974362760247
349 4.050128842243469
350 4.163492459295388
351 4.4402473104154
352 4.323459713608972
353 4.335399932666622
354 4.16434481157137
355 3.9537712941940715
356 4.513541134786586
357 4.258699704640645
358 3.9841704590002065
359 4.399900645087333
360 4.329380928031444
361 4.164729445586098
362 4.322835146670043
363 4.230210975065123
364 4.294068700550086
365 4.276616210502905
366 4.051522463927906
367 4.084029200297474
368 4.024248336748023
369 4.3050279752080645
370 4.191293289843206
371 4.061102321975412
372 4.258661165715372
373 4.292748652837297
374 4.4725963174602725
375 4.161500623066441
376 4.447104793254128
377 4.319559311527805
378 4.300526308420799
379 3.936832048030269
380 4.43766228692965
381 4.191106519474932
382 4.068989944042253
383 4.268086069671266
384 4.296990823561306
385 4.0895927912293715
386 4.674277721357854
387 4.112678761661953
388 4.725452671528305
389 3.9801873239174315
390 3.911573528903736
391 4.471897420253645
392 4.50981793417587
393 4.373680112538435
394 4.05413885488366
395 4.128160513543953
396 4.438255360152397
397 4.202962634595745
398 4.366926186666696
399 4.606919573196844
400 4.183484638625691
401 4.324819923963314
402 4.373536633194705
403 4.688525837351794
404 4.3535037185593115
405 4.460935312787163
406 4.996464416656985
407 4.839975877169531
408 4.32780543144435
409 4.88766219982723
410 4.822123987113809
411 4.878923873319383
412 4.714273951481929
413 4.3875162700873105
414 4.622375040806239
415 4.215791030556462
416 4.4915779077477
417 4.703256343200306
418 4.238985717669901
419 4.291432725307076
420 4.381320999712148
421 4.14430193490881
422 4.471142228554958
423 4.7658801764333365
424 4.1141003069571624
425 4.342563871687347
426 5.330218936960344
427 5.321168722401598
428 5.828970526207793
429 5.379324117609568
430 5.450081811650586
431 4.680807943654098
432 4.563702423507745
433 4.735967930098345
434 4.578708778648206
435 4.66642967262742
436 4.312031160694835
437 4.73897580036368
438 4.616429822460559
439 4.454113457969612
440 4.328669820437623
441 4.5089104205827395
442 4.2860762488119635
443 4.205811997820008
444 4.211427069763926
445 4.4164504819459545
446 4.477258365052663
447 4.107218712853176
448 4.169638713002582
449 4.4221976062574155
450 4.406469035348248
451 4.448893613063678
452 4.4730909427189465
453 4.463060257873754
454 4.447011539043603
455 4.3397111828641135
456 4.772962626197999
457 4.763975965816275
458 4.49002183717213
459 4.450168021612608
460 4.3296365830007995
461 4.475628985935113
462 4.175764175786929
463 4.539115262643996
464 4.74646711721389
465 4.4800806564752795
466 4.254046723180537
467 4.594675651573695
468 4.298550123369849
469 4.223807829091196
470 4.722047223850357
471 4.123381839402896
472 4.0015121174927275
473 4.535446384179786
474 4.58434801194288
475 4.175642425789306
476 4.244626111579182
477 4.608871043970217
478 4.479803692171396
479 4.398343903461537
480 4.718310496795965
481 4.219872389834898
482 4.30505723248726
483 4.331852707787085
484 4.715344929603506
485 4.076893956829269
486 4.135634694317469
487 4.53564941675876
488 4.464220005886555
489 4.282287569708274
490 4.553045568732459
491 4.146595108316212
492 4.655591121579565
493 4.654948881061443
494 4.447179632059293
495 4.511272971889329
496 4.501504031706535
497 4.307454595863636
498 4.301048800770532
499 4.540820003878612
500 4.127069624489421
501 4.490663519229214
502 4.650943461342756
503 4.319916141013674
504 4.555437451070742
505 4.659774272124519
506 4.803867145378259
507 4.564677003218151
508 4.294383159288388
509 4.3076277917944825
510 4.5886031014582604
511 4.254573735864672
512 4.350600735618826
513 4.488149154385582
514 4.442242741813036
515 4.524816818009471
516 4.301620707906922
517 4.263393184674723
518 4.578354612680739
519 4.408558786643898
520 4.447692138866573
521 4.304523149495242
522 4.73913037172704
523 4.338782843133038
524 3.7755931305915302
525 4.39010396959285
526 4.243914882030984
527 4.336064270777312
528 4.710170450593652
529 4.226622973509819
530 4.449863185095895
531 4.594088738566963
532 4.648130316414059
533 4.306318516163399
534 4.5847347748064795
535 4.672630787270698
536 5.1697132167093
537 5.481539835873776
538 4.349878308035241
539 4.640039835566237
540 4.475495498028493
541 4.39487521990391
542 4.591766393523374
543 4.1996931687029075
544 4.438991971232022
545 4.32533490374681
546 4.164529508778336
547 4.280724295116564
548 4.7852830624405245
549 4.45754188490903
550 4.124753777873623
551 4.432974314343481
552 4.3397084632928316
553 4.214446306366731
554 4.747006896155962
555 4.14534107231702
556 4.491748193421821
557 4.410625030096053
558 4.603256896366213
559 4.092729854709476
560 4.476306112557163
561 4.3065602959909
562 4.648005345396955
563 4.544758771659039
564 4.389105053370341
565 4.1625748595125724
566 4.250234418721566
567 4.311686359049778
568 4.8726594259867895
569 4.416093265947968
570 4.6692487934025975
571 4.992514226852171
572 5.321530249804794
573 6.07878067800136
574 5.133222760850755
575 5.413553338899596
576 5.799483993959492
577 5.949089034146398
578 5.64280077232168
579 5.72179157403423
580 5.5868165281863655
581 5.441906194973478
582 5.821397856281393
583 5.777684169291407
584 6.022074576711444
585 5.546181530618087
586 5.848218800465689
587 5.778907919962802
588 5.886124454815394
589 5.70736600749395
590 6.158978678402508
591 5.878345677073416
592 6.048199438039884
593 5.883382831868568
594 5.6828815743540835
595 5.925599725415717
596 5.2610629753238785
597 4.954568117476544
598 4.536324073546562
599 4.836090852113664
600 6.321303504583079
601 6.389573379019144
602 6.7252258002259016
603 6.279781599160251
604 6.328542967066551
605 6.5550953122224636
606 6.215974653692512
607 6.490390490141417
608 6.663511743712198
609 6.365761151531269
610 6.093242409402551
611 6.330525967170951
612 5.742255871170552
613 6.991151943174881
614 6.374127028873497
615 5.820290001290795
616 6.066698221753731
617 5.761073123450531
618 5.360978910322728
619 5.776125991073375
620 6.454498279273163
621 6.436675145139133
622 6.7502019214140025
623 6.680827823232934
624 6.381589344390571
625 6.387937639718889
626 5.9828781724063465
627 6.247877371388784
628 5.831818494120712
629 6.116739289266917
630 5.487560107208944
631 6.358203336160072
632 6.279832714078997
633 6.130339827210505
634 6.081589418016843
635 7.003382992170045
636 6.342286846784195
637 5.951016817830236
638 5.935673186477561
639 5.198807977882255
640 5.614792554000779
641 5.570113730480553
642 6.052211037552558
643 5.272818794075954
644 5.7868743031346
645 6.218458539057076
646 5.910876840999366
647 5.820787683374421
648 5.401940579300441
649 5.3895815174722985
650 6.037218108218357
651 6.1595932734582854
652 5.835627162067584
653 5.8012578189440225
654 6.423638046852666
655 6.139620343222894
656 5.7883569843034035
657 6.04285217043648
658 5.722836533626331
659 5.616089221707408
660 6.185072679070033
661 5.743144863968928
662 5.792909713009519
663 5.768680906638679
664 5.542903121530774
665 5.851558705221578
666 4.515915058719923
667 5.360175191778518
668 5.603179957804981
669 6.110752521177002
670 5.845436366264178
671 5.252303657111572
672 5.522650427022095
673 6.061961862202099
674 5.418143552445153
675 4.1854431444137825
676 5.607202858009712
677 5.37078016796225
678 5.016448904404137
679 5.633259164802618
680 5.947382865077167
681 5.302562198386536
682 5.504292650739087
683 5.4579558347051815
684 6.341704744506757
685 5.687596683955016
686 5.472832109652828
687 5.707309511353459
688 5.74360102425915
689 5.987804385815421
690 5.868332857491944
691 5.734184762965235
692 5.4529406492115
693 5.435358106581113
694 6.113414756317114
695 5.625588633806001
696 6.065188364601952
697 5.747545208663885
698 5.55861619150432
699 6.2315047317118575
700 5.605156732139533
701 5.517117741250909
702 5.235387925775216
703 4.99444572540245
704 5.479531949489669
705 5.425851596316491
706 4.607269120514058
707 4.642652932906555
708 4.334081840304216
709 4.53883095966715
710 4.961623069714476
711 4.466735993515963
712 4.543614656894884
713 4.282480641730972
714 4.649861441086431
715 4.3859233623402325
716 4.479031347135388
717 4.481578284773535
718 4.251792476108075
719 4.369594281621008
720 4.381880293675496
721 4.491980807552126
722 4.040550676040507
723 4.492991703875103
724 4.693501217974363
725 3.98608235341807
726 4.3914771003464095
727 4.8309159402978255
728 4.761609573727417
729 4.386603224084371
730 4.306086502249268
731 5.269145456020935
732 4.689336671793028
733 4.558891727689541
734 4.446585601768116
735 4.501286971544292
736 4.324025579466844
737 4.316625866221889
738 4.6490877815404
739 4.4040187433466444
740 4.549458513627053
741 4.640037600575173
742 4.597038162090963
743 4.499066170429543
744 4.444146499857942
745 4.601245497849208
746 4.384804825740732
747 4.41152511374002
748 4.731339872802277
749 4.242505141651897
750 4.501551564615135
751 3.9575629674703054
752 4.027248184148815
753 4.27594054702152
754 4.8188592081620065
755 4.468542944100218
756 4.806405057550914
757 4.6097867404549655
758 3.9522267881370423
759 4.641288230033629
760 4.58686861830003
761 4.484477113658393
762 4.3776415052565625
763 4.603929069860249
764 4.612113213844195
765 4.315131504800234
766 4.291737164076917
767 4.279184522238624
768 4.391861102520702
769 4.214716004692988
770 4.71331795705918
771 4.217993507495739
772 4.522169599514513
773 4.319783722729296
774 4.278267983430179
775 4.485287143666187
776 4.719086401126875
777 4.667325164979768
778 4.212257681631036
779 4.925475597701749
780 4.431992004583366
781 4.172397669124485
782 3.95824320671627
783 4.485220118291337
784 4.601976504043966
785 4.407473808161604
786 4.23236335347816
787 4.687659877303276
788 4.558477356403693
789 4.6071581232523195
790 4.673349329927355
791 4.385130544943621
792 4.58961206487377
793 4.469491244476769
794 4.423034668812921
795 4.1154774803891865
796 4.65340206771165
797 4.627630042710112
798 4.677273998533825
799 4.6101084932579806
800 4.281868552667687
801 4.24507614448986
802 4.548320541949859
803 4.390420811931464
804 4.4392534102235315
805 4.144262763672023
806 4.608490415964369
807 4.242379008040174
808 4.7105716922879095
809 4.404332759158431
810 4.37105271647005
811 4.613946921001371
812 4.353262414355967
813 4.6403549771553525
814 4.848046711090903
815 4.498877634656373
816 4.4693181471536665
817 4.484749412554275
818 4.472534740104794
819 4.6136615001321255
820 4.043468799452536
821 4.368121814949415
822 3.9975967971777444
823 4.437151828017351
824 4.627725886443939
825 4.254304375978311
826 4.684585799112795
827 4.363621039376021
828 4.439645000630482
829 4.282477273927283
830 4.712149519192144
831 4.5990428444891736
832 4.5079795504633
833 4.4748624911127655
834 4.216996310332431
835 4.0853534808972425
836 4.4965796444150685
837 4.707520717281098
838 4.415124557507916
839 4.405731440379498
840 4.70779242735803
841 4.193212659569798
842 4.478850719074089
843 4.339054343141509
844 4.688929888101793
845 4.633796458788301
846 4.498885596631342
847 4.28420703793127
848 4.430957061512083
849 4.473747315061736
850 4.285289535147629
851 4.515924974528137
852 4.6200204255778035
853 4.2947977393245855
854 4.215204879775307
855 4.210014405138333
856 4.257462717245751
857 4.755607334799444
858 4.244381363593649
859 4.7600002686420035
860 4.585049552781688
861 4.3527483858307
862 4.484565650200565
863 4.301945878644004
864 4.203374029974635
865 4.600061196162957
866 4.254362418855894
867 4.582884165948981
868 4.43571282601627
869 4.558148243249704
870 4.360213893174191
871 4.034889545219432
872 4.534703082362047
873 4.230309873320764
874 4.4847933041065495
875 4.495057866727509
876 4.388615009778621
877 4.301750363238981
878 4.481185701130531
879 4.752065952351901
880 4.656140872505061
881 4.6759670669680125
882 4.5543071812817795
883 4.634026853871284
884 5.950682180322215
885 5.531161189552835
886 5.816491137573822
887 5.64281964090257
888 4.183079265910704
889 4.167614465436439
890 4.6274700774166675
891 4.431078350745606
892 6.23100968376898
893 4.994252116339572
894 3.9584739732792666
895 4.26454705079637
896 3.7190481780765907
897 4.028253075717169
898 3.892637564599886
899 3.7465852469548455
900 4.405697704898688
901 4.649639120792314
902 4.287872373535434
903 4.581422872447051
904 4.596051061122792
905 4.722036479953185
906 4.550790427156838
907 4.582329027291592
908 4.539552920022714
909 4.581638698450959
910 4.963319291197908
911 4.5568061722136575
912 4.7101066117064025
913 4.361988815983834
914 4.282867152146074
915 4.476317212892411
916 4.5972194551812455
917 4.443058505833927
918 4.396393665916676
919 4.703469647177221
920 4.410790142546903
921 4.687132184733487
922 4.511724325496601
923 4.294152809112012
924 4.720305287671692
925 4.717539690184139
926 4.366045400199617
927 4.204895252621689
928 4.617287831081277
929 4.1656375603692855
930 4.137206584005255
931 4.6499414600406475
932 4.612313658754205
933 4.913533163570236
934 4.376584036255178
935 4.744219266109336
936 4.277898242191149
937 4.547809075767548
938 4.093266787576637
939 4.112154970543111
940 4.397918569589198
941 4.580520677402188
942 4.020044348505363
943 4.327377804079893
944 4.605467786571708
945 4.340169280971016
946 4.024944655984834
947 4.583849320676786
948 4.48030692433173
949 4.3900313355394465
950 4.320087394946981
951 4.358269429563875
952 4.55056674736066
953 4.370654488451965
954 4.336343098923793
955 4.503946129895599
956 4.524747530662709
957 4.214571481781173
958 4.302052112366314
959 4.353657610919059
960 4.448359537884275
961 4.287825221273482
962 4.409888461089783
963 4.356312631594584
964 4.2987644130863325
965 4.314248049640344
966 4.609112140187706
967 4.158941887427592
968 4.549797225667024
969 4.211232780868807
970 4.286156170109508
971 4.569741544100986
972 4.5374487536715655
973 4.521433314425085
974 4.606737316708423
975 4.35258148244114
976 4.567657823314755
977 4.858285432776591
978 4.648160866852256
979 4.636498852527648
980 4.2310320476449235
981 4.5922915404362055
982 4.528736368456871
983 4.327353527143928
984 4.554902183388926
985 4.250994942068264
986 5.334591837627833
987 5.7134968242232524
988 5.744427512952338
989 5.366998311678316
990 5.482988383848208
991 6.145366831086093
992 5.873807632016776
993 6.099848518588458
994 5.3878248717288395
995 6.511900685410789
996 6.723441254047662
997 5.970067688125114
998 5.729297804800937
999 5.783910494346757
1000 6.409607974420018
1001 5.604004614006371
1002 5.941781032807165
1003 6.086894791168748
1004 5.874395244042671
1005 5.482688442098948
1006 5.903583174273211
1007 5.928133432415074
1008 5.531089660443709
1009 6.083836324095566
1010 5.3708045375580795
1011 5.862826092907813
1012 5.841752909963019
1013 5.3639643127953684
1014 5.716940362913177
1015 5.910535523297326
1016 5.817618446656552
1017 5.818830801204052
1018 6.159195826476346
1019 5.077904335164796
1020 5.631195497336647
1021 5.412421539114359
1022 5.535789562132042
1023 5.321121403464261
1024 5.741853054560821
1025 5.853266993509287
1026 5.3944740462720215
1027 5.547479647303636
1028 5.649210816756606
1029 5.371086326063462
1030 5.68094942517867
1031 5.893570449700846
1032 5.961238294009444
1033 5.7660572233301135
1034 6.293887393399598
1035 5.891501370741987
1036 5.650775116768831
1037 6.6471945148646085
1038 5.823660469041158
1039 5.173751217366723
1040 5.41576226619116
1041 5.749602993127916
1042 5.671589962937058
1043 5.495125868320784
1044 5.402266374607517
1045 5.424974697153135
1046 5.26330120495097
1047 5.695178066997459
1048 5.293574921491086
1049 5.322944330065486
1050 5.277153155771988
1051 5.418996684446761
1052 5.8414006589727565
1053 5.528865324289643
1054 6.266406722208364
1055 6.047357256755476
1056 5.661527980644595
1057 5.387856941609839
1058 5.510316714820942
1059 6.312781627816308
1060 5.9006927046944
1061 5.748294677075714
1062 6.059012078916928
1063 5.729629283445067
1064 5.7559292240195905
1065 6.2251728792055285
1066 5.8244292937817175
1067 5.871256950101592
1068 5.515926866727846
1069 6.053096389704887
1070 5.6335122844101
1071 5.44197513081311
1072 5.297499337891593
1073 5.576227708483624
1074 5.117025857797129
1075 5.6888987859268525
1076 5.863288289804658
1077 6.279712439335208
1078 5.497063785804322
1079 5.548467500648282
1080 5.680106171405807
1081 5.575013275062406
1082 5.458251315207002
1083 5.613802547360491
1084 5.781329041210353
1085 6.197372659050674
1086 5.69123977463435
1087 5.804736714464056
1088 6.282697361283132
1089 6.026241192537591
1090 5.881362374410908
1091 5.9941891809419126
1092 5.8060275759010045
1093 5.795889928084605
1094 5.756553080981213
1095 5.759515570464419
1096 5.8003878350110805
1097 5.702802690317936
1098 6.018652621933032
1099 5.767635734873242
1100 5.264811847650127
1101 5.8507175781203244
1102 5.887992616680638
1103 6.30790398736025
1104 5.739701210512972
1105 5.811527510205756
1106 5.225804816367395
1107 5.881203768899764
1108 5.269786302720187
1109 5.243959318668913
1110 5.029468970118944
1111 5.0496810130482634
1112 5.255615081095678
1113 5.253669653569258
1114 5.263848280937631
1115 5.532430259582786
1116 5.423087849492774
1117 6.195009372578741
1118 5.74890946717069
1119 5.557346983217138
1120 5.892099305128672
1121 5.2326228522773715
1122 5.602569449305891
1123 5.926604842921219
1124 5.29588128152137
1125 5.3696116174255994
1126 5.907352991689482
1127 5.603659855808207
1128 6.000885229763174
1129 5.760722407446356
1130 5.150717380686663
1131 4.988276862224386
1132 5.250760929339141
1133 5.514197775741999
1134 5.533258481069874
1135 5.256456261401841
1136 5.560822358318898
1137 5.493759111996547
1138 5.407314760197743
1139 5.517366573552399
1140 5.325805496999457
1141 5.046297479202747
1142 5.176459810373684
1143 5.605456311166409
1144 4.1716177757297395
1145 5.407915910594582
1146 5.674476281868568
1147 5.680345501657949
1148 6.48412266197614
1149 5.404182190280424
1150 5.558881546514461
1151 5.390674901697285
1152 5.778483562609665
1153 5.489941916001631
1154 5.258682670620971
1155 5.48279747939428
1156 5.619841009186899
1157 5.558886738956979
1158 5.572390763524862
1159 5.8882440611734
1160 5.551862168711896
1161 5.34890931392886
1162 5.592779630852952
1163 5.878417350172171
1164 5.455110086256324
1165 5.639833937849986
1166 5.492217752868797
1167 5.6382157121400285
1168 5.302644061160731
1169 5.547197181683362
1170 5.3416033955729665
1171 5.596310292091791
1172 5.875083984765303
1173 5.163206521409055
1174 5.242212241440394
1175 5.297047011049228
1176 5.508093577401888
1177 6.041089128079467
1178 5.476570181343863
1179 5.478444105769898
1180 5.598080004237106
1181 5.829670237762665
1182 6.036629840580242
1183 6.729986795391386
1184 5.551205292766453
1185 5.2587691304733575
1186 5.689252352355995
1187 5.299768745137641
1188 5.57001244780168
1189 5.465715839087426
1190 5.238831255986351
1191 5.778019364720287
1192 5.030062184327627
1193 5.308727923015229
1194 5.505123649717126
1195 5.653190923027133
1196 5.840108460406475
1197 5.469429792338264
1198 5.602281950638673
1199 4.886666098048794
1200 5.85059809904969
1201 4.735297880480408
1202 4.923571313279728
1203 5.4623197031357735
1204 5.713073667802665
1205 5.506892544612046
1206 6.133314824414961
1207 5.797905085914279
1208 5.658347134367832
1209 5.15287413614644
1210 5.719310838101725
1211 5.318936664244005
1212 5.9725354723419635
1213 5.256534084177292
1214 5.2815445516023765
1215 5.679154733055517
1216 5.556601980268709
1217 5.396161957066149
1218 5.062604394027796
1219 5.109883122661227
1220 5.197479640421856
1221 4.684897458890574
1222 5.748885264529083
1223 4.942995422866451
1224 5.82673301838993
1225 5.666726031670143
1226 6.232416064813466
1227 5.1927704747953864
1228 5.173735830736813
1229 5.312689853118771
1230 4.933499337876706
1231 5.714616621067624
1232 4.907268840198718
1233 4.9432890427512985
1234 5.400886328808426
1235 5.615883129193189
1236 5.254445906690438
1237 5.611079449200279
1238 5.557019234253576
1239 5.6411099797069975
1240 5.3036250661902145
1241 5.247984027568456
1242 5.354471507452326
1243 5.322561978142556
1244 5.38260637465033
1245 5.1881938430157994
1246 4.737794442348162
1247 5.137362152886825
1248 5.187764444238558
1249 5.79432135396999
1250 5.211614229000591
1251 5.1571278508261145
1252 4.859080090505385
1253 4.975614615404652
1254 5.768452872154315
1255 5.176354693840354
1256 5.513731027467198
1257 5.868903294059506
1258 5.316576143467987
1259 5.543481188787129
1260 5.425750182780652
1261 5.585279439586886
1262 4.978998577370538
1263 5.391638246569215
1264 5.260402931738059
1265 5.412858251440365
1266 5.29298317705605
1267 5.5626451656817
1268 5.256748023285517
1269 4.863489250133506
1270 5.6856638831524196
1271 5.669727196031385
1272 5.110191738080061
1273 5.268052426449779
1274 5.405928022835838
1275 5.318874873366094
1276 5.828271402114026
1277 5.584182434121957
1278 5.610743241042147
1279 5.239093352956677
1280 5.089866912240509
1281 4.760460913510465
1282 5.639523737214697
1283 5.807101868514537
1284 5.3871893931888915
1285 5.761819369959966
1286 5.66783007866919
1287 5.491584169098576
1288 5.07979462956804
1289 5.6585109998242435
1290 5.485832274794878
1291 5.931500673092338
1292 5.549077603334576
1293 5.319808762791224
1294 5.74290882474019
1295 5.5036434016865545
1296 5.627157423266676
1297 5.566017985539309
1298 5.617151175972524
1299 5.9600469316517115
1300 5.063974326249101
1301 5.819051423753032
1302 5.197672371338265
1303 6.133347122459479
1304 5.501535719040969
1305 5.571998714995497
1306 5.444057716462291
1307 5.236064639262523
1308 5.422468543127313
1309 5.698118291668433
1310 5.472097443566425
1311 6.1528245548127725
1312 5.555052775272444
1313 5.450665024388925
1314 5.530448222335407
1315 5.1161660715577755
1316 5.218848122692987
1317 5.120630010513983
1318 5.3118248096738645
1319 5.139217778694395
1320 5.3806160353975745
1321 5.50825899567339
1322 5.206743615629219
1323 5.007086156911348
1324 5.012419997480457
1325 5.3248405092335735
1326 5.016306294464979
1327 5.426816664096849
1328 5.563985851199783
1329 5.434142098296058
1330 5.071712676316753
1331 5.216071951188242
1332 5.430157067570548
1333 5.7138564331311095
1334 5.726570170103398
1335 5.757981215225818
1336 5.646694984199959
1337 5.217384496190389
1338 5.044155735267676
1339 5.5016279415412574
1340 5.8632037591589965
1341 5.339394787842454
1342 5.592944658426681
1343 5.775755982350556
1344 5.0828627248520215
1345 5.638940401525148
1346 5.356039381367072
1347 5.490749855021573
1348 5.9103695575104975
1349 5.707938595070058
1350 5.654154902176821
1351 5.324695342548276
1352 5.422542235065329
1353 5.28708253189933
1354 5.461042742113387
1355 5.631544381055471
1356 5.176554591446091
1357 5.195181371326406
1358 5.785032124655933
1359 5.389835450718134
1360 5.8098516092800345
1361 5.402212236331774
1362 4.989150857921073
1363 5.359577729804552
1364 6.004610584846659
1365 5.237614864650719
1366 6.0205365695342
1367 5.35133105012709
1368 5.196127622513871
1369 5.463568934714494
1370 5.937517035103587
1371 5.649109089942195
1372 4.812691189631972
1373 5.2002813020962115
1374 5.03100650087808
1375 5.497568873171452
1376 5.295384052676173
1377 4.999374264752838
1378 5.388246758983372
1379 5.332223805704112
1380 5.140107376929587
1381 4.9118032861296115
1382 5.3667724988602625
1383 5.507604149842219
1384 5.143925120179203
1385 5.020911918397494
1386 5.733412995072212
1387 5.596880297403115
1388 4.670263548226759
1389 5.828596713291729
1390 5.6652892490366575
1391 5.723950806454506
1392 5.673886159607781
1393 5.618727806364949
1394 5.854795169029027
1395 5.584216361732763
1396 5.71730338973775
1397 5.431640304297524
1398 5.37499891404067
1399 5.858948753954235
1400 5.559672467125347
1401 5.580030279755148
1402 5.685576546428979
1403 5.203985003047649
1404 5.145460761844559
1405 5.330455872792608
1406 5.831418902251318
1407 5.651274010059433
1408 5.224142783915142
1409 5.523794911024781
1410 5.728010165242633
1411 5.562580956553572
1412 5.595891878431861
1413 5.461994599512097
1414 5.742480797237814
1415 5.205286514332284
1416 4.689382019463151
1417 5.399425753334024
1418 5.699352630305564
1419 5.856406885304905
1420 5.846077675264202
1421 5.218528301537759
1422 6.076131105377191
1423 5.932292976216731
1424 5.914043903349628
1425 4.852138152198971
1426 5.65644812711595
1427 5.341153343381738
1428 4.908362042110843
1429 5.846236278351891
1430 4.947810441857434
1431 4.939138948765202
1432 5.2789914928965445
1433 4.398641224233475
1434 5.20300592271121
1435 5.158470196491359
1436 4.971534322210141
1437 5.607878262742829
1438 5.452799072216111
1439 5.159045761160394
1440 5.344120044952105
1441 5.932838924726058
1442 6.328010863971809
1443 5.160976550231367
1444 5.4580186236471615
1445 5.313392826941952
1446 5.538194577312824
1447 5.745905025891375
1448 5.584709822559104
1449 5.1037243001440045
1450 5.242430588053817
1451 5.309948380031013
1452 5.721938432646613
1453 5.690734833370727
1454 5.302647054845027
1455 5.533023007369918
1456 5.624697535187647
1457 5.685436143831344
1458 5.4337715494852326
1459 5.395764469396317
1460 6.144018228012525
1461 5.366904116964087
1462 5.272659611691901
1463 5.268951794668902
1464 5.834260220569944
1465 5.447898458356296
1466 5.892347408244016
1467 5.802053927597244
1468 5.652876714642274
1469 5.464495775671135
1470 5.439656532355934
1471 5.5797716288223524
1472 5.070194672943977
1473 5.331333974037833
1474 5.231035485923484
1475 5.722425754705517
1476 5.686597051476051
1477 5.607957299988634
1478 5.5232818676270865
1479 5.4002832765484525
1480 6.038589201965119
1481 6.033057305611642
1482 5.887784382541512
1483 5.194304460282167
1484 5.559114067503063
1485 5.5969364142280895
1486 5.3135062399537
1487 5.573848279616553
1488 6.198038845003614
1489 5.209569370625326
1490 5.605188869966665
1491 5.666062622754908
1492 5.440538722278915
1493 6.092377650042474
1494 5.802900907440501
1495 5.496957254840571
1496 5.508630747168737
1497 5.662325218847072
1498 5.294725425229861
1499 5.515157442408655
1500 5.8476080634971765
1501 5.937141762362067
1502 5.424630328696369
1503 5.398706655766862
1504 5.816451611684685
1505 5.809533633326228
1506 5.456749076880765
1507 5.795123346962718
1508 5.656142706501522
1509 6.0006486867735696
1510 6.047802391855148
1511 5.643975599099319
1512 5.543716186837993
1513 5.597694201559652
1514 5.90916561679197
1515 5.536651201268714
1516 5.895376542340603
1517 5.326051563702877
1518 5.143335978897859
1519 5.190250799644893
1520 5.545980060925625
1521 5.625243294477509
1522 5.525604370191969
1523 5.747600898456749
1524 5.209915534999569
1525 5.418174213262409
1526 5.02615081168926
1527 5.406361905109876
1528 5.4811846257818235
1529 5.395558823105005
1530 5.676238724340876
1531 5.375271342104356
1532 5.932892163534737
1533 5.07612658066073
1534 5.160867121369717
1535 5.615363842355887
1536 5.29108661985791
1537 5.322644327531206
1538 5.300475412883579
1539 5.382185740133649
1540 5.393301034209995
1541 5.4163947673912824
1542 5.636741480395998
1543 5.473284035752689
1544 4.847563658435384
1545 5.437014686909599
1546 5.285191726586532
1547 4.737542053869602
1548 5.3387694275540865
1549 4.589834793243891
1550 5.373312851374956
1551 5.9502881713579345
1552 5.408874348593947
1553 5.2640762011918
1554 5.249138442989433
1555 5.096348517797569
1556 5.639264329662585
1557 5.4011935567794325
1558 5.51838935592753
1559 5.323531778734964
1560 5.480392176531777
1561 5.383179628825616
1562 5.074507265974122
1563 5.604476095690346
1564 5.327604972436963
1565 5.6131082743710525
1566 5.229570978336715
1567 5.355243560248224
1568 5.353384297642742
1569 5.702937496376912
1570 5.430357467087478
1571 5.299688486569021
1572 6.30331704978964
1573 5.782363646664034
1574 5.092454116207062
1575 5.640827069111067
1576 5.260121325713713
1577 5.640235031385008
1578 5.73128701939519
1579 4.912559360146495
1580 4.869547802829235
1581 5.3206154420757805
1582 5.632226516252367
1583 5.41901554949559
1584 5.482499543367567
1585 5.31453409768447
1586 5.383243914646885
1587 5.848336506725256
1588 5.903458408578585
1589 6.129190235037415
1590 6.035682327064216
1591 5.950755396222708
1592 5.315340902761337
1593 5.874071724175762
1594 5.68328548816433
1595 5.389765033049679
1596 5.494643666799028
1597 5.4220814162552236
1598 5.596074976714872
1599 6.069455772398143
1600 5.5869270123606745
1601 5.9476985507509035
1602 5.541573966831542
1603 5.835026658548365
1604 5.641136591966299
1605 5.27210140992549
1606 5.812004298270228
1607 5.697941237168567
1608 5.890205565704205
1609 5.389734141941542
1610 5.8150028621604095
1611 5.66732487919431
1612 5.55917363454016
1613 4.287149957977003
1614 5.479782931107961
1615 5.461472744660808
1616 5.708435868049237
1617 5.806462387648778
1618 5.927614027890798
1619 5.692811651942242
1620 5.396637226521548
1621 6.013934916910518
1622 5.488128811883305
1623 5.357018151504723
1624 5.511335113467659
1625 5.607691018718505
1626 5.771044765066756
1627 5.703285881388061
1628 5.593241734116642
1629 6.091914834825137
1630 5.5629349212014105
1631 4.2526873136478285
1632 5.503014116589818
1633 5.435674136945826
1634 5.885664282209915
1635 5.470775934492283
1636 5.651102415252926
1637 5.393031449048901
1638 5.661600234283823
1639 5.489704815644766
1640 5.516894844785376
1641 5.451674749381461
1642 5.141200793293624
1643 5.280808457630549
1644 5.339669522125361
1645 5.634960577682574
1646 5.740493430746174
1647 5.305546889339696
1648 5.404999882380902
1649 5.266960117025911
1650 5.108900378027676
1651 5.376169241440972
1652 5.122259799143678
1653 5.167357726616424
1654 5.431827406433147
1655 5.3862355157534765
1656 5.575573370789247
1657 5.052855070074956
1658 4.665142753667005
1659 4.985523471188088
1660 4.756123406886855
1661 5.829779055783876
1662 5.521047999861645
1663 5.802558451740345
1664 4.9747586741105385
1665 5.387637061376539
1666 4.765364505447823
1667 6.028473797163491
1668 5.553387435477665
1669 5.513936403570387
1670 5.337699598130535
1671 5.932495745757366
1672 6.16074026259286
1673 5.333836796485241
1674 5.576610047279143
1675 5.657326825272073
1676 5.969060669996601
1677 5.740752063918734
1678 5.29629963661243
1679 6.1012151714539185
1680 6.050219591168989
1681 5.635864459461554
1682 5.8357811756058044
1683 5.550847011299804
1684 6.062402955970112
1685 5.548624350128886
1686 5.728041660728466
1687 5.77893659875797
1688 5.408029302465423
1689 5.33939896432396
1690 5.500072658545484
1691 5.5755816951325485
1692 4.895713840673832
1693 5.708292600221182
1694 6.16138638316074
1695 5.916721170392
1696 5.791956187164812
1697 5.879295192424582
1698 5.989211785651081
1699 5.7857875870532665
1700 6.142073642920023
1701 5.340150637524395
1702 5.809076457480858
1703 6.122551581478416
1704 5.815690870268148
1705 5.725020488585749
1706 5.424729312309413
1707 5.6332538906754674
1708 5.920631712986198
1709 5.977769071483904
1710 5.255314737708797
1711 5.509440650406174
1712 5.643131815466883
1713 5.305385597856916
1714 6.122630411876877
1715 5.277435392095525
1716 5.474260315803914
1717 5.573991241985359
1718 5.954014662251903
1719 5.259186150600973
1720 5.3099524444641775
1721 5.49886265739748
1722 5.724995479861824
1723 6.301628976324726
1724 5.724508077960769
1725 5.534721155260988
1726 5.541366360237888
1727 5.776458966559355
1728 5.189698457428164
1729 5.537368048241292
1730 5.310675853802791
1731 5.697488384117461
1732 5.414045380518916
1733 5.683593311481662
1734 5.290690944940939
1735 5.382510887529121
1736 5.265783811627765
1737 5.5256290605844125
1738 5.828923986730258
1739 6.049092156409609
1740 6.007986604323483
1741 5.612690805119381
1742 5.753624394332878
1743 5.600973360433839
1744 5.4825327207316334
1745 5.29995852688884
1746 5.412312816417927
1747 5.548601018624067
1748 5.302779699044646
1749 5.353591308317888
1750 5.442570117424861
1751 5.738241111432035
1752 5.721073667459537
1753 5.293256625255408
1754 5.301497990068631
1755 5.5979261277475585
1756 5.362520359136822
1757 5.254074309942578
1758 5.6684997372748525
1759 5.261149483797396
1760 5.234316430309824
1761 5.831110932244106
1762 5.519557273883905
1763 5.423945148221864
1764 5.804981708965272
1765 5.294060168634276
1766 5.218432426993
1767 5.312971996145718
1768 5.563201254783676
1769 5.338246319702945
1770 5.849611991868639
1771 5.34615403427063
1772 5.6756449922721135
1773 5.999169115181067
1774 5.709422489754873
1775 5.620825065675272
1776 5.646284149647991
1777 5.479357056898031
1778 5.61435047211876
1779 5.309701851411008
1780 5.609144113695644
1781 5.75625129077347
1782 5.728150782723413
1783 5.656526416116879
1784 5.050671894765262
1785 5.671161696236297
1786 5.42703591162217
1787 5.617313966245531
1788 5.3731656344573695
1789 5.791262322125913
1790 5.781868078466465
1791 5.301918796004175
1792 5.399518788725147
1793 5.675589723893424
1794 5.878655031898153
1795 5.352595820147928
1796 5.457836485701427
1797 5.922482206872816
1798 5.401371407373184
1799 5.6095962972955
1800 5.480059327726589
1801 5.385997237150697
1802 5.884313368825762
1803 5.290181015815195
1804 5.275294905247377
1805 6.018346789033178
1806 5.453573031752846
1807 5.650242814735234
1808 5.48378458712353
1809 5.732410621913017
1810 5.7141719407652465
1811 5.25359583888735
1812 5.065647453329034
1813 5.748614467364014
1814 5.278022874547442
1815 5.354377639351942
1816 5.414132055792338
1817 5.5501540413994634
1818 5.451433842527633
1819 5.859435061604089
1820 5.1917258620321665
1821 5.65889204616076
1822 5.304962809421235
1823 5.248619397596132
1824 5.588632072356258
1825 5.041210554204793
1826 5.163866652800287
1827 5.6464236033063795
1828 5.828318429187503
1829 5.900103150305583
1830 5.042622428012811
1831 5.42588521461621
1832 5.643462726478602
1833 5.7229988261046305
1834 5.769651241442564
1835 5.6128938574964105
1836 5.470226416399396
1837 5.580210725766164
1838 5.469911322746691
1839 5.300657164202202
1840 5.502789563661798
1841 5.462490172410514
1842 5.160141776719159
1843 5.539960990464134
1844 5.244797926999199
1845 4.898160522728943
1846 5.5931869863149535
1847 5.7334015962437475
1848 5.515905334244799
1849 5.067883887475865
1850 5.703578874633865
1851 5.616746709787124
1852 5.350826620509121
1853 5.2572759854372215
1854 5.438146867225612
1855 5.602699803306697
1856 5.031474184933403
1857 5.394133463647257
1858 5.7612944871651095
1859 5.367118733546523
1860 5.678759235269308
1861 5.6983948906992445
1862 5.5615537646509985
1863 5.632688125275791
1864 5.6154691718081615
1865 5.256752367865179
1866 5.150622158111768
1867 4.960607725838177
1868 5.4339012392671115
1869 5.545931980631824
1870 5.725694960857332
1871 5.044159212093846
1872 5.2963007051533335
1873 5.36593001801237
1874 5.843674896868924
1875 5.31621336001537
1876 6.01527484354499
1877 5.499536206890311
1878 5.39311471661931
1879 5.262941196430523
1880 5.33955700116805
1881 5.158898179007391
1882 5.394093875857814
1883 5.703086286962632
1884 5.228693103297917
1885 5.212080965820951
1886 5.470920775537439
1887 5.642939275696306
1888 5.325338453009245
1889 5.597144658390605
1890 5.531748353489689
1891 5.852326244116728
1892 5.062438981072469
1893 5.8401351465512015
1894 5.49699359748919
1895 5.867060926388737
1896 5.601310091024104
1897 5.6628790749058915
1898 5.830189596810986
1899 5.476468980561617
1900 5.377354490132417
1901 5.142624973992509
1902 5.200147913458199
1903 5.706785347149649
1904 5.326642550619966
1905 5.161772911868858
1906 5.769350392246198
1907 5.209294326886919
1908 4.9651541757798086
1909 5.079197535271044
1910 5.209636671658478
1911 5.5224936971183975
1912 5.5822169879982235
1913 5.727447437449706
1914 6.109215404503853
1915 5.543412773224395
1916 5.71765377836402
1917 5.679740821580586
1918 5.716831203265292
1919 5.91465908590138
1920 5.765902411932084
1921 5.579679555251501
1922 5.6551792589328125
1923 5.775131899583429
1924 5.551851897457661
1925 5.309856670309545
1926 5.791850233227838
1927 5.523849353784275
1928 5.614341446701559
1929 5.564427524461301
1930 4.863558474987417
1931 5.80242965447189
1932 5.438241962541342
1933 5.768850283568449
1934 5.699686775409181
1935 5.970329347631214
1936 5.5486504028420125
1937 5.480309910678871
1938 5.224274316719056
1939 5.208552581685963
1940 5.948455806622521
1941 5.490812776579344
1942 5.680766371271336
1943 5.290904875462564
1944 5.001322981165149
1945 5.366276800432894
1946 5.594786885476857
1947 5.407396535447978
1948 5.3047853754027265
1949 5.538000458240411
1950 5.265773410192692
1951 5.559048498345148
1952 5.656803441887518
1953 5.897272598080472
1954 5.91191811273601
1955 5.726405270177963
1956 5.656778903960488
1957 5.970955265161879
1958 5.990119994275177
1959 5.502532112713682
1960 5.450486523059395
1961 5.566986262781568
1962 5.571825057553839
1963 5.632334163247003
1964 5.818331118182157
1965 5.003940403753303
1966 5.753632437593625
1967 6.136051894882902
1968 5.913772000122105
1969 5.586638777176225
1970 5.770752674124303
1971 5.809146589099747
1972 5.511860046962989
1973 6.027523516214596
1974 5.8892808797942395
1975 5.038780046566116
1976 5.550152705702941
1977 5.818712486006128
1978 5.556524278103122
1979 5.108936177082851
1980 5.155851552370443
1981 5.9338624678247776
1982 5.887340352744103
1983 5.741870862500952
1984 5.099535216768797
1985 5.445610167172189
1986 5.516045114110379
1987 4.945002710189453
1988 5.45768533609375
1989 5.272370723134131
1990 5.041556529147391
1991 5.257871235883507
1992 5.470862701076008
1993 5.269244148755654
1994 5.30791600124359
1995 5.649831817607122
1996 5.798320047289766
1997 5.641151188634793
1998 5.168659553386201
1999 5.61953836731042
2000 6.171811360100057
2001 5.800377743086118
2002 5.962149809351349
2003 6.276664692924807
2004 5.857114154979149
2005 5.693531687456675
2006 5.7527480933982496
2007 5.736827815157757
2008 5.636544289512241
2009 5.783497460611795
2010 5.6426360727339535
2011 5.170551759776833
2012 5.284357616067458
2013 6.2090204373608655
2014 5.071686814862864
2015 5.558911165203694
2016 6.015461822320493
2017 5.361052717428616
2018 5.172536048315598
2019 4.823762684427711
2020 5.811688138856066
2021 5.881954412078834
2022 5.620834482375139
2023 5.641746878067511
2024 5.1127248987074
2025 5.433439567112546
2026 6.264426161594977
2027 5.6355293958627914
2028 5.735340779068496
2029 5.171499114575928
2030 5.940740452682124
2031 5.725598286997038
2032 5.918070446797923
2033 5.793675377383911
2034 5.667480069402873
2035 5.55952550211117
2036 5.349041336704468
2037 5.945856886399398
2038 5.896172027462628
2039 5.770197416766568
2040 5.735422263414341
2041 5.36993409934182
2042 6.330890744026559
2043 5.835154844101529
2044 5.6160115474651855
2045 5.201758849151817
2046 5.517672565066833
2047 5.029128454282785
2048 5.895062834787181
2049 5.768661238885036
2050 5.092446703096902
2051 5.068376713633883
2052 5.688564758003856
2053 5.436215828624317
2054 5.187018094325345
2055 5.649822715229039
2056 5.810925189007314
2057 5.7350477790057095
2058 5.724310320077669
2059 5.4535802052672455
2060 5.287190189252438
2061 5.293788981542711
2062 5.599934594460242
2063 5.422779643645783
2064 5.800388731994577
2065 5.238697937852399
2066 5.700927503026073
2067 5.2339104609470475
2068 5.5227645088230926
2069 5.510942230046991
2070 5.619671116024992
2071 5.757821389301202
2072 5.569915644601245
2073 5.955362760935862
2074 4.790484112584766
2075 5.643164315730965
2076 6.265402286035448
2077 6.081379939759992
2078 5.916308196467487
2079 5.4032246553514724
2080 6.003002934071475
2081 5.626192834707535
2082 5.4416444939602195
2083 5.728968159559116
2084 5.514793590823025
2085 5.9756143007313165
2086 6.238751731710212
2087 5.610560761196175
2088 5.510239331606756
2089 5.616182628266599
2090 5.541586468963799
2091 5.578641649306214
2092 5.481112675644805
2093 5.362293505023536
2094 6.383207733745229
2095 5.703963873029182
2096 5.735699800662187
2097 5.3228002962778715
2098 5.591466946095795
2099 5.4268941187457305
2100 5.438831457828574
2101 5.875979973266223
2102 5.235418896875525
2103 5.138864310877762
2104 5.83802351346152
2105 5.879282708753039
2106 4.878363578716592
2107 6.090052400538636
2108 5.201032999266291
2109 5.445006760715408
2110 5.397741021988788
2111 5.823743337833571
2112 5.480602748243236
2113 5.643933096334427
2114 5.501998049182183
2115 5.58552388495962
2116 5.453592435250545
2117 5.926121332688226
2118 5.696074616910411
2119 5.10463679468895
2120 5.527303285706367
2121 5.451805871831438
2122 5.4028586665550895
2123 5.4092891237796294
2124 5.554432384724665
2125 5.317834217425947
2126 6.19876356783337
2127 5.359227522612184
2128 5.517430150431003
2129 5.562513687370512
2130 5.57373832977787
2131 5.672787594364403
2132 5.47183301855296
2133 5.712784790166776
2134 5.579385425331334
2135 5.237567550928609
2136 5.171747999556915
2137 5.649200733512154
2138 5.398705535649504
2139 6.031635601157184
2140 5.251971617064683
2141 5.762582580117713
2142 5.645736948775245
