0 4.38371105493641
1 4.228646081547272
2 4.304362117444967
3 4.4733402013130705
4 4.918509159941041
5 4.704223989366563
6 5.031477093543189
7 4.402561604505446
8 4.208312665748208
9 4.411078300641239
10 4.453030612790082
11 3.9116962351162607
12 4.492143186899358
13 4.649958458059591
14 6.576821372359025
15 4.516543515666704
16 4.0293633686612695
17 4.174150808163487
18 3.628019695002648
19 4.264024425621738
20 3.6473962298135945
21 4.128484714414959
22 3.494103397859621
23 4.728443961871179
24 4.478029720596109
25 4.47092016231786
26 4.6402856723980035
27 4.585123639031129
28 4.425914318808457
29 6.540725133173369
30 6.239265514389774
31 6.661398048268657
32 6.3260115858459125
33 4.722002260459996
34 4.93641435163481
35 3.7181787451509534
36 4.110788702248926
37 3.36459659594992
38 3.7991961420823777
39 3.782098749665189
40 3.392018998529271
41 3.3119981281189363
42 4.190833495215117
43 4.135951260879299
44 4.505887406743141
45 3.2974747343772988
46 3.3783359202118235
47 3.576343306677661
48 4.047944529259129
49 3.395394569031878
50 3.3555138694966193
51 3.278115382926114
52 3.4661453201842507
53 3.413673424527831
54 3.379176081461336
55 3.4258088780575537
56 3.2895914371576582
57 3.436846636748838
58 3.2958098772738853
59 3.3150508992006267
60 3.33367870334861
61 3.3092485022370246
62 3.4397132608156618
63 3.3269444848772114
64 3.441294788037053
65 3.405895299962808
66 3.4482441590916633
67 3.267683342314746
68 3.442589790684065
69 3.497856127191942
70 3.3594727779561393
71 3.392766266537896
72 3.3650997114326167
73 3.313053798243839
74 3.315451612467536
75 3.456033439769112
76 3.499517578081067
77 3.7580322686431376
78 3.593687839462833
79 3.6745572234995993
80 3.473180682163234
81 3.381967768423511
82 3.2633528796395903
83 3.414199715920068
84 3.4395056141265106
85 3.309531521526754
86 3.3211538104036964
87 3.3375378015470227
88 3.4772079026293405
89 3.371153935913115
90 3.402632765593375
91 3.4414495035655466
92 3.4010928242253544
93 3.328920528418132
94 3.534464013848739
95 3.601864180666085
96 3.4167409091659606
97 3.3361572238469934
98 3.7753450639356174
99 3.384410668653339
100 3.4075702330108495
101 3.350423699396227
102 3.288444273576789
103 3.2943144514358025
104 3.537169638678393
105 3.368625047892054
106 3.4264767073065845
107 3.2746089372212364
108 3.307949329939763
109 3.385130887412866
110 3.552515677084122
111 3.3559218680736937
112 3.2055609955245794
113 3.437540665900183
114 3.385533811822288
115 3.425563127547707
116 3.38037647355573
117 3.3421343685474887
118 3.3941051119627703
119 3.4724242604646567
120 3.3640822973274975
121 3.4533786863152227
122 3.4553908043142854
123 3.567271739110934
124 3.9503892653546795
125 3.3451574993307727
126 3.8075360689464777
127 3.4339003918167887
128 3.5279062297777823
129 3.3338835677875274
130 3.879021136619129
131 3.675405336175496
132 3.4999076795572326
133 3.3601023087866797
134 3.490336165962283
135 3.3394030525098084
136 3.3448516229926915
137 3.3653105584147793
138 3.3081907414315204
139 3.3044418455796833
140 3.3584243330770036
141 3.4938008241635927
142 3.3412077725264098
143 3.3281517405554397
144 3.308326395875548
145 3.254195664238745
146 3.4389224607355473
147 3.357760435727913
148 4.041850261777103
149 3.4694480497571747
150 4.424072571229677
151 4.068352111957332
152 3.491806198426637
153 3.5708588028573547
154 4.038621840835909
155 4.122125706531209
156 3.4369095392247733
157 3.405367266237258
158 3.5833046675942057
159 3.8616337952123425
160 3.437130758520803
161 3.3529388337340604
162 3.3740981486362625
163 3.4696319948362904
164 4.062386647043563
165 3.390143149801471
166 3.8551655605982904
167 3.6231797981720404
168 3.350598244181961
169 3.4003341023368163
170 3.298309688578158
171 3.2428128257717805
172 3.395480784120817
173 3.383913586006942
174 3.270852509513773
175 3.691169186689736
176 3.280947236336826
177 3.3623574072826763
178 3.344108637903889
179 3.3381663540971913
180 3.4194738651100733
181 4.120164086031521
182 3.506988072696555
183 3.3974513371864146
184 3.558246899680173
185 3.5184020652494112
186 3.8647703801155546
187 3.4848041307762676
188 3.4128580945046565
189 3.5031454695622664
190 3.3192772512082227
191 3.467305577246742
192 3.344065888843449
193 3.282119009897073
194 3.5389508060289585
195 3.3650757023258437
196 3.39904303887726
197 3.2756103418628686
198 3.387857530575719
199 3.438831633280574
200 3.483494705087069
201 3.3563836706911427
202 3.5553901801271937
203 3.314153988869389
204 3.7542034310350143
205 3.2907692020079233
206 3.363031871178794
207 3.4355658428188156
208 3.412592290417909
209 3.6322593671919297
210 3.322614803672562
211 3.1934626380354763
212 3.441379095315224
213 3.349889644592744
214 3.3990707047034823
215 3.4484952527879766
216 3.468548433583089
217 3.4823063186704317
218 3.4355764951161074
219 3.4974027864595523
220 3.39027115570861
221 3.473168786462157
222 3.459804036349154
223 3.347820231648754
224 3.342655340141365
225 3.542850331164698
226 3.5131130059871567
227 3.3462389887950583
228 3.3242033715604866
229 3.667635071798361
230 3.415815492502259
231 3.291179276874506
232 3.3059933227661316
233 3.469980934122561
234 3.4514020702083483
235 3.3761254750837772
236 3.4853113355937753
237 3.6050576417880484
238 3.3610237185167566
239 3.4161066015594983
240 3.4104424006838747
241 3.289601919503969
242 3.5177471068125143
243 3.411158533732815
244 3.5077780529824514
245 3.4249418993322847
246 3.5097978507023377
247 3.496078168540126
248 3.427611404336739
249 3.304117343917184
250 3.4771808495162673
251 3.4156193529524317
252 3.231717814055545
253 3.392010559213338
254 3.369945513353989
255 3.508325998764175
256 3.4531169802516968
257 3.6015798758350677
258 3.443609909928723
259 3.3759920502549763
260 3.3539591910161444
261 3.3566811436340833
262 3.5096250419849735
263 3.331666020693624
264 3.494401555294239
265 3.4576956769200784
266 3.351841524716962
267 3.3218104810043956
268 3.3021270187387075
269 3.6590854065412546
270 3.2529450851140487
271 3.3501951516239643
272 3.730460348272948
273 3.2649180955937305
274 3.479505962739461
275 3.291505969656516
276 3.422673103038778
277 3.364879069616503
278 3.267965356560841
279 3.374740397996551
280 3.4169713519925597
281 3.517057087983477
282 3.440314681744442
283 3.927817116614727
284 3.4452628973418014
285 3.4288340904377557
286 3.5171573727891654
287 3.921591817441319
288 3.3516193646075876
289 3.4722032971129333
290 3.301090698921237
291 3.3974047766827873
292 3.3127018495508342
293 3.5793577896091526
294 3.6946095356324564
295 3.5866380976836654
296 3.4176088600733516
297 3.384809687476206
298 3.572098212963184
299 3.363687334006203
300 3.2640640855543976
301 3.406603021645244
302 3.7609169200707666
303 4.036325940711772
304 3.822181864699065
305 3.5169957167147325
306 3.3052505484700356
307 3.4780961135741406
308 3.4519372889577706
309 3.316843003728678
310 3.536474925041973
311 3.5425084303196543
312 3.399158079676824
313 3.3201916353697363
314 3.4224132056507757
315 3.7951878190444797
316 3.5716946781589223
317 3.480117062866294
318 3.3724514625046225
319 3.4185514151091834
320 3.4368084254064435
321 3.4082762604208847
322 3.52186111215545
323 3.454534741542834
324 3.324807576449874
325 3.730328285725578
326 3.88754631049923
327 3.4482303975498123
328 3.4048677027349075
329 3.4330835320146957
330 3.34866829125214
331 3.4356030003484213
332 3.5628444763772147
333 3.3969685051989154
334 3.34093801067218
335 3.478537700559176
336 3.5365771668703756
337 3.442700177045892
338 3.2919364666160416
339 3.330452070142038
340 3.9137833455300663
341 3.4294582093822514
342 3.3665240847799587
343 3.331287226780677
344 3.3833210797989324
345 3.354189781145343
346 3.510847548711752
347 3.358683603722308
348 3.4159871136190914
349 3.777904236779045
350 3.326273510079565
351 3.368694419981505
352 3.5107129068170635
353 3.5154375341358453
354 3.50947226523857
355 3.540730921675121
356 3.4116123971717522
357 3.368870778962029
358 3.4583918103632665
359 3.3335710621526524
360 3.4758216062107343
361 3.409832152889418
362 3.483694433050474
363 3.4148404012153217
364 3.3314507239536875
365 3.3657771887684333
366 3.4543326151778575
367 3.5646415582507402
368 3.3127857088345083
369 3.462231459408981
370 3.5805319081501294
371 3.297127403405807
372 3.402827283922995
373 3.3670027093255817
374 3.593578178321619
375 3.342210691446931
376 3.232847474917568
377 3.319910578307085
378 3.5962784597905846
379 3.4324463113617174
380 3.4486906288889823
381 3.3995471041730867
382 3.408993346514439
383 4.062944053143911
384 3.5039298853034953
385 3.457524453229802
386 3.3806241653104263
387 3.4320947721523662
388 3.3090747162273724
389 3.485192343094198
390 3.4814112881049004
391 3.3883127297521978
392 3.3596642021513943
393 3.334963575218237
394 3.4650392439658826
395 3.4262382861361855
396 3.4237104456564214
397 3.4346318892226098
398 3.442018666103957
399 3.3149766938745424
400 3.5655938616240936
401 3.473452438942971
402 3.5797465834970166
403 3.8454867348965456
404 3.398551472910692
405 3.4106024221017495
406 3.4012837608915385
407 3.433041215604232
408 3.4675457356008397
409 3.3879525079686337
410 3.3520438258162826
411 3.4327955345806256
412 3.4046269167683394
413 3.3543960099187338
414 3.457410917811283
415 3.472783826742103
416 3.3169371675087205
417 3.4275629876900213
418 3.650160683510287
419 3.319144157380829
420 3.5094009552729735
421 4.194018179688932
422 4.286575622095265
423 3.4444671390075174
424 3.3909961171754706
425 3.533024589063014
426 3.394653285632062
427 3.368643568762778
428 3.352745216305484
429 3.613440475628845
430 3.360209715775762
431 3.434953656944821
432 3.4161366856748345
433 3.393682827116583
434 3.297979930597075
435 3.3884901363317637
436 3.3584272077861277
437 3.263251331057196
438 3.502734824494582
439 3.430816987472884
440 3.375779221828716
441 3.6289722552386587
442 3.3762590384773583
443 3.783333993585227
444 3.296367671822763
445 3.39773474497138
446 3.4292232689529083
447 3.4461328672887723
448 3.2678508819534016
449 3.4510550256851924
450 3.301088178842682
451 4.275589182280109
452 3.724598106035749
453 3.389408169068156
454 3.3533336743919278
455 3.2725048597970807
456 3.3820972823730195
457 3.3437188921948704
458 3.297816050134577
459 3.469046963772164
460 3.3598093138196496
461 3.2398100324890122
462 3.4901805035343
463 3.574370193011856
464 3.4762684050043293
465 3.4153558917449196
466 3.4007759646924116
467 3.3093345989492824
468 3.4424676687237925
469 3.4658857452597953
470 3.5252421680466823
471 3.61789689209517
472 3.4156105449418486
473 3.264848131512073
474 3.412170233834453
475 3.3654072143025004
476 3.3653838598268293
477 3.5986872594372405
478 3.431674257782008
479 3.5494348880369047
480 3.4437481644977184
481 3.3550935037522525
482 3.386007201777778
483 3.572585009947934
484 3.3720178114989596
485 3.5315708097901606
486 3.8220614837067304
487 3.4223069027481205
488 3.3005598547106323
489 3.3768497600176737
490 3.50724648865611
491 3.371958297208962
492 3.3005203181680107
493 3.4219824743257115
494 3.370112279279994
495 3.41019875226888
496 3.228007138657676
497 3.4976432856319586
498 3.408612577726106
499 3.3881380244805785
500 3.2783543655902094
501 3.4258178016087024
502 3.704484831566405
503 3.329817401178082
504 3.411472819446674
505 3.6493693929570856
506 4.08165460275376
507 3.9455634689853514
508 3.3257888794749975
509 3.379530069480528
510 3.4636165670412464
511 3.319840120100309
512 3.4769049002812924
513 3.448503632395755
514 3.4262425360901285
515 3.6709230762827136
516 3.4021648587241855
517 3.4127017562938953
518 3.398120426691458
519 3.3144243503035744
520 3.400230948533827
521 3.5132703724054917
522 3.3957329503786746
523 3.4489274518266275
524 3.5255253494176246
525 3.2818415621909365
526 3.4825328847446606
527 3.360074418081278
528 3.279818753032101
529 3.470899508237354
530 3.406592932096096
531 4.1044937504269186
532 3.4124029213672826
533 3.533283001559184
534 4.123970986885199
535 3.5028868872294487
536 3.434674812429992
537 3.2709437539324897
538 3.318245968838615
539 3.913183409710379
540 4.037165779239487
541 4.038696835756465
542 3.5655559628509668
543 3.5386097945794557
544 3.3487277855836877
545 3.3422437929977775
546 3.370138486425492
547 3.3330304955296564
548 3.42840735523395
549 3.3607194753813516
550 3.687497084319028
551 3.5152271466546914
552 3.2686641945851456
553 3.4836347420558713
554 3.2890693636716737
555 3.3802950679855646
556 3.630637828467398
557 3.3422387267866376
558 3.4213623350860494
559 3.5880926109009557
560 3.5186843075765872
561 3.401475857863612
562 3.291771484703214
563 3.2724235450990795
564 3.4004728062932847
565 3.598572265316215
566 3.5495444425478007
567 3.4877369734154438
568 3.959528162483508
569 3.7126592012998505
570 3.3701369615222676
571 3.4433486739077113
572 3.53602894571318
573 3.389877257986071
574 3.769549768160273
575 3.4081318030203573
576 3.8518270711941973
577 3.3370858670206944
578 3.6000512059737053
579 3.378994333439693
580 3.466670329274038
581 3.3309059245711357
582 3.448430568769517
583 3.2853160646021764
584 3.429423817667395
585 3.3966192402491684
586 3.3863415689771443
587 3.3287368638416295
588 3.494345466474852
589 3.4490898389239444
590 3.36495538051266
591 3.4708582970091952
592 3.408280253731525
593 3.3827530611457006
594 3.3385106301314877
595 3.543492330819984
596 3.5298176665490706
597 3.330699538945904
598 3.3785578436461443
599 3.2615043101766115
600 3.3018556085528163
601 3.4899419161211838
602 3.3991769198519233
603 3.994414859540467
604 3.406676878611646
605 4.120110270523058
606 3.909467430972954
607 3.291017329992601
608 3.4307196927673576
609 3.3114438359632916
610 3.401664965020895
611 3.654209639452305
612 3.447661449795423
613 3.357292287736413
614 3.531998372095647
615 3.4026198586533907
616 3.471080136354601
617 3.410046486848987
618 3.359750199965262
619 3.3617881594412475
620 3.269729850059477
621 3.5876160485123005
622 3.3783746840527398
623 3.864645626484641
624 3.3562043174468568
625 3.3248087463246225
626 3.6143261504006556
627 3.3300266682854835
628 3.53526708308118
629 3.378760933829924
630 3.46870788151179
631 3.5890267596577425
632 3.734868696815421
633 3.3195422994012835
634 3.3147799310285597
635 3.4962788620946768
636 3.441798372845571
637 3.3239048570756737
638 3.297784004996818
639 3.280197396230239
640 3.391637975697783
641 3.4285485582073503
642 3.4113782858137314
643 3.4250637972763953
644 4.582223589680823
645 3.2943243983045356
646 3.511142519757424
647 3.4557407516262546
648 3.877140475421475
649 3.422264389729574
650 3.358917052287392
651 3.355606988918957
652 3.437000520787884
653 3.279305087847349
654 3.3950834113580934
655 3.3381579659224836
656 3.3665860538637284
657 3.334086271852083
658 3.371770246829551
659 3.3893876510534438
660 3.318230922512333
661 3.3375241719833766
662 3.519535851293344
663 3.3477883154382577
664 3.2329843375058562
665 3.4382012693830455
666 3.6964106635624665
667 3.458569964200258
668 3.441551400213642
669 3.358420048102943
670 3.3560392512130734
671 3.4286271020269607
672 3.3822233593318214
673 3.456402989729088
674 3.496162879870635
675 3.3918125563159527
676 3.452099481128612
677 3.3658183857921213
678 3.427632525458914
679 3.2550749089460056
680 3.4199688501945604
681 3.348644758810677
682 3.3678941626048156
683 4.044335569933566
684 3.465021080216417
685 4.557910405108742
686 4.140532221961265
687 4.100825061892209
688 4.376316105103394
689 4.505540895506078
690 4.4596088773998215
691 3.3974735517122374
692 3.568656522564361
693 3.3902903078861986
694 4.170290767057879
695 3.8802107256312914
696 3.8934914162719374
697 4.867845560818971
698 4.300235737725943
699 4.041158398014093
700 4.127682006783811
701 3.3560917637056753
702 3.3957374554640825
703 3.4661260135064462
704 3.266166311463961
705 3.4221796702517153
706 3.331841643053431
707 3.3695167657570546
708 3.4269455300275764
709 3.3387575069564717
710 3.489785524316189
711 3.417603583480681
712 4.075084209111903
713 3.4237256923380435
714 3.404590258838948
715 3.302820141922871
716 3.435748189998777
717 3.276182483455498
718 3.4102786228879465
719 3.4954879807050694
720 3.1832508364286847
721 3.7821149639303435
722 3.4050616107959
723 3.543043472581448
724 3.3432900243346393
725 3.413014487951164
726 3.333446905211141
727 3.267654372802978
728 3.4760585853474977
729 3.44969873343052
730 3.3986537853578094
731 3.410288889213292
732 3.508378079741717
733 3.4644712800263973
734 3.309833819708835
735 3.2853679223998813
736 3.3637880691835225
737 3.595028334979958
738 3.4027170998624654
739 3.3474313129871955
740 3.4734624915083177
741 3.44383664879594
742 3.3087579073221307
743 3.309258923764235
744 3.310276283940086
745 3.451701766826382
746 3.3365138270007177
747 3.844796050213431
748 3.41718302430285
749 3.442847134074129
750 3.3697091278468965
751 4.036129276220069
752 3.521155959578269
753 3.4135580956349045
754 4.240342755576496
755 3.2752590308302407
756 3.427767689160473
757 3.2988323777765083
758 3.317512975109341
759 3.327884014058976
760 3.501778470296132
761 3.408461385648141
762 3.4858115294079557
763 3.488015374569356
764 3.5072037619670815
765 3.291614603675666
766 3.420201599581167
767 4.208356428693114
768 3.502785225632624
769 3.4519387601204
770 3.380231734462724
771 3.642809228011035
772 3.4297062728815657
773 3.373438923784523
774 4.072419851201142
775 3.4811965970205105
776 3.763412087158425
777 3.297632963878553
778 3.2911699423515284
779 3.6261578537518893
780 3.46143312962757
781 3.4048029655634537
782 3.6003639025465852
783 3.459739888777798
784 3.5720103487851196
785 3.3257512997839633
786 3.299610575231568
787 3.296375315147087
788 3.2846377916115372
789 3.5356622904268455
790 3.3838253747892515
791 3.3571078535492047
792 3.4224313083921705
793 3.4146459395015123
794 3.3144311410473346
795 3.393070394450793
796 3.4322387141542516
797 3.4287111260568826
798 3.3895166388070654
799 4.111792403697046
800 4.58164024149943
801 4.065272773706289
802 4.9465015213199734
803 3.4274087049629878
804 3.352870419712199
805 3.3017122612463847
806 3.5282082429754427
807 3.6143390147572867
808 3.2754688764046658
809 3.456735346306512
810 3.3793679308059033
811 3.484172234701286
812 3.474962289618677
813 3.4619007685980256
814 3.5122908697664763
815 3.675287074965286
816 3.4871916442120066
817 3.422704791536344
818 3.417580582768812
819 3.4471234546156397
820 3.336119755699913
821 3.385634641904775
822 3.418009111537298
823 3.3235799800042978
824 3.3718924429094237
825 4.248306605000252
826 3.3013594825430395
827 3.6726963370203762
828 3.520912389300584
829 3.3046998984974607
830 3.368360202089463
831 3.4097445322188884
832 3.245332595970555
833 3.3863236009187307
834 3.3807935907390454
835 3.673936211364207
836 3.5182092029671175
837 3.5398117017962356
838 3.2894972209990985
839 3.352300298296314
840 3.4514688433732554
841 3.3534443187056424
842 3.3500627938822154
843 3.3360535744271673
844 3.47268939124359
845 3.398254575416982
846 3.3959761066025167
847 3.286613151562099
848 3.3831586375540104
849 3.405166190540997
850 3.303179976784331
851 3.404539234594684
852 3.3966267848285456
853 3.3955303870520526
854 3.4420420555166906
855 3.357092421440483
856 3.528633715444001
857 3.404936542002661
858 3.269738122695601
859 3.4037881878813194
860 3.3830007712436956
861 3.3433286244415816
862 3.37789891415728
863 3.4108932507833947
864 3.4826890957057746
865 3.7843625314487417
866 3.4425857842865852
867 3.33489941731948
868 3.648171231295899
869 3.6304669750587806
870 3.9463645075664355
871 3.355598678435166
872 3.5037811374908645
873 3.357311416258249
874 3.3220922222660767
875 3.3357087519892548
876 3.450248396792507
877 3.5038963742147415
878 3.315329077580803
879 3.4336013044342555
880 3.3564462990921213
881 3.3538006480389555
882 3.4555072007678542
883 3.313162281440853
884 3.4675735466901108
885 3.772572471491449
886 3.80436151604159
887 3.468593020313588
888 3.54724783976981
889 3.425481409287265
890 3.4776366683269813
891 3.3088037593503565
892 3.381281787033432
893 3.446863881646133
894 3.4143470354466636
895 3.6680970444729146
896 3.424280530892607
897 3.5157387617744784
898 3.3969984557239195
899 3.40728156196716
900 3.2876371185187225
901 3.4769529644427997
902 3.3590024777340446
903 3.4072549519604416
904 3.469653272948455
905 3.767414135385404
906 3.343722945600735
907 3.4286374354058324
908 3.2616425512445715
909 3.4804035280891985
910 4.136398758978944
911 3.552575396422346
912 3.3862105515862844
913 3.430413034184261
914 3.4699369919402376
915 3.4966235131830388
916 3.2438593917915934
917 3.2740619694737405
918 3.4440851350635175
919 4.261993138214358
920 3.3049902400323323
921 3.4617486112421805
922 3.2950744890248465
923 3.3557908624478276
924 3.428974187955983
925 3.3484031085525006
926 3.447410160536631
927 3.4508811021177346
928 3.323119048641492
929 3.6112286206225486
930 3.335870849638054
931 3.276499649128812
932 4.029142567987209
933 3.3959704106788746
934 3.4376108908692493
935 3.384266173793813
936 3.4280626787379562
937 3.4650883634671192
938 3.4191791848472146
939 3.5611528116175024
940 3.215868294957311
941 3.362486595516365
942 3.4158755741493363
943 3.444534204348791
944 4.510443029481128
945 3.370143782162837
946 3.5459014720582633
947 3.4088783784930823
948 3.500373769719031
949 3.363040842273134
950 3.3908063446253474
951 3.368183312146222
952 3.505125927861997
953 3.4151416814831697
954 3.2624140245147326
955 3.408810009211848
956 3.922525140186712
957 3.483362084817734
958 3.4398483181724844
959 3.4140631945897493
960 3.3624067051054376
961 3.28642903981452
962 3.5417366430344264
963 3.4903715332180085
964 3.3436947036307223
965 3.441166127295673
966 3.3247553977591586
967 3.3957441856772066
968 3.375552498427597
969 3.3431053190235493
970 4.176257151716985
971 3.4610705296057405
972 3.497534865423644
973 3.48464373585069
974 3.3881322082902825
975 3.344201395480459
976 3.58927215111774
977 3.3905658963696386
978 3.8177836305331017
979 3.931846606292352
980 4.161890236417718
981 3.7450781827435216
982 3.3307608566271587
983 3.4479974393296486
984 3.351052484455971
985 3.43209560836835
986 3.9741067276636786
987 4.116147646081214
988 3.3942640063685605
989 3.38690016002072
990 3.322559228253827
991 3.605275467088906
992 3.376191666760988
993 3.3321570873173236
994 3.5199720693778938
995 3.3775396879893154
996 3.5006871143701135
997 3.382224078798594
998 3.3579877510255067
999 3.856313958568596
1000 3.564369081493015
1001 3.4352026319503017
1002 3.298458324641263
1003 3.373619372042194
1004 3.258562153232502
1005 3.479811847462519
1006 3.5977337647878675
1007 3.3704707386774424
1008 3.4453072830220592
1009 3.302595952020176
1010 3.3537422300307043
1011 3.476656135392473
1012 3.380819302903006
1013 4.057795068024327
1014 3.4087692446061
1015 3.3272466946964006
1016 3.587460513023733
1017 3.4345451552178288
1018 3.322872259370554
1019 3.558564467564109
1020 4.218831095632285
1021 4.182048450367805
1022 4.157891593812291
1023 4.323601085619153
1024 3.3312693731379937
1025 3.4357519447251836
1026 3.331093890517126
1027 3.621213589354604
1028 4.083994472830012
1029 4.190158263242014
1030 4.111878843320723
1031 3.460368855561809
1032 3.3781543024682517
1033 3.5213774305350456
1034 3.442435640318069
1035 3.441729542156857
1036 3.249127683838287
1037 3.6779640293246865
1038 4.187579267623341
1039 3.354239373093923
1040 3.395834319683016
1041 3.383896522042433
1042 3.510919707040798
1043 3.601007394285716
1044 3.2394712304156825
1045 3.410994106702459
1046 3.4055476367221837
1047 3.5959206527195615
1048 3.2957570468278217
1049 3.277881426761709
1050 3.4171334812065965
1051 3.415019261324853
1052 3.6263413719615802
1053 3.607493872524943
1054 3.3514270931536636
1055 3.648022650983174
1056 3.48765995373107
1057 3.9271589128975113
1058 3.381926169815799
1059 3.2850542168448507
1060 4.062351440773547
1061 3.3792878773524895
1062 3.5476987133666515
1063 3.488588642851477
1064 3.4236589943387825
1065 3.5241854725887514
1066 3.350058370938891
1067 3.3377684952106
1068 3.375705684547427
1069 3.4409985528476383
1070 3.368967428580527
1071 3.3919306993315517
1072 3.3250342088508935
1073 3.338764270695307
1074 3.365433210433033
1075 3.5036165405556194
1076 3.549781168340775
1077 3.4713286043722364
1078 3.3260020129488623
1079 3.3632441481263533
1080 3.420761744082181
1081 3.4282287868873462
1082 3.406931780912896
1083 3.5416610894559906
1084 3.5853371600475388
1085 3.2154094243482367
1086 3.30894158982859
1087 3.3981964688005464
1088 3.498116190728298
1089 3.563054856898969
1090 3.361939157548598
1091 3.314849447874602
1092 3.397713573789449
1093 3.4798735775403276
1094 3.402076417008132
1095 3.9236631655463308
1096 3.747213618694039
1097 3.4980903422187812
1098 3.2722508280497857
1099 3.4143936267203667
1100 3.422531454521551
1101 3.470022978531101
1102 3.3291392584886466
1103 3.3691937328090575
1104 3.4352588153663675
1105 3.4095890923474776
1106 3.343049423006536
1107 3.512602503292994
1108 3.4057906500197026
1109 3.5163809730158446
1110 3.5010248567759086
1111 3.3368089051857637
1112 3.365171268898935
1113 3.340183125460354
1114 3.5837173294489455
1115 3.3584136431153953
1116 3.3493615209051666
1117 3.5267956307273165
1118 3.9595153580248152
1119 4.227657849608413
1120 4.138520828199049
1121 3.3885264851785117
1122 3.4839521961665967
1123 3.3138079402608573
1124 3.5582027233827223
1125 4.022676850774301
1126 3.3635703454791956
1127 3.664730947826468
1128 4.086043433737891
1129 3.9781414633871717
1130 3.5520860128488856
1131 3.3148411230749653
1132 3.338978696605879
1133 3.3470937120727116
1134 3.4236503160272975
1135 3.2901886680232693
1136 3.91288210508698
1137 4.447429037251428
1138 3.3536698449941023
1139 3.506620270153805
1140 3.3931906266382112
1141 3.730329911523499
1142 3.368744666096825
1143 3.8080321385621168
1144 4.132118817673635
1145 3.531556959224773
1146 3.174367134819612
1147 3.4488542336615593
1148 3.42766445718933
1149 3.6263149506746486
1150 3.342551937208686
1151 4.333825033553325
1152 4.247271097778009
1153 4.1823478075879965
1154 4.119272931308507
1155 4.026231895571975
1156 3.2261386954952735
1157 3.8298849298593645
1158 3.6089308780605687
1159 3.9892587724154085
1160 4.282754680360993
1161 3.312567727929494
1162 3.4200441457308073
1163 3.928813673730953
1164 3.3249737139017217
1165 3.3643982050857995
1166 3.496577924473311
1167 3.8424305483200816
1168 3.418411857475067
1169 3.459882845957435
1170 3.3499636716974166
1171 3.349305871423252
1172 3.2854552434473545
1173 3.510324122090943
1174 3.294360330895349
1175 3.298221434039996
1176 3.278508385970952
1177 3.2920979627924893
1178 3.4250743262984513
1179 3.330618022722276
1180 3.4440705177282007
1181 3.5306646282535157
1182 3.418508706367692
1183 4.066057373583815
1184 3.5182296844260494
1185 3.372125280006128
1186 3.3757058701088214
1187 3.4209611540111604
1188 3.3518098595735464
1189 3.4776550339773316
1190 3.5279443449872816
1191 3.9154482030327067
1192 3.3910889928488483
1193 4.141771477319218
1194 4.108096033474247
1195 3.391482530705201
1196 3.2947188785007326
1197 3.228979229404781
1198 3.32298953466099
1199 3.302703267669194
1200 3.458848199022755
1201 3.463262841374506
1202 3.39645887113876
1203 3.3341627047013933
1204 3.343323450826173
1205 3.4175896163490904
1206 3.3475160684045604
1207 3.354710629070437
1208 3.2967881210979586
1209 3.3976287657805724
1210 3.4120187826634547
1211 3.4909499535035544
1212 3.4144199652141407
1213 3.252073717150995
1214 3.43047161677857
1215 3.5538283216727518
1216 3.725241338103806
1217 3.372455709599435
1218 3.3358340429161437
1219 4.143162408979064
1220 3.68590656753314
1221 3.3628720908222416
1222 3.3569766681857374
1223 3.4590133750234036
1224 3.468925228646198
1225 3.388513284562715
1226 3.4091572764594296
1227 3.423736210219171
1228 3.4546460916703805
1229 3.4928029636015134
1230 3.2607974072239663
1231 3.4030422250856676
1232 3.5071549080604667
1233 3.5724679023414456
1234 4.393858502911589
1235 3.4930820320189198
1236 3.341458248391295
1237 3.3998037346027044
1238 3.3527291443637948
1239 3.286347689510919
1240 3.423324086359917
1241 3.5177703328059375
1242 3.427865763277678
1243 3.525299797877014
1244 3.3606934981308814
1245 3.311914152853449
1246 3.358389653335719
1247 3.4919420404287274
1248 3.3603038559328997
1249 3.4810038790641538
1250 3.308892551317142
1251 3.2030002490019296
1252 3.4796592314436996
1253 3.574410804907078
1254 3.3941949969948864
1255 3.5688430145829573
1256 3.4924373076270325
1257 3.4114759462197286
1258 3.337570724094535
1259 3.474783510785417
1260 3.397364914282514
1261 3.47598980543456
1262 3.3755747066066912
1263 3.4780164096017163
1264 3.3550148495971404
1265 3.268421440523708
1266 3.7745259962517292
1267 3.4966601684120304
1268 3.4620788599345413
1269 3.430326044138322
1270 3.5324789008596635
1271 3.5568358057928475
1272 3.4778248383242185
1273 3.457574967957293
1274 3.441976801860538
1275 3.391072262554115
1276 3.4358674561636877
1277 3.4250454818924
1278 3.461043253602716
1279 3.4429880552712944
1280 3.8995827432338914
1281 3.4304341407094294
1282 3.8420318574554413
1283 3.585179200471527
1284 3.3944423324544912
1285 3.25768709353374
1286 3.3037548705476105
1287 3.4713567620558528
1288 3.440973267186444
1289 3.373594403600492
1290 3.663820679247918
1291 3.3004487703737433
1292 3.512328821846803
1293 3.6179974778800688
1294 3.448292946463586
1295 3.4133494045942654
1296 3.3529131487036086
1297 3.2751987045882234
1298 3.356457857234646
1299 3.5098693174723614
1300 3.7446790356902153
1301 3.3645525345860743
1302 3.8373214389693726
1303 4.059396564314416
1304 3.3906790567161718
1305 3.746524120141576
1306 3.520285707419551
1307 3.360356408975808
1308 3.2733074352047655
1309 3.3726009920944304
1310 3.5166138602957764
1311 3.3837211304361685
1312 3.374880735048908
1313 3.3651383616420194
1314 3.484096408685309
1315 3.3947129466026538
1316 3.372195885226977
1317 3.6504027861284443
1318 3.373370623480338
1319 3.3625713127934502
1320 3.557394928779393
1321 3.6197701383324845
1322 3.9209439327973823
1323 3.7308354718700247
1324 3.409541847708393
1325 3.6786484632762084
1326 3.29581070849765
1327 3.4714923497584054
1328 3.4733261049221933
1329 5.082081816940795
1330 3.51303967194377
1331 3.694822856851365
1332 3.7838941627062948
1333 3.4724609805336883
1334 3.95081976847748
1335 3.8148307001594013
1336 3.880037680894437
1337 3.4699946448727816
1338 3.5568569604189304
1339 4.446033765486465
1340 3.758834042475287
1341 3.303609247510195
1342 3.5695726283412577
1343 3.763825095900967
1344 3.8414537855488016
1345 6.2260318774194126
1346 6.531656426233045
1347 6.5430948576463
1348 6.080880518943217
1349 5.985317273129457
1350 6.03618034829743
1351 6.452056626884849
1352 7.633971758509013
1353 6.899276040919884
1354 7.170907531134382
1355 6.1938715707708445
1356 3.5182173327981334
1357 3.5156320095488516
1358 3.854867114932541
1359 3.4538599913226005
1360 3.416079316627057
1361 3.989319490870731
1362 3.461525889367148
1363 3.3626944203592717
1364 3.5851483859454727
1365 3.5434052454633806
1366 3.507580329979258
1367 4.214303432355567
1368 3.511970088734331
1369 3.7568198850585053
1370 3.9077463990062746
1371 3.2990533280163805
1372 3.5132508128293503
1373 3.4014230042313605
1374 3.418232687103898
1375 3.5862801333609786
1376 3.4422960301220495
1377 3.9932050978543514
1378 3.591265418044135
1379 3.2980646773985893
1380 3.446208501531714
1381 3.2909116257918782
1382 3.522439978321181
1383 3.503325836713952
1384 3.4148408804697703
1385 4.006650008933581
1386 4.1704553960879
1387 3.936225082925422
1388 3.2474014705159915
1389 4.202688194175156
1390 3.6190842458775747
1391 4.07332508454004
1392 3.6209912259077943
1393 3.9390742581174023
1394 3.3870385560816962
1395 3.5770255572013596
1396 3.626163720338917
1397 3.4877379105721475
1398 3.6330339657738504
1399 3.525315843400939
1400 4.241067690041592
1401 4.499705948371162
1402 3.555393581260836
1403 3.752868863771479
1404 4.333212140695433
1405 4.6461956431104525
1406 4.277504397417637
1407 4.25389478418052
1408 3.3608388407891145
1409 3.545358975693442
1410 4.048309466773359
1411 4.622066588235021
1412 3.4658096446105446
1413 3.4738765264286307
1414 3.501700586882643
1415 3.448606830636117
1416 3.336625030405433
1417 3.3047285377985554
1418 3.3676905194695186
1419 3.3028262655012464
1420 4.082180134758924
1421 4.261810488777759
1422 3.5186558223624123
1423 3.4178960379150753
1424 3.4079026223670486
1425 4.1638486181240335
1426 3.3231653646031947
1427 3.4923116119541535
1428 3.718225721240293
1429 3.3981862041381032
1430 3.643989895146687
1431 3.406759881751028
1432 3.455997701796971
1433 4.354257093838962
1434 3.410077709136293
1435 4.397632636899214
1436 3.4141138853519055
1437 3.430429754978261
1438 3.6620941888087652
1439 3.7836241993460127
1440 3.4403226029597738
1441 3.4109317738685863
1442 3.375538693845366
1443 4.212237148057755
1444 3.705073183166239
1445 3.4791530605511003
1446 3.718818051042338
1447 3.5290254597752284
1448 3.4823111190441796
1449 3.5124768087206144
1450 3.403784637503447
1451 3.252952598358219
1452 3.477029534385108
1453 3.3890473631196314
1454 3.8287237533683474
1455 3.437172739146459
1456 3.411595340378033
1457 3.3926087650846797
1458 3.858594877305668
1459 3.4039682294783047
1460 3.335840397484908
1461 3.5529002880660214
1462 4.022436726063943
1463 3.353323444099359
1464 3.4501522544780694
1465 3.3759106753349797
1466 3.521458416122467
1467 4.418346278315771
1468 3.3145813347986004
1469 3.4262498910067185
1470 3.318464734694643
1471 3.3239721940016884
1472 3.6575361169979868
1473 3.8265751589641033
1474 3.3296925835024487
1475 3.3476170097840114
1476 3.47171905528768
1477 3.3018738271746977
1478 3.261389330335387
1479 3.4018077112117777
1480 3.3400603089842202
1481 3.488107396517091
1482 3.4419240769318398
1483 3.4298326036375877
1484 3.554210821164842
1485 3.643457056438598
1486 3.3822230265195565
1487 3.576909306268974
1488 6.340436678221169
1489 6.7291743922184395
1490 6.894712846636026
1491 6.7565584336128905
1492 8.711401581295275
1493 6.871937683101192
1494 6.404734134726547
1495 6.461531452422882
1496 6.270233385885709
1497 6.803670140880742
1498 7.0595846219685
1499 6.931896927570164
1500 7.120677534869416
1501 5.943818073188719
1502 6.810221207492461
1503 6.334356387064919
1504 6.884731128229441
1505 7.013934525489293
1506 3.313942599784779
1507 3.3551206347473577
1508 3.4156659331998034
1509 3.4685634557620815
1510 3.9431901230477284
1511 3.4316738898668357
1512 3.3951047861762302
1513 3.792705673224476
1514 3.628639884247357
1515 3.360348368938431
1516 3.4082865971675993
1517 3.8415460752521318
1518 3.423188122869404
1519 3.9131537561542507
1520 3.6062118892158392
1521 3.789597031985296
1522 3.4499451610773963
1523 3.279154682616834
1524 3.5416467662409805
1525 3.568343776150882
1526 3.4180494866159283
1527 3.3733708809807093
1528 4.022862538862131
1529 3.67097284256996
1530 3.950407003239067
1531 3.4334171127790283
1532 3.5220873500266694
1533 3.4216153043129527
1534 3.3791058560874867
1535 3.226562461693264
1536 3.4153373809726313
1537 3.368646273574738
1538 3.54007611052302
1539 3.290008734139297
1540 3.381128101926589
1541 3.5192360649542693
1542 3.484410171620089
1543 3.8089749468435743
1544 3.3946854155438366
1545 3.3795403914171924
1546 3.5309850285276188
1547 3.7551431762102623
1548 3.614043768201654
1549 3.426394056569272
1550 3.342313947170711
1551 3.672738161988041
1552 3.23689379565187
1553 3.3644638153450113
1554 3.3714459983407603
1555 3.5557868283096488
1556 3.509611985574207
1557 4.080424128158152
1558 3.3314020297820344
1559 3.297894161103705
1560 3.452474291679299
1561 3.49442186935612
1562 3.4060418296575308
1563 3.4170399242431406
1564 4.255975402570019
1565 3.344515468039163
1566 3.4791932801391785
1567 3.4032971440520217
1568 3.3175771144653314
1569 3.3288162452228565
1570 3.3958862424136695
1571 3.452678598902099
1572 3.5905133791122754
1573 3.287162366680783
1574 3.433464453805953
1575 3.384382897120335
1576 3.412017623257716
1577 3.444007954657486
1578 3.377192742825637
1579 3.371686470422065
1580 3.7210096765789626
1581 3.955981710601329
1582 4.572024266257687
1583 5.968332208593311
1584 3.2247799080931676
1585 4.0978589366806935
1586 3.282297913272569
1587 3.5320727747456617
1588 3.3095290136234095
1589 3.3525408010501367
1590 3.377769239211405
1591 3.362087042997425
1592 3.368418769471317
1593 3.2979946610669475
1594 3.456327372189051
1595 3.489876395456922
1596 3.3657424762368215
1597 3.256943011427698
1598 3.3929747790282887
1599 3.386593487474028
1600 3.3199564068344602
1601 4.362782351048667
1602 4.2607565252351876
1603 3.5093490305886337
1604 3.569455088267596
1605 3.332363120633971
1606 3.391427636878073
1607 3.494327575651904
1608 3.555212815048283
1609 3.697001554815496
1610 3.630347959725098
1611 3.349393121583772
1612 3.2174598533944128
1613 3.2957768861508288
1614 3.794508788189484
1615 3.4058663903364894
1616 3.254603082000959
1617 3.4525900933325304
1618 3.998238312203289
1619 3.713939286847372
1620 3.417957016816713
1621 3.4878524909061093
1622 3.2945785822623352
1623 4.070091086599577
1624 3.3200076496056345
1625 3.4610983334123038
1626 4.048781024567886
1627 3.345321606400021
1628 3.3940735260520802
1629 3.412924216814234
1630 3.4115816095696903
1631 3.339261069288216
1632 3.3934896809499038
1633 3.2750836763883977
1634 3.4287874566299203
1635 4.039856278427223
1636 3.376775929562893
1637 3.3025048158299564
1638 3.3817945431577763
1639 3.37958777807226
1640 3.2451516857164813
1641 3.498401790631494
1642 3.3588331141207557
1643 3.271843758245981
1644 3.402062130606452
1645 3.393402523270909
1646 3.3496517303691715
1647 3.3971549412569804
1648 3.702348099898928
1649 3.524882651761486
1650 3.6120986353906614
1651 3.478444841717177
1652 3.438463028686124
1653 3.30154885690213
1654 3.486476437311793
1655 3.52989964103054
1656 3.3495137959493184
1657 3.371334048717896
1658 3.457436053726562
1659 3.334388659382679
1660 3.355407558164821
1661 3.7907166338071523
1662 4.064583474668818
1663 4.012348124566054
1664 3.345900952310479
1665 3.3050408615445286
1666 3.7121680216356614
1667 3.351945987833425
1668 3.8039881497047094
1669 3.9558991756542548
1670 3.3885717991300632
1671 3.390497757737075
1672 3.8625514902090967
1673 3.377040010678013
1674 3.483205372888968
1675 3.4090589454839706
1676 3.464855273366958
1677 3.384612299198639
1678 3.4328934880396678
1679 3.5214882463336257
1680 3.500903157654711
1681 3.9199760852726553
1682 3.2585375452186445
1683 3.344858583399427
1684 3.4614187435489843
1685 3.255912030579113
1686 3.5120722299073495
1687 3.342108384138757
1688 3.3516629157401914
1689 3.4813553985511367
1690 3.634314646186664
1691 3.567201150721336
1692 4.103148229951723
1693 3.4249675732372866
1694 3.357611758398412
1695 3.4005726051506198
1696 4.18796515988978
1697 3.3578334476877867
1698 3.2555166590190234
1699 3.3629248555339535
1700 3.4336307430341675
1701 3.6330296391314953
1702 3.896716353719685
1703 3.3804023315464358
1704 3.3713843026708257
1705 3.792087130263862
1706 3.3935543667939307
1707 3.544604928014548
1708 3.8436804161831226
1709 3.4732000373534775
1710 3.3389535104899584
1711 3.4788712738806433
1712 3.3494972724671785
1713 3.390832328785511
1714 3.5658573944999588
1715 3.306368701329898
1716 3.4426037777414327
1717 3.64640430051876
1718 3.397329129463965
1719 3.4060524706087816
1720 3.415932425163378
1721 3.245242365140389
1722 3.876378436785313
1723 3.578282931006854
1724 3.421803999554564
1725 3.7987832315384984
1726 3.348695568034615
1727 3.9573514913771874
1728 3.8714827916723253
1729 3.325222923774917
1730 3.7298146488931776
1731 3.516089241178507
1732 3.5697890214081798
1733 3.978176610694189
1734 3.8907590153316733
1735 3.320119160563172
1736 3.4773530827758545
1737 3.424511427188229
1738 4.028942357204141
1739 3.895763346610785
1740 3.3526222867928444
1741 3.3736817309827867
1742 3.380724650030639
1743 3.9911860906823504
1744 3.5005697900943615
1745 3.453278005033256
1746 3.535092226741197
1747 3.3652889840740094
1748 3.3986390194940475
1749 3.347425380073071
1750 3.3439584710383286
1751 3.9109526409924493
1752 3.585721989528629
1753 3.409047456110484
1754 3.3733406381300273
1755 3.3549789764743636
1756 4.482749956962759
1757 3.306708557245045
1758 3.338581595086734
1759 3.4349386473296546
1760 3.3750795561675693
1761 3.331248170602823
1762 3.7366219785493864
1763 3.389091910714351
1764 3.9237045739479854
1765 4.140999301627639
1766 4.1026792685568765
1767 3.525695759841372
1768 3.3581755564270632
1769 3.569598064775266
1770 3.56619924055031
1771 3.350632594863392
1772 3.349296898606523
1773 3.297766133388935
1774 3.285551744193409
1775 3.714701367115734
1776 3.298115269673598
1777 4.334629802555973
1778 3.5101812671198647
1779 4.248919131668662
1780 3.5683335588703162
1781 4.131108040649115
1782 3.385963840104589
1783 3.303487957941585
1784 3.4504404576554584
1785 3.325317696387236
1786 3.4607320707590707
1787 3.337067432054072
1788 3.400096819534493
1789 3.4434979933242946
1790 3.2916287792922008
1791 3.731282326791007
1792 3.5701650110294745
1793 3.7583864075297693
1794 3.7348518159147357
1795 3.4681231926274108
1796 3.8168653645744213
1797 3.348965653806983
1798 3.557029701814633
1799 3.472014864970221
1800 3.435357958051828
1801 3.45391221765808
1802 3.7187639473487475
1803 3.5009430433510556
1804 4.114779914564678
1805 3.5402898089748747
1806 3.3556572772992603
1807 3.2735579210450205
1808 3.357650375198228
1809 3.9923458789427344
1810 3.376670567573502
1811 3.5355777539658875
1812 3.500809082985114
1813 3.729218124666285
1814 3.4646916421162337
1815 3.5514290814039424
1816 3.388322224384368
1817 3.487920700505925
1818 3.420287198699868
1819 4.183134439351142
1820 3.2502056147068723
1821 3.3103023609003444
1822 3.271882226454279
1823 3.42570752401403
1824 3.3721740589013347
1825 3.3692135084013217
1826 3.293238238725849
1827 3.26281935873907
1828 3.363832532167532
1829 3.3823029294541875
1830 3.520324135143927
1831 3.5003202884454576
1832 4.414204917492627
1833 3.364205154095776
1834 3.3330273072716
1835 3.43466653515453
1836 3.384484550139154
1837 3.4876530555098415
1838 3.5091386028182185
1839 3.7448937971330634
1840 3.5078614432076693
1841 4.315552294802423
1842 3.3039821731066157
1843 3.4446600701489047
1844 3.3403622712424803
1845 4.3318437696634104
1846 4.102932521887068
1847 4.082313615187344
1848 3.4407253741315387
1849 3.3961891880854984
1850 3.409510911075323
1851 3.328441138889427
1852 3.4360792300783194
1853 3.4754766897619023
1854 3.8214731598408203
1855 4.221343290288627
1856 4.66319148174298
1857 3.9515078778391803
1858 3.6501774468245243
1859 3.5810747307372046
1860 3.3098656076679975
1861 3.4504830737963315
1862 3.416146045689024
1863 3.5742894672128624
1864 3.3364733629688206
1865 3.5582631178955197
1866 3.3849886538513587
1867 3.5053602597139606
1868 3.3256160291358783
1869 3.4373665609378623
1870 3.2846689211979863
1871 3.798857771303981
1872 4.706085003869934
1873 3.3312928046920534
1874 3.365424025887474
1875 4.059640330092263
1876 3.3376017736428367
1877 3.8647444733841976
1878 3.427790702829039
1879 3.6092083991053423
1880 3.2533056238372784
1881 3.481718707247274
1882 3.408748395976386
1883 3.4115056526380485
1884 3.393047918970197
1885 3.471085493300575
1886 3.415591022308976
1887 4.0226149641878175
1888 3.4455771652177574
1889 3.5081724794861997
1890 3.2297608638189543
1891 4.053672963772205
1892 3.5239786142660745
1893 3.240056123076065
1894 3.4690661163525296
1895 3.489849175061824
1896 3.5252024795920667
1897 3.333550598603776
1898 3.4707712940887574
1899 3.9816185947699743
1900 3.298767693471107
1901 3.2501544668268134
1902 3.887226280242448
1903 3.409328115683038
1904 3.669734801023774
1905 3.3882417811371583
1906 3.491684540769553
1907 3.3269833855574227
1908 3.4148661841768937
1909 3.652717820263925
1910 3.8986464687109454
1911 3.705035929822364
1912 3.4272328887946157
1913 4.321236855121505
1914 3.3694530218831793
1915 3.346023014853788
1916 3.3059487729866803
1917 3.3801591433607983
1918 3.854846576394853
1919 3.3051981722007113
1920 3.9060792541799256
1921 4.116461572995939
1922 4.346369709373046
1923 3.3698441266768833
1924 4.721498810480836
1925 3.522953396605225
1926 3.611890517061162
1927 3.3928026842685655
1928 3.4409083645899687
1929 3.406682687860448
1930 3.801649221324165
1931 3.445832515963216
1932 3.2792275813593776
1933 3.4594216243508056
1934 3.581097068392449
1935 4.142994442955436
1936 3.4659313280653845
1937 3.420995548037078
1938 3.46716935767735
1939 3.499540775465804
1940 4.047756097533697
1941 3.4475979845094566
1942 3.4674647199131408
1943 3.364198756322079
1944 3.4244978762563942
1945 3.445105795144714
1946 3.443811514492728
1947 3.5375904718443834
1948 3.3621811292971993
1949 3.706155539890752
1950 3.422899035835103
1951 3.4033274587498887
1952 3.422393595288085
1953 3.910220670385136
1954 3.2817517201793134
1955 3.7442165137002745
1956 3.5984493815790395
1957 3.47215663898724
1958 3.423790413482027
1959 3.5545304264914868
1960 3.3852256437951365
1961 3.4077021930703038
1962 3.4671952679241196
1963 3.4717219599959117
1964 3.45155794492427
1965 3.4384360620716996
1966 3.4159438500235426
1967 3.3464924839044827
1968 3.310788701870273
1969 3.2828011272561297
1970 3.491746731878561
1971 3.4379131889824968
1972 3.3889946138766667
1973 3.956992739575907
1974 3.5627340394027196
1975 3.3880857755777916
1976 3.3579240133658144
1977 3.438556894897825
1978 3.355518399025992
1979 3.336474444034526
1980 3.3937631268049286
1981 3.545353372708625
1982 3.3576773139058704
1983 3.2495505583269124
1984 3.570499595678338
1985 4.051650940371855
1986 3.3378062124175747
1987 4.113190500504046
1988 3.41180020861103
1989 3.375365629862566
1990 3.349010387786792
1991 3.687744933851257
1992 3.3105909622691354
1993 3.2793637221788945
1994 3.4130944052728687
1995 3.4432210668166663
1996 3.460400614731582
1997 3.3594576259099185
1998 3.481758194767376
1999 3.4617624232191915
2000 3.6867193563368255
2001 4.210497272155996
2002 3.3784246288012127
2003 3.400193243742865
2004 3.363312879763645
2005 3.504282656233819
2006 3.422572937811597
2007 3.2489561686001873
2008 3.990834328761137
2009 3.2477310914384065
2010 3.4243978810589364
2011 3.4897293801265503
2012 3.376701203412601
2013 3.3326820803138912
2014 3.5146169953160054
2015 3.371486047243538
2016 3.4075858223279987
2017 4.183654634588059
2018 3.3400183819658844
2019 3.3325312664888433
2020 3.374631905758479
2021 3.4000480449844774
2022 3.6106793397308614
2023 3.483698708818191
2024 3.4571604569968506
2025 4.117635826003083
2026 3.4861930339720666
2027 3.8714364970297273
2028 3.477538373031357
2029 3.452314860194006
2030 3.287932850254262
2031 3.307156867105367
2032 3.3355432139969876
2033 3.395189795724738
2034 3.2884682295280756
2035 3.5431160192655353
2036 3.473671009583438
2037 3.352269526077955
2038 3.278605597357065
2039 3.3886013526718157
2040 3.4593558160891065
2041 3.6354055807795813
2042 3.2720416725638004
2043 3.4113957359916167
2044 3.353906915347399
2045 3.4465817835474257
2046 4.660395750529541
2047 3.4384187627605636
2048 3.4233884944138375
2049 3.4524957657197772
2050 3.3063927151316093
2051 3.4074669743339148
2052 3.346794488257432
2053 3.6698639310752608
2054 3.52294455162726
2055 3.3827198923621613
2056 3.4099568855232247
2057 3.397479922856144
2058 3.4271816408745894
2059 3.365481163618846
2060 3.483418612412443
2061 3.4990190107661037
2062 3.3865882852910953
2063 3.5486463314838335
2064 3.5753943503269032
2065 3.275862164775004
2066 3.3871638367109527
2067 3.419109185143592
2068 3.5015322356703673
2069 3.3615448010895497
2070 3.4306658615104735
2071 3.5235313672672977
2072 3.367389884712015
2073 4.047882930184474
2074 4.063998646954261
2075 3.60575305156597
2076 3.992788475072921
2077 3.448431957205867
2078 3.3282917987096226
2079 3.3702590588465666
2080 3.3677943963096864
2081 3.496585896415902
2082 3.6084866646898117
2083 3.8553979039382753
2084 3.5571189225212887
2085 3.636520143883127
2086 3.443821413257286
2087 3.540528187243054
2088 3.4812338315778772
2089 3.5847372830529967
2090 4.5306975657702
2091 4.203230827456487
2092 3.5037305028756536
2093 3.968685426228361
2094 3.4720942363638403
2095 3.388799072853641
2096 3.3458990676504357
2097 3.4305185684703106
2098 4.272040933480208
2099 3.5259951067743893
2100 3.428508564943297
2101 4.456929600116525
2102 3.3500930780551523
2103 3.544253856351158
2104 3.5494024549550005
2105 3.288902945289955
2106 3.3563180852596415
2107 3.4985436369878324
2108 3.2155818240464176
2109 3.4791188795888557
2110 3.3230890440471037
2111 3.320751225011485
2112 3.3029465635132054
2113 3.427856011296826
2114 3.3779442474067127
2115 3.3818258827415693
2116 3.3708005201765143
2117 3.2869957524153675
2118 3.312004679380018
2119 3.3605660944007885
2120 3.3148424589098893
2121 3.369938953024355
2122 3.49955894464208
2123 3.429059427068316
2124 3.397769099426285
2125 3.334828677312965
2126 3.5498189744208783
2127 3.5034149069925986
2128 3.3408030356520646
2129 3.354472890586431
2130 3.303120917118953
2131 3.51307685771155
2132 3.3637533083415105
2133 3.3798419241993374
2134 3.457856845958654
2135 3.400106162819321
2136 3.852380844696584
2137 3.4092672842832457
2138 3.3149848102089012
2139 3.3256051210579147
2140 3.3406853179536524
2141 3.9331979545418854
2142 3.4180963463759073
