0 4.1156569441495865
1 4.063259348437495
2 3.396890659317201
3 3.3336617906337884
4 3.5845563718638735
5 3.4203930906781843
6 3.7497836081955156
7 3.455918953330797
8 3.3467982110612855
9 3.350009887615121
10 3.328782454757134
11 3.9026012940439356
12 3.200862996501137
13 3.378246175388623
14 3.362406004542291
15 3.3938765987998436
16 3.596402217507782
17 3.863834630270816
18 3.72286507274793
19 3.949355889660932
20 4.40543922175846
21 3.378695487591983
22 3.3815882205547854
23 3.4325769395332717
24 3.509701341993708
25 3.4605157604231644
26 3.472231285930006
27 3.3512122675913525
28 3.296515914928307
29 3.31951722192046
30 3.559286019740155
31 3.2474229021911083
32 3.4217158151368263
33 3.391839132922907
34 3.3834697623235868
35 3.5143946540423245
36 3.944860285477983
37 4.28135682359204
38 4.489245145943556
39 3.835381273923101
40 4.302115149607459
41 4.018876419799238
42 4.390787761503227
43 3.4439175925252705
44 3.6671065226821145
45 3.446402723825205
46 3.4049125878864217
47 3.343570671746259
48 3.3530052139741824
49 3.3515854296759615
50 3.4339047365232065
51 3.352439136700043
52 3.2494238321130697
53 3.3787766343837564
54 3.5528650469880874
55 3.369931116250934
56 3.7764266371726554
57 3.3244622658295095
58 3.3095356716264632
59 3.359425798819939
60 3.3960334424760696
61 3.256849387532924
62 3.3178016917702333
63 3.294268059696566
64 3.451907614238954
65 3.4546726604724696
66 3.358023587046808
67 3.4114606961866603
68 3.32979907235834
69 3.890826008343374
70 3.201961619089115
71 3.354077365021458
72 3.2960881625024387
73 3.594836130615951
74 3.3033528293154615
75 3.4068785767404153
76 3.4191744809917513
77 3.451101204653663
78 3.4114110809027296
79 3.332933717806691
80 3.358567889063823
81 3.419097177443898
82 3.397219881153185
83 3.3410486320064425
84 3.6045960466842817
85 3.3173281444274667
86 3.5394387502404667
87 3.3580739276243396
88 3.344579521059238
89 3.2873866018627886
90 3.3730680058254685
91 3.491930002534665
92 3.4979444527917685
93 3.403199471982193
94 3.3394689496832677
95 4.354365087767827
96 3.226804058178827
97 3.329414648258789
98 3.3824516710410677
99 3.545724756219864
100 3.401283117370082
101 3.441361741399085
102 3.3610450981355697
103 4.004810449441492
104 3.3807322908932687
105 3.441852208110719
106 3.303619680126179
107 3.2045142594483154
108 3.3900772402080865
109 3.4071409970922635
110 3.3702226848992622
111 3.5032766190001263
112 3.2823553292080496
113 4.30190523905851
114 3.618349626180937
115 3.507499586835001
116 4.020594556369417
117 3.4316940874681836
118 3.289210306454577
119 3.4786143397768456
120 3.266199229984903
121 3.2736798359157575
122 3.313548373014759
123 3.599592955683424
124 3.558850671254941
125 3.3753461476076114
126 3.5602747047297334
127 3.4885886602702323
128 4.009666283709308
129 3.4738362711398203
130 3.3263161565494292
131 3.464354415100211
132 3.409187313963298
133 3.2202402039729243
134 3.349920829791024
135 3.2385074316757443
136 3.748478314385354
137 4.008585477725554
138 3.306656684165968
139 3.368960077440725
140 3.281304275965693
141 3.2928986800343076
142 3.2897648920929337
143 3.517311381567456
144 3.84191792578664
145 3.2821975648697927
146 3.4267330792798116
147 3.523868337627006
148 3.403291312943377
149 3.3078332775798707
150 3.341499076532026
151 3.3032755875418665
152 3.8299786984449042
153 3.539702914234503
154 3.5049272333415167
155 3.3711569563032904
156 3.8128771425236523
157 4.622139791095936
158 4.592362806523336
159 4.339282871322461
160 3.3123004963478255
161 3.486001653342383
162 3.430390522931645
163 3.3553799352092852
164 4.748081192949707
165 3.330981779753843
166 3.3462246076403908
167 3.4729691816995953
168 3.3267061485218705
169 3.3099304110849497
170 3.3783198696899146
171 3.3651982453430938
172 3.457667901612166
173 3.467204771590226
174 3.4763612786289775
175 3.407566831293086
176 3.4917171378356833
177 3.56484400426162
178 3.4091230245128674
179 3.28099907917096
180 3.4067112471649565
181 3.551089630272017
182 3.330255582154135
183 3.3477894054585557
184 3.364580219612343
185 3.401864458662503
186 3.51500850133764
187 3.7701488856246907
188 3.1639788810478255
189 4.206026736494244
190 3.4147654796848594
191 3.9398974848197645
192 3.3809328027326253
193 3.3046359641017506
194 3.4653041402628335
195 3.3366026694537805
196 3.4246029622012193
197 3.521855469042372
198 3.254788197022354
199 3.4132449614997276
200 3.4138788829536404
201 3.3119440525847033
202 3.2973607826446365
203 3.2161481513915624
204 4.361294567951625
205 3.5090829633691047
206 3.3187879016655737
207 3.382999210308978
208 3.3195247555107206
209 3.3215113589077245
210 3.2043125457556028
211 3.2228479395071408
212 3.4047874924095294
213 3.350371175829092
214 3.7988947058113793
215 3.4288498757620594
216 4.2576681134422865
217 3.1462800538776774
218 3.260282065407087
219 3.2841674931298375
220 3.279092628689796
221 3.429292166321281
222 3.479227502775295
223 3.7288207926794636
224 3.343390252931271
225 3.5363777232827
226 3.364806820834549
227 3.8934664911883963
228 3.376267953312519
229 3.345564434347322
230 3.3098563131790115
231 3.3572168057761025
232 3.2752594600706386
233 3.2641021077393244
234 3.366961756838083
235 3.3188777906786746
236 3.1518498754806914
237 3.4076035205079176
238 3.292534321390118
239 3.3779337389364845
240 3.429081340658072
241 3.3396079977738653
242 3.380196743534511
243 3.3135535826782827
244 3.3568510774061737
245 3.281625785251245
246 3.3500133817926296
247 3.3872181389793963
248 3.9073529894686203
249 3.3220255283911766
250 3.654691831345108
251 3.4322691410904635
252 3.276211836283174
253 3.3038151159289018
254 3.3581626000251776
255 3.638282910377072
256 3.372905040579695
257 3.4353803636443465
258 3.3005055233178537
259 3.3529895965023515
260 3.208072982510995
261 3.336951356944997
262 3.2822980188502946
263 3.311276413258755
264 3.4731249391244137
265 3.222725988726461
266 3.415685635973018
267 3.3229596796800376
268 3.814112377060457
269 3.3147661283258625
270 3.374421478083163
271 3.2740547160221136
272 3.344280081691924
273 3.3275975272102385
274 3.363693781206837
275 3.708887603108727
276 3.351602048939114
277 3.4277230274374078
278 3.364859053945554
279 3.361617858012586
280 3.3514765001769784
281 3.3436208708015425
282 3.4480631292068953
283 3.3043876787665445
284 3.621871735106195
285 3.4038186564824615
286 3.5565330902006735
287 3.378343730544731
288 3.4865331223890244
289 3.291699432120349
290 3.5333540195275495
291 3.313285188626522
292 3.3898329896269344
293 3.3528026350699576
294 3.425569170612998
295 3.2506337466813515
296 4.569214347678562
297 3.6656942826855827
298 3.2954633441944488
299 3.3252471100899013
300 3.4734324839769344
301 3.3324567236180784
302 3.4215225249807992
303 3.372254663337246
304 4.135021844818247
305 3.299306998645386
306 3.6359371309312714
307 3.9618961019375565
308 3.3019310331771523
309 3.360863685503048
310 3.3453755919569486
311 3.331720821954694
312 3.497003015775022
313 3.397575092077467
314 3.4541903891749888
315 3.453090792757141
316 3.258574878886751
317 3.302208215079673
318 3.442630346287526
319 3.468201171906229
320 3.3425869068471123
321 3.3401379723946265
322 3.25234995739508
323 3.6977682436501422
324 3.411373510415624
325 3.6884776986149816
326 3.3625850424378854
327 3.745750347889838
328 3.231159910511041
329 3.2570497905387357
330 3.396900934343618
331 3.55278089658575
332 3.30799633989352
333 3.3438029151839364
334 3.451764204926966
335 3.257873333183431
336 3.3553333563134093
337 3.46179279227019
338 3.525793056676972
339 3.261261635456664
340 3.4093941435521233
341 3.3341838869085962
342 3.644341174264859
343 3.2594763852932926
344 3.421507366484308
345 3.6460148352035313
346 3.3071489915749908
347 3.390707353802214
348 3.363938884003906
349 3.296829173808951
350 3.3818464449617083
351 3.3442794829117477
352 3.992917820973612
353 3.2696095626721737
354 3.516216595494146
355 3.4123089456802043
356 3.267391536716094
357 3.4458685498053887
358 3.3271031161654143
359 3.4463333112266223
360 3.46354711085653
361 3.318067315638151
362 3.4865292177205442
363 4.322370960274323
364 4.192136371474051
365 3.298211551220047
366 3.3725947745857514
367 3.489071065450989
368 3.418378014051312
369 3.2628478921776054
370 3.2547852782189253
371 3.293782446000647
372 3.3585253909665576
373 3.2586076943039943
374 3.3785675440381135
375 3.264651451263512
376 3.3097082659637493
377 3.273017140258874
378 3.5606161378987338
379 3.3720680726001637
380 3.380437166281417
381 3.362912861721993
382 3.4406617218439335
383 3.2735678794146805
384 3.3532538993894105
385 3.275217905396295
386 3.301929362675303
387 3.4507622697118117
388 3.3014265473331577
389 3.3176579420694567
390 3.4932913438600743
391 3.315596721053695
392 3.335328849381534
393 4.001302195018876
394 3.4483014196913713
395 3.3735602737555443
396 3.273490608795961
397 3.425265685681571
398 3.309874567661793
399 3.3328550992391865
400 3.39768776473085
401 3.365100386998481
402 3.2619502852904296
403 3.428681293123414
404 3.995193705283593
405 3.320923126547557
406 3.2857759009401892
407 3.40457259702158
408 3.3003452177355537
409 4.293922899822665
410 3.3178627032596224
411 3.563357540443903
412 3.306134823351934
413 3.270542463395815
414 3.39990149187654
415 3.3531940251137313
416 3.4954163197044306
417 3.380904893180014
418 3.3171890393551555
419 3.2201689939113627
420 3.2953113000109906
421 3.3591116773664678
422 3.418209302530701
423 3.403918157177245
424 3.391681016446019
425 3.3263307823663197
426 3.2495985024535115
427 3.433560347859426
428 3.3255831206138695
429 3.382678469610435
430 3.497610173890029
431 3.284142967562702
432 3.3609433380493465
433 3.3092588659758104
434 3.400384422583139
435 3.332531791700103
436 3.3967357369655025
437 3.365911010012385
438 3.3219252075413634
439 3.345297741688375
440 3.4379814883590307
441 3.3621732479880997
442 3.367163261004354
443 3.5049007319083763
444 3.5522196316374783
445 3.2899936454473098
446 3.548928089972511
447 3.3524916944012393
448 3.3125880146443567
449 3.4498044544237367
450 3.238627688939774
451 3.562186321201206
452 3.492992324032275
453 3.3615169330015355
454 3.4197078087390294
455 3.99669371804582
456 3.3621977869906625
457 3.3386444920841645
458 3.332752502796613
459 3.3050227667003784
460 3.642396570410535
461 3.3197093333002847
462 3.3292783925981975
463 3.340583606539013
464 3.3380594465344764
465 3.2709390052901197
466 3.253431148586456
467 3.370751999018314
468 3.2206794235523373
469 3.3986486144889283
470 3.383596734655761
471 3.3388781578874993
472 3.3447568424449363
473 3.4520302207540463
474 3.3495861058533825
475 3.355590589824681
476 3.2770453021932013
477 3.469817697073735
478 3.31750197827449
479 3.1769972918732274
480 3.369714536985937
481 3.563311083300766
482 3.352658217230752
483 3.2365705340232336
484 3.2979890589729326
485 3.312891266921833
486 3.3441771214321667
487 3.318080900467519
488 3.3193140573230955
489 3.3754707828339554
490 3.293416595560099
491 3.4575520020295176
492 3.539084962472324
493 3.2460606552846225
494 3.386183754397578
495 3.4502185833164516
496 3.4483641525623328
497 3.3879684920671385
498 3.4172898890635124
499 3.239601771724169
500 3.3509661142812046
501 3.3155680139781594
502 3.4657894489429717
503 3.2350488511728113
504 3.3314721390093727
505 3.3055071242553473
506 4.3175532201236955
507 3.3426954335544132
508 3.32543843562636
509 3.553344223084894
510 3.324717344181055
511 3.516766333293071
512 3.4971555219789123
513 3.5117471575036987
514 3.5775627808188593
515 3.339905638923054
516 3.4241780374097677
517 3.5477994542497564
518 3.656899354363799
519 3.403739512340604
520 3.2466147798477456
521 3.4211230140725615
522 3.327624268042786
523 3.2984768156022333
524 3.819543029173108
525 3.5479006358602847
526 3.662994879529365
527 3.700916235466054
528 3.3366903264092165
529 3.335367546878381
530 3.3554889154223995
531 3.285931058969799
532 3.4400669770694523
533 3.43900953262101
534 3.5310509234956955
535 3.3027992146002645
536 3.426097645959201
537 3.5060598618710337
538 3.205961272919525
539 3.3330092352661924
540 3.4148260976594136
541 3.3765873043207857
542 3.3943439233702413
543 3.452140303889324
544 3.2579736013433864
545 3.203642570371397
546 3.2541009224584365
547 3.483520895380294
548 3.5027593306969487
549 4.179857852666861
550 3.391995378420375
551 3.404619436808917
552 3.4563501069308566
553 3.3788356811239817
554 3.4330144060729952
555 3.3595721472808004
556 3.3383297138754036
557 3.3201340767793974
558 3.2249381165000033
559 3.386289869863213
560 3.507171788898888
561 3.5471351021008095
562 3.3805169701108086
563 3.3327596221323126
564 3.2864673759899574
565 4.430850668726218
566 3.290293642999822
567 3.265600444103249
568 4.780316279059975
569 3.4493357255059087
570 3.3263673681817982
571 3.102246238000459
572 3.369707603880122
573 3.2533692019815614
574 3.2684860666595514
575 3.3082309544191273
576 3.925686294092894
577 3.25519793845647
578 3.342378251271909
579 3.268446888118392
580 3.491200881270326
581 3.469239675634399
582 3.399216724172417
583 3.43812745290168
584 4.038012238108872
585 3.323245823102998
586 3.532339715584904
587 3.5200767407900138
588 3.1663848032748163
589 3.663121163111033
590 3.3373915164213313
591 3.5475637193554537
592 3.5066674174467427
593 3.268942169439916
594 3.3772544619897116
595 4.003029623747987
596 3.3751751200316207
597 3.4233178755574496
598 3.3565205818511865
599 4.333627750037347
600 3.421538594758609
601 3.8690630228051073
602 4.034928296682624
603 3.3774022730289652
604 3.2547160172237173
605 3.3067763693440066
606 3.718385338054896
607 3.4924808567673074
608 3.4362474364774513
609 3.5230531753282133
610 3.360430467105492
611 3.566915181395321
612 3.4186416227511005
613 3.3958459307558986
614 3.280429471033565
615 3.236247875962721
616 3.4386656913363565
617 3.3205872931683507
618 3.3901592814151624
619 3.3045750212080707
620 3.32491684068563
621 3.881142750594617
622 3.3788863212349938
623 4.953031500091666
624 3.315690180539329
625 3.2561474960591195
626 3.2467030001648634
627 3.4621612563634048
628 3.2087120629919386
629 4.018397087744405
630 3.904806905879708
631 4.183233068186534
632 3.9328146525089034
633 3.679642767035369
634 3.2475099225399227
635 3.7697957987461206
636 3.3323081431334423
637 3.3059474598269816
638 3.392497625100099
639 3.3935174725893815
640 3.420950400569912
641 3.2162090964915406
642 3.339506778590682
643 3.5962207642939763
644 3.412401352188511
645 3.395532110421624
646 3.3876023562218083
647 3.2460415366966227
648 3.353358834376747
649 3.335333208319472
650 4.048567453892839
651 3.6344116200769103
652 3.3920873055347833
653 3.5106808111284282
654 4.31357883423304
655 3.292000364245825
656 3.3010085194648373
657 3.3040010779739633
658 3.4808936963734443
659 3.4269983824222217
660 3.458011715003108
661 3.9262307454484024
662 4.0079135887947865
663 3.811287272611886
664 3.3480933828285098
665 3.5003862111893707
666 3.4354388880144895
667 3.3979758677043237
668 3.428970204109154
669 3.4737425140303033
670 3.2536283053388515
671 3.422940320163829
672 3.3326100901343914
673 3.3321719677816786
674 3.7200316067820576
675 3.415645008385932
676 3.391498438026168
677 3.2988461813347603
678 3.3360721694259348
679 3.3796405685713555
680 3.3580949570879906
681 3.518390879167126
682 3.4108786046066686
683 3.460425699119439
684 4.311659567028125
685 4.979069564546155
686 4.377397576225957
687 3.3860294935993402
688 3.3802495434025692
689 3.5113955253234077
690 3.354945369473096
691 3.4163033553141373
692 3.363047075310848
693 3.359592310347444
694 3.536227198339515
695 3.473535098907134
696 3.4314442347579126
697 3.418478638736051
698 3.3019283052275017
699 3.301612857702115
700 3.957777630392751
701 3.3914721037719997
702 3.4645253467439048
703 3.481988473119341
704 3.464670515153912
705 3.5429118737457608
706 3.653647470383546
707 3.314291318151433
708 3.4406905062006885
709 3.410426876606739
710 3.411705195068718
711 3.329571876407634
712 3.493291129268143
713 3.308281156896388
714 4.23705248597193
715 4.055032808480913
716 3.5621995366128147
717 3.824741104139545
718 3.4446471909310006
719 3.306784287922374
720 3.3881562703354327
721 3.2561712450779243
722 3.338193613245565
723 3.5123918727393786
724 4.074801326033568
725 3.3946965104268045
726 3.2740639929532853
727 3.2898458337795597
728 3.73109088263196
729 3.365958312768496
730 3.3318318271899052
731 3.272776492113996
732 3.368418911864867
733 3.405101731454808
734 3.562405494475165
735 3.36810071441174
736 3.3694021436539074
737 3.297583396496036
738 3.358083622610389
739 5.166759798184552
740 3.5239375672691056
741 3.4677317953024556
742 3.469419258587951
743 3.4860033577179785
744 3.4596936251743196
745 3.4167769527710807
746 4.432048678369891
747 3.3214714867707325
748 4.489444031094028
749 3.310295190124276
750 3.3507585972550964
751 3.5705045408470433
752 3.4179924810978557
753 3.4183864543146503
754 3.2642394914153234
755 3.2877856120074647
756 3.3624163292593456
757 3.408133709770589
758 3.49758502041839
759 3.5329256116054224
760 3.4527862111890504
761 3.6972808283044647
762 3.418906464000582
763 3.9618785540980967
764 4.0657085377811555
765 3.4818760686867867
766 3.485740806888669
767 3.2927833901512567
768 3.4182144100741922
769 3.458970444430536
770 3.321727907947605
771 3.410083853349347
772 3.310429293283461
773 3.4668790084108356
774 3.322231749422347
775 4.0042920109232725
776 3.442035329619204
777 3.4062693477469828
778 3.4500060203059166
779 3.268828462276572
780 3.38238864399709
781 3.382648161739007
782 3.3500232621644384
783 3.318388039669716
784 3.274841341732162
785 3.7766599527901423
786 3.3628546561410917
787 3.389423914875027
788 3.3445063413152947
789 3.5418665187043086
790 3.3306756363924324
791 3.507429212055635
792 3.4153338845373846
793 3.884800972114809
794 3.8571203860277183
795 3.625361689242473
796 3.319100234838408
797 3.467075090565496
798 4.708390571000981
799 3.5829830495773978
800 3.909208878644837
801 3.279432090273155
802 3.2377020409727693
803 3.410585252797767
804 3.3305196128813095
805 3.322555127853632
806 3.3533447277592456
807 3.7460164856872216
808 3.4336339010919215
809 3.4020768572738707
810 3.4061032444658905
811 3.4299020656833803
812 3.368352191315199
813 3.287039105919773
814 3.5296673468588464
815 3.3741033064767634
816 3.3221579493350677
817 3.275994109013522
818 3.39424061371041
819 3.700957802638419
820 3.2578808984721404
821 3.8455409019046005
822 3.3718321312746604
823 3.3165340911715275
824 3.430177653786212
825 3.422551856557346
826 3.2713528835077623
827 3.403302721620747
828 3.605476093920635
829 3.376926198756444
830 3.29578081610226
831 3.376503283346324
832 3.3084783684115697
833 3.2326178359583913
834 3.336109911758783
835 3.5330211700790253
836 3.6989737209254367
837 3.316009531193267
838 3.300946844363818
839 3.5763378855443024
840 3.4127644517061793
841 3.5930295739037
842 3.2108437889137194
843 3.461510733677047
844 3.363253596157116
845 3.354163851183358
846 3.6178412769714248
847 3.9325463041303728
848 3.8891679554321876
849 3.3261780384496125
850 3.3613232471026175
851 3.632472484033172
852 3.3988109477848565
853 3.3865942139239342
854 3.4307657640572016
855 3.9583422740112355
856 3.262793911044077
857 3.5211355087941882
858 3.4828234450157134
859 3.363205294295452
860 3.357241582191779
861 3.337270348726896
862 3.2720891871033233
863 3.4365381551852674
864 4.1993004219328816
865 4.999508794643919
866 5.989925987961528
867 6.146248064469415
868 6.08203727093325
869 5.119442392560224
870 3.4790950425153726
871 3.326334262083382
872 3.434899663979208
873 3.360174726071823
874 3.3183607731366633
875 3.435075567441672
876 3.3471003926118024
877 3.316221019321121
878 3.335458089002237
879 3.389848507747164
880 3.4165617862273616
881 3.604719300551762
882 3.500710856400301
883 3.3282513967827643
884 3.4240882978642646
885 3.399847869863249
886 3.3678660036947914
887 3.4222343319250292
888 3.3739078495874835
889 3.3270549919736863
890 3.392028357215999
891 3.527495598768123
892 3.365405891925186
893 3.2731368635352163
894 3.3224831524836658
895 3.5094267841831095
896 3.3248780713657697
897 3.338035625151249
898 3.5122259791321424
899 3.446576598085824
900 3.4495524540791114
901 3.945219195221144
902 3.425097053302871
903 3.287964717566095
904 3.3051553530884177
905 3.344494161890893
906 3.611976106478401
907 3.394862972250915
908 3.3571703658023373
909 3.4447818575275253
910 4.206151905978092
911 3.3918973506072017
912 3.3052220726072177
913 3.385625150930738
914 3.3213422806094277
915 3.3188549498178266
916 3.3495734142627125
917 3.772283558201295
918 3.3307129754733267
919 3.3318531313334407
920 3.2640654794306356
921 3.210825079718106
922 3.284874499834274
923 3.2443906137133847
924 3.283838325429637
925 3.882120108750206
926 3.358216074950305
927 3.406314979068356
928 3.439283392727348
929 3.289888607336809
930 3.3962716957984846
931 3.584066090340286
932 4.008713696835321
933 3.6525244598241495
934 3.3366034640992432
935 3.937195503758604
936 3.1938419550748556
937 3.342262045168869
938 3.36737730695454
939 3.28850190499379
940 3.475878614373871
941 3.9135911361905884
942 4.021937565083784
943 3.2979134935391237
944 3.368984182912181
945 3.408984877258811
946 3.3436135215100853
947 3.436312826249321
948 3.3279909347881125
949 3.4751445321873073
950 3.926339213067631
951 3.3533382161276726
952 3.385805720893275
953 3.3294542585457525
954 3.3959711860851
955 3.7651581438226405
956 3.386564836193667
957 3.3001138246935913
958 3.3399121439990083
959 3.3324945528905205
960 3.5945870430700633
961 4.384531744656511
962 3.977332986334588
963 4.512539291955395
964 3.496642355705466
965 3.4217106037547707
966 3.377095090087761
967 3.38006536913076
968 3.330757298151378
969 3.5555756642482703
970 3.54908880116251
971 3.4822694639986786
972 3.373507567504046
973 3.359793586464465
974 4.0720701979518195
975 3.420495282657448
976 4.3188458232954625
977 4.716871033129141
978 3.880542756885778
979 3.4644914890464413
980 3.5234765237680743
981 3.399003424895128
982 3.713803324288625
983 3.3904263576504547
984 3.3374380341370617
985 3.2548517747188064
986 3.578355255355867
987 3.2606093759269306
988 3.4377632901719903
989 3.4123271464762555
990 3.4603670100037354
991 3.305897062043255
992 3.1957627001354063
993 3.2382158926487525
994 4.191060012127465
995 3.3974712959598987
996 3.592350189374662
997 3.2846458923267106
998 3.3163170995490883
999 3.9102372376036767
1000 3.3685066010893427
1001 3.308902006009093
1002 3.53126088145286
1003 3.9647963907262604
1004 3.456776913044937
1005 3.559788902799641
1006 3.2688651492772607
1007 3.4452078585414263
1008 3.3489188445207767
1009 3.3857968308171804
1010 3.381526738315229
1011 3.3222309170503186
1012 3.292728147059302
1013 3.205300307455614
1014 3.286866351460116
1015 3.674604620504025
1016 3.351802750134964
1017 3.5618838312748395
1018 3.645302441581723
1019 3.263530379771364
1020 3.3225021448647993
1021 3.3934937696266076
1022 3.404401948987081
1023 4.082278129179595
1024 3.5069564704484035
1025 3.833387493814254
1026 4.130684416101458
1027 4.475225555099965
1028 3.503339307616585
1029 3.566227909286361
1030 3.347241669987947
1031 3.3839408777137003
1032 3.651076553410697
1033 3.425702143718529
1034 3.3483757526077635
1035 3.380901622764076
1036 3.436073361321586
1037 3.534513493957931
1038 3.2784541040248594
1039 3.3316393114490377
1040 3.4187729675587577
1041 3.4780615594915902
1042 3.383474495234495
1043 3.337632607979682
1044 3.985903903722672
1045 3.2840686991090497
1046 3.4123914078604374
1047 3.255809753837476
1048 3.2631303926978044
1049 3.5455309581891066
1050 3.3411753698544158
1051 3.385874389746273
1052 3.3507956489581256
1053 3.5501036265081094
1054 3.262689455276766
1055 3.4400002486528107
1056 3.4735068316310236
1057 3.400619747085502
1058 3.215831211636089
1059 3.238157589758757
1060 3.3133832540549157
1061 3.270743582793302
1062 3.4522090248754367
1063 3.288913622771017
1064 3.3553142014016464
1065 3.3301851003773995
1066 3.2351235874871436
1067 3.2766163623441775
1068 3.479806197022775
1069 3.2813682638262747
1070 3.356018682681506
1071 3.58240672127095
1072 3.317051221133803
1073 3.4357515773196465
1074 3.422364524860014
1075 3.4279152139783986
1076 3.4189333459745375
1077 3.6185493935827155
1078 3.957871611874189
1079 3.431139033710611
1080 4.149820329213484
1081 3.386933301371872
1082 3.8071621142700622
1083 3.3473887630833485
1084 3.2677428160437394
1085 3.4034718730994484
1086 3.3611665547158895
1087 3.3011484485601748
1088 3.407824537011661
1089 3.53879954739612
1090 3.2953187980727705
1091 3.672434461474118
1092 3.278095443861903
1093 3.3728090120164707
1094 3.4205677290343055
1095 3.327506512305174
1096 3.3723430714775904
1097 3.3665574225556076
1098 3.3129630525535965
1099 3.3177951934285175
1100 3.3874378513874768
1101 3.384495560953609
1102 3.626715959742143
1103 3.870425578341589
1104 4.606208681070943
1105 3.7298431712054816
1106 4.055985714668916
1107 3.513319322065844
1108 3.358222310661278
1109 3.406825616764355
1110 3.289605687337338
1111 3.4109305586589014
1112 3.4058925965694367
1113 3.2964684489187093
1114 3.45069823690569
1115 3.48660510866956
1116 3.345760043457722
1117 3.662592414798032
1118 3.3526080373655844
1119 3.614111804784175
1120 3.45464589732832
1121 4.853954796608146
1122 3.3678007933241525
1123 3.9014710147282283
1124 3.4033510363582815
1125 4.095899294133
1126 3.3202018380910614
1127 3.753671230533612
1128 3.2308421317857854
1129 3.217447469667634
1130 3.386368533257492
1131 3.4144302362041903
1132 3.3956759253578115
1133 3.502491170849341
1134 3.3933369675924974
1135 3.4165616316471175
1136 3.3552163406042044
1137 3.3616941682657204
1138 4.318193451003765
1139 4.5148973192115545
1140 3.34509822254242
1141 3.3315934663581728
1142 3.3806575850952547
1143 3.4479252768553024
1144 4.789840405911994
1145 3.372595426249724
1146 3.436189204562644
1147 3.3049016595882916
1148 3.338920556104272
1149 4.401596688072013
1150 4.515424009186972
1151 3.9854654595865853
1152 3.410932868451769
1153 3.51477040468434
1154 3.344901906635443
1155 3.4533258943463245
1156 3.3057300653035404
1157 5.188591713756934
1158 3.3228908689591705
1159 3.5761075818878982
1160 3.248125172785065
1161 3.336556053816369
1162 3.2765316102175803
1163 3.313037429230993
1164 3.356948327891307
1165 3.4221300177886027
1166 3.26757965574944
1167 3.2308966884459878
1168 3.615548778869951
1169 3.315210220017923
1170 3.364682663852543
1171 3.3478273210678933
1172 3.3617189620729913
1173 3.289552121546483
1174 3.579986571863496
1175 3.303063550173598
1176 3.4119180929398993
1177 3.334308883154347
1178 3.4117425088179467
1179 3.4077546433838464
1180 3.3962394003976
1181 3.333045714939187
1182 3.4581543943873982
1183 3.4123047004753344
1184 3.3145162227481855
1185 3.306503899479477
1186 3.474529870639608
1187 4.411168363151124
1188 4.262094706837987
1189 3.7793280164773106
1190 4.929415383043535
1191 3.444939317739237
1192 3.3620440519231747
1193 3.289683413107845
1194 3.2809035775096405
1195 3.5117132044869543
1196 3.408168702362667
1197 3.3074507595715295
1198 3.354176398253014
1199 3.3399796607160566
1200 3.6878077641569713
1201 3.506388891626609
1202 3.375098774881874
1203 3.3888914453169297
1204 3.427064938103038
1205 3.1676568384244685
1206 4.018975619689314
1207 3.3092977181767265
1208 3.5066173513102057
1209 3.334404353315087
1210 3.3313125399420858
1211 3.365948208221727
1212 3.239784188177366
1213 3.5182500367394485
1214 3.355891616023963
1215 3.345277811830607
1216 3.387362413997569
1217 3.371771365729009
1218 3.398836749136109
1219 3.506832279113376
1220 3.334195860372734
1221 3.277641098323886
1222 3.1981967322784626
1223 3.380574217238247
1224 3.3883481628577514
1225 3.4461204550412443
1226 3.3405474924842102
1227 3.3033819955285058
1228 3.356915465957444
1229 3.396426104928144
1230 3.423372738913828
1231 3.4569780026088806
1232 3.4359092456744467
1233 3.581652040804031
1234 4.4433067398335755
1235 5.587010042552645
1236 5.9962746609467805
1237 6.063598972820811
1238 5.817359148998371
1239 6.452828180806615
1240 3.7712576702368206
1241 3.510993718569991
1242 3.4452930815428213
1243 3.1881758790960966
1244 3.250106575116731
1245 3.3130098756493798
1246 3.4262128618903964
1247 3.5722766389022627
1248 3.381236772186012
1249 3.4705888160285374
1250 3.8523164772453455
1251 3.890617278010969
1252 3.6039214896800806
1253 4.3650973024422735
1254 4.411107402208866
1255 3.3190533914684126
1256 3.9776351753103794
1257 3.9524250977356066
1258 3.496728976524877
1259 3.676360095083581
1260 3.303576252175628
1261 3.254150408061937
1262 3.5350669410225724
1263 3.3663331020100595
1264 3.3725112327718745
1265 3.261246734732701
1266 3.28000409583154
1267 3.6427667137969553
1268 3.2921510483907848
1269 3.2934341126340385
1270 3.92490636837071
1271 3.311444858414012
1272 3.3047081390126687
1273 3.18499261090756
1274 3.2611264455203415
1275 3.3506989912232408
1276 3.3972838113942805
1277 3.4375892569528133
1278 3.3065636525058637
1279 3.6275754091659516
1280 3.2583612025349096
1281 3.3623744450135917
1282 3.4011982290490828
1283 3.6966168182070422
1284 3.2834706773723084
1285 3.413019256385462
1286 3.3335274851159213
1287 3.398278989131577
1288 3.448073074590047
1289 3.495218545741788
1290 3.499189933360449
1291 4.082517955564251
1292 3.453149820974364
1293 3.3269665044649686
1294 3.4474056835979985
1295 3.3139584932907535
1296 3.422006729044246
1297 3.2636032537048845
1298 3.61971815975488
1299 3.5463417388870253
1300 3.2945812499125284
1301 3.42178211842161
1302 3.617749403634276
1303 3.397981917851067
1304 3.415796096557791
1305 3.3333859638240595
1306 3.094956418493311
1307 3.6410790687936943
1308 3.40774999260355
1309 3.3523273237291447
1310 3.399561881937646
1311 3.6536960569301455
1312 3.5107037339044527
1313 3.3467770626521345
1314 3.2598612211354014
1315 3.40897474950351
1316 4.119864374504003
1317 6.8116681457009225
1318 6.659049235994326
1319 7.068631209843696
1320 5.8488944404386425
1321 6.1672782108233895
1322 6.8412640651469125
1323 5.731566752352902
1324 6.345148558802795
1325 5.76368491260993
1326 5.616739890320969
1327 6.347729789322812
1328 6.562827770204141
1329 6.591775497865471
1330 6.611124952556847
1331 6.734170820368375
1332 5.75309138477234
1333 5.987238979400867
1334 6.537001131645742
1335 6.4031723818193
1336 5.976589530599164
1337 5.631257980261856
1338 6.44567916148837
1339 6.587064952180335
1340 5.691529542421287
1341 6.074539048974656
1342 6.666841088591114
1343 6.099772856046607
1344 6.452772062080432
1345 7.123335181408373
1346 6.9859998967437775
1347 5.592373177808862
1348 6.305783711571462
1349 6.460134770024587
1350 5.6693919194041955
1351 6.85085642354499
1352 6.406526631373885
1353 7.490427917186149
1354 6.552460404533396
1355 6.452862543304622
1356 6.000120127799702
1357 5.8013076153558165
1358 5.745245422752028
1359 6.0881070730164675
1360 6.332587612647526
1361 6.2564752271109505
1362 5.897027192193574
1363 7.1408521212677485
1364 6.337906201504434
1365 5.938720323617571
1366 6.132101433875804
1367 6.035025952931205
1368 6.0938965279943105
1369 6.258723782609337
1370 5.3928395332466526
1371 5.148971190641062
1372 6.3336375156372355
1373 5.6349110022467865
1374 6.56980239181832
1375 5.456541991480581
1376 6.1588582807390635
1377 5.874862868459401
1378 5.925011762779615
1379 6.003637344188163
1380 6.2097146337655404
1381 6.526508771446597
1382 6.1661500472632484
1383 6.669025781441194
1384 5.8623935519960915
1385 4.33086073398762
1386 4.003750878732837
1387 3.514716652012695
1388 3.279502888064944
1389 3.3687977228249983
1390 3.3475608249911235
1391 3.333420815203083
1392 3.2589334923477917
1393 3.4884792757687815
1394 3.515779853704326
1395 4.228544914832755
1396 4.196143370101835
1397 4.207784688056813
1398 4.094992648214184
1399 4.106203572234117
1400 3.9422621599940393
1401 3.5895268876154636
1402 3.9879510168733976
1403 3.5435950184774847
1404 3.2571905260147562
1405 3.498025913870627
1406 3.320066383899523
1407 3.3912468592377434
1408 4.212881735291135
1409 3.7555900749129516
1410 3.3366850957875482
1411 3.363354892354629
1412 3.398409188442976
1413 3.4855664056377993
1414 3.370410997134475
1415 3.521465680891489
1416 3.849198043755945
1417 3.4391160120389914
1418 3.235470186562514
1419 3.467751075617418
1420 5.598428288209739
1421 3.456854435694714
1422 3.4045223033078065
1423 3.4302530489507865
1424 3.4846104046821558
1425 3.385912627454875
1426 3.2732525861665196
1427 3.968167318318569
1428 3.4966902229443058
1429 3.691730360124837
1430 3.8130262735498626
1431 3.481096723976357
1432 3.341665786504672
1433 3.680971961318856
1434 3.3633426888091584
1435 3.829371143078436
1436 3.9043228193842254
1437 3.260708293587832
1438 3.515228748252687
1439 4.254827324101616
1440 3.678890124370605
1441 4.071797577510413
1442 4.233445408193809
1443 3.350626552242856
1444 3.2780950893313516
1445 3.6696884384914026
1446 3.3505591774091554
1447 3.4239742805382494
1448 3.582058497638582
1449 3.554719885368225
1450 3.394073855767492
1451 3.3172011676002997
1452 3.590065481741409
1453 3.356515129036567
1454 3.7213753767962756
1455 3.5120285169723755
1456 3.3926859643725074
1457 3.432738790908084
1458 3.326733411725253
1459 3.967184580283942
1460 3.3477310774734463
1461 3.319469438285501
1462 3.3708070107601555
1463 3.4357755077743706
1464 4.736972442356022
1465 4.836744194624481
1466 3.371592496580495
1467 3.421462570527187
1468 3.4029975046416383
1469 3.3725215764744148
1470 3.9780074763925577
1471 3.4650380726207346
1472 3.6918309470280093
1473 3.237406083837335
1474 3.2350978852893606
1475 3.305015141353722
1476 3.285622843977057
1477 3.405955702030467
1478 4.219209682544128
1479 3.330283255840932
1480 3.744813319948475
1481 4.150761657384308
1482 3.338025454855379
1483 3.3748822655698145
1484 3.299716613134791
1485 3.4376439352893056
1486 3.2333743758191247
1487 3.3411485072320932
1488 3.12406144876316
1489 3.4549111287391194
1490 4.29291379600694
1491 4.104463102741031
1492 5.878775141013318
1493 4.428022134599852
1494 4.332635060229927
1495 4.183460629663303
1496 3.5046538495180473
1497 4.064268179758921
1498 4.176656456182237
1499 3.379324139467891
1500 3.4302489853049636
1501 3.235334514345766
1502 4.03419723726916
1503 3.5799153222207787
1504 3.3470200892726605
1505 3.5483599125768497
1506 3.3846110487743095
1507 3.350696655473459
1508 3.49107987748502
1509 3.313236732986019
1510 3.308875326889676
1511 3.3184450698262284
1512 3.243081137117219
1513 3.807170185607686
1514 3.277052524267877
1515 3.558061051405897
1516 3.6255749775366906
1517 3.3583163272658374
1518 3.2753758656990306
1519 3.438576061645132
1520 3.314485205084237
1521 3.3851555528689428
1522 3.230239702467555
1523 3.2535380306523107
1524 3.618507083361981
1525 3.3442768892732104
1526 3.411572320885384
1527 3.3362471381307968
1528 3.3418660368338355
1529 3.3160386569735114
1530 3.408684836570413
1531 3.3332768025922257
1532 3.372087390399586
1533 3.3783352125517654
1534 3.7999287939941095
1535 3.3012421889461314
1536 3.39761040654618
1537 3.387584760797773
1538 3.447873187630873
1539 3.404173621952376
1540 4.557208028588849
1541 3.450520805224451
1542 3.293316748520865
1543 3.4208697754225033
1544 3.4463868403705376
1545 3.311013905811478
1546 3.285003310356203
1547 3.3692977019049613
1548 3.391313396060918
1549 3.421076801470017
1550 3.386983741413689
1551 3.846907300756697
1552 3.350710750821298
1553 3.342296667459534
1554 3.3280232534777614
1555 3.38807153502462
1556 3.4122142310423804
1557 3.523000950310855
1558 3.468192262942515
1559 3.3394043436935545
1560 3.2754014335219033
1561 3.4847177476803335
1562 3.2346456702730637
1563 3.312713716490021
1564 3.415493646686171
1565 3.215099741419707
1566 3.404488743410111
1567 3.254080210894097
1568 3.276483898563801
1569 3.4957713645830624
1570 3.310812775465206
1571 3.250348152435235
1572 3.295174412777395
1573 3.5046849424266155
1574 4.44417549276468
1575 3.5171905036351445
1576 3.4343000478325214
1577 3.4254431459453447
1578 3.35304940934062
1579 4.13054858268517
1580 3.4843201227226017
1581 3.4974873782756672
1582 3.412155759997564
1583 3.528520509024117
1584 3.3192528997392254
1585 3.424078473839768
1586 3.278376071408703
1587 3.420217037613966
1588 3.527412760994038
1589 3.308105005985996
1590 3.354698379729678
1591 3.282719893524925
1592 3.393079189636462
1593 3.4087899576537857
1594 3.2371058354887956
1595 3.2644713592696246
1596 3.3784305926989644
1597 3.3519004710906057
1598 3.4216136465212252
1599 3.4895668104056967
1600 3.34518606444276
1601 3.2354090427241284
1602 3.4862685850494333
1603 3.3656561850292634
1604 3.9143597250494557
1605 3.3096397703345577
1606 4.084075922272471
1607 3.3655123731576744
1608 3.4420015404433633
1609 3.4181135447586057
1610 3.5147815461304917
1611 3.7428067098429025
1612 3.49313210798371
1613 3.3449356267051935
1614 3.412397336327263
1615 3.8577968222779386
1616 3.3741210231367615
1617 3.320341585873751
1618 3.821868865706566
1619 3.5116314899906667
1620 3.52583284251021
1621 3.3252529133434727
1622 3.274456609339254
1623 3.317182894951795
1624 3.297644240691404
1625 3.3771010421742944
1626 3.4124239622766175
1627 3.3263821816855534
1628 3.233522847310635
1629 3.8948873079673363
1630 3.5223202862315293
1631 3.4218188477291434
1632 3.3421132981448873
1633 4.166803709984684
1634 3.6838931199041243
1635 3.422220119337009
1636 3.2055814667842015
1637 3.303189367871728
1638 3.544122959981671
1639 3.5722528900603217
1640 3.4520121987194066
1641 3.3039600995801597
1642 3.3219862384978027
1643 3.455917822566106
1644 3.3390690210831226
1645 3.3942244668456403
1646 3.3041375376077475
1647 3.3415259590457573
1648 3.372670477070199
1649 3.4934062358652946
1650 3.4025644022543466
1651 3.559249804896292
1652 3.5230092722053965
1653 3.364498774832991
1654 3.239808292937497
1655 3.3821045668370195
1656 3.3118933543346167
1657 3.465138158443791
1658 3.4636510228272894
1659 3.36546734440742
1660 3.333388184227126
1661 3.540965524403465
1662 3.501877391494562
1663 4.629305595081356
1664 3.3694094609825167
1665 3.3330455374278922
1666 3.7199598607070112
1667 3.4528985078162058
1668 3.312959929023443
1669 3.6507694129311794
1670 3.742605109442562
1671 3.4288914396903416
1672 3.3924065308219884
1673 3.413341578493347
1674 3.363997303298417
1675 3.2627012975502874
1676 3.4093002358671463
1677 3.4471931624454784
1678 3.5777217657049256
1679 4.211263934726851
1680 3.368947350901874
1681 3.3476809880005347
1682 3.413059616668482
1683 3.315465841459064
1684 3.460199709810256
1685 3.3315706230834325
1686 3.337648138379386
1687 3.3928035111199923
1688 3.4673958833874505
1689 3.375905686784117
1690 3.3194327744562617
1691 3.2968775301313227
1692 3.297044910442222
1693 3.5018337038785567
1694 3.3315205978315348
1695 3.3286012674675556
1696 3.354917289323845
1697 3.342961366634855
1698 3.3024297712863415
1699 3.2774039391814744
1700 3.3838494489444173
1701 3.3236215952193473
1702 3.362124820821339
1703 3.2915752556138993
1704 3.446333794760406
1705 4.670534168566002
1706 3.411845374895017
1707 3.384936995774104
1708 3.2756405510247877
1709 3.270111823367035
1710 3.2969027867811787
1711 3.3912502005470357
1712 3.259469613905455
1713 3.3338488155767854
1714 4.065043043435938
1715 3.5323303350827597
1716 3.2932544576003937
1717 3.3698806983168232
1718 3.2386015064367726
1719 3.412186222915514
1720 3.339389995167718
1721 3.4633331931437636
1722 3.7666722961644505
1723 3.4469474968087
1724 3.3887384590494243
1725 3.441084626522797
1726 3.489998876512287
1727 3.3969228395580755
1728 3.3539048707095875
1729 3.6136753169329174
1730 3.7128270229705724
1731 3.4345937545423206
1732 3.377769008719256
1733 3.3549548360966646
1734 3.388468795369836
1735 3.9994765125421625
1736 3.360979655116304
1737 3.362782624602772
1738 3.395740060537559
1739 3.47754496911532
1740 3.4685569056711594
1741 3.4472111730712327
1742 3.2966768700457068
1743 3.179349964982893
1744 3.63433864732847
1745 3.442343570666551
1746 3.2745895277162256
1747 3.9640733852600376
1748 3.365578366098723
1749 3.595635905707523
1750 3.409381492848066
1751 3.2503762670844547
1752 3.5188641966655068
1753 3.334381547407886
1754 3.361780210076348
1755 3.429577273810069
1756 4.7659648864291215
1757 3.3526344960542467
1758 3.409889003368269
1759 3.443066901805771
1760 3.4129880751367803
1761 3.540192377390564
1762 3.717452755652652
1763 3.5040035531870295
1764 3.446078740687379
1765 3.3496592605694278
1766 3.4289049801005897
1767 3.3765353557377686
1768 3.3118642290072042
1769 3.3561590671311468
1770 3.243043409367189
1771 3.5585079881926562
1772 3.3858565851407763
1773 3.684103140741751
1774 4.875139587354879
1775 3.793225300014252
1776 4.364178316653133
1777 3.233172511447323
1778 3.457376145377363
1779 3.332947145088901
1780 3.326394077327496
1781 3.8703929772001566
1782 3.3337814746500616
1783 3.3566654841878516
1784 4.004249053360057
1785 3.274614868856712
1786 3.6695706198761124
1787 3.3745440110272282
1788 3.9611528576758825
1789 4.740721990953516
1790 3.396662778263419
1791 3.4383655015513357
1792 4.09615247589354
1793 3.4824371333890887
1794 3.482407274225445
1795 3.44911330682099
1796 3.453983211375889
1797 3.4559324912701017
1798 3.7196136751042252
1799 3.9034000701352913
1800 3.6213814226955483
1801 3.501357374678112
1802 3.2558885129545048
1803 3.643971287452258
1804 5.4908896354274255
1805 4.217231761883194
1806 3.4148732130313246
1807 3.398784258364431
1808 3.4009265139284754
1809 3.316304975920976
1810 4.272494198767999
1811 3.7751824367437767
1812 3.452858562028311
1813 3.45362253460284
1814 3.3434552108430347
1815 3.27070420412413
1816 3.366627511742609
1817 3.2933795052318557
1818 3.3003958749942552
1819 3.4996997299018067
1820 4.392931634047341
1821 3.4676949119274503
1822 4.136915302937981
1823 3.274232077502904
1824 3.3574578865527123
1825 3.4269247363270763
1826 4.150245082105191
1827 3.518884527528869
1828 4.083727988222239
1829 3.532702780317137
1830 3.327252386746782
1831 3.912842043612758
1832 3.269082220559735
1833 3.597019335877274
1834 3.62475091996301
1835 4.416456876338313
1836 3.47753781174644
1837 3.3102796076262577
1838 3.4582262503225745
1839 3.3982289440992197
1840 3.4067514869660536
1841 3.535453803423594
1842 4.344828535395511
1843 3.4257998620685597
1844 3.4512221132624514
1845 3.4473263148375253
1846 3.377239394180263
1847 3.446382466133847
1848 3.3873643554938337
1849 3.2674529112301194
1850 3.432872541707641
1851 3.451790770203087
1852 3.36850746413597
1853 3.3437062285746513
1854 4.15416808530652
1855 4.176951010752175
1856 4.852924052020977
1857 4.437395397484743
1858 3.2063443408652144
1859 3.400095459681217
1860 3.4388568049753587
1861 3.3763599134579656
1862 3.421864704508076
1863 3.315363139427566
1864 3.3112280169191326
1865 3.6235072110751516
1866 3.7934750315008916
1867 4.075167182704201
1868 3.448514556445891
1869 3.4275683930169247
1870 3.324844637277957
1871 3.699699844606074
1872 3.625062044460742
1873 3.549824578189452
1874 3.5873211465758033
1875 3.301523738100551
1876 3.7244691926132854
1877 4.364315965971351
1878 4.38732619543645
1879 4.226802615785371
1880 3.307281851055818
1881 3.7402626338095555
1882 3.4030851671863043
1883 4.395280699702911
1884 3.1633596495230707
1885 3.319357776342895
1886 3.255097565144578
1887 4.0327239186205075
1888 3.386372255390545
1889 3.3552366240660776
1890 3.386903032875148
1891 3.451632550749126
1892 3.301795509259423
1893 3.6607859163909326
1894 4.046701667277873
1895 3.5835446973784064
1896 3.5298190060160333
1897 3.4123847570501566
1898 3.298598981281471
1899 3.3527595273187227
1900 3.327872494202993
1901 3.3690126891427394
1902 3.4175254118877145
1903 3.934270298842773
1904 3.3715328208031723
1905 3.3560699719686298
1906 3.320253382859683
1907 3.3296107981837575
1908 3.8177240096286686
1909 3.693835540074928
1910 3.634301861529463
1911 3.300732742836854
1912 3.6353317481368443
1913 3.207359537791482
1914 3.337013165836065
1915 3.361574006797078
1916 3.478058543050187
1917 3.336185051024927
1918 3.3951611397880375
1919 3.245276439556076
1920 4.301878630160602
1921 3.5618753905635625
1922 4.383616343389978
1923 3.340031450840858
1924 6.237760763790664
1925 4.5552479672007555
1926 3.4102106784113464
1927 3.2209635069099622
1928 4.170626085889773
1929 3.344919240378614
1930 3.3182944774916066
1931 3.445340611352645
1932 3.42471606060152
1933 3.6574476639728033
1934 3.478242124281358
1935 3.5186324196599563
1936 3.2495984302887075
1937 3.3031125380044446
1938 3.454059862024461
1939 3.5330328305083927
1940 3.2865919316151238
1941 3.342419928591776
1942 3.4420965059708952
1943 3.3006905513709794
1944 3.3803853978999725
1945 3.54335262265396
1946 4.30762430078416
1947 3.929440618595696
1948 3.774434929895387
1949 3.5651356458378674
1950 3.4922501919649003
1951 3.667445624511557
1952 3.461790624938895
1953 3.435131427497924
1954 3.4926485732948382
1955 3.364466726917515
1956 3.446733196185365
1957 3.4285467101533773
1958 3.384021113360802
1959 3.561962425042511
1960 3.3279163219250183
1961 3.2715623237724203
1962 3.4143165809329465
1963 3.4437338682685703
1964 3.502837777934889
1965 3.4535440751552176
1966 3.3565124720711745
1967 3.405384869291371
1968 4.073444828628405
1969 3.4393308807303877
1970 4.129175740967324
1971 3.3949658107561675
1972 3.4761171174809844
1973 3.539525383969694
1974 3.427063510892246
1975 3.7013412244013657
1976 5.163679749982501
1977 3.783514130322756
1978 3.426198031488426
1979 3.3072407753410915
1980 4.0936117387503455
1981 3.565127245561477
1982 3.86635658918372
1983 3.431533304249955
1984 3.661707489114551
1985 3.412779462291861
1986 3.3527654813719012
1987 3.3275985646999717
1988 3.425177109887997
1989 3.4937269245622797
1990 3.851633223432768
1991 4.144490599720993
1992 4.194486225000123
1993 3.678420891240864
1994 3.384031115111156
1995 3.3967531055774174
1996 4.083967262922404
1997 4.350606370611716
1998 4.296790343632008
1999 4.059517902077837
2000 4.210032670987339
2001 4.3831482059742255
2002 3.2750507233276447
2003 3.4288376811215393
2004 3.4600317055715637
2005 3.338220236817902
2006 3.4999484789552526
2007 3.8989796045317453
2008 3.4087839268747158
2009 3.595494398163886
2010 3.329844813956736
2011 3.3858771941708485
2012 3.369723958813788
2013 3.436809417438297
2014 3.3059857659594045
2015 3.4353364039707035
2016 3.3294163007736923
2017 4.799076018990157
2018 3.8501843432681024
2019 3.425497352359994
2020 3.5569848788478358
2021 3.2524572662124607
2022 3.4536861048619487
2023 3.4037524566109303
2024 3.621615303445624
2025 3.524960782642714
2026 3.285306517168155
2027 3.4891392428039447
2028 3.938460711884654
2029 3.3610193011852663
2030 3.681006365221926
2031 3.329454253089063
2032 3.443754820193475
2033 3.4082042049583854
2034 3.588427792826844
2035 3.271147497199784
2036 3.3936920007226212
2037 3.327820579909863
2038 3.325764055651925
2039 3.393231044868437
2040 3.9677524655765244
2041 3.3397232142811366
2042 3.6560549704969434
2043 3.521055813854806
2044 3.5076543276022485
2045 3.386141949673979
2046 3.452382368401887
2047 3.3819147534705682
2048 3.418192283043564
2049 3.5953915996274395
2050 3.52652769850862
2051 3.345527187927056
2052 4.749422040928761
2053 3.517265412031948
2054 3.4136188515251127
2055 3.471470947629281
2056 3.3173110496366642
2057 4.458565981810174
2058 3.664308535486609
2059 3.3602698783326135
2060 3.4034318966382124
2061 4.264785410173597
2062 3.56881790381463
2063 3.5203800713641433
2064 4.0723459131206
2065 3.5099777246460664
2066 3.3656479613048322
2067 3.3611707851420127
2068 3.3453739806262615
2069 3.4083659520081295
2070 3.4217306653524853
2071 3.274342500573951
2072 3.4807568208293844
2073 3.5197849949644477
2074 3.480062956178056
2075 3.566531198126249
2076 3.494331339239243
2077 3.2655834266405113
2078 3.4516067447906766
2079 3.4068586156998557
2080 3.400072237228885
2081 3.393063621586192
2082 3.5442739037640414
2083 3.4453303208945676
2084 3.515961139163695
2085 3.351339668559514
2086 3.354329508977575
2087 3.326577060654442
2088 3.317052776164139
2089 3.4627641780939777
2090 3.3879178805980095
2091 3.4794031858712544
2092 4.49036448768016
2093 3.9709692911531955
2094 4.214748500383142
2095 4.444865489048474
2096 4.29299282317703
2097 4.55287602579721
2098 4.6498195125540995
2099 4.5280198333771
2100 3.4140147563189855
2101 4.40402186348212
2102 3.4765253248794283
2103 4.4188507438824685
2104 3.504512814099507
2105 3.4756374961055228
2106 3.4777319337924593
2107 3.3532736725619405
2108 3.352140006448393
2109 3.4514965022411457
2110 3.272990771972959
2111 3.3263598960175287
2112 3.3132515862701664
2113 3.343110077905356
2114 3.317793450719165
2115 3.3702276623874194
2116 3.4523897329699658
2117 3.361852238286454
2118 3.247801155871488
2119 3.571761769675908
2120 3.3443273652961962
2121 3.362940189840758
2122 3.3613673086016815
2123 3.3388646868159513
2124 3.431240934787033
2125 3.3848461173678173
2126 3.351380786676064
2127 3.3329876945013366
2128 3.1343710565342717
2129 3.3886617526357035
2130 3.419824842730371
2131 3.421693912291958
2132 3.2483401861219816
2133 3.5805268830439894
2134 3.58165878629978
2135 3.7353083979665866
2136 3.429060149316644
2137 3.7436467786230225
2138 3.4549471162120855
2139 3.595270758310961
2140 3.3550484214561527
2141 3.2969112771537934
2142 3.822937136724913
