0 9.679546958529695
1 9.294981475436812
2 9.83429008100008
3 10.445239109523273
4 9.745517201784942
5 10.050133106327937
6 10.156892888689214
7 9.830497800157637
8 9.898621093103525
9 10.080210868589376
10 10.352199061712176
11 9.970214490958648
12 10.348696461903733
13 9.997424508287528
14 9.859778918391404
15 9.802436658725957
16 10.424043361546385
17 9.767375480548129
18 9.931754694247187
19 10.240954115382529
20 10.604565070390157
21 10.024973626386954
22 9.991285643138557
23 9.851850507247308
24 10.066310295912979
25 10.031457845183485
26 10.312550668562627
27 9.985721140296599
28 9.96805326494321
29 9.589904518091751
30 9.9959625905687
31 10.52968157785852
32 10.332649199623555
33 10.234374153613716
34 9.39528082293189
35 10.281247886894203
36 10.483809144961349
37 9.88610751663124
38 10.688128078197552
39 9.654706001009092
40 10.757914481341814
41 10.64984384154432
42 9.648756898549127
43 10.247230965946398
44 10.210384414815357
45 10.385360114839854
46 10.44380266995846
47 10.057791248546497
48 9.887320920801292
49 10.486630986474575
50 10.538403387623935
51 9.693162139887722
52 10.943467648950637
53 10.509171899741224
54 10.424505204771997
55 10.467812691239978
56 10.527085896818605
57 11.000655516742002
58 11.144004397279032
59 10.115429195218045
60 10.635601899517825
61 10.615686386839116
62 10.274187236904298
63 10.144355556383294
64 11.07330613459238
65 11.448246521347414
66 10.83407105199478
67 9.727037304627205
68 10.041517181300115
69 10.938194912792733
70 10.497475761305386
71 9.942717064092042
72 10.63762026656156
73 10.21781092651667
74 10.471592639611035
75 10.818682568504236
76 10.38356895520619
77 10.697467204485703
78 9.896477595193941
79 10.511149969037
80 10.12231098172077
81 10.097156304966058
82 10.297033054487722
83 10.39256169599503
84 10.200449223043565
85 10.482950924450252
86 10.280255077378282
87 10.51568199290346
88 10.90865779469923
89 10.808993662893114
90 9.641055660874443
91 9.939384396688576
92 10.18176846076115
93 10.25054295141177
94 10.150851475130201
95 10.762057230063776
96 10.806206782162654
97 11.016967349591052
98 9.49459576943995
99 10.302537859198807
100 10.833208140295286
101 10.774080250139152
102 9.629721806262959
103 9.805049621253884
104 10.387202354512702
105 10.11058810439787
106 9.62268530535702
107 9.784858162109973
108 10.243842979619329
109 9.92908158876456
110 10.083034963872246
111 9.980271136733714
112 10.073701887345644
113 9.991488707530781
114 10.329991221934275
115 10.561720013424246
116 10.417028978955768
117 10.539541104658538
118 10.329304160596323
119 10.190793510211499
120 10.704109602341621
121 10.32688845464638
122 9.796208399267494
123 9.008593765783997
124 9.551654505519151
125 9.4042220085428
126 9.09512215295998
127 9.413337677397525
128 9.514041823022891
129 7.9663510159243085
130 8.564350639860775
131 7.9367755958459245
132 7.934729554431124
133 8.230665491222142
134 7.672412791677501
135 8.029015609557966
136 8.142071261492267
137 8.688999258224763
138 8.368291063283714
139 7.286702785846364
140 8.310901869796698
141 7.928149153871797
142 8.478092633557704
143 7.501106015213178
144 8.054553079888317
145 8.82935851609143
146 8.037321186680572
147 7.434688201327173
148 7.846995256852413
149 7.695009942508807
150 8.013943351702816
151 8.438110947882342
152 8.405045384408268
153 8.138918920739531
154 8.459496333415554
155 8.270963518544809
156 8.149427222405274
157 8.540873802301565
158 8.431287816224366
159 7.985149641132578
160 6.80256174651918
161 8.115097119041083
162 8.029656069264602
163 8.079599404495362
164 7.387613778298849
165 6.964084166300097
166 6.957094412789589
167 6.751090621823796
168 6.6993122273001715
169 6.336195741681437
170 6.572426060730842
171 6.722222942338908
172 7.43155080293026
173 7.512111849267089
174 7.201012186064986
175 7.461717347721346
176 7.421830365697587
177 7.119396411736856
178 7.654335008938887
179 7.473685164212731
180 7.088685837889513
181 7.333338927777497
182 7.20661211970903
183 7.085508919829561
184 7.720079589596643
185 7.429481464140508
186 7.108602484067974
187 7.3332360006643675
188 7.218625717510902
189 6.885328682562604
190 6.341239012679215
191 7.013696140354827
192 6.796154535244988
193 6.885504558742229
194 8.806246445782724
195 7.91724758304558
196 8.336712326173451
197 8.718908810533382
198 8.618376537860337
199 8.72126905867947
200 9.276930306752671
201 8.582624889167509
202 6.855750084485929
203 6.354390970663798
204 6.4808224464481885
205 6.054666020926841
206 6.75946978398892
207 6.378432868318209
208 6.848890023537988
209 6.529175831110734
210 5.562041470876766
211 6.00869548470642
212 6.267515984483348
213 6.435853848452538
214 6.170399474632047
215 6.148842448491139
216 6.028805874513525
217 5.050101284017516
218 4.651626168753616
219 4.871004642511449
220 4.94740589831975
221 4.833581197694309
222 5.66640962011413
223 5.680694706638135
224 5.4713234941182
225 5.5530547396835095
226 5.425930799647917
227 5.524326293202535
228 5.52773997468785
229 6.41065166909395
230 5.46743915992719
231 5.181187510776358
232 5.394431484244768
233 5.9152381145074635
234 5.369285304931084
235 4.976104279318602
236 4.8430774396577645
237 5.073897831241101
238 4.813529892058007
239 5.184415591104406
240 5.178835083225101
241 5.249223620102174
242 4.783584782905799
243 6.217636301472437
244 6.38322438514363
245 5.3517103758626146
246 6.007741739399348
247 5.544109216317447
248 5.197697138797875
249 6.049245041688104
250 5.977921322506347
251 6.2153951892681505
252 7.615499167359687
253 7.607056974101039
254 6.239632163023507
255 6.756865229622488
256 6.403408173355642
257 6.090333737891212
258 5.963389084501875
259 5.779941573260256
260 6.282585843784498
261 6.3632962426466095
262 6.309094032948597
263 5.918122062114907
264 5.876882377911451
265 6.372233426479899
266 5.691986942297831
267 6.741730455329121
268 6.5476780054255785
269 6.5173487946980275
270 6.265984696927461
271 5.808202508401947
272 6.123431760737413
273 6.504411642101532
274 7.280563937293208
275 6.323168977629521
276 6.601203784518483
277 6.396953775264315
278 6.685598555543915
279 6.024249403771873
280 6.119895116924426
281 6.230404827983875
282 6.167364403655242
283 6.2707785531448135
284 7.041090462604948
285 5.564123195889448
286 5.68632083820498
287 5.795565991861487
288 6.171810056248733
289 5.528825348950627
290 5.437039001949968
291 7.222725613904321
292 5.122084969887625
293 6.366487210084405
294 6.246739871920374
295 6.2369835528742685
296 6.048580901980868
297 5.760586221011191
298 6.318417388477821
299 6.636985438463555
300 6.105077073690569
301 5.991246689689701
302 6.291380244519005
303 5.803334937264876
304 5.679072974292639
305 5.79487677161411
306 5.892111281041886
307 5.503811570589631
308 4.926412677653328
309 5.423617490962076
310 5.564069261561947
311 5.2092801211466
312 5.150782523268057
313 5.529008004490912
314 6.622015757988704
315 6.48646148389857
316 6.598822334797422
317 6.164456729399907
318 6.216992453924223
319 6.292995869757314
320 6.720972710513541
321 6.345587110435778
322 6.5345824394586
323 6.879852563205172
324 5.439294621828631
325 6.402126747673243
326 5.300115994014771
327 5.761788887286241
328 5.417169935994204
329 5.89166939321877
330 6.840386189172783
331 6.726743850552499
332 6.150004326682166
333 6.806551846068244
334 6.892217271471096
335 7.156235484883295
336 6.577850094823279
337 6.575541320752809
338 6.485306461895668
339 5.817790766134689
340 6.068434877006105
341 6.090061246643458
342 6.502123083435475
343 6.322769639438544
344 6.681485345981924
345 7.116039321179909
346 5.7300708403259915
347 6.118820148373595
348 6.427898978929614
349 6.258311838936497
350 6.003624493757159
351 6.24717643930901
352 6.053870021024854
353 7.246240409974799
354 6.867057904832384
355 6.711163635113785
356 6.77574372927848
357 6.764534812374361
358 6.790068989212579
359 6.626403196678232
360 6.750663209600532
361 6.305702859913807
362 6.777845451350758
363 6.756808652500837
364 5.51138053691175
365 5.3592209282429595
366 5.699799843146241
367 6.152756561942929
368 6.114890089102352
369 5.979461985360015
370 5.360608407294194
371 5.347308648783387
372 4.826114109506943
373 4.50561501140451
374 5.071066582108895
375 6.136652760521722
376 7.323620403117934
377 6.836249188050384
378 6.706234708500249
379 6.598474703374269
380 6.731346218558482
381 6.343649131449897
382 6.971492329125567
383 5.976412183317443
384 6.610270074857647
385 6.314685040727658
386 7.654777866011297
387 6.678229988569435
388 6.68173774289428
389 5.908235951554061
390 6.967821884067281
391 6.62339371434983
392 7.062356070016546
393 7.206966226515245
394 6.987477716343064
395 6.584787202096098
396 6.899305057204335
397 6.820846156621317
398 6.650633113154857
399 5.812083242101931
400 6.981058386971557
401 6.200770310680784
402 6.695014723086866
403 6.105748018409721
404 6.2431843490041645
405 7.0285846092912
406 6.809306185247894
407 6.322604183250842
408 6.5489992648360005
409 6.52443972705841
410 6.685081494793212
411 6.753855383918385
412 7.677683025397574
413 6.722852069551074
414 6.496454350569257
415 6.833862120530108
416 6.5484575610578455
417 7.326901232832625
418 6.6439919880079
419 6.786227261980344
420 7.23939518063698
421 6.488834438804137
422 6.9989688431409895
423 6.424106723539661
424 6.78592680258814
425 6.927282799733294
426 6.7748846388277615
427 7.155431547814595
428 6.553262701705228
429 6.457566087687997
430 6.859973424112252
431 6.406046657659607
432 7.0861934274418985
433 6.54010325338041
434 6.900168409663041
435 7.196300214719396
436 6.079992091394057
437 6.9303193923263455
438 5.863285258712814
439 6.81738337861962
440 6.494134638279839
441 7.007715657596636
442 6.873069731284103
443 6.120655881636705
444 6.981638522297363
445 6.8679256840690215
446 6.625435895808714
447 6.652858655350581
448 7.083894069116367
449 7.197340340400674
450 6.450042817195089
451 6.886813460749152
452 6.651964010604955
453 6.7116488887188845
454 6.395622504077611
455 7.099679179243709
456 6.4681353419046115
457 6.44632482473204
458 6.158538450540306
459 6.599385714580417
460 7.023972269783312
461 6.837792342003021
462 7.1494938268368315
463 6.830479144760909
464 7.273026841736323
465 7.020839484769044
466 7.136105772882542
467 6.820174687617135
468 6.781259277078696
469 7.232918123477018
470 6.524070004560615
471 6.821075959726568
472 7.216664534209664
473 6.536068308284611
474 7.04602851654076
475 6.956967791463587
476 6.9393827143681985
477 6.91533280300863
478 6.275068385424203
479 6.815162704132911
480 6.424941719756233
481 6.4650430964233125
482 6.868688652212187
483 6.817705481435893
484 7.120854828463015
485 6.493190574512046
486 6.471692545029455
487 6.616618673264006
488 6.151431623048465
489 6.62802493966908
490 7.1440659951471694
491 6.900290358650776
492 6.998081683942021
493 6.19028922374307
494 6.906416978480791
495 6.784390565770357
496 7.313351574233464
497 7.00608074859844
498 6.627482252277236
499 6.001173924432169
500 7.031596450420798
501 6.235524943227876
502 6.823021326531445
503 7.506780617226034
504 7.171933409731309
505 7.13384870409288
506 7.12956436224133
507 6.878607630825329
508 6.808044534852087
509 7.089923668177341
510 7.031009774683062
511 6.940930154415923
512 6.308533786863661
513 6.2797634671686815
514 6.475424483118816
515 5.858210373364055
516 6.463791901836318
517 6.8020217760271535
518 6.77628939663896
519 6.9790989004418
520 7.057202220360644
521 6.968856348015631
522 6.832750922515724
523 6.670326662212115
524 7.165717701190595
525 6.835132545264915
526 6.941155586638919
527 6.6012348148783015
528 7.285139432394925
529 7.075633572937452
530 7.00695746619174
531 6.4493976703491285
532 7.661292167157921
533 6.7576365579734885
534 6.387839883939869
535 6.4415916282934615
536 7.212302278525783
537 6.83216451140849
538 6.551572752539607
539 7.352711190407508
540 6.656574348538564
541 7.076483918974732
542 6.633402809594097
543 6.189327293638134
544 6.8834261445884755
545 6.864746075049023
546 6.40778404028356
547 6.549744543834361
548 6.584977642086729
549 5.771952128576994
550 6.8835582106570135
551 7.249667073984706
552 7.152960181165441
553 6.903531905918674
554 7.025039666106306
555 7.315787215860415
556 6.6340244552177
557 6.776822590277021
558 7.0748667577377615
559 7.223058823863789
560 7.121677125305948
561 7.232419277434493
562 6.71460755579531
563 7.232590843944142
564 7.199045921508151
565 6.899869964575192
566 6.848326447342883
567 7.135600822755515
568 7.221340734007744
569 6.846736659171796
570 6.867956125994224
571 7.039414898908845
572 6.244904441981268
573 7.40911832216928
574 6.839447377650425
575 6.858130006103323
576 6.719735106949278
577 6.8875850015516225
578 6.885941347496209
579 6.426168102070932
580 6.955806258349884
581 6.989725824652294
582 7.3590478423627195
583 6.7226362660754155
584 7.4001925556556225
585 7.25241282012824
586 6.559836205502583
587 6.9025303836613086
588 6.686004481671884
589 6.335652058184658
590 6.091163052626632
591 6.544548991374504
592 5.977970926703838
593 6.801197375331681
594 6.536290465211395
595 7.627852519156759
596 7.213303855187094
597 6.9295103067621575
598 7.137727527482434
599 7.218751413937504
600 6.830785432806715
601 6.342918499720218
602 7.115494632874322
603 7.069008469024543
604 6.575824907301456
605 7.348759302807708
606 7.212873753978931
607 7.346615755596957
608 7.099088722366691
609 6.760051865712133
610 6.459695761904117
611 6.903754450448388
612 7.167244220515976
613 7.005190862122712
614 7.032557516048133
615 6.853115711975012
616 6.784816274775304
617 6.9836720503504965
618 7.325839653434164
619 7.578088441357971
620 6.846469678108441
621 6.485780115631372
622 6.559377719566218
623 6.099679943762201
624 6.129124649146641
625 6.921809334512965
626 6.453689972446818
627 6.41806291868694
628 6.8567092341708165
629 6.380796917862171
630 5.877574499373616
631 6.061923392863317
632 7.260190189185023
633 6.680005429205964
634 6.194657079698198
635 6.299026104412056
636 6.334295294417874
637 6.5971783256998915
638 6.647601822248471
639 6.201183306485138
640 6.273374051293947
641 6.417852220645282
642 6.370360171146106
643 6.572628646307444
644 6.5920787238285445
645 6.189304010214641
646 6.4037271105528
647 6.349677492274058
648 6.406711780520544
649 6.473022529728379
650 6.73937846756964
651 6.407299319407324
652 6.606953603420765
653 6.749478941856967
654 6.048946306694948
655 6.547668905738957
656 6.658960400457696
657 6.598877110483113
658 6.743302296085479
659 6.352807560022823
660 6.72069841787654
661 6.275110230162459
662 6.695680005188196
663 6.13430338432265
664 6.9201135475130044
665 7.007996054014101
666 7.104693877847761
667 6.65830723406623
668 6.84793928749937
669 6.4130861311243175
670 6.879846556001551
671 6.860808561023358
672 7.049354949635606
673 5.8965048510332325
674 6.640680517243713
675 6.867403806263203
676 6.491603245355372
677 7.065702319313854
678 7.4862823807169665
679 6.790559457604936
680 6.978949635230408
681 7.020276882744982
682 6.934936971760865
683 6.986263175600159
684 7.100402572406423
685 6.217912630857966
686 6.955990447356574
687 6.984799361986733
688 6.101811524153039
689 5.778157514934411
690 7.023980958020452
691 6.805505373657513
692 6.844438843407919
693 7.480701719815366
694 6.632737651331128
695 6.865414217596586
696 6.953916333985768
697 6.803265402891592
698 7.048827024203947
699 6.716791819495227
700 6.883624702288928
701 6.8081490893992695
702 6.664836911453813
703 6.853954661894372
704 6.551954059194602
705 6.799945341447288
706 6.159046464565015
707 6.822248991630085
708 6.651480443536758
709 6.897268101177585
710 6.918878221560946
711 6.834825784214293
712 7.441879795038023
713 6.838898761308631
714 7.245781625031492
715 7.031908504568145
716 6.830400891365077
717 6.693853694496105
718 6.916376834054954
719 6.818159695762603
720 7.193711531584516
721 6.198530363008354
722 6.205178964858967
723 6.684221045710144
724 6.758375782287095
725 6.021623140690934
726 6.9853570168932935
727 6.44273448262311
728 6.031905099672772
729 6.721612233510069
730 6.588936920273001
731 6.584283426294462
732 7.07224299054892
733 7.339995640292141
734 7.330442978861034
735 6.5957920167390105
736 6.570073738619802
737 7.376497942666301
738 7.583182878269632
739 6.507661608477208
740 6.295319161755656
741 6.849286640241668
742 7.07435702153654
743 6.991971499344431
744 6.2319132965326745
745 6.6702117145858395
746 7.0019310428903285
747 6.624177903533485
748 7.101832494551649
749 6.870080784894141
750 7.251492650035967
751 6.819763091468174
752 6.891098233666605
753 6.253878375977228
754 6.91932524794439
755 6.308496098309551
756 6.415023438743293
757 6.574849081768473
758 6.626531767914876
759 6.076450719241263
760 6.503595993517687
761 6.714367313462835
762 6.491984140975599
763 6.88536504756787
764 7.133627842830331
765 6.518389669316985
766 6.825420589209825
767 6.213323009469867
768 7.1060946231345214
769 7.337271036784921
770 6.894769702638885
771 7.101132597805804
772 7.797367799031039
773 6.175737240679901
774 6.836075393924612
775 5.969946552063096
776 6.548765409343989
777 6.271777078714836
778 5.877592633264315
779 6.592670423975396
780 6.034765548189183
781 6.243447480708331
782 6.691914311255949
783 5.656112366276292
784 6.159493447975797
785 7.031378847050352
786 6.554558959599847
787 6.837057673621351
788 5.528308872189596
789 5.920374993814809
790 5.792004457301255
791 6.357162490506005
792 6.335240774130665
793 5.968433755866923
794 6.318919403433897
795 5.831444501993445
796 6.212257842466767
797 5.862729166387381
798 6.055489463931707
799 6.337338236496088
800 6.139958663578722
801 7.408246705880002
802 6.069819441029702
803 6.300390623731083
804 6.362792410348553
805 6.52393355336033
806 6.329926729185435
807 6.307846841179895
808 5.743987312127826
809 6.246977466448514
810 6.1954021890821895
811 6.456964613578932
812 6.278228309649212
813 6.279920010616659
814 6.371296131452822
815 6.665182895043041
816 6.111858269627051
817 6.485268393397725
818 6.094008018724586
819 5.765861751346572
820 6.239571005159407
821 6.747756459556912
822 6.603847946720941
823 6.711651319063784
824 6.649092151298778
825 5.952995457311489
826 6.925236223623245
827 6.408299578002112
828 6.151293923566389
829 6.163067157009332
830 6.284885266497732
831 6.366908009284028
832 5.900759755093913
833 6.531237540237757
834 6.532843821944501
835 6.329384419129127
836 5.9125286002611315
837 6.276003343405766
838 6.175337340748079
839 5.93426632763139
840 6.254654528016525
841 6.278023226199409
842 6.501302183339632
843 6.539243908010919
844 6.161432815094089
845 5.613408001637492
846 6.108144651040381
847 6.096914841153361
848 6.394773254975602
849 6.840079854839968
850 6.270803538725859
851 5.590658130259719
852 6.282142015576577
853 6.2621429746062045
854 6.177375204806136
855 6.204762528825739
856 6.327295431005146
857 6.313226907894209
858 6.377254288488426
859 6.305775873425765
860 6.461415948084326
861 5.929649591152281
862 6.506013029828766
863 5.759103787615374
864 5.892792120755748
865 5.601216504318869
866 5.577429915115695
867 6.399940285767432
868 5.329860535884272
869 6.161878766180228
870 5.740760517444154
871 5.732369653050097
872 5.629223917868543
873 6.7993819858056685
874 7.124978546775504
875 7.573510539839273
876 5.897031463989147
877 7.158794991221618
878 6.680961660351545
879 5.992723117849391
880 6.434275196904823
881 6.03332872612501
882 5.9370692933460445
883 5.988139893779429
884 6.067165100659264
885 6.415578443737344
886 6.704338643149358
887 5.786673974158179
888 6.085385593968898
889 6.471319428637286
890 6.30313581702785
891 5.505424415080018
892 6.070049116198539
893 6.467376239885748
894 6.507567533607403
895 6.204278968704654
896 6.272755239108455
897 5.999249210877895
898 5.722722138003349
899 6.0686322146175335
900 6.11743918610852
901 7.2652780702781055
902 6.235615281415057
903 6.606628901621298
904 6.675423482824283
905 5.037017915669198
906 6.313189108179458
907 6.310983702491625
908 6.359750854174456
909 5.537170692895051
910 6.442966663359823
911 6.522427636641498
912 6.258636651122192
913 6.293172945051811
914 6.220811857361051
915 5.9056613740941595
916 5.916828107261033
917 5.92532928844925
918 5.492501680869743
919 6.390922312707213
920 6.301335425400109
921 6.2196977885384515
922 6.269690820230706
923 7.048068214753945
924 6.5736949542225345
925 6.91457431550105
926 6.76294498503221
927 6.031256055053627
928 6.3706828133999585
929 5.821456365897885
930 5.622631903759976
931 5.632706464831357
932 6.533839947949985
933 6.0563398514869515
934 6.660992905596834
935 6.185606367008089
936 6.772701964552322
937 6.119106991078751
938 6.650977017197113
939 6.374018822711804
940 6.356663033442594
941 6.111547220730715
942 5.847564799406353
943 6.2928900026008225
944 5.396557078246235
945 5.966969295798889
946 6.235681666870203
947 6.369037882531725
948 6.860510867359615
949 5.9472187006776815
950 6.245663663722614
951 6.0792664830473795
952 5.301232697405626
953 6.255296781077676
954 5.89007416526222
955 5.853798418228245
956 6.1920714359817595
957 6.359546130067511
958 5.9824914091838854
959 5.987441711275598
960 6.20883603462398
961 6.010674616313229
962 6.038294500062844
963 5.8781544703135875
964 5.8857035230970345
965 6.619163346352564
966 6.454239183473977
967 6.419614575237562
968 6.376778515796174
969 6.2094265189584235
970 6.232334486389737
971 8.424162088739434
972 6.76374775292822
973 6.77528612784651
974 6.1490412838622985
975 5.817926241284975
976 6.547482525518367
977 6.726569325367904
978 6.327331361616888
979 5.739483538537229
980 6.426606987990426
981 5.862602908699786
982 5.637820352129937
983 6.165886972713391
984 6.080680470190528
985 6.580736484422341
986 6.504969772919924
987 6.233419089231536
988 7.359509798471254
989 6.201778006526552
990 6.498303370032632
991 6.042170711453412
992 6.617530236159074
993 5.80902462407125
994 5.945668039659534
995 5.871108190324723
996 7.298649681770505
997 6.543872011608699
998 6.504433902984412
999 6.165111329213039
1000 6.7526432725693795
1001 6.992703647368217
1002 6.665307964065709
1003 6.312508786533454
1004 6.849562778574939
1005 6.898850963393096
1006 5.839528728717525
1007 6.424520963168441
1008 5.959728687253375
1009 6.1494571643497835
1010 5.862401648125653
1011 5.825459085766953
1012 6.1015595194241605
1013 6.1596513740036185
1014 5.865484199066137
1015 6.666432011037813
1016 6.208455322652686
1017 5.692004514706923
1018 6.084605137249797
1019 5.855967062281049
1020 6.231161454585044
1021 5.845166902168119
1022 7.113224505335855
1023 8.420683064951795
1024 7.531735552824808
1025 7.544132075283249
1026 6.844088916080208
1027 7.229000204760274
1028 7.435591038420718
1029 8.567519750877924
1030 7.489378703831963
1031 7.766613533774389
1032 7.54467869121916
1033 8.044455979042574
1034 7.689590408785152
1035 7.883500078208112
1036 8.489111789022195
1037 8.332368600119395
1038 8.747455139779651
1039 8.733364477056144
1040 8.049069855774007
1041 8.427186756553308
1042 8.272911223211953
1043 9.123043628625819
1044 8.283658945946232
1045 8.741490965852389
1046 8.411305382712746
1047 9.035231035370662
1048 9.241242685870535
1049 8.901051535293414
1050 8.465219401573325
1051 8.565562336851157
1052 8.850861006779482
1053 8.20945181438953
1054 8.018625609616992
1055 8.92315812906692
1056 8.45577809537388
1057 8.601802823970928
1058 8.791257302213669
1059 9.116137088603494
1060 9.038424668077907
1061 9.51624902695171
1062 9.958149875339267
1063 9.63392723813071
1064 10.404225058287468
1065 10.407992358271098
1066 10.594240563026815
1067 9.87092398846606
1068 8.976160028066504
1069 9.454996515914353
1070 10.395659084554872
1071 9.54093688879197
1072 9.731066026870083
1073 9.311685550326924
1074 9.591482110352638
1075 9.193468509652066
1076 10.015861061431327
1077 9.829061137029719
1078 8.89786179390922
1079 10.554966621229156
1080 8.940511979456492
1081 9.980255460321525
1082 10.234980123927826
1083 8.851632885195196
1084 8.851104574775116
1085 8.739133947536839
1086 8.982144214576206
1087 8.288350574060004
1088 9.461083644956007
1089 8.816325585437678
1090 9.415601214697224
1091 9.799536130299924
1092 10.211157484938624
1093 10.113456156319742
1094 9.81621039066256
1095 8.645408101643637
1096 9.638656268539167
1097 8.571038852594352
1098 9.711746958902742
1099 9.691621210729469
1100 9.970849739957176
1101 9.217779473922517
1102 9.943391902046713
1103 10.380512968275058
1104 9.904573601071567
1105 9.600209252029535
1106 9.826853546306772
1107 9.845436134936959
1108 10.006899484078284
1109 9.280600252816008
1110 9.258268244655083
1111 9.759154263344849
1112 10.620251699118286
1113 11.090229970457743
1114 9.818541573409696
1115 9.92636400451506
1116 7.910430943865926
1117 9.363622643283193
1118 9.193342672098558
1119 8.955645656059293
1120 8.29787313885726
1121 7.9917044291963455
1122 7.763040305547387
1123 7.003024695701479
1124 8.069556171660393
1125 7.865462894143275
1126 7.435857824711254
1127 8.189028336924322
1128 6.973480158396309
1129 7.002984628963394
1130 7.962752205811913
1131 7.473030521997762
1132 8.025047234044807
1133 7.904517680451377
1134 7.965038922578013
1135 7.621509083651083
1136 7.642318839010457
1137 7.94391267890635
1138 7.639420939678839
1139 7.380469448015263
1140 7.23098994504441
1141 6.626689957918668
1142 7.496544662692451
1143 7.156881388874884
1144 6.961740613063067
1145 7.3858131503146565
1146 7.367069323855217
1147 7.2466165247374175
1148 8.452420268237569
1149 8.37477975089283
1150 8.687459255020563
1151 8.075055836096285
1152 8.96593983028094
1153 8.772631235473904
1154 10.256873595991888
1155 9.90998869155469
1156 10.949209274900536
1157 10.198426451685876
1158 10.339100344394172
1159 10.798209685894962
1160 10.693472891733416
1161 10.058402605355555
1162 9.033247170766543
1163 8.519383492413155
1164 8.684860621295096
1165 10.285369302012642
1166 9.387769351694743
1167 9.646266308083153
1168 8.122503130081315
1169 8.222343244598479
1170 8.816952606766113
1171 8.966160829009729
1172 9.375570148444615
1173 9.397565772252955
1174 7.032214998256645
1175 6.784641345057227
1176 6.911059540395358
1177 7.03734814700188
1178 9.087004539706108
1179 8.512003900304213
1180 8.536486093518876
1181 9.02481184949252
1182 8.610073939753113
1183 8.994552817132613
1184 9.144567847951855
1185 8.747211417112663
1186 9.452499757776852
1187 8.408246863565841
1188 8.63983275552968
1189 8.68710674503237
1190 7.1846920581010245
1191 8.930239917603032
1192 8.454137870224672
1193 8.618266279996742
1194 8.134541871595506
1195 8.452045477545724
1196 8.331365663244041
1197 8.40306096683211
1198 8.138889058908058
1199 8.603239153143045
1200 8.615610890421902
1201 8.9966960234053
1202 9.179732560607736
1203 8.620252757986474
1204 9.428822112518029
1205 8.527768139390032
1206 8.681341968648587
1207 8.57094000350861
1208 6.456346510491863
1209 7.085094582017753
1210 8.51630857580933
1211 7.52982682899713
1212 7.779286399113944
1213 8.993180262119594
1214 8.271948242748467
1215 8.366435815426536
1216 8.258276846235775
1217 7.644031114536037
1218 8.66847064476625
1219 7.790639989315794
1220 7.382775487823996
1221 7.289584996459508
1222 8.241393466687612
1223 8.4850141343638
1224 9.976773534425428
1225 8.688048079751447
1226 11.407345031793033
1227 9.441426759984864
1228 8.532074993441642
1229 9.493761585062964
1230 9.699116023089571
1231 9.260345584344591
1232 8.945618370569209
1233 9.46681176484411
1234 10.290863365047514
1235 8.646340812371024
1236 8.631586516673762
1237 8.540260949060395
1238 8.447664004000288
1239 8.126588355640571
1240 8.457158961792059
1241 9.15394929533506
1242 10.153529006374256
1243 9.910821877634264
1244 10.466810287098784
1245 9.981186204572658
1246 7.781098116811551
1247 8.19526859846521
1248 6.606356578659256
1249 5.272172145646113
1250 5.477072735878
1251 4.458609456595567
1252 6.428650400234107
1253 6.751623797079954
1254 7.858434435405075
1255 8.00733215552153
1256 8.698458344499132
1257 8.275308676067459
1258 7.5001226926842675
1259 8.429514106603825
1260 7.982926895814673
1261 8.652794239223201
1262 8.18920138015069
1263 7.896331053101193
1264 8.405273963793164
1265 8.650778806760218
1266 8.320061836320512
1267 9.019401838582368
1268 9.049511777206826
1269 9.268007157518605
1270 8.92768656582785
1271 8.990521814050789
1272 8.484104202373405
1273 7.870505463055794
1274 7.462351986509708
1275 8.088586831871755
1276 9.312215071750687
1277 9.505033707666334
1278 10.43497164142678
1279 10.126118770972216
1280 10.185064071234097
1281 9.097463509354814
1282 9.606851858792455
1283 8.847201348832757
1284 9.419597359263687
1285 9.42905511632028
1286 8.981055980873146
1287 10.301255712490471
1288 10.509659380733403
1289 9.322610312986527
1290 9.749704731086467
1291 8.141576669704328
1292 9.665700704642727
1293 8.635033074914068
1294 8.462820389876654
1295 9.784887714953568
1296 8.952028689369657
1297 7.328047536349856
1298 6.702243287735021
1299 7.871705553312686
1300 8.934963338992992
1301 8.870224665873792
1302 9.581734810955645
1303 10.010350229642103
1304 10.018471847082733
1305 8.605061627186018
1306 10.02604847221488
1307 9.568616363932676
1308 9.053756565708547
1309 11.382206091415737
1310 8.91491983065801
1311 9.612463433608639
1312 9.610305868121289
1313 8.73176745466339
1314 9.202080130932533
1315 9.260968205218301
1316 8.84225042007361
1317 9.496875998390008
1318 8.387022923993202
1319 9.243091986763528
1320 9.17187396468891
1321 8.564061900747463
1322 8.566768269867913
1323 9.427662874425867
1324 9.394665768230512
1325 9.073775679917754
1326 9.035863222609768
1327 8.934892432213603
1328 8.392998734380434
1329 8.323776959421286
1330 8.649368873676684
1331 8.503627199394488
1332 8.027805595023864
1333 7.982921393535204
1334 8.744947407543998
1335 8.906407833248034
1336 7.920478877597302
1337 8.603475398640331
1338 7.925194272568481
1339 8.395150439306878
1340 7.797682933616068
1341 7.481232257370412
1342 8.243540517341883
1343 9.005944644855962
1344 9.758370782107999
1345 9.035057013312317
1346 7.775829915943059
1347 7.472081828815204
1348 8.51642273125567
1349 8.711425385860506
1350 8.488728885629547
1351 8.390175372806645
1352 8.263196711479427
1353 7.3576671987418845
1354 7.719543058271906
1355 8.853013962771291
1356 8.887773290578027
1357 6.916795906882304
1358 7.670056201676051
1359 8.322153605521377
1360 7.344675714189104
1361 7.507074600625141
1362 8.791181527605445
1363 6.888227314338601
1364 7.419525099345549
1365 6.594538272722608
1366 7.162313997731637
1367 6.976132048469162
1368 6.548225806314385
1369 6.620284644352724
1370 6.904743939964049
1371 6.680943737318317
1372 6.815717639386012
1373 7.046425574914706
1374 7.693262692853336
1375 7.471247619040848
1376 7.5159555753036535
1377 7.011988799525873
1378 6.780553366009884
1379 6.77712405179385
1380 6.92179393818133
1381 6.736847597858635
1382 6.63173917005292
1383 7.089351465974522
1384 6.7692675963769435
1385 6.922175245972931
1386 6.90860656961696
1387 6.466182369467247
1388 7.546917636634196
1389 8.073034148342542
1390 7.667431809830017
1391 7.023494960115616
1392 6.420287031951325
1393 6.811963518966962
1394 6.680446647929224
1395 6.502409129040734
1396 6.730452711202821
1397 7.104495355608668
1398 9.065557118364648
1399 7.173097543721593
1400 6.535014098783594
1401 6.745129503938465
1402 6.81591061682116
1403 6.8711731176546165
1404 6.670431816442642
1405 6.552069791790914
1406 7.492613512293191
1407 6.933367388456665
1408 5.924336372286878
1409 5.541722081102682
1410 6.346101955660259
1411 6.5338180864592745
1412 7.5688577665007095
1413 6.545930868898128
1414 6.53913895506546
1415 7.526199581078507
1416 6.787206891042154
1417 7.190123734693411
1418 6.654901505859766
1419 6.48407105777355
1420 6.641572367189202
1421 6.6856608808915645
1422 7.227705020687554
1423 6.791081817719679
1424 6.474874050303507
1425 6.580400328774294
1426 6.874477484547528
1427 7.877709243610741
1428 8.278991614833906
1429 7.996599181380446
1430 7.461961683193119
1431 6.261843143403689
1432 6.703202244639167
1433 6.787247675560499
1434 7.328971782779442
1435 8.19748129179575
1436 7.300889919314024
1437 6.938303655190746
1438 7.455079132303957
1439 6.594070137579643
1440 6.525103154258562
1441 6.279289425306948
1442 6.16435269097871
1443 6.787203376098646
1444 6.510266607583082
1445 6.49216965012847
1446 6.370961015889431
1447 6.466887493699744
1448 6.628996150227403
1449 6.545045656589967
1450 6.521256018239667
1451 7.035968110604615
1452 6.879044684440584
1453 7.2998580929868595
1454 6.631706113099688
1455 6.6017721207602
1456 6.7807337161764885
1457 6.341896673947634
1458 8.940459236641496
1459 6.8558129857120855
1460 7.7572369534239805
1461 8.593229663120278
1462 8.148740198522928
1463 8.681128468184417
1464 8.261180161973016
1465 7.884568539468457
1466 7.771513979384899
1467 8.441992226417833
1468 6.37392251717684
1469 6.963170321302646
1470 6.881005220817694
1471 6.67382087609379
1472 8.575869307731779
1473 7.637748868893472
1474 8.185094541740868
1475 7.668632736708514
1476 7.04870264869622
1477 6.707449536926957
1478 6.728849721379132
1479 6.883871470938312
1480 7.166805476076834
1481 7.091171523496
1482 7.109623592949175
1483 7.165086586764197
1484 7.54583195352164
1485 6.843520117260643
1486 7.05806157171986
1487 7.495375089935262
1488 6.520069170986002
1489 7.406673930309261
1490 7.849651291870684
1491 7.028395962426148
1492 6.578650960935087
1493 6.095553672875189
1494 4.42152779702549
1495 4.782712608104604
1496 4.532906640121008
1497 3.9839613437295927
1498 5.0791417995171075
1499 4.611814530018952
1500 4.380377467270428
1501 4.349581834538588
1502 5.000202164267728
1503 4.261150658725409
1504 4.470979603612996
1505 4.330481425078403
1506 4.0299599805341995
1507 4.152876595904202
1508 4.384869516690754
1509 4.4295883455648175
1510 4.50151311700774
1511 4.464880455632099
1512 4.375334687572984
1513 4.459609207048028
1514 4.433558220417866
1515 4.5812957252308015
1516 4.50292872449299
1517 4.5199795321497245
1518 4.555556469757382
1519 4.685131718134886
1520 4.336617920952783
1521 4.300115950175541
1522 4.327179329112597
1523 4.538695576489904
1524 4.320200519473483
1525 4.498067133926174
1526 4.211747958343435
1527 4.527468370531022
1528 4.556688439801319
1529 4.209590757853037
1530 4.375374471605579
1531 4.751075465873985
1532 4.4482722548327684
1533 5.697224600357762
1534 5.619411983836621
1535 5.5457076212613545
1536 4.517570766727588
1537 4.3901927817086595
1538 4.676407702053326
1539 4.871084531651975
1540 4.790532992325907
1541 4.573143915518029
1542 4.27766495412771
1543 4.2179668451869565
1544 4.483418552839918
1545 4.4700268900015505
1546 4.310364611704685
1547 4.251453872296579
1548 4.379336074039163
1549 4.096215954610316
1550 4.208322722380258
1551 4.44190438387669
1552 4.21775030506254
1553 4.2767523058741865
1554 4.070950651620849
1555 4.492599337388937
1556 4.276330859456953
1557 4.352320715630923
1558 4.3511936391618615
1559 4.2066953185999685
1560 4.27419845061713
1561 4.309855246206772
1562 4.904439111658119
1563 4.437201767253984
1564 4.490658690153455
1565 4.20003202148966
1566 4.190045700303021
1567 4.284815291297329
1568 4.477827651212542
1569 4.221573563055664
1570 4.418742133641313
1571 4.411582889488807
1572 4.349698475010945
1573 4.394100792399827
1574 4.068498070945926
1575 4.034099188437328
1576 4.3758486007741615
1577 4.242607712834992
1578 4.557865444396383
1579 4.181168429932965
1580 4.293370908280912
1581 4.312549223850691
1582 4.242264602161339
1583 4.346117922309509
1584 4.120936495101252
1585 4.232723370387925
1586 4.379954272972455
1587 4.339107206707997
1588 4.162172258260575
1589 4.286473992927748
1590 4.234052334279307
1591 4.38516036339851
1592 4.279285225560657
1593 4.035188810649279
1594 4.219488918901351
1595 4.135238601449677
1596 4.357882730976368
1597 4.27188484423308
1598 4.454124260410967
1599 4.34891770365028
1600 4.266817107347985
1601 4.443514106777236
1602 4.2892648864018055
1603 4.366673472584631
1604 4.430290852784245
1605 4.248712661653521
1606 4.072899253306516
1607 4.421765125572022
1608 4.3828183612420535
1609 4.34549527085379
1610 4.201174911804184
1611 4.280701160670845
1612 4.430452668074215
1613 4.301020155064624
1614 4.417797334346934
1615 4.306999480829035
1616 4.263751583084375
1617 4.308239520147894
1618 4.246547584013878
1619 4.069957572598258
1620 4.207044815901304
1621 4.46706115721389
1622 4.371781736666848
1623 4.318965127194973
1624 4.7720725593959
1625 4.209472268447995
1626 4.457643191391909
1627 4.313975108517336
1628 4.402907130785444
1629 4.640535254136602
1630 4.194044466434561
1631 4.27705960292522
1632 4.198124049844822
1633 4.265975635984589
1634 4.336216713800697
1635 4.111817406309046
1636 4.282823054808831
1637 4.480416167463895
1638 4.194227220281379
1639 4.6046406332157
1640 4.031097810447653
1641 4.440145842939494
1642 4.449810706623882
1643 4.076090685690401
1644 4.380257774094692
1645 4.2229991991545
1646 4.294334065636502
1647 4.523929217103319
1648 4.374499257934088
1649 4.2430638454254535
1650 4.355470796732713
1651 4.298644628876313
1652 4.170539949435736
1653 4.233381909462351
1654 4.369069036390598
1655 4.213564359504864
1656 4.147018405643914
1657 4.216102655347067
1658 4.464490933449003
1659 4.123496944046347
1660 4.009839432126751
1661 4.17297445839266
1662 4.329415423830873
1663 4.443391719933004
1664 4.424881717446685
1665 4.407897575026873
1666 4.326615494460062
1667 4.176982512304627
1668 4.137491501329096
1669 4.276659099151836
1670 4.2951035334954435
1671 4.3397414805956664
1672 4.043770288712935
1673 4.384123142081335
1674 4.121758905195431
1675 4.460054410960627
1676 4.13224101030801
1677 4.315480346415707
1678 4.2700744275361595
1679 4.317147785498763
1680 4.148469750306483
1681 4.197542148601709
1682 4.127811621081522
1683 4.458384842155463
1684 4.368513145962117
1685 4.242306201864537
1686 4.46532057549103
1687 4.290944376349187
1688 4.24249406606015
1689 4.274207388168578
1690 4.365782781420163
1691 4.362109252223234
1692 4.345537462063127
1693 4.398341980530189
1694 4.305995747810612
1695 4.536344188627008
1696 4.452055398123864
1697 4.790004570674872
1698 4.23104337100822
1699 4.2865954011834715
1700 4.368706561530198
1701 4.566471325617769
1702 4.38319275180085
1703 4.557924771114843
1704 4.2642803653819
1705 4.534725368894634
1706 4.390760360495107
1707 4.441376851722495
1708 4.403556447669123
1709 4.392321757626759
1710 4.6820567117269025
1711 4.182918523454873
1712 4.202216014520929
1713 4.4702829472274415
1714 4.500373346202899
1715 4.304307328356075
1716 4.5838319356367325
1717 4.505523920441337
1718 4.4979830604326985
1719 4.347656647886713
1720 4.402540402739803
1721 4.369214030622858
1722 4.405249103679532
1723 4.299879694670147
1724 4.189580128307376
1725 4.378521599004901
1726 4.186401569399029
1727 4.214599638036841
1728 4.344332683346119
1729 4.2891916936987755
1730 4.321842982674325
1731 4.411271049371003
1732 4.440725782973069
1733 4.068121125601807
1734 4.231191177135318
1735 4.135405386221169
1736 4.446520785128912
1737 4.270721209320385
1738 4.346654153081952
1739 4.051784842879766
1740 4.3809144235556285
1741 4.555928415766817
1742 4.880964770223042
1743 4.317941961201269
1744 4.576088465975782
1745 4.325451319805929
1746 4.355694126097945
1747 4.224963148566352
1748 4.256404554030952
1749 4.188457764249008
1750 4.024758012412047
1751 4.289427854051824
1752 4.698060669844939
1753 4.308876300750937
1754 4.415427619621722
1755 4.314155221685032
1756 4.250271282414174
1757 4.132549736569562
1758 4.201635259196579
1759 4.378328796285273
1760 4.378670569406749
1761 4.2962673160633145
1762 4.244177738298025
1763 4.203028825022009
1764 4.477336220777357
1765 4.506725000055855
1766 4.428742491109973
1767 4.131105414793454
1768 4.688047026123355
1769 4.090500185291273
1770 4.26546366990085
1771 4.531445783006461
1772 4.223709806594175
1773 4.07900520584605
1774 4.0527782948522635
1775 4.374750230852032
1776 4.382267180627675
1777 4.1135389309173975
1778 4.322950573941598
1779 4.238389031461959
1780 4.2404687195627275
1781 4.151026591105342
1782 4.133615612390524
1783 4.445928051001658
1784 4.257374864283909
1785 4.354491190195331
1786 4.035261103225677
1787 4.138084928993805
1788 4.320420920018165
1789 4.063658143507309
1790 4.256860129692595
1791 4.329463632800719
1792 4.1847285288021885
1793 4.42321802470182
1794 4.211221959374605
1795 4.334376920742019
1796 4.262057827086932
1797 4.2135081144100335
1798 4.380270616526402
1799 4.274055375110931
1800 4.237747445740834
1801 4.4755313380780635
1802 4.231177098090151
1803 4.317995108953192
1804 4.072818586144844
1805 4.333793540234163
1806 4.158688162983431
1807 4.238817836474092
1808 3.9817443973453304
1809 4.10326975217314
1810 4.177375130030171
1811 4.215497850832431
1812 4.320636544258454
1813 4.108568869001602
1814 4.320074884568113
1815 4.380456910681563
1816 4.2934848961734815
1817 4.0885092313705655
1818 4.33044135522604
1819 4.122423627482967
1820 4.132692920533479
1821 4.389013192725985
1822 4.3145870894453235
1823 4.391022024020503
1824 4.234153436573605
1825 4.276505383179982
1826 4.305220714537309
1827 4.206665772273113
1828 4.4417476965311185
1829 4.328742732348802
1830 4.440260889332575
1831 4.185043840302059
1832 4.245550122418428
1833 4.306415678155324
1834 4.1853278201728665
1835 4.444172579282506
1836 4.215125727744905
1837 4.294870590172807
1838 4.1433861308606685
1839 4.376985368485654
1840 4.292420846127264
1841 4.202398009023669
1842 4.037541360704089
1843 4.264617980366983
1844 4.222411998908859
1845 4.282216387670677
1846 4.144158522037576
1847 4.35037010894856
1848 4.374274853468377
1849 4.30164767798616
1850 4.245448860150757
1851 4.167372892683036
1852 4.375916302110117
1853 3.994733522673178
1854 4.173177211960706
1855 4.27486431130627
1856 4.344667422374377
1857 4.299083187874439
1858 4.2161023671316515
1859 4.647977121807798
1860 4.339587412067626
1861 4.0803439837060935
1862 4.211726705120327
1863 4.442523085772637
1864 4.395752796856412
1865 4.230117090592108
1866 4.0529864688576405
1867 4.203060578831647
1868 4.5644800642293
1869 4.342048423759642
1870 4.4446495656455465
1871 4.502063862636266
1872 4.221124338127308
1873 4.200410880864523
1874 4.169036721440567
1875 4.162081121675825
1876 4.233755313889194
1877 4.47780527225483
1878 4.304585187455786
1879 4.377914298007382
1880 4.190536055809194
1881 4.377752219722254
1882 4.08758195818409
1883 4.207993432031541
1884 4.327063500374391
1885 4.107604116586635
1886 4.325198489445242
1887 4.551408370010342
1888 4.257698217850728
1889 4.2848368415536555
1890 4.275914738719129
1891 4.152455211929266
1892 4.351685319350666
1893 4.2201791302811635
1894 4.313858532927664
1895 4.369807577413781
1896 4.2062912329133875
1897 4.4590639410426425
1898 4.507386736602857
1899 4.424929997836011
1900 4.156627886790687
1901 4.286666623342279
1902 4.261707011736022
1903 4.265522821750698
1904 4.4043341641927825
1905 4.218772732098423
1906 4.319672147488894
1907 4.7015162953987035
1908 4.647745922696342
1909 4.16252560708206
1910 4.283906739656244
1911 4.698014456029102
1912 4.463261666434903
1913 4.34605002496209
1914 4.151006748304275
1915 4.146781688772209
1916 4.3195866310902
1917 4.4257251336052565
1918 4.132207386061806
1919 4.244921592062314
1920 4.43005473634088
1921 4.501628205318698
1922 4.294086956229591
1923 4.195592966716514
1924 4.278639296370695
1925 4.2890502982974725
1926 4.313388114418487
1927 4.224227722209281
1928 4.231999918115798
1929 4.364409024732035
1930 4.279131917300096
1931 4.4930693284429095
1932 4.411460464659938
1933 4.245097967417134
1934 4.368819209539424
1935 4.413996308832838
1936 4.443450275365406
1937 4.434314845801134
1938 4.257820925316607
1939 4.205402024534227
1940 4.122154617178338
1941 4.278524691039066
1942 4.339491684682677
1943 4.251476743145418
1944 4.39368453935737
1945 4.520376080821459
1946 4.352818071770839
1947 4.340634740722781
1948 4.213734967200966
1949 4.226817173112852
1950 4.466860580261409
1951 4.235081224484342
1952 4.449548606031482
1953 4.462325152025849
1954 4.429635573286537
1955 4.334339695901339
1956 4.393125550685266
1957 4.438392925854358
1958 4.357878571185034
1959 4.131257664445168
1960 4.277171932300317
1961 4.40103613775433
1962 4.605096773274049
1963 4.252013210840321
1964 4.426462544559533
1965 4.355526823791981
1966 4.308978416541668
1967 4.040319806076645
1968 4.3600971981593535
1969 4.0938175009166535
1970 4.511381135246813
1971 4.115854455648099
1972 4.306842312797989
1973 4.271548473435265
1974 4.4808106025886625
1975 4.25938054891708
1976 4.023626100858156
1977 4.54128722308732
1978 4.494406052586932
1979 4.268414495853887
1980 4.360200844614593
1981 4.103198323544999
1982 3.9107050606880733
1983 4.476462828984352
1984 4.404689524250055
1985 4.420997824514343
1986 4.371902151600242
1987 4.2441695008036255
1988 4.623222572463297
1989 4.370862974386191
1990 4.338328221957787
1991 4.217577452231218
1992 4.459223079577991
1993 4.241965161427594
1994 4.143251935661269
1995 4.011187897699554
1996 4.184247003887651
1997 4.436735207994496
1998 4.16366685617783
1999 4.470167142311911
2000 4.367629807104432
2001 4.450525032583717
2002 4.311293443316779
2003 4.0730429522743945
2004 4.1682741110420904
2005 4.346550998251555
2006 4.195468040483323
2007 4.319303101978843
2008 4.4643085618683465
2009 4.082831302262186
2010 4.2258245286499205
2011 4.244068385232907
2012 4.33349980554807
2013 4.379466713581299
2014 4.2522964570355
2015 4.199670593678088
2016 4.3042001555911416
2017 4.05801212655908
2018 4.225976297568769
2019 4.168897984956621
2020 4.192512846719933
2021 4.303259274333851
2022 4.388888471577926
2023 4.220216329313787
2024 4.293699115054001
2025 4.23352023265995
2026 4.238992152645671
2027 4.017893680594297
2028 4.235684281791982
2029 4.087296662967496
2030 4.313872068430272
2031 4.298038598771521
2032 4.0399782109252245
2033 4.461647546572538
2034 4.38735690310096
2035 4.279400523047728
2036 4.039209076619507
2037 4.361360301886842
2038 4.112256838504009
2039 4.531831202430056
2040 4.202667160614031
2041 4.402311269016883
2042 4.3139859458418
2043 4.324771330653118
2044 4.1518877761348065
2045 4.125507255785077
2046 4.253245117026928
2047 4.57114913843203
2048 4.375250775379038
2049 4.182066315004633
2050 4.244962760198251
2051 4.346771131535034
2052 4.471707068106651
2053 4.238237243320171
2054 4.293390461622346
2055 3.973911368214201
2056 4.265355673943867
2057 4.1472364531363075
2058 4.291992212197445
2059 4.525191002822687
2060 4.18047471261497
2061 4.319400546978897
2062 4.40268160297266
2063 4.171042451052496
2064 4.506111157423387
2065 4.432704706694645
2066 4.366759744185579
2067 4.549987972067288
2068 4.321942238747635
2069 4.222361280224051
2070 4.124633599705881
2071 4.496460289692031
2072 4.492912731448512
2073 4.1880271085303225
2074 4.161367489993698
2075 4.143091297108883
2076 4.2007065371031285
2077 4.3140553343567305
2078 4.292866872434284
2079 4.293683180462647
2080 3.9797184206216807
2081 4.633839783562173
2082 4.030781826917942
2083 4.462326299837977
2084 4.464351775680841
2085 4.359620430629748
2086 4.358217003635951
2087 4.209518936679233
2088 4.347397306349996
2089 4.329348195030309
2090 4.339050733377433
2091 4.622430180048788
2092 3.999569917300823
2093 4.398496479234478
2094 4.346050413555139
2095 4.416147281759703
2096 4.428975710656544
2097 4.28169354359595
2098 4.342309876026676
2099 4.298039630439947
2100 4.104698530431964
2101 4.292239564151845
2102 4.376995488178503
2103 4.299252388740019
2104 4.157892338385874
2105 4.294188111239972
2106 4.292196420042986
2107 4.293375833589389
2108 4.27332114001681
2109 4.4722611044276634
2110 4.261156356848802
2111 4.511647849921868
2112 4.524816640914279
2113 4.1065474098087975
2114 4.370809196032274
2115 4.4757060172523495
2116 4.551314308345504
2117 4.39606201888802
2118 4.164441592913003
2119 4.543945321310667
2120 4.315038255090851
2121 4.168550499279227
2122 4.114126950627485
2123 4.288614645935342
2124 4.217164679012531
2125 4.378369714231132
2126 4.2484284880283125
2127 4.199965781111496
2128 4.089833364944092
2129 4.082072300049041
2130 4.457496721974992
2131 4.188960951860633
2132 4.358182667118422
2133 4.5207542173283946
2134 4.23462407353784
2135 4.31353304721511
2136 4.445422409984628
2137 4.165858615033668
2138 4.334439634826833
2139 4.255754968720266
2140 4.521065318264392
2141 4.338101395000263
2142 4.155232437376846
