0 3.9100500351530902
1 4.7210353090587445
2 4.583663103303922
3 4.439541218378553
4 4.298278057068168
5 3.767453611733717
6 4.421512823261356
7 4.547007139079757
8 4.409858863617934
9 4.413838109309661
10 4.433268955146416
11 4.580207902690205
12 4.455045670004855
13 4.614147270187879
14 4.395316497538744
15 4.620672374721378
16 4.442605254852046
17 4.757385197182474
18 4.41920774115334
19 4.289594149677558
20 4.571040749094611
21 4.848426554359395
22 4.455845483615657
23 3.8711380391235695
24 4.074864765556411
25 3.515281719068736
26 3.7649436361529163
27 3.648706637600146
28 3.83127002759891
29 3.86949822971857
30 4.224893743957355
31 3.6573727406796466
32 3.9363340302665537
33 3.8266676686067744
34 4.103257623735603
35 4.172653401509708
36 3.953672179667705
37 3.914971286824213
38 4.040199282754825
39 3.954705281797294
40 4.030859017909606
41 3.9029301225546815
42 3.9481251062213074
43 4.11930215625009
44 4.3122006627214295
45 4.1507237072070735
46 3.6567168944467645
47 3.812900571063553
48 3.9463326212822745
49 4.078772202690518
50 3.920660162232493
51 3.703147814066818
52 3.89139899151232
53 4.206500931613359
54 4.172760086955805
55 4.644966894237343
56 3.9841371813234256
57 4.086771610635847
58 4.015007877841347
59 4.232284765258151
60 4.550624069203631
61 5.18031143862858
62 4.585011333446284
63 4.67552276711595
64 3.880641217679059
65 4.238754903995566
66 4.277590551500978
67 4.2062020194927
68 4.34499087255389
69 4.533509441318301
70 4.248108031728815
71 4.2725746635886
72 4.358813189662604
73 4.680263164509157
74 4.317700752048446
75 3.984785453683743
76 4.099288788457736
77 4.138186132978435
78 4.121099364393274
79 4.226505635458175
80 3.7513868571840248
81 4.803560456610443
82 4.403925069931115
83 4.4020247568811985
84 4.513107949309938
85 4.606436705618739
86 4.185800921210619
87 4.4292313411734145
88 3.967222100824789
89 3.9916384341600364
90 4.299020965991341
91 4.1303935499373265
92 4.480257573705738
93 4.279857062163493
94 4.315862515238519
95 3.7339947490616097
96 4.858736178504349
97 3.953195721709308
98 4.025735137370625
99 4.223754375853657
100 4.008118213212501
101 4.367987806014415
102 4.814817961456252
103 3.844950311579807
104 3.584126385493855
105 4.500566289945167
106 4.068130033080394
107 4.1040248093946055
108 3.804660812176721
109 3.8827500915727664
110 4.29342280113737
111 4.309365975312047
112 4.582366789862806
113 4.2013816899677145
114 4.299012412385334
115 4.195755433152702
116 5.02841476254761
117 3.9316318420887457
118 3.773892870111293
119 3.9267795494676165
120 3.9421998824282016
121 3.655117524451085
122 4.26599995834009
123 4.457588733265292
124 3.9594012207641174
125 4.455131329826301
126 4.033961345875707
127 3.9116202265886364
128 3.9087150116195595
129 4.270801187895156
130 4.337731969420756
131 4.085446260659762
132 3.9686029643561223
133 3.791009004017274
134 4.211561674216221
135 4.036635970920472
136 4.406240820710021
137 4.165644314116054
138 3.9068984159750664
139 3.9506073303507527
140 3.8963105317505873
141 3.8494620700220867
142 4.48890388099538
143 3.855885413186368
144 3.7769788134617497
145 3.7905936252127512
146 3.8779703960153764
147 4.182243051158821
148 3.8709881031205295
149 3.7290866235160176
150 3.9903204841881843
151 3.7568746700691493
152 3.9949431626592675
153 6.332922840801687
154 5.095220806321615
155 4.043848923337144
156 4.997301863448923
157 4.406613838327453
158 6.08486912457382
159 5.2104853059217175
160 5.918244193589894
161 4.116274208548051
162 3.9439518935919495
163 4.098761171352158
164 4.083623514391296
165 4.209372901338909
166 3.901662972890134
167 4.051475145331853
168 4.040498818517687
169 3.800093536329459
170 3.83037154514218
171 4.164579975776045
172 4.017296063880525
173 3.9051806975410885
174 4.04915186820333
175 3.9313553366408276
176 4.264642059342235
177 3.8703211028734916
178 4.433342904665217
179 3.9605813750673855
180 6.223637126049436
181 4.44354338720247
182 3.9770572987267085
183 4.531428269492163
184 4.05928313278885
185 3.963264162990103
186 4.204002368407785
187 4.285513590772332
188 4.179082751407569
189 4.0227464398121535
190 4.684466271798083
191 3.9469707451504297
192 3.972980749300234
193 4.61505652710279
194 4.050061746954191
195 3.941284886231196
196 4.041548773213058
197 3.7341359900041646
198 3.953804705460675
199 3.9440414830494457
200 4.017941485697189
201 3.823759993827733
202 4.260487699417379
203 3.960952151258769
204 4.126443170546273
205 4.01037774959568
206 4.0102718715586105
207 4.272730958123383
208 3.9813680621911733
209 4.152911001117975
210 4.186688920409627
211 3.8958197963980217
212 4.140448990164081
213 3.9667409701089977
214 3.9311291905711125
215 3.796309984551855
216 3.874681891796648
217 4.8071034349565895
218 4.02496852638069
219 4.02309497029937
220 4.359132330111675
221 4.01723927309188
222 4.1720202742669565
223 3.8833944944354526
224 4.463395526073608
225 3.9542018126960743
226 4.096651958875434
227 4.078490899119423
228 4.692790530810842
229 3.989086003406562
230 3.9520504724322
231 3.8605363025739106
232 4.228644625030308
233 4.491609390106536
234 3.815650829256816
235 3.75290626290329
236 4.405373811242803
237 4.009648628133127
238 3.826091116241674
239 4.589372952174841
240 4.03890988525487
241 4.324935754598746
242 3.8608778228317155
243 4.031821207091876
244 4.36526036289115
245 3.9638615132213357
246 3.9320456745890078
247 4.036675019671781
248 4.010531700854979
249 4.161385408568903
250 3.819155301160488
251 4.267173602404151
252 3.8755183616001845
253 3.8820740766906634
254 3.998366984864485
255 4.221134003514789
256 4.400368182116271
257 4.0405373679858645
258 3.8881354126408882
259 3.8833833311918986
260 3.7439744280582254
261 4.026632095738086
262 3.8443231931485133
263 5.841396556015976
264 5.580679255173854
265 5.518590579231973
266 5.388901246298394
267 4.077872499535543
268 5.609027981739327
269 5.694271630513837
270 5.199734105008091
271 5.586486631622468
272 5.655816755090579
273 5.437718218156741
274 5.862017508115594
275 5.739100808642591
276 5.162982065568268
277 5.610053546479939
278 5.42406836072587
279 5.319600757338404
280 5.602597726867014
281 4.9664801577727475
282 4.224045220664947
283 4.3350067650793696
284 4.352231325971929
285 4.334412005997793
286 4.298505941493298
287 4.548090108346972
288 4.394228102520744
289 4.293211753942443
290 3.975644400928881
291 3.9780592903499183
292 4.203868544429204
293 4.694876047476225
294 4.018912250481754
295 4.6419979673246745
296 4.191758839858831
297 4.310827040943273
298 4.516640279866004
299 4.81648631015697
300 4.051033926325196
301 4.260104228592289
302 4.119826907676551
303 4.2182370838776535
304 4.302676433507813
305 4.409510630604551
306 4.387313891014513
307 4.3288030085089275
308 4.443012441068684
309 4.4348583876769965
310 4.111470381299878
311 4.4191423542873665
312 4.249744119682447
313 4.626624253018065
314 4.265531023134106
315 4.788018985711614
316 4.586271565053642
317 4.778632996630714
318 4.65566955653275
319 4.510095399073485
320 4.371271642419318
321 4.561157816029358
322 4.426651361160274
323 4.140287938398872
324 4.830635369396686
325 5.429900997873209
326 4.730063094140935
327 4.388619825341331
328 3.8922742594537048
329 4.103739220739777
330 4.522316665190224
331 4.559589897319824
332 4.805158135409528
333 4.707097112115439
334 4.38440492992427
335 4.483846283513072
336 4.333291369210233
337 4.342241203732919
338 4.456720482512159
339 4.2799722766599215
340 4.357975882972714
341 4.2461683381216675
342 4.57576167161555
343 4.845401707459384
344 4.680008970760759
345 4.0274260106044535
346 4.270309864188542
347 4.316620280647742
348 4.480860290313237
349 4.330950528689619
350 4.705164407287024
351 4.972001943073163
352 4.325582568793629
353 4.52321163426816
354 4.528356203407729
355 4.34348354057042
356 4.604023368644029
357 4.031994472013539
358 4.076613873489185
359 4.525309073189585
360 4.444236369287124
361 4.417905741484656
362 4.435905109418247
363 4.484836893772497
364 4.295816296428893
365 4.452293898698345
366 4.49463450375526
367 4.209978084067606
368 4.349959657344695
369 4.516794232928802
370 4.342788379791118
371 4.627170828413281
372 4.377490598916318
373 4.483651253501531
374 4.4951882531021115
375 4.3094693309011305
376 4.185909223749448
377 4.233557752701967
378 4.3234871142437745
379 4.176184698787267
380 4.17166572522338
381 4.683758995654372
382 4.52897275786948
383 4.34918476808108
384 4.459454742255883
385 4.060185946944801
386 4.457437092886926
387 4.785552343060186
388 4.569667731458586
389 4.669439035046083
390 4.448565883857841
391 4.555858654980532
392 4.33494864206065
393 4.329294059056039
394 4.131899290047195
395 4.536010336558868
396 4.521571281904412
397 4.050929303855286
398 4.2792503135117865
399 4.249907410719691
400 4.7587076482796915
401 4.660476764198504
402 4.295941282329543
403 4.3344402758468945
404 4.443906754145507
405 4.468392027449295
406 4.534800784105493
407 4.410115149845658
408 4.007464293331061
409 4.1311706954543
410 4.128907395497174
411 3.840947854731241
412 4.214091120301832
413 4.249023701277125
414 4.24042459596999
415 4.102337552858543
416 4.118937591106099
417 4.058864700658311
418 4.168752816130606
419 4.139113648420313
420 4.314628890778635
421 4.33247721919371
422 4.209265305454081
423 4.307975060916392
424 4.420479083272085
425 4.302175172323392
426 4.140237261855478
427 4.179117422520105
428 4.3612819060087755
429 4.066223682477482
430 4.369034929497198
431 4.668409994623493
432 4.061752649473999
433 4.329872637687811
434 4.173227186625737
435 4.228116982432223
436 4.074441900170731
437 3.8645688494436485
438 4.181905663487169
439 4.536031025765857
440 4.337568843411044
441 5.057822750016514
442 4.661603194472383
443 4.298226483803903
444 4.711929217916891
445 4.452752040070933
446 4.426244338873744
447 4.4466850432908505
448 4.265449513558021
449 4.6009885601443665
450 4.112763889268021
451 4.58218001399397
452 4.370924862920878
453 4.374658098492081
454 4.51988970353473
455 4.509563324162093
456 4.465254996306494
457 4.388043496398677
458 4.4342715397967885
459 4.69928715776609
460 4.433789954072169
461 4.201904919414799
462 4.458788681004298
463 4.196141496619532
464 4.642736434367494
465 4.385931082442138
466 4.256000912298344
467 4.225053636787354
468 4.581911459672776
469 4.453973815593939
470 4.6849508601336165
471 4.4412219440455765
472 4.263938134863276
473 4.0346892586040735
474 4.493603931741272
475 4.4266642257857525
476 3.9909704209810415
477 4.048568224006184
478 4.029907899006682
479 4.204451480874419
480 5.025563291776014
481 4.395425868572536
482 3.8945857962782044
483 4.283592992239725
484 4.0618485386134555
485 4.225479581898201
486 4.275610159400749
487 4.135307994377809
488 4.55586090036648
489 4.3344683346865835
490 4.252594479311933
491 4.184721921567054
492 4.502376331287642
493 4.578179229156841
494 4.913834930696593
495 4.496973270931781
496 4.522271429405029
497 4.532361701196909
498 4.552294267417482
499 4.345614879778415
500 4.6618436897425815
501 4.431859247798201
502 4.5892650966721895
503 4.534116421975212
504 4.696990279835465
505 4.811229905368375
506 4.880459835656756
507 4.703622787799619
508 4.32404226888826
509 4.208670626006234
510 4.543830486865097
511 4.358036978007539
512 4.478837032186246
513 4.581178240174968
514 4.3542323515833905
515 4.542387799691135
516 4.290032080184588
517 4.373180903258762
518 4.206412146456621
519 4.339862647916497
520 4.691008670167897
521 4.1875879178117446
522 4.625109682470385
523 4.726605832448666
524 4.285423799550397
525 4.683449727430141
526 4.586093369382173
527 4.468897359428781
528 4.296421887029033
529 4.31987038177282
530 4.528887897947316
531 4.34336440407727
532 4.5080238736891785
533 4.237941717696236
534 4.490664596529113
535 4.239594007679999
536 4.5651763747459935
537 5.34416743572393
538 4.293145545523802
539 4.147958244624654
540 4.4879205072882415
541 4.324632407414076
542 4.888740389606811
543 4.463085926574272
544 4.322633294888856
545 4.465731347346507
546 4.621776340667267
547 4.37528062331412
548 4.193572068697762
549 4.708234894232163
550 4.320399886260879
551 4.502857433536895
552 4.495528476974468
553 4.3871633219249375
554 4.281870802173897
555 4.7884030458206714
556 4.315551321387996
557 4.362854229534379
558 4.435067964456149
559 4.598986806448597
560 4.558116229708781
561 4.224530081891954
562 4.431723717930318
563 4.286474554592964
564 4.492266438945339
565 4.24196207472284
566 4.437530307238523
567 4.360083681748822
568 4.187692849613693
569 4.850435703192276
570 4.506030991043692
571 4.464355390396923
572 4.821888198788439
573 4.2012197386834185
574 4.977959680516317
575 4.5390366728548095
576 4.427992973804049
577 4.231588448414535
578 4.526762608222935
579 4.420065749525458
580 4.289974592189819
581 4.664497253151716
582 4.424262373705743
583 4.2912707575610805
584 4.488340366422116
585 4.499526150337063
586 4.445741280517923
587 4.880542976253219
588 4.349546831856667
589 4.66732615772436
590 4.287059594219546
591 4.619473857922939
592 4.33630238587019
593 4.206141968849925
594 4.502169531893762
595 4.792298272864567
596 4.632308730962048
597 4.489511382317778
598 4.405668563526561
599 4.2969715785943325
600 4.131026233317456
601 4.66555011990744
602 4.578199838553549
603 4.707906389716801
604 4.257780651702335
605 4.144940599700235
606 4.324775141991871
607 4.43366561933918
608 4.131595351454042
609 4.51074112721148
610 4.1514701286408
611 4.318610941912747
612 4.2814597378055135
613 4.328217259557083
614 4.442588347717219
615 4.543809051298707
616 4.598696461860632
617 4.279141893451757
618 4.390070506144851
619 4.591805485755959
620 4.604438204657344
621 4.388786631084043
622 4.559534679595677
623 4.64650057075456
624 4.318816190350834
625 4.6148747033182005
626 4.677306331750478
627 4.399581958217719
628 4.393486777176066
629 4.187964079452092
630 4.499409292810285
631 4.31298230502223
632 4.1880433150877865
633 4.518489003377053
634 4.809669369073214
635 4.308976813790403
636 4.5271075287861375
637 4.5375960701143265
638 4.2124015021225
639 4.420587457557327
640 4.395517900089287
641 4.271463810295154
642 4.882592630989593
643 4.720595457444706
644 4.360385148645446
645 4.6886344871772705
646 4.450133187091485
647 4.884772459654931
648 4.2912143897001735
649 4.583024673370301
650 4.191842408403636
651 4.635813655988309
652 4.186610702712788
653 4.435443255389151
654 4.564680819850708
655 4.528383586859117
656 4.596724690826383
657 4.453473266238148
658 4.41565030466719
659 4.332955795262893
660 4.235983795133955
661 4.578149483062396
662 4.631394741439572
663 4.519886044853137
664 4.553715584145302
665 4.705400620832384
666 4.157499799158405
667 4.634777266137459
668 4.317404041540825
669 4.650758857577428
670 4.3027961755321
671 4.289316567567053
672 4.634622085822262
673 4.450391047763118
674 4.252738175448176
675 4.4369245233656756
676 4.526725347939525
677 4.501857466071215
678 4.752653161977493
679 3.971669362054283
680 4.377478008133234
681 4.2507405746263
682 4.222060666489759
683 4.279639205594573
684 4.602177474441399
685 4.444268075752604
686 4.429406039597057
687 4.445086506094871
688 4.564837750848828
689 4.326537940174203
690 4.530950349811595
691 4.47640132398151
692 4.418073091419096
693 4.543804859517587
694 4.476490617366124
695 4.504620562865031
696 4.633831467948695
697 4.797267435902173
698 4.5241506312725415
699 4.841248410235392
700 4.284557175504403
701 4.6177479722663985
702 4.6645161139283475
703 4.366077996407629
704 4.369726464163742
705 4.643825800608648
706 4.371212722305675
707 4.826658255216109
708 4.550154781037896
709 4.491075819141656
710 4.290481017632416
711 4.368619617229686
712 4.923323948701795
713 4.495411915579347
714 4.1751687840699425
715 4.2607742730459846
716 4.595194607856282
717 4.257180040292291
718 4.987894276384748
719 4.246241021122038
720 4.41109949932295
721 4.539848802451987
722 4.875025591849513
723 4.28958583228972
724 4.706697663107925
725 4.677045748543412
726 4.849666971358888
727 4.508983966177662
728 4.5310180945109755
729 4.664540869278743
730 4.778653064238359
731 4.664112485047069
732 4.891563584105223
733 4.45439527001732
734 4.450652074790567
735 4.628756738026874
736 4.577675233893242
737 4.669636177711585
738 4.811294962372067
739 4.687265362691057
740 4.502913986592075
741 4.41656998759995
742 4.518752948727629
743 4.75409124908754
744 4.822278144795136
745 4.381940778271095
746 4.605864336926251
747 4.593421569939761
748 4.850650774865438
749 4.662048950241643
750 4.774644882286748
751 4.625321073104725
752 4.607422473320554
753 4.3659503006331635
754 4.572617344265518
755 4.913693250441281
756 4.682955171366437
757 4.376217512315174
758 4.540316836069559
759 4.9565531963647125
760 4.57567800700747
761 4.697614020466331
762 4.409872863252581
763 5.016290575635741
764 4.632794820962885
765 4.633207497369727
766 4.373770908754004
767 4.210218113734493
768 4.555034283598787
769 4.913503806551029
770 4.62753937433263
771 4.658417211965778
772 4.46090978862194
773 4.695606261594583
774 4.980427553862197
775 4.725332961779268
776 4.557276011986848
777 4.429263364715446
778 4.540725562487003
779 4.564485258071476
780 4.865715346111638
781 4.582964110556175
782 4.803971340197929
783 4.627861311917722
784 4.639976593965578
785 4.572216900146396
786 4.4987257156380585
787 4.231791772884534
788 4.654785641095305
789 4.37404159552285
790 4.508533161974648
791 4.704517989285493
792 4.535250957256692
793 4.578710764775601
794 4.7722220876087516
795 4.604306082627539
796 4.518421036075624
797 4.637147640841223
798 4.815069506869656
799 4.519690240396818
800 4.561906211413989
801 4.538676293189032
802 4.707723490411423
803 4.628285433064879
804 4.779474194526508
805 4.484207353778269
806 4.345991541108404
807 4.588276261748219
808 4.529502497028884
809 4.504400906625682
810 4.540251608801885
811 4.6406913216001255
812 4.783310374824447
813 4.813939607264377
814 4.815301228289907
815 4.69851536618215
816 4.722487671864327
817 4.609091624936228
818 4.612083368558493
819 4.539226135108268
820 4.614852272478691
821 4.716445930460684
822 4.512875724600751
823 4.624979749304772
824 4.57612049170108
825 4.620266893434807
826 4.763690726118436
827 4.4628716394065195
828 4.56409937698861
829 4.846115845559816
830 4.706235868925633
831 4.277751507215882
832 4.120722222924145
833 4.583251289730731
834 4.945344529757161
835 4.62143493405975
836 4.490828120710746
837 4.568062230550556
838 4.406813689230059
839 4.461130579180895
840 4.36588771501626
841 4.615129414109913
842 4.7999557915453925
843 4.813045515707734
844 4.610260038441821
845 4.697121725733656
846 4.9414513541969605
847 4.466817114668145
848 4.58455608609822
849 4.688410558719244
850 4.296301701814981
851 4.500893139244564
852 4.564048414311311
853 4.50427298333273
854 4.416094058822914
855 4.029308418101589
856 4.409689630311415
857 4.332023984526007
858 4.496432319708294
859 4.634529120467237
860 4.3335918609887125
861 4.268577414989786
862 4.4576139727854285
863 4.622495865315797
864 4.395132001067535
865 4.107868920326881
866 4.476166866487931
867 4.6480898549528575
868 4.34104432809047
869 4.3706852763291275
870 4.5348309282155155
871 4.711152581154543
872 4.549469586298065
873 4.228099363063369
874 4.365718263329045
875 4.149507428204883
876 4.165204409820317
877 4.8191036820201
878 4.622769954091388
879 4.397835111046183
880 4.450483817762777
881 4.43891938846692
882 4.434490265466056
883 4.428434612733056
884 4.387113683539387
885 4.424550681809589
886 6.136754591953032
887 4.479222827402169
888 4.674983445812139
889 4.2393903099466215
890 4.553898692169761
891 4.3297229958744925
892 4.408359061787902
893 4.280280940310722
894 4.1464731933308245
895 4.473939799681228
896 4.152757396105584
897 4.7939021354224565
898 4.3561963117397795
899 4.489476900829958
900 4.358836093634171
901 4.07628269156703
902 4.372243969811301
903 4.286741604238523
904 4.717415946457656
905 4.504946482835991
906 4.132602483412422
907 4.552981972071188
908 4.5415511878079515
909 4.241997356522283
910 4.242060971447503
911 4.4593908496205685
912 4.545498734044958
913 4.582428529484754
914 4.795939599194894
915 4.343905239144618
916 4.3938844602586995
917 4.326830237962226
918 4.12473139625148
919 4.307043489106477
920 4.687032890899287
921 4.519412660364709
922 4.404766350187424
923 4.192086746064165
924 4.422022573913311
925 4.355512108047642
926 4.551158767247957
927 4.690416240877302
928 4.661666287991654
929 4.21071690340503
930 4.487569439642896
931 4.722164708065203
932 4.346566556291093
933 4.476650621457796
934 4.280728026114442
935 4.302125925492133
936 4.153431147759301
937 4.51061915414864
938 4.290357301712574
939 4.68208551193807
940 4.600489799186138
941 4.439689332858074
942 4.494062061862836
943 4.305141303990361
944 4.588004668655501
945 4.8027634120458425
946 4.612825761114139
947 4.221060043128029
948 4.290633039733721
949 4.457168677237291
950 4.580869589501881
951 4.429648359193955
952 4.460245211045965
953 4.1318358320099975
954 4.630341482041676
955 4.348267908613285
956 4.185733779185915
957 4.287057610320227
958 4.463113562844449
959 4.896098950678478
960 4.566540135197975
961 4.275405386603969
962 4.339929926022184
963 4.446587830590226
964 4.366200022331024
965 4.187747118071226
966 4.3478918150360135
967 4.554616770754982
968 4.9250435260797145
969 4.34106419330483
970 4.414396216576906
971 4.491884949795549
972 4.775650493047696
973 4.3767408260745375
974 4.69528820615426
975 4.3237860235368615
976 4.520748567787556
977 4.399245236967096
978 4.5247932651548535
979 4.716717642329039
980 4.310732755541133
981 5.488415329464802
982 4.659388943338668
983 4.556573822789347
984 4.445485788933836
985 4.551197790876122
986 4.873228499368585
987 4.301480930578305
988 4.565098511638894
989 4.414047906105208
990 4.396343321331581
991 4.2035713061909785
992 4.690082906198398
993 4.442421017813512
994 4.386967258411935
995 4.64187208685537
996 4.490812614016525
997 4.287797189441295
998 4.536077242943485
999 4.608916965525795
1000 4.232005931814372
1001 4.243525694841553
1002 4.5102886846412655
1003 4.465329627640267
1004 4.335154151340436
1005 4.842203108751952
1006 4.748233647827704
1007 4.451174695347212
1008 4.649356410507811
1009 4.655944082151832
1010 4.778535811829156
1011 4.477393912441557
1012 4.6924687003237135
1013 4.4772370366622845
1014 4.111145153553789
1015 4.334142255352218
1016 4.31422267788517
1017 4.601955227978275
1018 4.6999077682380515
1019 4.31570106917473
1020 4.632461747857392
1021 4.690348579588594
1022 4.477183963787937
1023 4.4324438046765176
1024 4.1307657106298405
1025 4.759298722854516
1026 4.2245130610056645
1027 4.46175921672035
1028 4.561304432048642
1029 4.416205235959902
1030 4.647760058427244
1031 4.588071059396446
1032 4.304608089828807
1033 4.69896629554654
1034 4.4581537348479126
1035 4.62462802548279
1036 4.293026069467174
1037 4.404811545318055
1038 4.539242617937599
1039 4.4842640276763595
1040 4.531189553787876
1041 4.5234806992388465
1042 4.357885278371015
1043 4.130797546372363
1044 4.387640839796671
1045 4.380073909742672
1046 4.492275751206979
1047 4.469706850969631
1048 4.6248760374034035
1049 4.777793436854322
1050 4.429859504350341
1051 4.674491410539561
1052 4.174382125701993
1053 4.6004373984213895
1054 4.645435789637214
1055 4.4565844487534925
1056 4.663489755298571
1057 4.630528750075302
1058 4.6044693342652
1059 4.972136997897408
1060 4.474927434581771
1061 4.402504345127892
1062 4.399301306727378
1063 4.387881558677298
1064 4.35056798652809
1065 4.69543820559648
1066 4.413420434783949
1067 4.432541306463813
1068 4.207644452760677
1069 4.76474237874384
1070 4.277794590860887
1071 4.598524455315781
1072 4.554289046837771
1073 4.610385193912332
1074 4.416659115455623
1075 4.184928251880531
1076 4.62333357216648
1077 4.337656411316706
1078 4.4633571936762015
1079 4.544574699230652
1080 4.535111023482684
1081 4.633395296502092
1082 4.343292933436729
1083 4.276075502834263
1084 4.448225820984697
1085 4.425657306522697
1086 4.44466747024257
1087 4.386476443452701
1088 4.400216758180543
1089 4.300410130752227
1090 4.545648622000638
1091 4.211668946601942
1092 4.682298591293216
1093 4.448656630877411
1094 4.473050590923741
1095 4.426486387836424
1096 4.295084453652132
1097 4.425030491907414
1098 4.854586451718531
1099 4.236810024426266
1100 4.594815222919294
1101 4.179725675476878
1102 4.297793286054683
1103 4.2550773208785255
1104 4.652041738560261
1105 4.303354254894798
1106 4.356337659237445
1107 4.438995206138614
1108 4.612391982345068
1109 4.582542705270437
1110 4.648891055683731
1111 4.375393315612295
1112 4.339680884262336
1113 4.405612272422919
1114 4.470923364164924
1115 4.166362283891587
1116 4.2799802013871275
1117 4.239469144925805
1118 4.265300080072474
1119 4.452938591550965
1120 4.430735711257214
1121 4.2649090346197625
1122 4.334738822983256
1123 4.437794343376006
1124 4.528794566318433
1125 4.613028083945125
1126 4.373979571889597
1127 4.654228701891755
1128 4.480931064684078
1129 4.543211833517953
1130 4.62688515220333
1131 4.470917462820159
1132 4.204056743067577
1133 4.469661740419712
1134 4.301858026567222
1135 4.506804972635171
1136 4.514186066535895
1137 4.642769674739586
1138 4.142402318192625
1139 5.116314436020643
1140 4.55186716571855
1141 4.820978831283025
1142 4.808242668480156
1143 4.420425175257884
1144 4.302295554973953
1145 4.339716498930336
1146 4.37391089154767
1147 4.384908149172398
1148 4.710239752046023
1149 4.451183959188489
1150 4.718446183083329
1151 4.542775340633906
1152 4.359608176085531
1153 4.551533143542804
1154 4.4339720923704
1155 4.416354653390719
1156 4.359968201846936
1157 4.423534518862501
1158 4.259591991704408
1159 4.523374816109867
1160 4.464968416001741
1161 4.698966809000163
1162 4.328658107186577
1163 4.507856857518895
1164 4.570314576863397
1165 4.300562565536546
1166 4.49039875618164
1167 4.688959959197802
1168 4.750654867426128
1169 4.4677024652158694
1170 4.306252967846442
1171 4.36234420402113
1172 4.517239612038387
1173 4.162447107824064
1174 4.5190677331917195
1175 4.377927217944752
1176 4.555631371828903
1177 4.953331863876725
1178 4.57867409557008
1179 4.407768346692483
1180 4.429063128267201
1181 4.59881576626901
1182 4.50717206963184
1183 4.692341464737421
1184 4.47164315790733
1185 4.528945754388873
1186 4.538963153750779
1187 4.648984563411252
1188 4.330260372024488
1189 4.397091707049762
1190 4.6965654830947
1191 4.693079124798928
1192 4.561217222556851
1193 4.537311805280492
1194 4.462308476869767
1195 4.1894267714987405
1196 4.6659600197415365
1197 4.375572245007621
1198 4.40368997138251
1199 4.51995938440703
1200 4.32377076670493
1201 4.465124230913385
1202 4.601216329611717
1203 4.390904286668264
1204 4.264861944718284
1205 4.259998100755326
1206 4.26711607803179
1207 4.556028153975447
1208 4.529460064876853
1209 4.576954906603664
1210 4.371621256325386
1211 4.3654933078892055
1212 4.494717717179718
1213 4.335907962867283
1214 4.333149316648277
1215 4.723455701513039
1216 4.343466585198651
1217 4.204420115463119
1218 4.501810142161362
1219 4.941200746726205
1220 4.594557438786033
1221 4.90374618523309
1222 4.1028050258094675
1223 4.813340954324998
1224 4.570757012834673
1225 4.529501123737831
1226 4.457636883317763
1227 4.556568202034142
1228 5.512921435405333
1229 4.7554800779955455
1230 5.220132800835164
1231 6.4196995857969155
1232 6.603347707881657
1233 5.267876675582724
1234 5.232179827898578
1235 5.09511404487989
1236 5.199181969237944
1237 4.37574778907292
1238 4.285472783338125
1239 4.577846476263375
1240 4.502671893525908
1241 4.456248052380757
1242 4.219039416604154
1243 4.350722107130348
1244 4.3748245967424575
1245 4.604719149195435
1246 4.407066087177125
1247 4.40528811109399
1248 4.347107168965214
1249 4.227466819747959
1250 4.566379583352706
1251 4.606994348048664
1252 4.374905043356398
1253 4.47732435066985
1254 4.741278553928516
1255 4.178519494323852
1256 4.466960671720347
1257 4.225416863918105
1258 4.632110532994967
1259 4.119887134191096
1260 4.281042096859681
1261 4.554461970294814
1262 4.299547505700686
1263 4.935327838237409
1264 4.406687464645034
1265 4.17386311247807
1266 4.405734053838105
1267 4.457395213415455
1268 4.655624495778802
1269 4.593963566727246
1270 4.0735136624511314
1271 4.443258138659705
1272 4.544595052084791
1273 4.378435564464604
1274 4.447179143995933
1275 4.446875252658392
1276 4.430157790634296
1277 4.125596868376465
1278 4.3192817739533265
1279 4.329141135121176
1280 4.3160057925106114
1281 4.420969667740439
1282 4.5989454839456
1283 4.371225093832751
1284 4.507990873304482
1285 4.622838628194124
1286 4.635863641882911
1287 4.489181862373633
1288 4.3067659385638635
1289 4.578961694013424
1290 4.4988785583237805
1291 4.260254521565494
1292 4.57334270704112
1293 4.565253972640088
1294 4.386754247122831
1295 4.425742606761578
1296 4.464695394889718
1297 4.328629678003799
1298 4.140943530781683
1299 4.437343366309117
1300 4.9540508605261255
1301 4.68679712411172
1302 4.435598588565423
1303 4.361958219035841
1304 4.545514877851498
1305 4.6747237683283585
1306 4.710168565016833
1307 4.571049021870724
1308 4.358462161085826
1309 4.650279640571555
1310 4.4329269856631175
1311 4.339327573877263
1312 4.556692165098531
1313 4.832853801626817
1314 4.1639534363255875
1315 4.219104028951504
1316 4.465345824250201
1317 4.334762284091288
1318 4.422249222957883
1319 4.970768898797216
1320 4.474639072104032
1321 4.782098782427371
1322 4.322363310374561
1323 4.3444888045913155
1324 4.418478709021521
1325 6.320513987273047
1326 5.957110730608956
1327 6.190888421000958
1328 6.160675985004548
1329 4.675685609115389
1330 4.705974619587534
1331 4.749566444094566
1332 4.276311898864139
1333 4.582147328370038
1334 4.501493049515515
1335 4.518014611641471
1336 4.391794602622954
1337 4.44199581334522
1338 4.70717583859496
1339 4.248766649104149
1340 4.9300484958858055
1341 4.571217625310333
1342 4.186354374283931
1343 4.486422056722688
1344 4.335154779726854
1345 4.614079788632457
1346 4.4050191363305755
1347 4.33562924732414
1348 4.460265110320909
1349 4.551720457616095
1350 4.757625738391213
1351 4.212211556184559
1352 4.420157211728333
1353 4.32802680399035
1354 4.6684312450165075
1355 4.306787773246119
1356 5.141648042427519
1357 4.57648413231954
1358 4.676843933407219
1359 4.258484116641572
1360 4.4952410997548755
1361 4.238682863466777
1362 4.46368592654851
1363 4.679408965455121
1364 4.696745180427346
1365 4.561052091091218
1366 4.541384728795399
1367 4.438866123199758
1368 4.373696281209765
1369 4.523920591627259
1370 4.726477494002248
1371 5.527542932390625
1372 4.469606379630307
1373 4.459257585373574
1374 4.569595243867848
1375 4.973387181074075
1376 6.221445733002554
1377 5.9759770998214545
1378 6.116500217197603
1379 4.409172820074319
1380 4.657119621033796
1381 4.507517336201819
1382 6.253535378864855
1383 4.678078492780274
1384 4.710944329944473
1385 4.540592938170021
1386 4.285346263689137
1387 4.570915135326476
1388 4.215515091731717
1389 4.867015401205548
1390 4.563886325395955
1391 4.462301351320198
1392 4.754567531313861
1393 4.535147482841402
1394 4.440692696466275
1395 5.201721699944331
1396 4.812811027873464
1397 4.48487006697377
1398 4.352187764823961
1399 4.330014157321886
1400 4.486598705777299
1401 4.682246199945681
1402 3.962471257681971
1403 4.390664681247361
1404 4.413224309491296
1405 4.4594466882318855
1406 4.6865723383508175
1407 4.6117413803917096
1408 6.447165805383896
1409 4.536330310392089
1410 4.368403568732386
1411 4.714039509208149
1412 4.799130991060793
1413 4.619912262330979
1414 4.613299331170778
1415 4.273083111614479
1416 4.391171510169906
1417 4.477312434589015
1418 4.462108673913878
1419 4.340717817557869
1420 4.32855751425453
1421 4.491829276730941
1422 4.508335545757101
1423 4.554209853354868
1424 4.5714557936181786
1425 4.630747126604085
1426 4.326648197010799
1427 4.393877109414414
1428 4.773571321176254
1429 4.363804716959096
1430 4.713224319524355
1431 4.49555697747032
1432 4.36838211134891
1433 4.304275810217111
1434 4.273267745362869
1435 4.414123912716088
1436 4.644667928156147
1437 4.734650404357403
1438 4.2454186134699
1439 4.564141755414309
1440 4.1856491199728545
1441 4.605867300634316
1442 4.650681291582499
1443 4.472543826871834
1444 4.55101798315155
1445 4.686508522727011
1446 4.7799109431322835
1447 4.573694426612913
1448 4.592431079855683
1449 4.326898092203473
1450 4.328119091446209
1451 4.320991477406665
1452 4.438808276910345
1453 4.432664189492386
1454 4.460559389614961
1455 4.35617767997424
1456 4.4480874934914505
1457 4.249046102628886
1458 4.633734464282856
1459 4.287839790786721
1460 4.367447707207771
1461 4.2534100635857905
1462 4.596996209054354
1463 4.822332689610246
1464 4.621625819277738
1465 4.8162617688311
1466 4.72965816994571
1467 4.377189169128374
1468 4.705676749394547
1469 4.71619457637632
1470 4.556641823512827
1471 4.535138222574675
1472 4.588354587576661
1473 4.744226878583577
1474 4.692001854919916
1475 5.13299072190318
1476 4.741365725336599
1477 4.787752720559603
1478 4.775226117132749
1479 4.398852554154262
1480 4.546108621262327
1481 4.77061293604389
1482 4.725754548043926
1483 4.468390181720449
1484 4.684944643743981
1485 4.50804165658993
1486 4.776716423204574
1487 4.415435297941931
1488 4.438805170670314
1489 4.869013702938077
1490 4.723896047114806
1491 4.576347570390754
1492 4.774112601234176
1493 4.856654752565632
1494 4.782626024742505
1495 4.651662851707908
1496 4.556533392386172
1497 4.707112661163877
1498 4.617064332788806
1499 4.4929644144145735
1500 4.690784307132683
1501 4.71549639734091
1502 4.3297187226027765
1503 4.7890222478864946
1504 4.673942260534966
1505 4.439799672479471
1506 4.384686538769615
1507 5.000742355054559
1508 4.404398126394942
1509 4.344684161738647
1510 4.507224741409268
1511 4.448792685395948
1512 4.619347523767181
1513 4.526544881464076
1514 4.687443631834073
1515 4.540611017488239
1516 4.650159902318966
1517 4.772724342980817
1518 5.569247192771522
1519 4.824008079788035
1520 4.649014184556885
1521 4.573258824817078
1522 4.3602279610465144
1523 4.620502249476261
1524 4.4505791719254795
1525 4.6453613091756445
1526 4.524819469744847
1527 4.687720928902156
1528 4.922006005854452
1529 4.668175289970624
1530 4.652241934116114
1531 4.6484393935809365
1532 4.725705738865311
1533 4.476100776195702
1534 4.599391512672154
1535 4.371597722828894
1536 4.408689223677754
1537 4.500452034619857
1538 4.5014164736096145
1539 4.788801037206358
1540 4.692755842637947
1541 4.656140979822845
1542 4.267168395873264
1543 4.461225772013847
1544 4.489052177261914
1545 4.666693722922939
1546 4.318844877240725
1547 4.085430722568808
1548 4.54327570716976
1549 4.537713118550936
1550 4.545312546214175
1551 4.211581848142003
1552 4.345160528758016
1553 4.645401115360444
1554 4.672278997410587
1555 4.61637767385795
1556 4.7863486562648045
1557 4.542991145558079
1558 4.57182439721815
1559 4.416178387459709
1560 4.7661740321341135
1561 4.36839364831356
1562 4.41169714324738
1563 4.3812310570660244
1564 4.524879484767818
1565 4.508870481621486
1566 4.444535009419465
1567 4.314036871731091
1568 4.4939057606519714
1569 4.296054505039313
1570 4.391519718145323
1571 4.641877829587064
1572 4.668478018007547
1573 4.268481903533885
1574 4.588043079956255
1575 4.456460136440118
1576 4.405117015852946
1577 4.3082006953412435
1578 4.532207777686823
1579 4.227837245093443
1580 4.446000051649422
1581 4.415501463724543
1582 4.336753722520959
1583 4.738531901327838
1584 4.320057330241253
1585 4.667537134997315
1586 4.4095964632835365
1587 4.4308053309432065
1588 4.701512535646682
1589 4.383885151530117
1590 3.81756028071891
1591 4.467051311956417
1592 4.462155322983378
1593 4.463499281910811
1594 4.648938477033153
1595 4.245699976220979
1596 4.521299839980505
1597 4.426442379263573
1598 4.227742636551673
1599 4.311674846993406
1600 4.2982268612458565
1601 4.163864722133989
1602 4.6816241335465705
1603 4.486917987059362
1604 4.782275135177622
1605 4.542146404204104
1606 4.961454519499723
1607 4.517449684636745
1608 4.5402800642043655
1609 4.45820857340084
1610 4.37153456725765
1611 4.583310768309398
1612 4.710301801785316
1613 4.536815019339234
1614 4.571051070012858
1615 4.489677720715888
1616 4.440638725495913
1617 4.37762138057862
1618 4.5593726058636275
1619 4.285852768495242
1620 4.4409916122066075
1621 4.5063834129360645
1622 4.393130033914849
1623 4.3066592135624315
1624 4.276266484812548
1625 4.464606026717188
1626 4.445890975846704
1627 4.395270177653931
1628 4.6194493925533555
1629 4.320147441297699
1630 4.344519444026472
1631 4.61525051828676
1632 4.5372277394254175
1633 4.410446209856837
1634 4.673916752580716
1635 4.716282796264955
1636 4.504211348537067
1637 4.446313730055809
1638 4.388545471347892
1639 4.349740866887619
1640 4.457137318258309
1641 4.7475174136447285
1642 4.721393524007866
1643 4.474774788317711
1644 4.627311821643622
1645 4.823306464051487
1646 4.927343438970454
1647 4.920049478498042
1648 4.767240033126936
1649 4.309623154943362
1650 4.4197756081461135
1651 4.712581249886538
1652 4.721000547229535
1653 4.369686961206219
1654 4.545421314807349
1655 4.397264586605033
1656 5.0680685407392
1657 4.684304855483903
1658 4.558864890396286
1659 4.56456554042445
1660 4.475218041178806
1661 4.445256624146596
1662 4.236534756142327
1663 4.451147222394197
1664 4.701696998762951
1665 4.379292509555433
1666 4.506386224660395
1667 4.593317181124849
1668 4.0502783597392344
1669 4.263108225951834
1670 4.603949499413868
1671 4.6814579456037135
1672 4.896221813402607
1673 4.792467632227777
1674 4.579190706411917
1675 4.797005522231308
1676 4.943626582168249
1677 4.784054563154808
1678 4.90195982136992
1679 4.474523579601592
1680 4.276999642053349
1681 4.733903271638297
1682 5.002893617855596
1683 4.271530133343659
1684 4.265596194028934
1685 4.519691983918816
1686 4.5972170492173605
1687 4.567045048747635
1688 4.552002131103188
1689 4.501257099193865
1690 4.259372765666715
1691 4.413883655997907
1692 4.614051157902974
1693 4.670724327940276
1694 4.654467956437423
1695 4.703332957784995
1696 4.398459132847501
1697 4.830287944295846
1698 4.711794683884335
1699 4.190001170412318
1700 4.555609788123329
1701 4.508029049256399
1702 4.824310248102414
1703 4.8040921845479065
1704 4.366374348687368
1705 4.349346933827127
1706 4.486808828805625
1707 4.603821874819448
1708 4.40479934916851
1709 4.330543581125122
1710 4.5201451423685555
1711 4.575957109563476
1712 4.428341254838758
1713 4.381582659077635
1714 4.782945198380749
1715 4.215639218713016
1716 4.408045455886975
1717 4.457120374698635
1718 4.528057748930202
1719 4.8182932340570614
1720 4.696834463063128
1721 4.604256268204208
1722 4.494691643088295
1723 4.196908738534699
1724 4.075434049942617
1725 4.6323362256656395
1726 4.285557523977972
1727 4.537761647641409
1728 4.62838619392532
1729 4.762357043513753
1730 4.770605748465236
1731 4.576118279500528
1732 4.392249853950577
1733 4.2388331786977735
1734 4.407812493940971
1735 4.432159249693802
1736 4.333879363626621
1737 4.5572393386115255
1738 4.25100670331411
1739 4.468774264743576
1740 4.361056269974227
1741 4.281639240898908
1742 4.674810334364631
1743 4.160079350814524
1744 4.416142014665863
1745 4.532509181416587
1746 4.5213241496396845
1747 4.373717660523324
1748 4.173516679002153
1749 4.649233791994251
1750 4.563137850450913
1751 4.590774695554998
1752 4.48770147773765
1753 4.70541951255813
1754 4.613358576758765
1755 4.307498509746
1756 4.604178070058608
1757 4.39721687368773
1758 4.560480429873647
1759 4.580838111583651
1760 4.3302101540827
1761 5.124129258669518
1762 4.654732733465201
1763 4.759610994733405
1764 4.30995341268288
1765 4.5481805637223625
1766 4.416353018806089
1767 4.770284093016574
1768 4.389044967163424
1769 4.281438222080993
1770 4.571043859792956
1771 4.339938826518833
1772 4.512568946932292
1773 4.704984365967588
1774 4.47797100175204
1775 4.511714519325145
1776 4.659148813491241
1777 4.486314322985551
1778 4.6825791008821325
1779 4.45669392332556
1780 4.435797211205682
1781 4.625242917792988
1782 4.4743544038864655
1783 4.799614624436484
1784 4.644992167010375
1785 4.521370965924685
1786 4.750570963386757
1787 4.366084046516033
1788 4.675608612746867
1789 4.496595605356385
1790 4.490020227112087
1791 4.505172787285337
1792 4.428111065840419
1793 4.430307126911663
1794 4.681479505815462
1795 4.470761039271484
1796 4.450220205946469
1797 4.610195304971703
1798 4.336959178719128
1799 4.39478015595878
1800 4.422300566905165
1801 4.332018023638245
1802 4.268114418884841
1803 4.303578545129826
1804 4.520730738306158
1805 4.301120717902577
1806 4.871663342402511
1807 4.473313810925146
1808 4.515532482444943
1809 4.357138397939028
1810 4.536455567052146
1811 4.508939412543875
1812 4.579457399411029
1813 4.304330282811859
1814 4.547098327865859
1815 4.679090628383755
1816 4.490259312090803
1817 4.390920518907555
1818 4.453914718091735
1819 4.4766408753135485
1820 4.380496299071825
1821 4.582671946307147
1822 4.604481024721791
1823 4.592667387764446
1824 4.544117360334259
1825 4.541091548518117
1826 4.580229779774946
1827 4.576087282793919
1828 4.358926275636487
1829 4.733096898954546
1830 4.587360936507244
1831 4.613882526563628
1832 4.640477382728664
1833 4.4712155568589855
1834 4.642358737511901
1835 4.6840326917960216
1836 4.4646646960561425
1837 4.748641983707697
1838 4.7134445892505505
1839 4.369823897050063
1840 4.651504411400638
1841 4.587748998859522
1842 4.0166026676921165
1843 4.58176079546413
1844 4.411866865652876
1845 4.4142484764524905
1846 4.271432760726567
1847 4.3949459495738905
1848 4.4256812760240525
1849 4.439772201412675
1850 4.5571860119967385
1851 4.371355721592469
1852 4.284371901228226
1853 4.595421823020471
1854 4.547719462036124
1855 4.388915974208577
1856 4.309381984249201
1857 4.499305369464401
1858 4.406780121642392
1859 4.632815815361071
1860 4.665991698852531
1861 4.307633632971391
1862 4.300527862638653
1863 4.586290175834049
1864 4.327845439710693
1865 4.337884207541722
1866 4.471969658833569
1867 4.488253620035529
1868 4.4534032983557434
1869 4.511613253032365
1870 4.248128644357688
1871 4.61234677377819
1872 4.221142633750682
1873 4.426173205664916
1874 4.008564140201206
1875 4.480314857516283
1876 4.755690344016829
1877 4.672412536329909
1878 4.52606236446085
1879 4.759541093426266
1880 4.52631428274186
1881 4.356441397095824
1882 4.455175061335314
1883 4.563854206315223
1884 4.63288788796168
1885 4.71026889404626
1886 4.496765619657117
1887 4.3389521431550095
1888 4.379485183067809
1889 4.48520818442504
1890 4.505162833255457
1891 4.547786445255618
1892 4.565546545208628
1893 4.591935293119938
1894 4.892159603111751
1895 4.556330645239047
1896 4.404807330992557
1897 4.415347452958193
1898 4.40464454458254
1899 4.516422130838432
1900 4.12503742646163
1901 4.324067123196805
1902 4.297974075590591
1903 4.436627744256299
1904 4.2283143471480935
1905 4.399418070173772
1906 4.509897301098119
1907 4.4310985924976345
1908 4.601074391315061
1909 4.39580139277135
1910 4.297695518340007
1911 4.445753220733519
1912 4.711407112343832
1913 4.7889455143019415
1914 4.738983859348152
1915 4.411650659868532
1916 4.347644610182652
1917 4.379433879279873
1918 4.49843761620852
1919 4.572170985425104
1920 4.421079730569031
1921 4.340631310779409
1922 4.469384305858142
1923 4.46120274092077
1924 4.663653166401726
1925 4.572619531223466
1926 4.503183853041151
1927 4.643157805781989
1928 4.505764175922756
1929 4.614923967554314
1930 4.323661503673239
1931 4.582841398903387
1932 4.608942331265905
1933 4.373593523177892
1934 4.562015144347846
1935 4.465468113406018
1936 4.699821006598404
1937 4.680674545589962
1938 4.775309567935406
1939 4.7157344997792014
1940 4.577189867981458
1941 4.364173468082248
1942 4.641620168819367
1943 4.595022094094899
1944 4.360233166581775
1945 4.718132311120441
1946 4.511755101894989
1947 4.562189646518794
1948 4.707607411917308
1949 4.5364863933842905
1950 4.449222060527287
1951 4.810195947698191
1952 4.528538142616193
1953 4.586547699339108
1954 5.011195363431066
1955 4.8012694460534
1956 4.805152423567844
1957 4.481042165572964
1958 4.464082877905389
1959 4.427167080986897
1960 4.518539111837792
1961 4.4313083772903425
1962 4.265233740075675
1963 4.401131234054058
1964 4.366041514734854
1965 4.681334656878526
1966 4.440837496307251
1967 4.53966864736848
1968 4.505522833109208
1969 4.693880920801786
1970 4.294796261278435
1971 4.3320177446251025
1972 4.720681767086246
1973 4.419430124691975
1974 4.717692756876932
1975 4.462053122604828
1976 4.516491543654514
1977 4.369220041590323
1978 4.366480330996302
1979 4.5840353799801585
1980 4.4625865038829815
1981 4.417770319326529
1982 4.67946526988443
1983 4.573372317215911
1984 4.675218829653113
1985 4.609972771285126
1986 4.394024025883651
1987 4.717553269385701
1988 4.260199420800221
1989 4.402298419522906
1990 4.281157557976619
1991 4.815783144548956
1992 4.619646433685873
1993 4.6607608384442765
1994 4.302293328366571
1995 4.548430852319897
1996 4.426409423557075
1997 4.679404071912736
1998 4.646094090222884
1999 4.788038703178986
2000 4.313229814408677
2001 4.791766863667525
2002 4.573551266452091
2003 4.696131132356692
2004 4.712851990959955
2005 4.778754186829224
2006 4.471847040837239
2007 4.456201025893294
2008 4.437260605538367
2009 4.826886601312708
2010 4.482228361507215
2011 4.651632261629284
2012 4.091579154372424
2013 4.691787407938384
2014 4.452566331529093
2015 4.223387150690555
2016 4.657986689563972
2017 4.547993175228415
2018 4.582963394871748
2019 4.571193431814566
2020 4.51835535558683
2021 4.566820830931512
2022 4.593319928088917
2023 4.3248736591820025
2024 4.569056834759266
2025 4.404779973409775
2026 4.370552789567662
2027 4.204788715094273
2028 4.341221153912505
2029 4.591945805349073
2030 4.347810585560841
2031 4.624969228688895
2032 4.315453298573377
2033 4.691047675162233
2034 4.610271196945271
2035 4.244035034590938
2036 4.340377040934248
2037 4.498343432037907
2038 4.595107993337746
2039 4.70052863693808
2040 4.470947942426085
2041 4.0473408879140935
2042 4.319384034374665
2043 4.065517989171297
2044 4.300889099408145
2045 4.280607636691486
2046 4.440721057607214
2047 4.712283794576198
2048 4.539128401693352
2049 4.505007819737982
2050 4.368043489581879
2051 4.539840946848009
2052 4.105737467729808
2053 4.785169487563498
2054 4.853169454183999
2055 4.488278210325539
2056 4.49869288965515
2057 4.582739798680038
2058 4.5207208310422535
2059 4.420187613132092
2060 4.376165141356327
2061 4.225956754116122
2062 4.685674016819138
2063 4.414465460100218
2064 4.68600518635168
2065 4.402497447111301
2066 4.565929756014369
2067 4.613953318580939
2068 4.869995429111739
2069 4.69372708758324
2070 4.680341859238748
2071 4.744509145710613
2072 4.7040949039828375
2073 4.58394154590807
2074 4.353321822163714
2075 4.350515531106109
2076 4.539101116875523
2077 4.478511013260473
2078 4.414969864941007
2079 4.464606121923024
2080 4.378823016117097
2081 4.627608608365654
2082 4.586389372062997
2083 4.242139708034346
2084 4.2227917412921885
2085 4.36851641554591
2086 4.380807390602896
2087 4.735420421204278
2088 4.631078802293078
2089 4.665378913624356
2090 4.480906904740484
2091 4.7219589816470755
2092 4.598714550042857
2093 4.542654803590936
2094 4.264021074671709
2095 4.311421136756727
2096 4.499420152881082
2097 4.512586321881082
2098 4.197262156983475
2099 4.437386055436249
2100 4.473477043782133
2101 4.458015025726565
2102 4.502941371759549
2103 4.384668131016708
2104 4.351243042767887
2105 4.686786738467859
2106 4.515163662300274
2107 4.545697394674129
2108 4.208016681319645
2109 4.594126476914567
2110 4.374415458611019
2111 4.4920333561047885
2112 4.529497034385228
2113 4.3525770924996845
2114 4.283568222421269
2115 4.52189417086964
2116 4.62207683194267
2117 4.2897519269298705
2118 4.51044893522398
2119 4.608192951277259
2120 4.467598057197239
2121 4.238375872412704
2122 4.461138886272549
2123 4.506628154594911
2124 4.58306895834685
2125 4.517822569854236
2126 4.388723066154966
2127 4.463930995084459
2128 4.572822245728706
2129 4.335686562958019
2130 4.725266353954643
2131 4.395661357979733
2132 4.502165400155778
2133 4.686096417654929
2134 4.8002282937098535
2135 4.627667246757074
2136 4.603880475558353
2137 4.548003348624187
2138 4.540969472989213
2139 4.708323868066791
2140 4.468996170741609
2141 4.259601783669257
2142 4.658792821946447
