0 4.230812895142308
1 4.305147679249051
2 4.279603969369052
3 4.113905061378889
4 4.551668995738871
5 4.25165258728409
6 4.08904446176235
7 3.641303343064809
8 3.867167813560442
9 4.15786161105684
10 3.9306466011548866
11 3.866971796861863
12 3.7180899660118008
13 4.522661370110727
14 4.1358569791615105
15 4.207257849945494
16 3.3904916023077636
17 4.206136515004583
18 4.193266584535497
19 4.225101830911469
20 3.981198003655207
21 3.8967550546309955
22 4.32765450357719
23 4.966313442394075
24 3.4826317506793125
25 3.4643049563607553
26 4.038021267345776
27 3.8650952480680947
28 3.46758265773121
29 3.9962437795589194
30 3.345074708629487
31 3.3292684211748167
32 3.330265704210854
33 3.338129697091415
34 3.368914243502527
35 3.3929022914173093
36 3.3326100953740623
37 3.4825323202472402
38 3.3453516380390567
39 3.314416956587568
40 3.3987463543836456
41 3.2401714771982757
42 3.3909908543269633
43 3.221744799718364
44 3.288182423806453
45 3.41501358166115
46 3.484041390290327
47 3.3287529238406823
48 3.325245894387479
49 3.258483370390208
50 3.2838620648233547
51 3.335988942714428
52 3.3655767366977987
53 3.418662152559263
54 3.352090605524229
55 3.216449497886434
56 3.361798593982298
57 3.363663740314638
58 3.3549518504640785
59 3.4415962990345084
60 3.3057764064164155
61 3.4186966222331
62 3.336238562183588
63 3.312183807316269
64 3.353182491129917
65 3.431108028519086
66 3.208227869783959
67 3.3900924796540486
68 3.272468305548291
69 3.489004654523332
70 3.6077352185236404
71 3.2932886796407446
72 3.350769240799546
73 3.397878521460765
74 3.378995897370167
75 3.414527203816988
76 3.414878721103228
77 3.318125428904046
78 3.4507441954947202
79 3.4581726063628464
80 3.3737538215185627
81 3.2569220357871114
82 3.3254531345469034
83 3.4598290817877104
84 3.3406929519304387
85 3.3155695502147093
86 3.3657637890347885
87 3.3276678881233908
88 3.2725549387686854
89 3.342033317313427
90 3.4227357981082522
91 3.4168422281671162
92 3.3322366904203626
93 3.4292448270665914
94 3.40470463515512
95 3.4196858640408294
96 3.6318867401033734
97 3.248078934281902
98 3.2641377574465524
99 3.3796747349219367
100 3.2406081953253594
101 3.189283112651819
102 3.373223551913739
103 3.470055549107344
104 3.3385978296305217
105 3.4300516959591514
106 3.305075207965903
107 3.2978146212379076
108 3.435326809861402
109 3.3487087295791174
110 3.514731164380126
111 3.294170362071271
112 3.314845625637581
113 3.1774667068714284
114 3.4480459205687937
115 3.368358663139721
116 3.208187762079403
117 3.305408652543159
118 3.3746855870481136
119 3.3455190648903548
120 3.4372191556248963
121 3.3099183502574756
122 3.4092140232917916
123 3.4342204168183046
124 3.424027268815222
125 3.319493719225387
126 3.3240475440118686
127 3.3158568398093067
128 3.345455144910663
129 3.3903403166323898
130 3.309262804744947
131 3.37959732649438
132 3.457510734367707
133 3.410953058048815
134 3.226705783310853
135 3.3890028486012707
136 3.2716948906112475
137 3.4876956855038164
138 3.272763682833768
139 3.3372855860976793
140 3.325533561940806
141 3.398215388452551
142 3.373451757600941
143 3.507053124237431
144 3.5156030362946447
145 3.385233096615766
146 3.4287776771209586
147 3.424699428254308
148 3.3118718072465096
149 3.407306094310631
150 3.4249521821305677
151 3.3240408228972265
152 3.2072023192885726
153 3.2780215800345376
154 3.4978359833510786
155 3.3103272789594587
156 3.4372610984801435
157 3.3529968567347095
158 3.2368237665806325
159 3.5247419963346243
160 3.36190943591244
161 3.265881009415815
162 3.4188680514084764
163 3.406264374807613
164 3.4824980678013837
165 3.3363299191570657
166 3.294003487952536
167 3.26114043211029
168 3.2535573071151314
169 3.2592360410539802
170 3.303420539661217
171 3.3917652120416366
172 3.268621349070774
173 3.4388471998417485
174 3.386777054952232
175 3.6361217532998014
176 3.4047546997473424
177 3.4443098356947037
178 3.2658864127083818
179 3.3235302758485767
180 3.6312008302446555
181 3.3012684528579705
182 3.4667844753097476
183 3.320545998899953
184 3.347708626452927
185 3.4444234588769733
186 3.3726916645186518
187 3.441093342281507
188 3.3897694670004195
189 3.3471855729810196
190 3.3947721142140246
191 3.4073063381427113
192 3.290232202681204
193 3.3913079482379525
194 3.3206609665712294
195 3.300461711266821
196 3.4960119405434167
197 3.284166033063235
198 3.3494790508379877
199 3.4062219915296787
200 3.5007313348651485
201 3.4207732879134043
202 3.261535497381548
203 3.381517159289862
204 3.2977530467025202
205 3.495953545950064
206 3.3891651917191026
207 3.444023492469436
208 3.441061843294952
209 3.280184498112343
210 3.311673492917284
211 3.49011318685593
212 3.441771098344325
213 3.4849900858750726
214 3.440303009856559
215 3.4184666235377
216 3.4429671074583865
217 3.429313945005434
218 3.5222176847491697
219 3.337047317256961
220 3.3880782681048323
221 3.3736681980095087
222 3.3124381721466207
223 3.3532650521853333
224 3.318551260944682
225 3.451159671772884
226 3.3637757080771507
227 3.4206736532237954
228 3.3128066966890906
229 3.4392754071124134
230 3.2970764928841043
231 3.3745675189745334
232 3.364185274907797
233 3.336312051251776
234 3.2894850558609616
235 3.2616338566355445
236 3.3449938078004506
237 3.436733013350011
238 3.5297659958312795
239 3.30958754229329
240 3.366569910715377
241 3.3691602488454424
242 3.378559334079959
243 3.4057344781556127
244 3.418035965219643
245 3.4564596833256687
246 3.3126349192167974
247 3.3332281403157897
248 3.3458879245934376
249 3.2646237207956825
250 3.2765851305392912
251 3.391856384948012
252 3.4614533686885927
253 3.332837636587986
254 3.3238926494159724
255 3.5174311293387195
256 3.3233267792890473
257 3.4313476810216854
258 3.450683347235251
259 3.359648659133848
260 3.2851964375393834
261 3.3188118609018105
262 3.3890762131729346
263 3.366290511452088
264 3.489926887628152
265 3.329894465812076
266 3.3336199190609754
267 3.388496531246763
268 3.478113306801766
269 3.2365789575885655
270 3.327458108873054
271 3.3067090487887048
272 3.345033359152015
273 3.432246831796142
274 3.366053369442444
275 3.395861569353433
276 3.284906746782325
277 3.13656999125359
278 3.3672730412199954
279 3.386038288462258
280 3.403219760685199
281 3.326909685848223
282 3.2644590963931215
283 3.356450470892716
284 3.409023977289032
285 3.5304179239138964
286 3.3182475985735778
287 3.359100677438065
288 3.1706215948462737
289 4.478486288192094
290 4.401783764973267
291 3.76589608794049
292 3.3760573285745807
293 3.357152654619177
294 3.347442031609542
295 3.2907109070810447
296 3.3704304952111133
297 3.377366355332842
298 3.2752746993453727
299 3.6598341841331035
300 3.5101443659729408
301 3.3782912689144444
302 3.437454350957844
303 3.3467699303329215
304 3.540315888769586
305 3.301914636077959
306 3.221210439308563
307 3.4713468793258193
308 3.3731781300750816
309 3.328636690724835
310 3.500267250552788
311 3.271178749613332
312 3.3466473135157826
313 3.2827555258481964
314 3.3634159525540603
315 3.371568109981763
316 3.358355479964231
317 3.447021273658627
318 3.273797963543116
319 3.463889651840106
320 3.4167556893270836
321 3.4126208235670688
322 3.393352943730624
323 3.2957011803562213
324 3.5091984336367457
325 3.4023540786015136
326 3.261726479874973
327 4.177527117845515
328 3.883985422201477
329 3.3457939778233556
330 3.333312599537843
331 3.4709496858735585
332 3.408251942685672
333 3.298406106381062
334 3.345032938101231
335 4.238402115967905
336 3.2581790198258602
337 3.344617751799563
338 3.1840773397419224
339 3.552687559952368
340 3.5240529114759345
341 3.4051008389650192
342 3.371483705014682
343 3.3708153189311707
344 3.3282264780688364
345 3.5428804708225385
346 3.492511844112321
347 3.319879371621565
348 3.3251953004560573
349 3.3264916698533975
350 3.3570220594916176
351 3.3762678243923787
352 3.4360723285642627
353 3.395329471118041
354 3.351798777353421
355 3.607360092636179
356 3.385647576709028
357 3.419749823625983
358 3.2962068903500334
359 3.388538799694464
360 3.303935262826172
361 3.3991989591911356
362 3.3770605587345393
363 3.2898415695708216
364 3.327545161622504
365 3.4904861792975272
366 3.251518524789055
367 3.3894541250274055
368 3.2163513917530104
369 3.589145133521508
370 3.3184085617263466
371 3.3812501726815336
372 3.4189706159161672
373 3.219172102156169
374 3.4297100769505535
375 3.3413202962306885
376 3.4064152378985573
377 4.277296443045422
378 3.290761684371031
379 3.292812638313451
380 3.277554890771366
381 3.2558200487769784
382 3.4341443052423606
383 3.282897600444444
384 3.2348585443961775
385 3.1819279202670256
386 3.496814928215129
387 3.3919364514423873
388 3.3423606075971435
389 3.577593112438232
390 3.300483551994141
391 3.2981624934416174
392 3.364575871634443
393 3.3014860707854616
394 3.456900108623419
395 3.883545681158562
396 3.3792109324193165
397 3.4053901206067745
398 3.2996983705437013
399 3.378476182135098
400 3.259644000485913
401 3.4136680303856135
402 3.26324834833531
403 3.2007014768059068
404 3.505818598350766
405 3.3027783695178687
406 4.123608520097139
407 3.35561831324863
408 3.5247062962943203
409 3.32973276723595
410 3.680038271312964
411 3.6536673161553153
412 3.217138592097862
413 3.6668523068099295
414 3.8285288834810265
415 4.200996865997988
416 3.262445557176185
417 3.213030522965396
418 3.3514172302401253
419 3.893496256516199
420 4.08035917693301
421 3.8337280415550445
422 3.654180327810918
423 3.244501335036823
424 3.1692561905254637
425 3.7490048226163823
426 4.194445824182036
427 3.3457850365705846
428 3.607666715333469
429 3.7541184941230363
430 3.341998011816328
431 3.484368400963565
432 4.110715736965017
433 3.4112683137178124
434 3.202242192721091
435 4.451548119499444
436 3.4841376928316254
437 3.7097762273941157
438 3.4446317837926714
439 3.327490999940913
440 3.479910878166082
441 3.6054080245077125
442 3.6910138124064753
443 3.388954399241662
444 3.474035726256696
445 3.527628652045998
446 3.474865547198105
447 3.3626365322570844
448 3.453805192557185
449 3.525501334795638
450 3.269064984061331
451 3.2582919380778885
452 3.3548224203256587
453 3.3783062627497835
454 3.229709419800131
455 3.457972033078558
456 3.5592769768421384
457 3.234210452791534
458 3.4340924183907355
459 3.2965245175961493
460 3.5670742685555963
461 4.389451013736842
462 4.075968117215733
463 3.351371593899773
464 3.4939969027519027
465 3.4009973509845612
466 3.4391744068928833
467 3.3954337478506864
468 3.40508040595868
469 3.357352237978924
470 3.401201096279111
471 3.4600502993814835
472 3.235746715883774
473 3.325076272538618
474 3.422068656678732
475 3.5396692694283862
476 3.3688746970842502
477 3.3522292268777454
478 3.4573993196116897
479 3.4643714279893247
480 3.5101375573838616
481 3.449451047699968
482 3.2150746271288644
483 3.3655846651866463
484 3.3897980419443092
485 3.46036016155305
486 3.536271201175182
487 3.2564594819070516
488 3.3194887414861896
489 4.079698161892931
490 3.2936905600770334
491 3.307928071815064
492 3.2922332210961294
493 3.4141669635266862
494 3.374834300582091
495 3.210381233573764
496 3.4295853537341485
497 3.3603334248702246
498 3.4420622501148013
499 3.5774364017554667
500 3.4848802092228164
501 3.466663520105689
502 3.3254866225296222
503 3.304151884982843
504 3.238291425103059
505 3.209189079143957
506 3.352611478837997
507 3.3826986884257066
508 3.3253112106971283
509 3.4809631794526856
510 3.434040167023623
511 3.3071974960328605
512 3.2731981648813395
513 3.37823225305651
514 3.5455611395546973
515 3.46331818614275
516 3.4352222003722797
517 3.312669447514269
518 3.2562211244848855
519 3.367160179829136
520 3.4922872899817126
521 3.5669108664932936
522 3.348166263215425
523 3.5450903789465387
524 3.2142487955902457
525 3.5183967006486103
526 3.5736652922042076
527 3.4684090870229927
528 3.2841278193018963
529 3.6502447125002315
530 3.403651706786415
531 3.3855338051052364
532 3.489126937924933
533 3.3438397408172262
534 3.4438525963088673
535 3.384234396129536
536 3.5096274671716725
537 3.5452099360567857
538 3.5131947712237386
539 3.4211590370353067
540 3.4715342117572803
541 3.4376188493761326
542 3.4674743041165463
543 3.3766786828554567
544 3.4805741780938386
545 3.625499017685496
546 3.4480678876724267
547 3.3628306448237795
548 3.2479216472019723
549 3.4543711913109263
550 3.7697258696481812
551 3.2591898737719287
552 3.46026941048827
553 3.3918150827276476
554 3.3603460556085833
555 3.4050216378733658
556 3.5702062475927945
557 3.3376401550825587
558 3.400137857336809
559 3.3922883140572915
560 3.40275302741666
561 3.453538130239679
562 3.393054367686607
563 3.3836402527696054
564 3.4931499197215974
565 3.438653111122877
566 3.2926740439018487
567 3.438057434262803
568 3.258193976681703
569 3.3662186490261474
570 3.3849415266621783
571 3.365960638735405
572 3.518488845280103
573 3.447670750435532
574 3.4109832914860725
575 3.3462248968940878
576 3.3250246827640737
577 3.6879924436856055
578 3.3050184694210047
579 3.3583553369155568
580 3.374487262871816
581 3.6480001874437256
582 3.4807980750311054
583 3.3018773091612137
584 3.2664753839788303
585 3.2398638871440455
586 3.4209483491332575
587 3.3390703832613378
588 3.4313429572197376
589 3.2112260896299
590 4.065808733283068
591 3.5018529125719424
592 3.2487876943286014
593 3.4914293087365262
594 3.3578730381690804
595 3.488864739739589
596 3.404077799780597
597 3.554980600299907
598 3.3916632647783542
599 3.941914347037395
600 3.7405134292154245
601 3.729604928693282
602 3.2969400557157837
603 3.5301572462098325
604 3.4716872798506677
605 3.3822808385404266
606 3.442279118526181
607 3.411261574120981
608 3.365166172349914
609 3.246325930344632
610 3.34198884086601
611 3.3461841117165902
612 3.46060705637886
613 3.4236316954235253
614 3.353590556992151
615 3.570597270935984
616 3.388060614327258
617 3.426387171131999
618 3.4083550941768377
619 3.42262609050168
620 3.4914017945254487
621 3.4936282422060745
622 3.6913830079545487
623 3.4085514741606375
624 3.4749549032287077
625 3.4098612620941244
626 3.41270988490785
627 3.2569366113627902
628 3.4133435153999807
629 3.4062462817614128
630 3.4192151134727324
631 3.4779809433764552
632 3.2591849732248472
633 3.434678338171419
634 3.3004942595992994
635 3.448954683504661
636 3.3689260336562814
637 3.4443318987705167
638 3.4265911756741847
639 3.495026964658618
640 3.2568603709294157
641 3.416309240276751
642 3.5701880278620077
643 3.4990465549411875
644 3.3389922953268285
645 3.3611539704517175
646 3.4653980248024077
647 3.37421349854444
648 3.2677590891157426
649 3.2246481106345914
650 3.459828601989749
651 3.244690375850254
652 3.375732342065935
653 3.42094717283331
654 3.3250661107161372
655 3.378387947835652
656 3.4783311038932263
657 3.310127381959449
658 3.361742248326978
659 3.4053453049727236
660 3.4032944994078855
661 3.6197067561665777
662 3.4149799814135195
663 3.5290168431498774
664 3.4054722680506018
665 3.378308867627617
666 3.281830892816469
667 3.297055936827243
668 3.367733402611131
669 3.3542887463412736
670 3.421234746043193
671 3.325905694423183
672 3.4143325421684256
673 3.571968330833913
674 3.3811661922077967
675 3.4815268038832867
676 3.521322325640672
677 3.336439533289514
678 3.373289421172403
679 3.3513826755947633
680 3.462695407929715
681 3.455333759159708
682 3.6268543305516547
683 3.296497942658996
684 3.4258676281165403
685 3.445209916015863
686 3.3327515570924726
687 3.309827611971482
688 3.418815611615969
689 3.9471160204051907
690 3.4639259798704045
691 3.469893972802159
692 3.3118837096064704
693 3.378367341761691
694 3.4555207961233925
695 3.516719863846038
696 3.6064731289387115
697 3.4615358266830434
698 3.3675229806838356
699 3.4840881416728147
700 3.6350512403387456
701 3.457791840067497
702 3.459496442578792
703 3.4959161005454273
704 3.3323987760897835
705 3.552457482446052
706 3.3794419326870764
707 3.4031042880416833
708 3.533921182829429
709 3.3403207692333043
710 3.4833422275944854
711 3.3901763573435297
712 3.331904437791824
713 3.4543531848750466
714 3.419799311118148
715 3.425220018834092
716 3.416897413975968
717 3.4522693410782135
718 3.445422986205546
719 3.2903716654639386
720 3.398675306081558
721 3.431159134320141
722 3.302651584998837
723 3.4721696609506894
724 3.3346486939596245
725 3.4099632205326222
726 3.3245487736843997
727 3.4730044461405027
728 3.455284831528973
729 3.412460319788541
730 3.359486062356891
731 3.313787782163513
732 3.4304151518994677
733 3.3452104755428267
734 3.3835892465547084
735 3.360053987011204
736 3.311405460763926
737 3.4642574778541406
738 3.3695297714355217
739 3.365830032978272
740 3.3234003034635538
741 3.3529522974774975
742 3.4774018972323186
743 3.490021415210508
744 3.3908707879162394
745 3.6755852234455384
746 3.312508620981602
747 3.3641037065878243
748 3.6317002493871677
749 3.4499139676900668
750 3.3926207574481846
751 3.55976026739196
752 3.3631729859170942
753 3.365470998895047
754 3.8049612130007606
755 3.4070573252971683
756 3.3265081239013314
757 3.385126035727205
758 3.2038094882957555
759 3.501873055153569
760 3.40794404601493
761 3.553508667133762
762 3.2865037211027297
763 3.4466159769541367
764 3.471012241786933
765 3.499595148286698
766 3.3067153386428187
767 3.22152951548663
768 3.3405580789195692
769 3.322475311152684
770 3.4469940477897634
771 3.543277963569626
772 3.6401423707893144
773 3.639113222179342
774 3.389360852755051
775 3.3429833221445713
776 3.3443096520621385
777 3.5279968578482093
778 3.398742462765083
779 3.3720246265192584
780 3.3753144384869325
781 3.316125674196085
782 3.5950498338778267
783 3.5098899044989
784 3.408028133543618
785 3.4361813589741517
786 3.5834048453315153
787 3.435016072982224
788 3.367954227777724
789 3.3684716103075263
790 3.3379912711969544
791 3.4569934553007213
792 3.2674000066987845
793 3.3855060230767506
794 3.4443435977806653
795 3.4054594633451813
796 3.3932677239670186
797 3.4419433368606205
798 3.3398503080330677
799 3.460768331858109
800 3.3991941904806167
801 3.3830936879140343
802 3.4826510473247394
803 3.561335482310529
804 3.3257611941631504
805 3.5585847214400492
806 3.4578196329418014
807 3.358043670631377
808 3.337681898594384
809 3.367293334213266
810 3.4541834312315274
811 3.3906714000635536
812 3.4093269245409283
813 3.418854179540032
814 3.5803979929231704
815 3.36073987110063
816 3.3302685469798807
817 3.393149180033046
818 3.335056970926324
819 3.3503804193230686
820 3.435483707119985
821 3.3474688465571156
822 3.3113650280891225
823 3.4350590357118795
824 3.338095996288778
825 3.3266938645742505
826 3.5122571140469603
827 3.8213354473046044
828 4.063920182677504
829 3.3822164735576976
830 3.4284231386820037
831 3.4263775726265018
832 3.4989334850953915
833 3.3495056614102365
834 3.4545719470837115
835 3.637358409219619
836 3.240924914563277
837 3.352890220164526
838 3.525226870096797
839 3.4685129154182297
840 3.5232977929869325
841 3.4013886435011034
842 3.3968798800819973
843 3.5602318553583783
844 3.5247993283515986
845 3.401797439893371
846 3.3839809289475205
847 4.330969118866469
848 3.484931298687204
849 3.4430736850298866
850 3.6406212143635326
851 3.3151983040200124
852 3.3204621348660552
853 3.4459408889338436
854 4.1171218605424125
855 3.377957164155157
856 3.3641959573183726
857 3.339490306183314
858 3.4118703778628774
859 3.432673721394192
860 3.362354313962067
861 3.429670311911343
862 3.4646129563387196
863 3.400664834126208
864 3.3142792485701897
865 3.256466323277167
866 3.487824382002481
867 3.4168053945152126
868 3.360006932131328
869 3.3981670021327
870 3.3114159086662305
871 3.988412498687865
872 3.4921942400338595
873 3.331042230412465
874 3.385905696287443
875 3.402471423316105
876 3.5140441075460216
877 3.588942532974129
878 3.4285616225486515
879 3.356220863568186
880 3.490698570835951
881 3.3572094250910576
882 3.4050523278838303
883 3.2926931465384475
884 3.341940389335968
885 3.8321122932034695
886 3.6056116358692623
887 3.4249653856764777
888 3.464248163699541
889 3.3739192326623306
890 3.3625761865495094
891 3.4450376697209113
892 3.458489823656238
893 3.416167118522188
894 3.403360552643639
895 3.4358253032726633
896 3.505942552797247
897 3.4209831445715437
898 3.3947856408234083
899 3.5024464676904543
900 3.820863034253299
901 3.508566121999725
902 3.3921910028778877
903 3.49757607142363
904 3.3128427709134027
905 3.4145769731092446
906 3.3970544778556713
907 3.447857000581221
908 3.3809872473516656
909 3.5342985634595134
910 3.350196933781499
911 3.505414740089921
912 3.5738665416933526
913 3.4159116639074916
914 3.300279570343488
915 3.4191975774929317
916 3.3333240052415394
917 3.652092233000488
918 3.4122640602530065
919 3.598971997692432
920 3.5430186165139346
921 3.386367597722581
922 3.357104801129943
923 3.4939615183198307
924 3.6018733866822275
925 3.4346881717893027
926 3.3141994740226437
927 3.454913778473603
928 3.454827539222057
929 3.3656540474265273
930 3.494383808536842
931 3.365806525883912
932 3.358744967410462
933 3.4346706507662654
934 3.6284480613482915
935 3.504587089209232
936 3.3434086136471577
937 3.3703897105774487
938 3.2739877951802763
939 3.449454878149613
940 3.4339799514908025
941 3.363646407445822
942 3.4415491574854262
943 3.3323398523406977
944 3.3524818295824645
945 3.272765980641814
946 3.3147133899058274
947 3.6059074074732584
948 3.6304337997642944
949 3.3961226401965297
950 3.5299313106238928
951 3.282784884522732
952 3.2773024773546346
953 3.386146993740923
954 3.3368240284200503
955 3.645818746222855
956 3.353868543398178
957 3.467613262454477
958 3.5438681542163044
959 3.465679815560833
960 3.6159524254909288
961 3.485722874879667
962 3.3850329453467136
963 3.411813583314037
964 3.389617384572519
965 3.37393438073508
966 3.4043758474029877
967 3.360852570360887
968 3.3509456709509617
969 3.319629416190613
970 3.356344878174958
971 3.456128673481768
972 3.4260070747570954
973 3.3477084083090642
974 3.3513862188369496
975 3.402854533308246
976 3.520549921661691
977 3.3149273506959616
978 3.4005403970120307
979 3.388215503160751
980 3.6440109660016873
981 3.315052264321159
982 3.4865486023161343
983 3.6977752637677983
984 3.4515256384065003
985 3.4347144592178602
986 3.3160826146110916
987 3.3910651385101427
988 3.340679787716585
989 3.350477399303954
990 3.4411682439291877
991 3.3740132957251348
992 3.368209353945973
993 3.4865554636667255
994 3.391868080660118
995 3.515268087840787
996 3.4275066413750768
997 3.5126429869225326
998 3.43647075327577
999 3.3651397873402265
1000 3.5576819626579104
1001 3.449503781109611
1002 3.4331170084004916
1003 3.463495128087439
1004 3.446280057618175
1005 3.3932616307918404
1006 3.4687768025096477
1007 3.629784578405613
1008 3.439175361095047
1009 3.442134694437435
1010 3.50256762133325
1011 3.4205236195860453
1012 3.3184293913179292
1013 3.4088234162432176
1014 3.3039421016675496
1015 3.472062098606843
1016 3.381058379938282
1017 3.411577336277684
1018 3.414034802840889
1019 3.4445640903611574
1020 3.3940358426531434
1021 3.3899730290294063
1022 3.3405947949621693
1023 3.381044260774293
1024 3.3980623102809715
1025 3.424886363114687
1026 3.449934668911943
1027 3.3719371798356588
1028 3.444307030154407
1029 3.3699783024580334
1030 3.4684579117996375
1031 3.3119762441440477
1032 3.4875651473714955
1033 3.4201695097063856
1034 3.4229171438084336
1035 3.4349289818234348
1036 3.3842544388636253
1037 3.40375550624446
1038 3.4337748548650406
1039 3.3348320403784966
1040 3.4206044084794476
1041 3.5408714300558857
1042 3.3594729690297407
1043 3.4495977336096266
1044 3.3544074365683123
1045 3.445315625284873
1046 3.407266452714647
1047 3.3491592304899016
1048 3.4986879274267224
1049 3.3544400378512713
1050 3.469495948768229
1051 3.5893160198179572
1052 3.380244424459237
1053 3.2774678924351988
1054 3.420001651055734
1055 3.397686442009607
1056 3.3551060252166605
1057 3.5266339985122057
1058 3.3024744217812483
1059 3.3093364952721367
1060 3.493638479804601
1061 3.3765361725484904
1062 3.338551603588122
1063 3.4903607609540224
1064 3.3153466520592665
1065 3.4969513029365302
1066 3.396398221205671
1067 3.5367719725063838
1068 3.440092954059146
1069 3.4388499218659994
1070 3.5862148840390646
1071 3.3167218988862044
1072 3.7156707217711618
1073 3.4348989963644327
1074 3.3924653355269796
1075 3.742094127548808
1076 3.399730390400168
1077 3.634837504560938
1078 3.5001237679254675
1079 3.472403998438559
1080 3.387545342007738
1081 3.3298505150839546
1082 3.4473207957825673
1083 3.34488952240097
1084 3.490278708909809
1085 3.8944308684120466
1086 3.315938806732999
1087 3.8839840078834995
1088 3.535484112722936
1089 3.3902736290419218
1090 3.417641962583594
1091 3.488041451626482
1092 3.387755271552132
1093 3.6286191833766326
1094 3.4185517857908545
1095 3.3641181431608667
1096 3.371195286046917
1097 3.4164070791506504
1098 3.380425365388601
1099 3.503069343829169
1100 3.4839264569540385
1101 3.496830905869427
1102 3.3496833642400055
1103 3.425174252607138
1104 3.489426974153858
1105 3.7095583811990016
1106 3.461274580283897
1107 3.457253602643233
1108 3.5114995588348568
1109 3.3560030286174665
1110 3.2876610935612542
1111 4.036402151759537
1112 4.293566515998892
1113 3.2848501651100803
1114 3.2980095694039098
1115 3.2793808113495295
1116 3.3912296452092843
1117 3.38354601026093
1118 3.482352557777716
1119 3.5154371057304683
1120 3.476168468985895
1121 3.3864839505377455
1122 3.4370323845206676
1123 3.5129461021022172
1124 3.354101811826331
1125 3.4160767595203416
1126 3.5163614341735685
1127 3.5704642355749123
1128 3.438730921470022
1129 3.3158465142608846
1130 3.2488034657737557
1131 3.7682071952774687
1132 3.6670502560144693
1133 3.436643389428126
1134 3.4142724362653016
1135 3.3126801683937352
1136 3.273047784950454
1137 3.5710265450920318
1138 3.514410441535154
1139 3.4513321403549084
1140 3.502053295741786
1141 3.3148589216191953
1142 3.452907681606296
1143 3.448336490546712
1144 3.319945192133318
1145 3.481000535825468
1146 3.5657366920954914
1147 3.5571787494070706
1148 3.249007750189136
1149 3.385580897254271
1150 3.373895527347509
1151 3.3188492626598243
1152 3.4665599953243804
1153 3.4113358266247853
1154 3.3472934556429754
1155 3.392609352235615
1156 3.329452360300823
1157 3.483157474625227
1158 3.3468796492462403
1159 3.475531486434317
1160 3.643315884805558
1161 3.5297993228250166
1162 3.444659385595822
1163 3.242267835732255
1164 3.3527359559903647
1165 3.5300947079208487
1166 4.2332248221308575
1167 3.457180426624486
1168 3.4773648738975416
1169 3.421096615295235
1170 3.266560640850217
1171 3.356679120844639
1172 3.384911522527062
1173 3.3065343776006504
1174 3.7489666809749216
1175 3.589205062550486
1176 3.464393393628616
1177 3.457441989479243
1178 3.429287327839756
1179 3.3879553993975904
1180 3.391915862584236
1181 3.3539124539895173
1182 3.357982180229949
1183 3.3658209823368526
1184 3.4440502624538447
1185 3.524030707819562
1186 3.664941468959122
1187 3.69333285945586
1188 3.4717379045875094
1189 3.3257068063618576
1190 3.359470875874149
1191 3.3347926780807104
1192 3.4313514946751527
1193 3.4370676065382435
1194 3.4468342701955534
1195 3.444004526571168
1196 3.372002664627437
1197 3.2937597211807517
1198 3.41786854174431
1199 3.3307949589763277
1200 3.4178145939336697
1201 3.402086849329983
1202 3.3852810616490134
1203 3.540410214505715
1204 4.0174798603885415
1205 3.3352183653770333
1206 3.3336045805912993
1207 3.337877303311263
1208 3.4338321051074914
1209 3.4062983219421463
1210 3.311020442330098
1211 3.532819756660956
1212 3.4124623671148564
1213 3.4748390744112236
1214 3.323373390561723
1215 3.4845830735418395
1216 3.3812281226578067
1217 3.3733391869787934
1218 3.3751346814898735
1219 3.3975811903116333
1220 3.4088405858093918
1221 3.3228649557877192
1222 3.4526561326098815
1223 3.58951100695778
1224 3.5636348722618605
1225 3.279099057101307
1226 3.5338897105370672
1227 3.400772779971775
1228 3.373664917930162
1229 3.3458105395829336
1230 3.6110451627786038
1231 3.485524827777515
1232 3.3381552647674972
1233 3.3545261231194496
1234 3.2615794783414502
1235 3.4087861498647634
1236 3.3256789715758264
1237 3.223310744580669
1238 3.405493372120232
1239 3.28384779640865
1240 3.350352137105798
1241 3.662184505371374
1242 3.5342073624209887
1243 3.319896708014306
1244 3.4193120608007086
1245 3.4695927317859385
1246 3.4028607164878135
1247 3.414564677882765
1248 3.4842078025882275
1249 3.323443602149377
1250 3.4080628243292543
1251 3.260558700288065
1252 3.3370256099397038
1253 3.6023732842543317
1254 3.502909657807121
1255 3.4708937799608366
1256 3.4068508334071304
1257 3.3892144775103046
1258 3.3636802108110646
1259 3.399823446101326
1260 3.463449291397927
1261 3.2606951653353065
1262 3.428828997852652
1263 3.568178079748665
1264 3.6966681168732043
1265 3.3525811748781957
1266 3.376450781003342
1267 3.4851993829989363
1268 3.4545483884091537
1269 3.725837329944532
1270 3.270611629197093
1271 3.4760900375391945
1272 3.484020978235282
1273 3.254805638780915
1274 3.327754364197191
1275 3.3824437617558964
1276 3.3723711549481163
1277 3.329643572220896
1278 3.4326863133567262
1279 3.3895402481653805
1280 3.510756685263859
1281 3.5366208358747033
1282 3.5040318000032777
1283 3.40616584634772
1284 3.3897775308023768
1285 3.3620251889735617
1286 3.3653944822222415
1287 3.403031895890971
1288 3.5437168456414967
1289 3.3612990624293473
1290 3.3719269462484625
1291 3.4339944483081455
1292 3.7067198750540467
1293 3.5122216932999337
1294 3.426382949629758
1295 3.3686727833338534
1296 3.3866184070266265
1297 3.542180408975227
1298 3.287017148136838
1299 3.4507213548386235
1300 3.4151847603185734
1301 3.5124527245694774
1302 3.5419457188414865
1303 3.426710914265187
1304 3.4189920722953038
1305 3.6022223699878215
1306 3.54296672715049
1307 3.422677423034837
1308 3.4221888754292515
1309 3.5049488901969426
1310 3.620065402326825
1311 3.3736569141257164
1312 3.439041282144825
1313 3.402808977487955
1314 3.4293828322980326
1315 3.29424103856241
1316 3.3409486821554326
1317 3.4406979028956273
1318 3.3578350894765623
1319 3.400507939242303
1320 3.4851228000309074
1321 3.5036232391610564
1322 3.4564344281623085
1323 3.2551246244722827
1324 3.366720683080324
1325 3.445354526173948
1326 3.3847460868092702
1327 3.3573498000539357
1328 3.396893150599776
1329 3.4255472703544245
1330 3.3087731668531983
1331 3.538352362189592
1332 3.4503791662686556
1333 3.4396854295122
1334 3.388475738518903
1335 3.4306594300237583
1336 3.429038615307617
1337 3.4507363069222685
1338 3.377191634502137
1339 3.4033999663747765
1340 3.566415415930798
1341 3.470075243739723
1342 3.4443486437798176
1343 3.475803096425223
1344 3.3254778325777723
1345 3.3092159674490422
1346 3.4743481341531615
1347 3.4000597865336597
1348 3.3626808926813148
1349 3.3675674147999546
1350 3.4412070228501555
1351 3.3113863837902047
1352 3.361008037169097
1353 3.356142494446476
1354 3.4089733937720372
1355 3.324989070349133
1356 3.339215297666925
1357 3.3623926282937613
1358 3.4418310721514187
1359 3.4640903874208395
1360 3.449095205621391
1361 3.3415609267889965
1362 3.381346203749721
1363 3.312558724694235
1364 3.5151210739496754
1365 3.298330170872482
1366 3.3200094293256632
1367 3.6712397136346158
1368 3.4383777052251543
1369 3.3874223544686455
1370 3.530565034161086
1371 3.631639338617611
1372 3.3733734530507364
1373 3.6046307548039636
1374 3.39246265958957
1375 3.424654582180684
1376 3.4686135650959837
1377 3.330500982412699
1378 3.395944026270359
1379 3.3818953186332728
1380 3.450123683893442
1381 3.31722341994928
1382 3.616216543254782
1383 3.4822559226672873
1384 3.5124915603546856
1385 3.360470622082048
1386 3.5304273016909518
1387 3.4065076956925027
1388 3.5182890855377993
1389 3.4031094855162762
1390 3.3562616300550427
1391 3.4686545569218183
1392 3.3844313308565974
1393 3.380025868337848
1394 3.450984722046857
1395 3.3292704584491513
1396 3.384372006234451
1397 3.40094944614952
1398 3.577230862350666
1399 3.530964011981189
1400 3.456744082168709
1401 3.4188887681980407
1402 3.442270091055353
1403 3.4527216411689374
1404 3.442275805022882
1405 3.4912696898548417
1406 3.785552513718353
1407 3.4422869840077164
1408 3.3059529326785184
1409 3.493533823283065
1410 3.508341110414621
1411 3.5500699608430026
1412 3.3964860310009555
1413 3.4175508816596696
1414 3.404206121585076
1415 3.462547427159608
1416 3.352856028761285
1417 3.3930124994249593
1418 3.3191612326177182
1419 3.4354080211656353
1420 3.60260885976559
1421 3.5835603783547665
1422 3.3394034131876738
1423 3.3250440418875598
1424 3.301033665642111
1425 3.3000776731602834
1426 3.5550837945465084
1427 3.3762713789758125
1428 3.441913926959785
1429 3.2802957867757967
1430 3.4122657063668345
1431 3.5861725012248726
1432 3.1827100171392986
1433 3.4294500238314845
1434 3.4242375974953783
1435 3.3441403041899864
1436 3.552205648610382
1437 3.4462288303918243
1438 3.32647182899975
1439 3.368251917237947
1440 3.389189170251425
1441 3.578813088965905
1442 3.3941846247398324
1443 3.375000205144339
1444 3.320499832370021
1445 3.4758336939979952
1446 3.4393963647713304
1447 3.398860509274174
1448 3.6117668935015708
1449 3.4306628948258564
1450 3.28684170340384
1451 3.2450490737920616
1452 3.3483854911602644
1453 3.4209740160898368
1454 3.4787074406501737
1455 3.3685097461597984
1456 3.44798566794725
1457 3.4157063354138693
1458 3.4645253894806953
1459 3.5630919290468284
1460 3.4776512690914605
1461 3.4211324698148435
1462 3.550802151573371
1463 3.4088758804474
1464 3.535686953977519
1465 3.530284895631697
1466 3.4707236670761645
1467 3.355765325022259
1468 3.3364640100049403
1469 3.423913499957395
1470 3.354990102579775
1471 3.4083517711290447
1472 3.3767938728270166
1473 3.4243274276165576
1474 3.5557943643508296
1475 3.485031654095427
1476 3.44104380533012
1477 3.3983296938420895
1478 3.3231676417302807
1479 3.5023285194192146
1480 3.546331641089687
1481 3.4053134856688767
1482 3.446129471118716
1483 3.7091107947635344
1484 3.5260171460788055
1485 3.4005827141520686
1486 3.4607106634140425
1487 3.3385287650324007
1488 3.5421527009308504
1489 3.4994217688160405
1490 3.5002159130791712
1491 3.431654910339496
1492 3.3108325895372626
1493 3.3472163811457145
1494 3.39378109775772
1495 3.38362654064174
1496 3.4848219335239814
1497 3.3908297831314576
1498 3.6897643072281125
1499 3.320674237679456
1500 3.569258485604384
1501 3.4871652536050832
1502 3.4666560993280116
1503 3.498684250718813
1504 3.5141769754499093
1505 3.7008457744104817
1506 3.447181094664973
1507 3.6023910235308
1508 3.383143365050956
1509 3.4881050500149406
1510 3.4921911960030525
1511 3.3952057552020127
1512 3.2819597213554554
1513 3.4759571866146013
1514 3.394075551847942
1515 3.3881877201457957
1516 3.4448467948345414
1517 3.4829279416622985
1518 3.4048982534780046
1519 3.2390799974550317
1520 3.5632705813215977
1521 3.269148407025152
1522 3.3132381068745547
1523 3.381399555927066
1524 3.3594060893091715
1525 3.437368883008664
1526 3.2897642569033225
1527 3.3774586983648573
1528 3.456482964479259
1529 3.646764454263909
1530 3.504644685960786
1531 3.4727523256334707
1532 3.4016569985021783
1533 3.451934994649173
1534 3.4135922663255798
1535 3.324409695117528
1536 3.4039955409014455
1537 3.2846403123290484
1538 3.389183991957045
1539 3.3249291240563053
1540 3.404310576906228
1541 3.428075033579758
1542 3.3532971004922607
1543 3.339046128353494
1544 3.242052623902398
1545 3.4277902852389945
1546 3.366854190491351
1547 3.4367137026794303
1548 3.3669767205105554
1549 3.287497745243183
1550 3.2571275692745587
1551 3.3906121424790316
1552 3.4380703994538706
1553 3.497586727062048
1554 3.3677386316883036
1555 3.488556310918542
1556 3.3206098169219276
1557 3.48823873421541
1558 3.4571324423569973
1559 3.3718763144582864
1560 3.291740112924419
1561 3.3919958256833413
1562 3.3556765745324006
1563 3.30796281790024
1564 3.4714839662614465
1565 3.5503658896877544
1566 3.5201095661794364
1567 3.4314273907395805
1568 3.3678831871043706
1569 3.414795989289491
1570 3.401179618621705
1571 3.4493989852523055
1572 3.62840977936998
1573 3.3720372125335696
1574 3.675060239137161
1575 3.2657019830054264
1576 3.37886259200532
1577 3.434381086205807
1578 3.3456528985356253
1579 3.4712357061995243
1580 3.466957137886734
1581 3.392577637455613
1582 3.3889952872537332
1583 3.49525073673177
1584 3.470723718417474
1585 3.3951351713004865
1586 3.8181614338925156
1587 3.46587452124091
1588 3.496799739236901
1589 3.5874284216101984
1590 3.5151967493084175
1591 3.464941533677989
1592 3.227618034808995
1593 3.3681837617811703
1594 3.4709949984304487
1595 3.8487624147836272
1596 3.311559605647445
1597 3.432150262632345
1598 3.6199187978358442
1599 3.3855564140007797
1600 3.287691077041144
1601 3.422085360920745
1602 3.3489306711670768
1603 3.4913746374606673
1604 3.5745401729597686
1605 3.338401358057137
1606 3.4422177641803797
1607 3.336655485963895
1608 3.342199864381312
1609 3.355731986345486
1610 3.3041476004874744
1611 3.369303625194235
1612 3.5048587378205265
1613 3.4097532914117954
1614 3.5104999936011203
1615 3.3305150055069355
1616 3.642608094085742
1617 3.3322947406913856
1618 3.3305472026244187
1619 3.468951582642662
1620 3.384229580011433
1621 3.3874924425616304
1622 3.278280434058155
1623 3.4447814150081086
1624 3.4438418347806614
1625 3.3780381780862716
1626 3.312185592232064
1627 3.351986316838007
1628 3.3690592560608708
1629 3.4006154101899173
1630 3.516446180772674
1631 3.427879181073057
1632 3.4085491482842776
1633 3.4519342610412207
1634 3.4258713456427095
1635 3.4076556179926767
1636 3.416552610315634
1637 3.5297040040461405
1638 3.386991804968909
1639 3.349784331598596
1640 3.4085994354700078
1641 3.3599009011115943
1642 3.527293813560385
1643 3.2493775689114113
1644 3.4250250223425978
1645 3.319124094230134
1646 3.3671048330617643
1647 3.3607168847543014
1648 3.362205223767569
1649 3.3543395766675994
1650 3.5279463018859896
1651 3.359562157068598
1652 3.432866734166461
1653 3.487450033742048
1654 3.34739295935819
1655 3.509373625557251
1656 3.602625024674917
1657 3.3755912901724208
1658 3.568071984079023
1659 3.3804724957842867
1660 3.384366075406505
1661 3.5493577493948787
1662 3.385439874621872
1663 3.5426653033179525
1664 3.37324971918118
1665 3.6140092487391207
1666 3.296394760966042
1667 3.370971096580838
1668 3.3720712781543365
1669 3.42564941562562
1670 3.3462359025677926
1671 3.3954129160645663
1672 3.4315395244555233
1673 3.4096757126110595
1674 3.3370129976595484
1675 3.568759592766217
1676 3.4199992421088785
1677 3.378940157577037
1678 3.3170570955418786
1679 3.2368833569250786
1680 3.3161382825569294
1681 3.4523712542341043
1682 3.548343841794868
1683 3.476504443200949
1684 3.3690092413534845
1685 3.476961895370744
1686 3.3275297636365053
1687 3.522921229032776
1688 3.425477205368317
1689 3.4823409842504374
1690 3.39727301104416
1691 3.4728534561734064
1692 3.415427278446534
1693 3.534218859160144
1694 3.363718165621324
1695 3.519000866441873
1696 3.401301410334882
1697 3.3667741072298476
1698 3.289905035291
1699 3.4259437433424385
1700 3.3359842476330575
1701 3.569172519009842
1702 3.6988797081330103
1703 3.473468606178231
1704 3.4655433801956037
1705 3.318391658462931
1706 3.495954883462951
1707 3.547067154206958
1708 3.3539086863487446
1709 3.2838782664108552
1710 3.3533232244182627
1711 3.646563017155461
1712 3.241420034612651
1713 3.4353392830821265
1714 3.3936245252287955
1715 3.513742531806669
1716 3.5338375316694757
1717 3.535536204361684
1718 3.343721414690026
1719 3.4343346453114574
1720 3.503354737082163
1721 3.341594545939746
1722 3.302560275965176
1723 3.368665265018442
1724 3.3492464661492924
1725 3.4396279351025534
1726 3.3726284735740455
1727 3.5399831998070854
1728 3.4385312978642744
1729 3.6953209136983576
1730 3.3285080875591353
1731 4.144116277030261
1732 3.6205639096524838
1733 3.3654855240128945
1734 3.4960005380494774
1735 3.3612798463021405
1736 3.4653471576630044
1737 3.409704297231361
1738 3.404525627649261
1739 3.4404123462861658
1740 3.36600868400252
1741 3.4710861592072013
1742 3.3974445635368427
1743 3.2814890815247493
1744 3.3758226900081767
1745 3.45572753629494
1746 3.521346742283754
1747 3.451400841670002
1748 3.322775498140332
1749 3.3100170139511946
1750 3.4524806686064693
1751 3.560658661247253
1752 3.5533195597764227
1753 3.6161352373963798
1754 3.347143539323981
1755 3.477759686272736
1756 3.4580451181851255
1757 3.2503913111039924
1758 3.464854427698876
1759 3.4383818238584176
1760 3.3607132586157014
1761 3.3587767646914997
1762 3.2297301082835195
1763 3.383510283838736
1764 3.4969030375050285
1765 3.4449674088074613
1766 3.3755369539771083
1767 3.485694161446536
1768 3.3227511864120447
1769 3.336270389397278
1770 3.279428366196697
1771 3.5407876704246233
1772 3.2919319854418108
1773 3.506135039710181
1774 3.4255662535784452
1775 3.4632739603437406
1776 3.4967434937231716
1777 3.5138533517358455
1778 3.321371802888618
1779 3.4821293682286525
1780 3.380389096023926
1781 3.4044319922073876
1782 3.3283279064340463
1783 3.449201967051254
1784 3.451296944799377
1785 3.374408092188283
1786 3.4790348090677123
1787 3.3608229838898986
1788 3.3813599281793927
1789 3.2193490537878833
1790 3.340590703971367
1791 3.2881714396050583
1792 3.3351728810556316
1793 3.3479769040837657
1794 3.2950030334248996
1795 3.343771512754606
1796 3.467842173900003
1797 3.3489842892759785
1798 3.3223604322193676
1799 3.6491923458033724
1800 3.3080604341188082
1801 3.3357495432086353
1802 3.4024671676252236
1803 3.382817363028329
1804 3.2825315450669894
1805 3.3751477150901112
1806 3.475894351548008
1807 3.360077527985181
1808 3.7060679997461548
1809 3.4263098016190696
1810 3.3948637845452434
1811 3.594913903423229
1812 3.5804413302954776
1813 3.3499427439613267
1814 3.429756962059165
1815 3.446571098886141
1816 3.6600891555648563
1817 3.4044546126333746
1818 3.29906107040336
1819 3.492464820757786
1820 3.4339179520195042
1821 3.368164330518843
1822 3.4262515825494373
1823 3.4336758597963426
1824 3.3942072569389823
1825 3.4553909139461316
1826 3.38478421952519
1827 3.5896535135802616
1828 3.3525630942882363
1829 3.4692226612650727
1830 3.2374736513868405
1831 3.4309831159985085
1832 3.4447433101106526
1833 3.344219532628609
1834 3.501961730626939
1835 3.4496541348295904
1836 3.5169375162644725
1837 3.3386937821537783
1838 3.378987936328939
1839 3.422094077336945
1840 3.597513723063162
1841 3.473744478542797
1842 3.5605301674822956
1843 3.2974817384544095
1844 3.2875322959117765
1845 3.431708912530157
1846 3.297923134096876
1847 3.516621287874007
1848 3.454059492687585
1849 3.4508167948391875
1850 3.5123899902999556
1851 3.3761906086607416
1852 3.3006225030278413
1853 3.269193791991608
1854 3.3133613373750013
1855 3.416118359944446
1856 3.439605217500554
1857 3.325024986250444
1858 3.323482062555203
1859 3.472689948742245
1860 3.6056827798162283
1861 3.397246187775914
1862 3.4163715765343756
1863 3.337429795500278
1864 3.456895374546295
1865 3.4044909094924187
1866 3.394298475254586
1867 3.473210890076175
1868 3.343624555480071
1869 3.3309080591168483
1870 3.2628141202544056
1871 3.4328470205422486
1872 3.3843261049890394
1873 3.413986092764428
1874 3.382191220919039
1875 3.4406621131106996
1876 3.3086089255088518
1877 3.3530766018160714
1878 3.273684257718074
1879 3.3954515556394926
1880 3.5676836589098113
1881 3.308460619516777
1882 3.6226082190157047
1883 3.468044011571156
1884 3.2998764264028124
1885 3.2697888777933337
1886 3.4073926151385163
1887 3.2716770154294745
1888 3.4598370504580185
1889 3.5429700735043044
1890 3.4286149382796642
1891 3.3018822288923197
1892 3.5544379786220963
1893 3.493749002363924
1894 3.417044267414609
1895 3.5955077694489397
1896 3.4434304633059707
1897 3.453290156289179
1898 3.30244548238422
1899 3.305065774630894
1900 3.2693761468154245
1901 3.439710654769437
1902 3.433184864694003
1903 3.385347107067937
1904 3.4317928250358496
1905 3.3839880229410424
1906 3.3733982221482854
1907 3.449913103770373
1908 3.516431610948626
1909 3.424594886526336
1910 3.6122586858707724
1911 3.468143147827647
1912 3.465237731172011
1913 3.4118203321768577
1914 3.3010274330208356
1915 3.5502615458565048
1916 3.6790773271278883
1917 3.4361464990588537
1918 3.2764228281287826
1919 3.368955096955072
1920 3.3940674417330996
1921 3.5426434852972846
1922 3.6469518987364724
1923 3.4681831676344808
1924 3.3653020447251856
1925 3.3312245780554064
1926 3.4174717816147067
1927 3.480936139826986
1928 3.409087058748789
1929 3.434164070370842
1930 3.821905440224656
1931 3.429520290799523
1932 3.315240945979097
1933 3.453870345815768
1934 3.4002406799874465
1935 3.346051617967526
1936 3.383992590263199
1937 3.5226229523873016
1938 3.5728898608229884
1939 3.251643215600279
1940 3.3949263395455915
1941 3.6550414447876265
1942 3.3618516597195476
1943 3.3921668419544924
1944 3.6889251049712692
1945 3.433658092503533
1946 3.3874072478973307
1947 3.388366110988751
1948 3.2711592562664107
1949 3.6865800543139073
1950 3.4277631601629106
1951 3.3221493370037756
1952 3.468609826844789
1953 3.364823711880747
1954 3.4258609939840063
1955 3.6932403453086073
1956 3.443986296025709
1957 3.4449711302549777
1958 3.573562874702113
1959 3.370264848042084
1960 3.277965495837366
1961 3.4173094635066614
1962 3.420339024445173
1963 3.5624507554431553
1964 3.382167042656435
1965 3.3821050535360886
1966 3.5138771593242444
1967 3.4011634523066294
1968 3.343617114897028
1969 3.312748534818471
1970 3.646870774600715
1971 3.373574914101013
1972 3.453438884347809
1973 3.3570968096333664
1974 3.5535608455949403
1975 3.3583868624212894
1976 3.3835825328044695
1977 3.535787456996687
1978 3.4156461580239244
1979 3.458775616459493
1980 3.611783498438948
1981 3.3450243121152377
1982 3.3138349795061863
1983 3.504323985650759
1984 3.3825908864343543
1985 3.546929638612675
1986 3.4415030474274206
1987 3.4054732782380555
1988 3.3694306911767846
1989 3.297987030995881
1990 3.5533223000465672
1991 3.3920640341545316
1992 3.4204330632627027
1993 3.4301881618915724
1994 3.2747011095520437
1995 3.3180150014650875
1996 3.426859204729547
1997 3.4534396855073934
1998 3.312162808292886
1999 3.447816648083421
2000 3.377695258623039
2001 3.2144321507638307
2002 3.404643304998266
2003 3.3702893638824887
2004 3.3779374891512206
2005 3.3789276721878774
2006 3.547054298730691
2007 3.396464059435787
2008 3.463496079510109
2009 3.50643693658739
2010 3.531948980069086
2011 3.4840781034300305
2012 3.4113151760455565
2013 3.464522571564456
2014 3.3946967341482006
2015 3.3556644380211162
2016 3.350836261804795
2017 3.456664407137464
2018 3.357270593073499
2019 3.376139865013009
2020 3.6012883799939663
2021 3.271898980881763
2022 3.513423043256603
2023 3.4998604997962652
2024 3.465403354037078
2025 3.4300150086502046
2026 3.3602570485546805
2027 3.464258284280032
2028 3.3092070982230197
2029 3.485691759699886
2030 3.7012729528374
2031 3.32138265436726
2032 3.3769304398156637
2033 3.4179333889117083
2034 3.387727868632648
2035 3.388773232927949
2036 3.363986595464125
2037 3.317294008538754
2038 3.434463587270671
2039 3.436593333140222
2040 3.3356909556110397
2041 3.295780417264149
2042 3.420140678385051
2043 3.441867943084587
2044 3.3533393330612307
2045 3.284381386902387
2046 3.6196372661597254
2047 3.3020218325738533
2048 3.575823205982436
2049 3.2634034335852586
2050 3.4487014819969515
2051 3.387740896757717
2052 3.454748921934075
2053 3.408843055080192
2054 3.4244621999594447
2055 3.3006198889265685
2056 3.871002706446916
2057 3.3952875113831906
2058 3.359296435194047
2059 3.213855160226437
2060 3.2632701562595807
2061 3.4873764602405486
2062 3.4854521531488274
2063 3.5808284910265655
2064 3.484741108730694
2065 3.3578929607641514
2066 3.53265832819992
2067 3.536788700905247
2068 3.4225216125126443
2069 3.3086535863952187
2070 3.4374335476416107
2071 3.5416780928248444
2072 3.3909626235696404
2073 3.345660151994642
2074 3.5129030306622897
2075 3.5804190108233422
2076 3.4175270825905733
2077 3.44187535082283
2078 3.4517037956613215
2079 3.3542858886974654
2080 3.4231606133079584
2081 3.383828820030226
2082 3.429479510462886
2083 3.580648918534504
2084 3.3674660703761483
2085 3.355140586782812
2086 3.335333757263541
2087 3.4973544709686055
2088 3.2827606132004856
2089 3.6144209138195547
2090 3.3496682679148924
2091 3.371100061932545
2092 3.353173931088503
2093 3.3835508471053446
2094 3.360385571712625
2095 3.390366436601329
2096 3.3029263984845034
2097 3.5054187109029122
2098 3.3336833006574467
2099 3.424569414987917
2100 3.347808507161264
2101 3.339653861301059
2102 3.465670024387807
2103 3.4407204192092515
2104 3.3361991315652255
2105 3.4277479319625157
2106 3.387021416208433
2107 3.5372383830267142
2108 3.3307980883515182
2109 3.354994074837105
2110 3.4434297478025173
2111 3.3283072791632775
2112 3.434372178726714
2113 3.5013000139292707
2114 3.6034529942816986
2115 3.374312288293717
2116 3.291240868911535
2117 3.2218925697078795
2118 3.29138903516131
2119 3.2743378266297523
2120 3.4381374955794177
2121 3.368208341440533
2122 3.4736263600745803
2123 3.4211881296082693
2124 3.4033225365926514
2125 3.350109701748639
2126 3.358384128509443
2127 3.3755503158391145
2128 3.4562508241416485
2129 3.427216273150787
2130 3.2945449280860846
2131 3.522149524836626
2132 3.3909235093340135
2133 3.4183925600462017
2134 3.4818281885210887
2135 3.2528289317153334
2136 3.30848450184002
2137 3.4664163979371305
2138 3.3284344997918454
2139 3.2563636290599813
2140 3.262802304710996
2141 3.3643496562120996
2142 3.464889872156564
