0 10.07930819315244
1 9.625344205374672
2 11.051842549399545
3 10.758628928810891
4 11.08201043465801
5 10.97143895046405
6 11.665091849618964
7 10.664437800947992
8 11.730477815737622
9 11.135522936578479
10 11.814863059348664
11 11.443372006063962
12 12.946625572374947
13 12.80087910426434
14 12.432658852975427
15 12.471293597688245
16 12.892615295703013
17 13.146754947081774
18 12.426309162964762
19 12.64314920728486
20 12.943134040381677
21 12.384088034095516
22 13.010623084575549
23 13.139587830943064
24 12.627491425967879
25 13.026417823065495
26 12.734284414266279
27 12.405976424050618
28 11.917483937377582
29 11.834193794392936
30 12.809399664453675
31 12.768723949312577
32 13.232137390990344
33 13.505792635101555
34 13.063454224551093
35 12.789109317167323
36 12.856382723273457
37 12.52004579576051
38 13.20102386946542
39 12.382291437922639
40 12.469876932030203
41 13.735424432848422
42 11.492885692324727
43 12.825859879424174
44 13.18947222844326
45 14.097620073174108
46 15.02835710329581
47 13.352354102363421
48 12.141252192433285
49 12.252991170416019
50 10.392364383657071
51 10.70683722531131
52 10.930585133342328
53 10.363856313587572
54 10.246120647840874
55 11.142607069430296
56 11.266890111686614
57 13.091380677475739
58 13.128010493536841
59 12.037602906629566
60 13.050358562399813
61 13.06560099286871
62 12.871756205814457
63 13.232452244722182
64 13.977466276011388
65 14.04160597259067
66 14.508125203524342
67 12.253442351791815
68 11.898173018239394
69 14.586686529707944
70 13.722166965048956
71 13.27935786826792
72 14.20912921543703
73 14.099440239168464
74 13.51808849702554
75 11.755564458562636
76 12.26991719716612
77 11.189308835310202
78 12.82791679519557
79 12.843213805919051
80 12.575167506279303
81 13.154203444609678
82 14.123684626062875
83 14.594302072974129
84 13.770425126156454
85 14.183404209118486
86 12.636824329810365
87 13.525447541795295
88 14.0608777672883
89 15.07587875267875
90 12.659776354559536
91 13.275684260352998
92 12.766822088751542
93 13.26389239357179
94 13.996959029625806
95 14.007449929206462
96 12.808537493121515
97 12.98905170140205
98 12.048578515081836
99 14.021953082946817
100 13.794708241638531
101 13.752431095462336
102 12.396004411029804
103 13.422767388583463
104 13.78471986617083
105 12.664524370894028
106 12.714540472715369
107 12.857440613506869
108 14.220966661158487
109 12.81855507009447
110 13.959264482555712
111 12.690809599381144
112 12.621652571330184
113 11.635685824315084
114 12.838937564908962
115 13.909306987150616
116 13.089381964691409
117 12.31788168679441
118 13.14339339916934
119 13.369897082887164
120 14.196796608298385
121 13.094640054444955
122 12.237288154283265
123 13.401254962836735
124 12.7090128230066
125 11.672003899718334
126 12.138897013458799
127 12.123023813029711
128 11.93115453392993
129 9.896590038275098
130 10.643166630316676
131 9.318578288874502
132 9.680609885060266
133 10.535856693230029
134 9.164375679499752
135 9.535747248147013
136 9.859201110447378
137 9.50470648505571
138 9.441324625125443
139 8.70211594558007
140 9.37846889968184
141 8.178088224240962
142 9.135872889180423
143 8.460697781310305
144 9.753832214997296
145 11.051601609762146
146 8.830714164546526
147 10.283887186398099
148 9.622876936362854
149 9.878968981716076
150 9.569723604826608
151 10.828574373994304
152 10.169090261040395
153 8.605911712165938
154 9.270952244671074
155 9.64986031575185
156 9.318924753898425
157 9.694950645856105
158 11.005981541221557
159 10.04301574112811
160 8.950093263437557
161 10.803138940693033
162 9.233794328175597
163 9.782187453781649
164 8.580703390180132
165 8.863770824278777
166 8.37529714738832
167 8.43323513119837
168 9.12495494464735
169 8.252916586214718
170 8.685243522497924
171 8.320522758303747
172 8.111102996472056
173 8.395901640988223
174 8.510505516842244
175 8.37044420506676
176 8.806466755773444
177 8.896231531303618
178 8.656971363301741
179 8.275617758184167
180 8.719178332579872
181 9.615325500525524
182 9.431543412802407
183 9.347276652082762
184 9.880262693003635
185 8.3794145659043
186 8.448721422342347
187 8.89534065007962
188 8.676974009271978
189 8.257214891609816
190 9.229806444119834
191 8.288231004054191
192 8.614789264416082
193 9.346454074198432
194 9.700795806015648
195 10.635397957044493
196 11.037332460046077
197 9.90367749314353
198 10.33721921710535
199 10.98872855176998
200 9.723379752908977
201 8.451942940126619
202 8.031518653873169
203 8.233829589833514
204 7.877081496936971
205 7.59128269831627
206 8.856698764344781
207 8.206685996612668
208 7.4636614633959075
209 6.981080729675136
210 6.821712303710118
211 6.826992532471718
212 7.426163956594592
213 6.018881770837585
214 4.5925127939238175
215 4.094873547390489
216 4.620205691536006
217 4.464859851944312
218 4.687062130876422
219 4.678045912651098
220 4.57052479743278
221 6.457642803499177
222 7.2733502403340395
223 7.5889526328178265
224 6.94206142619804
225 7.140905532302211
226 6.538241165684957
227 8.293142388937872
228 6.533009208590944
229 9.085539372771505
230 8.754699591175976
231 8.561179483233794
232 7.740215492795369
233 8.377356954544792
234 7.732172004843526
235 7.397047289074374
236 5.433650920641686
237 5.33363892394538
238 4.802368699629837
239 5.971858679764768
240 4.426097146537495
241 4.752305879798167
242 4.373266783955212
243 4.250661509416769
244 4.43920359430089
245 4.356505460994617
246 4.269715587687592
247 4.472899142698962
248 4.6622636121126115
249 4.281436897963869
250 4.566489219608715
251 4.438100203270219
252 6.213848737381694
253 6.616479601770881
254 4.5601994397081835
255 4.619321713807217
256 4.433776052621387
257 4.5523374941540355
258 4.330957126563274
259 4.4287405438936025
260 4.510584751120413
261 4.360018507054838
262 4.424672812241784
263 4.537421047057998
264 4.456327273262436
265 4.4084770717611255
266 4.145194175416873
267 4.332162119198894
268 3.92296375590325
269 4.468883312715583
270 4.197487327528966
271 4.432468066903157
272 4.452621889980852
273 4.069706991701782
274 4.268804172417471
275 4.374403520645176
276 4.069428284079337
277 4.209860472374911
278 4.473067483636538
279 3.934152485206003
280 4.085483894536513
281 3.82915954217118
282 4.25193998067457
283 4.255524740837621
284 4.379152243215217
285 3.923777269286565
286 4.521645577309957
287 4.396133148562323
288 3.9345359527609003
289 4.026321057759318
290 3.9481485212284197
291 4.2511559107497465
292 4.646889507750217
293 4.065707885565288
294 4.230593008014997
295 4.367437583735965
296 4.27325694162195
297 4.701937098133185
298 4.130773996871925
299 4.446775031346852
300 3.709956875179176
301 4.291100334081118
302 3.9517612623601917
303 4.194545411288425
304 4.1050554300627375
305 3.941783130765944
306 4.1620964235594
307 4.2962693140877155
308 4.110259899972383
309 3.920901422002951
310 4.3854865208140295
311 4.738334154561735
312 4.434735196462495
313 4.413650939905144
314 4.690699321700719
315 4.426978229230413
316 4.243117126674768
317 4.4330804234925925
318 4.106305423285996
319 4.366033626996383
320 4.475854953741481
321 4.342887905056715
322 4.442111517115045
323 3.9677132007346922
324 4.122624518553138
325 4.234159328155789
326 3.830371367640366
327 4.299943369480747
328 4.349838630230833
329 3.974823041061397
330 4.283447239891939
331 4.305767000906484
332 4.117422476680099
333 4.876375202676565
334 6.0853110011246905
335 7.260073325121016
336 6.9176021746063805
337 6.226197299231085
338 6.509872766335321
339 6.912949054776426
340 6.848663010714532
341 6.257647195678811
342 7.305595978441268
343 5.779369922660397
344 6.344975006162266
345 6.878700918933553
346 6.374209196065086
347 5.8584620648051144
348 6.96656267825261
349 7.477436381274435
350 5.863223914341636
351 7.477983704292735
352 6.67288668353087
353 6.676795064462089
354 6.624130669517659
355 7.466269235598626
356 7.349882752943579
357 7.797090391230844
358 8.00933084927215
359 7.165388455092486
360 6.233767530161617
361 8.529196169032843
362 5.88824541797694
363 5.018624322905758
364 6.3083309100226765
365 6.078473002432828
366 6.496622338489952
367 7.4238723440319765
368 6.779451187482333
369 8.163678421410395
370 9.062907516452631
371 8.728331969026781
372 8.375678909022866
373 7.53214942455812
374 7.368923855261781
375 8.291953709335607
376 8.395761762032716
377 8.53639522300615
378 7.659195647401915
379 8.355026961669287
380 8.539089977857785
381 8.011887190751635
382 8.981424928354329
383 8.498791298031325
384 9.09430712974314
385 8.689141086206275
386 9.553322250805962
387 7.900379666895921
388 8.848697227056938
389 9.061142408273048
390 8.6881438084738
391 9.547451312841183
392 8.218779418272982
393 8.530338575832257
394 8.318058675509686
395 8.8986236851145
396 8.99829591918938
397 9.79230230333239
398 8.73320919233487
399 9.498550615210531
400 8.992027253285023
401 8.219782649766817
402 8.170831689952948
403 8.79802282974545
404 7.759789303024229
405 8.329780627894127
406 7.3080151007950365
407 8.327779523249756
408 8.438564321214834
409 6.885425937675883
410 7.72059969713829
411 8.054877389770821
412 8.166468108942071
413 9.000954019826409
414 8.570978571308846
415 8.606293881416114
416 8.384887397893847
417 8.553409215062784
418 8.143514871026207
419 8.082646627348206
420 9.067837554450334
421 7.923805863487019
422 8.86027844688529
423 8.359065320873016
424 8.34728977663855
425 8.685580304089736
426 9.435513373121617
427 9.567394135250375
428 9.332747746119162
429 9.841544965740034
430 10.138728311835447
431 10.011045625340044
432 9.40010382621364
433 9.359339133228843
434 11.119565319320204
435 10.478873444657356
436 9.643086666958073
437 10.275089235995258
438 10.370164059890259
439 10.630578875776438
440 9.296578685486777
441 11.055246979661593
442 11.704509896245366
443 11.70411645643762
444 10.850153134255995
445 10.638773160947867
446 9.836159163370684
447 10.837355053656022
448 8.744527773259552
449 9.654406185970915
450 9.438865962389144
451 10.849878847344785
452 10.439358796630014
453 10.018741745043316
454 9.588325053451896
455 10.159231109924091
456 10.82700197960512
457 12.131087129331563
458 11.580838792885404
459 11.716989767584579
460 10.575375332989632
461 10.33884714361684
462 10.460882061296381
463 11.392403368563429
464 11.34191562560293
465 11.448572279278531
466 11.23883989995721
467 10.701029431209905
468 10.127941818025374
469 10.133884387210221
470 10.155496644845655
471 11.653978871243197
472 10.762993594956697
473 9.274085618156896
474 9.626284650765495
475 9.731876975870257
476 9.951717073940738
477 11.076991170233372
478 10.397486770308241
479 11.114026421468086
480 11.110976578090069
481 9.459350600532359
482 10.740473654089271
483 10.608781482473516
484 10.568120784386238
485 10.11356023286807
486 9.905081939658187
487 9.267487876777007
488 9.890673339010464
489 9.82537012106278
490 10.146587571469103
491 10.58374602975778
492 10.08599161684644
493 9.117683568982414
494 10.036490446020096
495 8.85108610787304
496 10.603485576282717
497 11.315319561672979
498 10.821497035418314
499 9.144996956530084
500 9.379960426531605
501 9.707814918619043
502 8.558694198434818
503 9.419776417152466
504 10.12025429362941
505 12.074066511024188
506 11.159781313787224
507 10.771148543446264
508 10.10624999566848
509 9.80345452996253
510 11.838640454382533
511 10.564441087525767
512 9.897085524703963
513 9.745652853150442
514 9.675697844421636
515 9.870753596652033
516 9.581820690603758
517 10.269387005306909
518 11.118148388943645
519 11.992187745700678
520 11.45940364287919
521 11.228107434730472
522 11.175775779137934
523 11.2354173829947
524 11.086418400051082
525 11.61784412883042
526 9.79299225433602
527 9.446398559499993
528 10.25244945465494
529 11.93299836583169
530 11.195464688368022
531 8.94610909760885
532 11.275860100471512
533 10.591063258128669
534 10.727937020201324
535 11.054810234086032
536 12.081087095784241
537 12.035048013757747
538 10.71786191274834
539 10.7210923648514
540 10.563009873214995
541 12.047942831980505
542 11.843123715817033
543 12.452471419627
544 10.94325734852902
545 11.104211665087645
546 10.730692399752899
547 9.593410458132686
548 11.621972622874958
549 11.803891585194483
550 10.441170256595512
551 10.10461842498406
552 11.130005358475579
553 10.840779169146025
554 11.456976770780845
555 11.66140594847701
556 9.859769353340006
557 8.341190868482501
558 8.591198155588861
559 9.201490982073002
560 10.085950675975853
561 9.650858294095942
562 9.358355676736887
563 10.266398094884403
564 9.887594819229394
565 8.653620058950276
566 9.836215323528902
567 11.348404489011939
568 10.497095808355516
569 9.895321757267666
570 11.03948481537294
571 10.915559851826393
572 10.28397418679552
573 9.929049837670693
574 10.426662682020986
575 10.610305265849655
576 10.43870123668714
577 10.389615655433461
578 9.609300859375987
579 10.277278732641479
580 10.436544865667058
581 8.90987294117386
582 10.548494009127781
583 9.685181052209243
584 10.866643000890424
585 10.884717916433278
586 10.78603611457546
587 11.143681528540645
588 11.15187136155212
589 11.324032954682846
590 10.876256089141448
591 9.828170092716839
592 11.0358714427321
593 9.58573550777754
594 9.082364681741979
595 10.126470232913961
596 10.015572264957262
597 10.749307770363844
598 11.042594188579601
599 9.662514201113929
600 10.00202012830837
601 10.82588101808065
602 10.705212202690973
603 9.468163187098098
604 10.23750963300885
605 10.725329240202283
606 11.416504060921984
607 10.579725783558018
608 12.70464098820567
609 12.10575810173416
610 10.695878795015139
611 10.873696116153344
612 12.314008403595173
613 11.944024951245721
614 11.676963562173109
615 11.163863527205498
616 10.87619583863323
617 11.44932444312051
618 11.49679959708242
619 11.615229467443614
620 11.130052219906291
621 10.703806346614794
622 9.825601831943716
623 9.699400043356178
624 10.006005997309819
625 10.190555413887187
626 11.480275996375841
627 10.464425367002528
628 11.118457125081095
629 10.815088994907299
630 8.707639037864386
631 11.555308577277216
632 10.928583607961686
633 11.182656478467148
634 10.437314225733724
635 11.06689633629637
636 10.638050930581402
637 11.083651317353434
638 10.953166073859746
639 10.908056501481227
640 11.5956909845721
641 11.228912234091101
642 11.401673590037387
643 11.144591154448287
644 11.108322415457858
645 10.688675218560265
646 10.646642120047888
647 11.39580594544307
648 12.396619530911044
649 11.8999888485499
650 11.407450566981742
651 10.958007466954056
652 10.183032295015403
653 11.263061762588704
654 10.893031557888982
655 11.116311806544905
656 11.059681307817504
657 12.020431205869098
658 10.77936900081848
659 10.740735009458845
660 11.531041339890194
661 11.395720464584253
662 10.201186068735073
663 10.21714055365823
664 11.061007565227404
665 12.507465071872144
666 11.246378023830871
667 11.155263635992526
668 10.99991649719029
669 11.626372257555733
670 11.384518565478938
671 11.619848912808614
672 11.769575730784629
673 12.396088594578604
674 11.629022648414795
675 11.121845407381779
676 12.232490600633689
677 11.850185428763183
678 11.92887433484327
679 12.12178091564819
680 11.202313624835542
681 11.674693399283662
682 11.489602031158665
683 10.044934344730635
684 11.050282293076334
685 10.289774713209427
686 10.14101194072026
687 11.051396041235144
688 11.266019152861697
689 11.14876828696723
690 11.788373024481492
691 11.517326442378462
692 10.50886647126608
693 12.045716571497495
694 11.058114605950545
695 11.880672677842686
696 11.710157015007908
697 10.67329223849819
698 9.178717064855507
699 9.918566476494847
700 10.83686112094083
701 10.76128397065688
702 10.435419158706658
703 10.756424618225934
704 9.759292208307196
705 10.397737253368538
706 10.511502478035492
707 9.776325696245015
708 9.844327384519854
709 10.150853334110607
710 10.502463699998083
711 9.158706642379048
712 11.937642858930552
713 10.31957904955865
714 10.168286257846104
715 10.467945357947555
716 9.727686024281622
717 9.820754784962656
718 10.016309604157335
719 10.108485751039664
720 10.652217342294287
721 10.389052833887115
722 9.194249846234849
723 10.335830682045286
724 11.233703145890056
725 10.126855879167286
726 10.67876136117504
727 11.090493206375966
728 10.090690957133228
729 11.30970465705861
730 10.47872782287204
731 9.857107505385528
732 9.78321022178283
733 9.46133616781993
734 7.633263082491234
735 8.996988682904739
736 9.237256336670285
737 9.502078665733798
738 8.787166311213753
739 8.821426771353712
740 9.160088733448605
741 7.344369102125022
742 8.468090880176181
743 8.41828014573004
744 7.5942736550547
745 6.525537891800669
746 6.112672649719783
747 6.083286812248447
748 8.568106792295676
749 7.641197222462546
750 10.377085753564472
751 8.85909315187834
752 9.022722771207414
753 8.572292045569885
754 9.764796936962142
755 9.675191125894088
756 9.233846742895613
757 8.51740193965525
758 9.96575429656077
759 8.763475048227917
760 8.476005107220303
761 8.422576259128649
762 7.888854633005048
763 7.688891983292073
764 8.532577527615494
765 8.958365648372384
766 9.925822873468551
767 10.095227304909901
768 10.530565581589421
769 9.590988027128462
770 9.604143564026892
771 8.700951521993337
772 9.203945841508128
773 7.237115695383205
774 7.687641351546271
775 4.98039507926999
776 5.52360078749182
777 4.346169539465151
778 4.2841314166369155
779 4.385204578033879
780 4.537466636855894
781 4.688454509568699
782 4.618679604744239
783 4.644731663909887
784 4.611442734442466
785 5.0412636783232685
786 4.847850341075257
787 4.915449676369192
788 5.129729731184921
789 4.42196240182678
790 4.480638880090099
791 4.527656164193594
792 5.0093841350250985
793 4.4987148597757685
794 4.283125525695509
795 4.369369798833062
796 4.275486387190949
797 4.359827793892251
798 4.80022021550896
799 4.282727631809868
800 4.4660304203694015
801 4.501514053388048
802 5.136983103751037
803 4.516782417114622
804 4.686262136384866
805 4.38537581899205
806 4.511569247903117
807 4.477931102639934
808 4.413323598118855
809 4.402598284833518
810 4.192449878761943
811 4.15852744202599
812 4.144478841323225
813 4.474351099395216
814 4.343818523977836
815 4.12492263335538
816 4.672337443067352
817 4.453245104801814
818 4.353683111091867
819 4.5356076628777355
820 4.321562935798733
821 4.359101849659495
822 4.306032610458448
823 4.353736909784864
824 4.591911604203341
825 4.414484232556777
826 4.3144811981100375
827 4.290153412748917
828 4.110427546385056
829 4.211670166539604
830 4.498673131186366
831 4.71663273046692
832 4.826065192589546
833 4.750540116830259
834 4.6589455170736604
835 4.590159382344758
836 4.607044830491598
837 4.477204866865803
838 4.309655730970566
839 4.369963012260745
840 4.220961177221236
841 4.601214733690828
842 4.330883124563334
843 4.236571074029773
844 6.319800203772038
845 6.436690308126496
846 6.207020411923498
847 6.711750993092268
848 6.391961197744543
849 6.310505017418191
850 6.211717270587999
851 6.6853536527558814
852 6.405163508291785
853 6.778896659834222
854 6.711676164847574
855 6.514797414755995
856 5.924785130991706
857 6.9900312289326045
858 5.313792795503211
859 6.7857707323129075
860 6.037278274591844
861 7.063766525595752
862 7.999782552479492
863 4.782931469494172
864 6.602124424816779
865 6.342446985023055
866 6.338539959125224
867 6.200176086762736
868 6.954001712515886
869 6.068542396622722
870 5.994830829429618
871 6.619330384247676
872 7.425928417425232
873 7.1000628968022115
874 6.263768642580403
875 8.042345727233604
876 6.820875397802072
877 6.963164724196508
878 6.156395075232575
879 6.374596783638578
880 6.165526638637079
881 6.296979584443149
882 6.472349208835177
883 6.179147670527778
884 6.272597015127552
885 6.885568434013372
886 6.2018204685025635
887 6.187812366328155
888 6.582140346650483
889 6.237185849569727
890 6.792137925134884
891 5.547613824913115
892 6.746389127012645
893 6.159340519704725
894 6.6512669462717575
895 4.569498160300045
896 4.666072248829625
897 4.269610424964193
898 4.247083050604082
899 4.645494919179481
900 4.721469819168842
901 4.612596692529356
902 6.445893372887505
903 6.578742129007547
904 6.594071718677681
905 6.511951489160656
906 6.276526534449814
907 6.9084764683166195
908 6.477070020970703
909 5.777567891610761
910 6.212188880508727
911 4.252806727090385
912 4.2626114139867655
913 5.002131372369404
914 4.288376190101511
915 4.655482495446907
916 4.634593570907674
917 4.415720224403555
918 4.511214498956668
919 4.627860471880726
920 4.418848119978468
921 4.740400688012652
922 4.3856776757338265
923 4.787422489383379
924 4.802794573723098
925 4.389659828023121
926 4.34555583055899
927 5.946686656178116
928 4.629939763228384
929 4.421760078894658
930 4.383691697288273
931 4.7445883392620205
932 4.44322242095978
933 4.743560083626715
934 4.541537616896736
935 4.645631290839578
936 4.639594739365801
937 4.617626481061963
938 4.149797971443736
939 4.898203370543906
940 4.588868074093686
941 4.592216140152627
942 4.356778816491811
943 4.2784673429560245
944 4.460486135224078
945 4.512483572934439
946 4.710945205295871
947 4.867686869538813
948 4.488122911582563
949 4.525572958400574
950 4.225565140863695
951 4.2412463051676506
952 4.3614163703509
953 4.598448540760668
954 4.506662038352568
955 4.578220038156583
956 4.362889630389886
957 4.346553263720731
958 4.575260950309485
959 4.568232850379725
960 4.204657587730469
961 5.945763681725806
962 5.322328866892705
963 6.589734698160979
964 6.250721567782854
965 4.355170131248306
966 4.192360369082965
967 4.411310340830928
968 4.294724838894409
969 4.532717379675475
970 4.309254650783845
971 7.6858450301389905
972 6.138297100596719
973 7.246074702900137
974 6.880951890845773
975 6.6360682031107086
976 6.129966240964175
977 6.0586293784247855
978 5.996956392723142
979 5.81131602329258
980 4.37002545044194
981 4.258454631245224
982 4.4904690059022485
983 4.576263949223414
984 4.718695617248878
985 4.66048069305379
986 4.603803436828906
987 4.177592557298
988 4.400769517533867
989 4.498002820531693
990 4.329250606794599
991 4.278583206999042
992 4.378257817972376
993 4.667262430250611
994 4.265940412312283
995 4.13543260172852
996 4.639359619543464
997 4.458470659242257
998 4.487145272897282
999 4.359326175279165
1000 4.198961211964051
1001 4.232132306288816
1002 4.299115164556039
1003 4.069424709387231
1004 4.477070216277696
1005 4.515325965100754
1006 4.544720851683995
1007 5.961175551387372
1008 6.229123062430669
1009 6.258908295934762
1010 6.243115223323861
1011 6.268496501241548
1012 5.340267116676698
1013 6.1646563681097755
1014 4.4574640174039315
1015 4.270313017620316
1016 4.215141870693292
1017 4.298003003219043
1018 4.402128106401756
1019 4.3663284524408335
1020 4.269074138158674
1021 4.471334127495678
1022 4.738786015229103
1023 4.16074008680932
1024 6.846439107820277
1025 7.146418423950228
1026 8.839127169981946
1027 6.8947078233283845
1028 7.297637666410585
1029 7.713230540884635
1030 7.848021319171069
1031 8.395749355695335
1032 7.085796525292274
1033 7.3553958098882735
1034 6.683115774237568
1035 8.181205840339283
1036 8.30985823788314
1037 9.179379145432682
1038 9.129447035869132
1039 8.671856088682354
1040 7.077448851477176
1041 8.572546221880756
1042 8.294230774344054
1043 9.495785102065794
1044 8.958817391052708
1045 9.197327693593337
1046 8.65253446038319
1047 9.136989535876932
1048 9.594423291896609
1049 9.506374751177436
1050 8.413504246190842
1051 8.345024112780164
1052 8.11747665412499
1053 7.442502742114883
1054 8.773291331592429
1055 9.835026049407853
1056 8.163306205233418
1057 8.208398757984742
1058 8.058145284987765
1059 8.021329519245855
1060 6.359630897923915
1061 9.9348565220639
1062 10.332496377162117
1063 9.65699236469348
1064 11.951417938955307
1065 10.994434904290022
1066 10.714522990792528
1067 10.141824277022936
1068 10.8481779908056
1069 9.39385923704117
1070 10.402132306731447
1071 7.092232817244284
1072 8.456512232105462
1073 8.661736847710689
1074 8.786301074378798
1075 9.833844492072082
1076 9.379191867878914
1077 7.048892532448931
1078 8.483112283081352
1079 10.849629196306848
1080 8.974154788678527
1081 9.315838896900702
1082 10.539075165341288
1083 8.825133909165457
1084 8.950781563991898
1085 8.174362942601102
1086 9.878350852398896
1087 8.751491005083942
1088 9.042010847128685
1089 9.67173878319813
1090 10.196222503475868
1091 9.96805176208044
1092 12.48895557559584
1093 12.371650170026175
1094 11.940024568288992
1095 10.452749006860637
1096 10.91709106930947
1097 10.497963337921531
1098 11.498075114104653
1099 12.378349042767425
1100 12.781589131633762
1101 12.226990021152126
1102 12.983595705490877
1103 12.424079115112757
1104 12.411885333320093
1105 12.412452497586502
1106 12.317683864756944
1107 12.396139458853076
1108 12.360828812966588
1109 12.409702049620291
1110 12.228086565478096
1111 11.898196537640736
1112 12.971779516771512
1113 12.760777144526307
1114 12.972892026452504
1115 13.51900055225156
1116 11.41017183067473
1117 10.639925381746174
1118 10.33021730321356
1119 10.979214917993968
1120 9.821545753210511
1121 8.237638841955018
1122 7.949914070663194
1123 8.143348225383553
1124 8.934221689331725
1125 8.84652433086939
1126 9.009111925297086
1127 9.180445415540511
1128 9.415382750760532
1129 6.920444485876345
1130 9.914563731376347
1131 8.42715695944666
1132 9.74781295758486
1133 8.814513421408742
1134 9.868604212245238
1135 8.869956469803046
1136 9.921875728742428
1137 9.282360127281867
1138 8.237773230501222
1139 9.375124598210611
1140 8.168693181469846
1141 8.4981839392904
1142 8.569693673663535
1143 8.803118809771659
1144 8.915131289023389
1145 8.442625603495893
1146 8.772445915680702
1147 9.129852404374919
1148 8.73183637971297
1149 12.19962719084091
1150 11.824382233217742
1151 12.144905160874128
1152 11.693053073845006
1153 10.746262612508454
1154 12.210029762829846
1155 11.372286404617677
1156 12.738623196144946
1157 11.600374145119293
1158 11.894144724032023
1159 12.217728287102458
1160 12.480475207508436
1161 11.890973049769467
1162 11.711879757023334
1163 9.842240596241918
1164 10.339157565240534
1165 12.181162368338908
1166 11.032845593067442
1167 11.631816387996661
1168 9.274746220002395
1169 10.423041763530547
1170 11.725259207533972
1171 10.394540592075158
1172 11.454021639839349
1173 10.402728696875695
1174 9.61445255781094
1175 7.87490834280841
1176 7.393959992902882
1177 8.854531670414136
1178 9.164363404414896
1179 9.861018794855749
1180 9.667808120504267
1181 9.664122875002283
1182 11.56639186912617
1183 12.192326078232695
1184 11.821740967060085
1185 13.236728997760398
1186 13.90179692183359
1187 10.839065652453806
1188 8.820447419760278
1189 9.553527268192836
1190 8.212114484358702
1191 11.379096694172308
1192 10.980469846370466
1193 9.250550594996565
1194 8.982722820157882
1195 9.102513537538462
1196 9.393867992046369
1197 9.106952986025423
1198 9.525874858361954
1199 8.585045957209411
1200 9.121319814988345
1201 9.411722633011554
1202 10.21073974352752
1203 8.674746485404674
1204 10.030775369358748
1205 11.128057905797995
1206 10.449990509102182
1207 8.607081317504552
1208 8.467852850885489
1209 7.060949384892229
1210 8.567510168056781
1211 9.013210561346519
1212 7.644443768694157
1213 9.987675257345746
1214 8.231258376109057
1215 9.23431705477544
1216 8.393773558244224
1217 9.825938771890764
1218 10.633849650704944
1219 9.319580109385068
1220 10.108949206163745
1221 10.139691794781392
1222 9.304105511785801
1223 9.099617367717418
1224 11.729543075571144
1225 9.894529175161914
1226 10.840838460304475
1227 10.443320422744254
1228 10.291019184000184
1229 10.025693294555074
1230 9.460909992346222
1231 9.82799843415356
1232 10.694303363873887
1233 10.915023332049639
1234 12.9342473787788
1235 9.277521877684952
1236 8.703986577968486
1237 9.12686958973023
1238 8.9849063367833
1239 9.03258576106502
1240 8.863690351553961
1241 10.918964051739692
1242 11.972262822942437
1243 10.514710238644266
1244 11.518237067976536
1245 10.764790905367406
1246 10.358696906855581
1247 10.6295683506393
1248 12.876916106558916
1249 9.883801366067406
1250 8.511271293397414
1251 9.454372012105978
1252 9.72474824882931
1253 9.531266162058635
1254 10.54086478433273
1255 9.629171088312985
1256 9.203495073479552
1257 7.5632124549141215
1258 9.161236946934931
1259 9.410819911926549
1260 7.91806092800164
1261 9.224891550832618
1262 7.870115067634413
1263 9.564590955316753
1264 9.115347679264453
1265 10.48868443385719
1266 9.24377754065137
1267 10.143255560575367
1268 10.370219140611942
1269 11.056961446759498
1270 10.63263165977812
1271 11.551458310762323
1272 9.613085079546149
1273 10.140077374651497
1274 9.029430222095527
1275 10.719166536156806
1276 10.296689636887482
1277 11.00746966846598
1278 13.077276753300062
1279 10.638905883254667
1280 11.732150350750693
1281 10.12949044992647
1282 11.957048929828055
1283 10.031766403654492
1284 10.975034209422939
1285 9.862221572067302
1286 12.323222593512119
1287 12.82483189385055
1288 13.850227536456826
1289 11.906656289234304
1290 11.751215672635082
1291 9.820415185394715
1292 11.220679231828944
1293 9.472637171086559
1294 9.297378410620407
1295 10.051333817673468
1296 9.613127461207549
1297 9.2320520297417
1298 8.857661495559238
1299 11.919620394782601
1300 12.207688039319944
1301 11.152462232327895
1302 12.604475922832268
1303 12.56926454481644
1304 11.932320539652068
1305 11.012533984755915
1306 13.11553638315265
1307 12.440633283909373
1308 11.586334488507399
1309 12.156263359370438
1310 11.577174831014839
1311 10.960308031514643
1312 11.645375990172312
1313 11.11584484006992
1314 10.966943476940113
1315 11.978659304146992
1316 11.952137257079855
1317 12.396699305910534
1318 11.099082516279493
1319 10.114994718493737
1320 10.314068001425124
1321 9.752339195092983
1322 9.539249451275149
1323 12.005348344971177
1324 11.55640313197719
1325 12.45938117738728
1326 12.105536130765513
1327 11.714390217199455
1328 11.707844150576848
1329 11.183189260785895
1330 12.478573517645124
1331 10.744262961967767
1332 11.591424769270915
1333 10.834440622503584
1334 11.52101572805539
1335 11.73009631167238
1336 10.799990104981768
1337 11.844496192115498
1338 11.518250984733529
1339 12.56334904713327
1340 12.392622391176316
1341 12.990429902320196
1342 12.990621792688334
1343 12.399164254903168
1344 12.25925665412449
1345 12.520122285139829
1346 10.992990994205835
1347 12.290320453668803
1348 11.53584600114634
1349 10.691310213586041
1350 12.058379744979856
1351 11.120677238023784
1352 11.199994056668382
1353 11.546027361383507
1354 11.56446328416248
1355 11.190338996020127
1356 11.00601127133304
1357 11.014959712701936
1358 9.988247948072921
1359 10.224569501958124
1360 10.317846297834276
1361 8.885189567160193
1362 8.888768665699608
1363 8.24553596036892
1364 7.495226675261539
1365 9.675185889968457
1366 9.059886239545806
1367 7.876447269952286
1368 10.618171137633366
1369 9.680803588694118
1370 8.527667004488853
1371 9.68688155434037
1372 10.742383384167441
1373 10.656049463554353
1374 9.314557395949475
1375 8.33884571906251
1376 8.332224358443531
1377 9.378033521437674
1378 8.176778407345585
1379 8.701335149753252
1380 9.69600783324488
1381 9.547881470799313
1382 9.774033377227708
1383 8.661765689686383
1384 7.671129314752979
1385 8.28304619653262
1386 7.940868665017015
1387 9.121908049797714
1388 8.034887340013059
1389 9.491141707502477
1390 10.017862321231123
1391 9.724948605500833
1392 9.854294872761054
1393 8.056135887759371
1394 8.984187260961534
1395 9.09276253242986
1396 9.79933035890986
1397 9.104068882068692
1398 11.22506282612589
1399 8.930320551745165
1400 8.119507080948043
1401 9.862820905207649
1402 8.382094714648751
1403 6.614569873402041
1404 7.418082275534649
1405 8.680561053852236
1406 9.41700361874921
1407 9.393346931130525
1408 9.409405470206407
1409 9.731107368429797
1410 9.82965521993391
1411 8.99935654379164
1412 7.074639848745335
1413 9.031806652446882
1414 9.386954915656156
1415 9.914699127996787
1416 7.745269381878427
1417 6.747190669895455
1418 6.6054696553298315
1419 4.714998811556444
1420 5.3797221263224815
1421 4.921004708750795
1422 7.407863095964553
1423 5.625227492279192
1424 4.482226913284523
1425 5.363035549850093
1426 7.245718649841631
1427 7.908876685597663
1428 8.282472780371165
1429 9.663928869634711
1430 7.023882805864644
1431 5.95289023051233
1432 4.625041599424355
1433 4.478084214618848
1434 7.3439890477622845
1435 7.986178800096432
1436 9.545194756308293
1437 9.239987974986379
1438 8.619764196739181
1439 6.669735455652602
1440 4.5338941249603435
1441 4.205481517369347
1442 4.436361886367534
1443 4.257798506669084
1444 5.745652363658753
1445 7.132795121788028
1446 7.137142342396521
1447 7.905227819823705
1448 6.759063688886804
1449 6.25044065847405
1450 9.42607225860795
1451 9.744307446043091
1452 8.81531768546863
1453 8.177667901732352
1454 7.38396447861912
1455 4.86249616725028
1456 5.633459386394197
1457 4.990520074158136
1458 6.3548409231771155
1459 6.416685039126969
1460 7.296519862163808
1461 6.1787557354818325
1462 6.413763281392303
1463 5.880345822176299
1464 6.7658525917324654
1465 5.873502683663176
1466 5.7826010530018745
1467 6.450624229682124
1468 6.130093909109855
1469 4.774125079930837
1470 5.406553593547244
1471 6.122718152179186
1472 7.1992603199396425
1473 7.260159030954784
1474 6.8947785352631685
1475 5.890071386502674
1476 4.701691734201271
1477 5.476391534238
1478 4.779572018450604
1479 5.807497295635631
1480 6.636374495338323
1481 6.753812837380778
1482 5.98945575376118
1483 4.9290457259662
1484 5.703757043736232
1485 7.128326069996895
1486 5.186261260073019
1487 8.338934191363842
1488 7.021694911734817
1489 6.519872458514567
1490 6.428802043797543
1491 6.4271954184363125
1492 6.076513200374943
1493 6.520586867614958
1494 6.302068604694105
1495 5.291806710598959
1496 5.543903407152984
1497 6.091200552730025
1498 5.543000206958009
1499 6.716170500968602
1500 7.887304251551
1501 6.555211589263515
1502 5.642231971609085
1503 7.174075615236263
1504 7.273793503969411
1505 5.445837624001867
1506 6.204064614863609
1507 6.666578483098385
1508 6.243637794317849
1509 6.96492067251449
1510 7.623973221364642
1511 8.33561903818104
1512 9.950956685426668
1513 9.052398546995713
1514 8.795877753735672
1515 9.162098196881198
1516 8.789540410453844
1517 10.147938730339561
1518 10.096608337356978
1519 10.738121964506346
1520 9.241606466286317
1521 9.384085878527404
1522 9.272596095336981
1523 10.24400732869669
1524 10.181181066052387
1525 10.959187236842869
1526 10.503521947392823
1527 9.679990041608278
1528 10.696786304981842
1529 8.494276996032648
1530 11.331810523158058
1531 10.287265345040975
1532 9.513515802238985
1533 9.4215513578818
1534 11.183060838043623
1535 12.664415541116151
1536 10.940394054222335
1537 11.881034758685452
1538 10.532227938085416
1539 9.205983931052197
1540 9.799912226326812
1541 9.82821376798356
1542 7.853425732115556
1543 8.037731847550408
1544 7.7395366921740765
1545 8.772498559077366
1546 9.19130353486008
1547 8.232521398173764
1548 10.29419035819406
1549 10.484861347710414
1550 11.235984679825338
1551 9.600512497395183
1552 8.152724233818326
1553 10.074773380317284
1554 9.109850439257428
1555 9.603260071740635
1556 9.299402751280336
1557 9.026507518509536
1558 8.189752985969358
1559 8.288289583724689
1560 8.765838539069394
1561 7.8608350956916055
1562 8.985898980505274
1563 9.335574728622662
1564 8.953844846557434
1565 10.284972604500537
1566 7.941203339911555
1567 9.973587062678284
1568 10.96238108846507
1569 10.67089008592697
1570 9.349558778970584
1571 9.935487509057369
1572 10.016475831486247
1573 8.984963723198542
1574 10.366804774982572
1575 10.114617702624281
1576 10.201406990879935
1577 9.528509733220872
1578 11.759874398879473
1579 9.246779499175618
1580 10.261714982460076
1581 8.127864129105443
1582 6.605055739609137
1583 8.48551846980752
1584 8.636801089514934
1585 7.612262223923894
1586 9.201319266281983
1587 10.785137453448648
1588 8.589948252571046
1589 9.167761537158393
1590 9.10931546660112
1591 9.205106294342796
1592 8.792252406241925
1593 7.530940588988121
1594 7.460786071653284
1595 8.103723590415424
1596 7.961045355083417
1597 5.509604144010618
1598 6.1352088250461225
1599 6.093504238575552
1600 6.543804324908124
1601 5.824735301156375
1602 4.63703435425401
1603 4.597047044582359
1604 6.416970215847623
1605 8.300037292401699
1606 10.067882766270461
1607 9.065396582046779
1608 8.850055020853098
1609 10.527815063696123
1610 9.384942081264663
1611 9.721401227893812
1612 8.213142325902759
1613 8.525015552067464
1614 8.752343743200349
1615 9.861620978702055
1616 9.740008048360668
1617 8.020263839728875
1618 8.51243265349638
1619 9.267261589361835
1620 8.760851210502365
1621 9.177491507321848
1622 7.178667379123093
1623 6.513277451264087
1624 6.632172241004604
1625 7.137372669509195
1626 8.316565258626097
1627 8.571291677832056
1628 9.21141190706178
1629 8.192793162440779
1630 7.398497638725
1631 8.234531276278922
1632 6.126740896982397
1633 8.013807119138153
1634 7.910232654873315
1635 8.514472417659858
1636 6.895751543545279
1637 7.50067292817482
1638 6.383300617164966
1639 7.872766632534282
1640 7.5376866040237465
1641 10.257411428986066
1642 8.675678181189648
1643 8.494603495636763
1644 9.851573208305473
1645 9.486132248810597
1646 9.639205923998759
1647 9.293432552431973
1648 10.010480258171073
1649 9.416616984360829
1650 9.28981474832419
1651 8.348561062541185
1652 9.344651012279913
1653 8.7333838914459
1654 10.509139304166032
1655 7.379399704701674
1656 8.951734008129966
1657 7.988314390751277
1658 8.871289289744183
1659 7.903236614787371
1660 8.815401405022188
1661 8.625322996030954
1662 8.523107178090243
1663 8.422391432284707
1664 8.30095435320687
1665 7.296303737354727
1666 6.6967249941269795
1667 5.4480275491840855
1668 8.193394846439363
1669 10.83768250116745
1670 9.585019845331741
1671 7.950321570586456
1672 6.627643585748859
1673 7.172030657653338
1674 8.8534818006037
1675 9.49780663801794
1676 8.598305813742623
1677 7.622758747181525
1678 7.75362231097493
1679 7.263638238189725
1680 7.648512661817413
1681 8.901622100981404
1682 7.871061908751461
1683 8.253387322034923
1684 8.399623409915854
1685 8.809658706024225
1686 9.952210320598022
1687 11.26350955327851
1688 9.813372094471957
1689 8.185575908530074
1690 8.488633114969593
1691 8.570906097731871
1692 8.318191190298318
1693 9.027730328236247
1694 8.09400901218143
1695 8.917206605516782
1696 9.17162126491494
1697 9.246334973188729
1698 8.816134034577724
1699 7.987642140724425
1700 8.106026164319363
1701 8.874874618585975
1702 8.530786379907603
1703 9.539568249512596
1704 8.65905484472471
1705 6.9083367429322475
1706 8.97192938298949
1707 7.833844719845011
1708 7.501925989785985
1709 8.782640852846821
1710 9.977712005577395
1711 9.888075750953089
1712 8.039165661642105
1713 10.18896138505713
1714 10.562734849081583
1715 12.827453935246833
1716 12.332206625505579
1717 11.448126748006331
1718 10.159111733778287
1719 9.72717994919132
1720 9.895342962769591
1721 9.540166686280699
1722 9.308821930945172
1723 9.817617929136018
1724 9.870740467685428
1725 8.328714386311185
1726 8.014348965607606
1727 8.486678806034725
1728 9.19843066670401
1729 8.585385157281317
1730 9.104049921444895
1731 7.110441453352304
1732 9.056041111315148
1733 8.37522121279025
1734 10.239465121888319
1735 8.724925678431758
1736 9.003507494280685
1737 8.66747378490029
1738 7.542048146617933
1739 8.954812008726245
1740 7.544118682974659
1741 9.994957358009533
1742 8.708646596730725
1743 8.36391378302201
1744 7.587586917855072
1745 8.257643325628349
1746 7.9272713618566435
1747 8.430510616407693
1748 8.148145707531247
1749 8.154670495012136
1750 7.549723626237752
1751 8.424710226924827
1752 8.41979044487572
1753 8.949864915144586
1754 9.289603074096838
1755 9.260638314391906
1756 8.414754850869441
1757 8.84243347067934
1758 9.548368670890618
1759 9.06898104765338
1760 8.393560144085997
1761 10.401353202450398
1762 11.776824965483067
1763 8.734077454104288
1764 8.805647820149307
1765 7.997121842961596
1766 7.869200166729546
1767 8.424676355345738
1768 8.387351719594559
1769 8.70700060768695
1770 8.422628784768047
1771 8.707209043148561
1772 8.63057468531822
1773 7.591256496463014
1774 9.090472891267142
1775 8.94325365038153
1776 6.8871084753012175
1777 8.81782666219841
1778 8.411918890595782
1779 9.77162050268163
1780 10.112850799972575
1781 9.725516277170797
1782 8.563676216408878
1783 9.16866322103436
1784 9.229972358790702
1785 8.591125755136364
1786 7.49809596185694
1787 8.657449818623512
1788 8.322518700718494
1789 8.295823506369924
1790 7.388412369491315
1791 9.104939779110683
1792 8.606166536672802
1793 8.782551674682313
1794 8.70516210287346
1795 9.39935691726574
1796 8.61466425355437
1797 8.815135947269324
1798 9.079509928653149
1799 8.835023721642015
1800 10.41547197207976
1801 10.21510950163327
1802 10.238834232164885
1803 8.405530629553033
1804 9.53362778112452
1805 9.24038358033189
1806 10.59985683179885
1807 9.492243778025172
1808 9.354234377962106
1809 9.389260249273503
1810 8.125292656872652
1811 9.22460633679317
1812 9.626474493648724
1813 10.445225083492264
1814 9.523276808660327
1815 8.826459109641148
1816 9.294625948517726
1817 9.560412161778379
1818 9.633589359144578
1819 8.720634505055763
1820 9.027826887003256
1821 9.197878759626771
1822 9.955745201325668
1823 10.422260772483863
1824 8.593692765809463
1825 9.563067056174454
1826 9.413114227637468
1827 7.9906511327307745
1828 8.848111495649723
1829 8.30040414782073
1830 7.663713213633969
1831 10.375430024593417
1832 9.728646022147572
1833 9.322375924586343
1834 10.458653972501237
1835 8.712438700469319
1836 9.568374287823483
1837 8.348310993882643
1838 9.529206613033276
1839 10.320658064047153
1840 9.358265911632076
1841 10.710211142309657
1842 10.14370396106473
1843 9.780845589556815
1844 9.434565548114223
1845 8.822561691150083
1846 9.176517654129247
1847 8.886670550785782
1848 8.2367076997337
1849 8.622033902020156
1850 9.860800815285865
1851 8.86718788616367
1852 9.283458909394769
1853 8.338654261092419
1854 9.868399245224845
1855 11.307353107419612
1856 9.198950490325664
1857 8.241367856000954
1858 8.773689914446436
1859 10.16247758669232
1860 10.888359266216169
1861 9.397343307462867
1862 7.35759243257285
1863 9.516637289189829
1864 9.452511651361588
1865 9.341800190277384
1866 9.490774419906955
1867 9.910503054555058
1868 9.719414796117919
1869 8.495187020136592
1870 9.40718987793575
1871 8.403968134820076
1872 7.727664318077358
1873 10.173967322050887
1874 9.91922355210387
1875 10.312830948614947
1876 10.957793475667405
1877 8.811902039501295
1878 9.149820311742086
1879 9.964362754539035
1880 8.733538321152615
1881 6.831717483351198
1882 9.33012314741451
1883 8.914595900951413
1884 8.617990844088766
1885 9.27078202120055
1886 9.739683317278518
1887 9.560277271536123
1888 9.331198387174204
1889 9.315629268847074
1890 10.481679840495104
1891 9.083408555109436
1892 8.416120041486707
1893 8.279441636418234
1894 9.047205306434787
1895 10.023799760544414
1896 10.39446212203223
1897 8.456302068281444
1898 9.85223095554452
1899 9.755985748134718
1900 8.115902418735631
1901 9.13578487068748
1902 8.92367079759525
1903 9.354884352308257
1904 8.836175102404377
1905 8.885459792273878
1906 8.54984293601063
1907 9.561353391845177
1908 9.16781067934467
1909 9.086538582775082
1910 9.773159867409682
1911 9.015168567528015
1912 8.329269902717405
1913 9.23129265101689
1914 9.851686429354656
1915 8.504856568062875
1916 8.404803958403292
1917 9.237492494193638
1918 8.046222709656517
1919 8.003943352511916
1920 10.300903316895196
1921 9.443757524588984
1922 9.391874842868251
1923 7.914173057394241
1924 7.718292221073485
1925 8.0534877326736
1926 8.105588375604805
1927 9.049190960884339
1928 9.149172814252296
1929 10.782237031504495
1930 9.320742965241315
1931 10.115573762046592
1932 9.735881877725395
1933 9.2109801567447
1934 9.049861635589263
1935 9.703448152352811
1936 8.856157669453031
1937 10.362055158255588
1938 9.052580509626848
1939 9.752849039372613
1940 9.624228030347348
1941 8.504686765347534
1942 8.683365605215315
1943 8.173019306187895
1944 8.565608182749736
1945 8.818781405193143
1946 8.16652299388566
1947 8.807691889841067
1948 8.38284436237143
1949 9.321639466248126
1950 9.536606469166369
1951 9.872493663168932
1952 9.00604402858395
1953 9.263063997644812
1954 9.342722122632017
1955 9.733299465874342
1956 8.68888392921117
1957 8.348024842200822
1958 7.997224394740295
1959 8.058346748836898
1960 8.346947994352993
1961 9.00146590486282
1962 8.92175707251525
1963 9.048333011952838
1964 8.70907507810143
1965 9.782483147388232
1966 10.261215733775986
1967 9.091746745542517
1968 9.871212108920755
1969 11.681629758485665
1970 8.33121003240438
1971 7.846131725568945
1972 9.485405293784508
1973 10.04098859024746
1974 10.584838310771852
1975 9.375556148884973
1976 8.78084759876391
1977 8.875890138458196
1978 10.484460487007935
1979 8.764183495145963
1980 9.303261121680203
1981 9.14140816042123
1982 9.511178894269422
1983 9.305247258202977
1984 9.286491595042621
1985 9.142216562066055
1986 9.476414906099935
1987 10.054992895460355
1988 9.400504915884705
1989 9.94219934980151
1990 8.118294906995652
1991 10.743060409876415
1992 9.596679237582064
1993 9.015216189062405
1994 7.640288228637271
1995 9.477584009742078
1996 8.665551751541829
1997 10.112985623089843
1998 9.759427154825325
1999 9.5321905739055
2000 9.937967546423753
2001 10.766739317862093
2002 8.07269727085108
2003 8.82263674120072
2004 8.695809187635682
2005 9.515816838470512
2006 8.784926935174866
2007 9.59498679246335
2008 9.449617687063414
2009 9.280948979131912
2010 8.821469481504865
2011 7.360319591862708
2012 8.738767956915394
2013 10.296267193181599
2014 10.483864959520803
2015 9.846938385177616
2016 8.939651753181854
2017 9.214875047742115
2018 10.128481805185379
2019 8.98249698127487
2020 7.9933061143801005
2021 8.823917955796215
2022 9.066399521324442
2023 8.720105156662854
2024 7.6812892198300045
2025 8.740060213768656
2026 8.839053634595551
2027 8.223432266627372
2028 8.297853372192767
2029 9.199574108192968
2030 8.87982789143783
2031 9.416520153928543
2032 9.413562831141087
2033 9.435042369121666
2034 9.085083782591811
2035 9.957998930643917
2036 9.806670425074747
2037 10.571437172833857
2038 9.041556449965757
2039 9.34050809798356
2040 10.150130707305644
2041 8.640622700541588
2042 8.554919404014925
2043 9.729454187467834
2044 9.382469692263966
2045 10.383953677265307
2046 8.458773399846713
2047 10.110315308630021
2048 8.306229396417148
2049 7.030271688368777
2050 8.836884975748028
2051 9.20513177249515
2052 9.044500757030836
2053 9.933998915918453
2054 9.352216426857538
2055 8.624991857438538
2056 8.79756217390373
2057 8.582573456861903
2058 8.996265289589287
2059 9.04712091533114
2060 9.777467818465107
2061 9.895682396393566
2062 10.983027164776674
2063 8.750135043542171
2064 9.31849335556917
2065 8.762227595112696
2066 8.392229209782803
2067 8.25474025842739
2068 9.771353746060939
2069 10.692269980059063
2070 8.222356235123936
2071 9.10035311014697
2072 10.153663276293893
2073 11.382568177554418
2074 9.410284693607846
2075 10.86759406832012
2076 9.106882979615756
2077 10.923603189791391
2078 8.500322603388124
2079 9.914685037976223
2080 9.166716330087983
2081 9.145753665996061
2082 8.726935902448787
2083 9.207846465803255
2084 9.265315266481384
2085 8.569695200000515
2086 9.86348956368515
2087 9.57301797797273
2088 9.983866832844962
2089 10.788956930072237
2090 11.248778423396518
2091 9.987719545405627
2092 9.543098663365434
2093 11.174587573727045
2094 10.644935501998113
2095 9.936794850215467
2096 9.0076414755248
2097 8.283901170542222
2098 9.35275463446135
2099 9.361264305746872
2100 8.514873113659894
2101 8.90220566296333
2102 8.61963389431183
2103 8.842017504002138
2104 10.064860294591488
2105 9.10553240791882
2106 8.632573565553185
2107 8.89360836936418
2108 8.753693945521167
2109 10.130106843765434
2110 10.696403619466933
2111 10.06241806541766
2112 8.512725894739482
2113 8.288644608444066
2114 7.350667005412161
2115 9.182050503552228
2116 9.029033283879258
2117 11.644670757682876
2118 13.064181959217935
2119 11.901945605080584
2120 9.52518925697303
2121 8.546291033466671
2122 9.837743823529873
2123 8.90597109562785
2124 9.314250819577044
2125 8.949547978336602
2126 8.847474776725592
2127 9.174056251446366
2128 9.049087293359927
2129 8.504128761192401
2130 9.16334309496342
2131 9.11869212137325
2132 8.203612270122163
2133 8.447340593230264
2134 9.21747976629748
2135 10.143128970607721
2136 10.664540260481006
2137 10.970371466024268
2138 9.480450115082204
2139 8.74160522554538
2140 9.413056710666135
2141 9.289877132139555
2142 8.981965242188913
