0 3.8709023745540905
1 3.630350753850613
2 3.951092345100397
3 3.872970612163178
4 3.6863060827125493
5 3.833320207381301
6 3.398928326477382
7 3.7076549993072243
8 3.8137903244722358
9 3.940206323695807
10 3.653685886699562
11 3.6429514576804514
12 3.702664949718791
13 3.816857121342826
14 3.711330015673769
15 3.7240343500407476
16 3.816577166850867
17 3.9614459562256026
18 3.6620987308583377
19 3.7177471461655127
20 3.755662446977987
21 3.589084363448244
22 3.744777014736042
23 3.684151661587822
24 3.496869512852246
25 3.6818518913047353
26 3.9432747734763174
27 4.117739472741696
28 4.023882154037774
29 3.891362366201611
30 3.9709237177861327
31 3.830278451157948
32 3.423292960486305
33 3.6913539671108477
34 3.496581646132018
35 3.5177970930713505
36 3.578163404818071
37 4.045831836475147
38 3.6254955157164472
39 3.5776345618558474
40 3.4477665714815364
41 3.297932418632302
42 3.4506877777934895
43 3.7927209784046054
44 4.06272212081615
45 4.161490175569655
46 3.6510304808352134
47 4.030362637824786
48 3.7549354549601226
49 3.8929497900426657
50 3.564344946297163
51 3.991162019272459
52 3.750891390579067
53 3.50876143929812
54 3.5875280764932316
55 3.851577696920143
56 3.83978978258031
57 3.6266347027268977
58 4.146106705473154
59 3.4466307552782283
60 3.431025433767699
61 4.009836382645757
62 3.856328177444336
63 3.503106585398641
64 3.5177490780372977
65 3.5524656745097043
66 3.494782310267313
67 3.3777237602700914
68 3.4557290101605456
69 3.3626040234141312
70 3.503021184081143
71 3.3734621211285396
72 3.38406018115226
73 3.2860739859998667
74 3.4653501073063397
75 3.3980677210266474
76 3.2795475839564125
77 3.327836512608937
78 3.804211066275409
79 3.7260605664123734
80 3.4311377498806337
81 3.5433424250401604
82 3.6725050570881996
83 3.7409728070720787
84 3.2753965733070913
85 3.870463269637247
86 4.027763916132037
87 3.8108480187543776
88 3.818497291267153
89 3.474268690072833
90 3.982066642719911
91 3.5844485372636186
92 3.7725937730749064
93 4.123101908138862
94 3.963645012425717
95 4.050594298030598
96 3.8861223919860652
97 4.066438516829578
98 3.9066869579115733
99 3.7341492234708404
100 3.985590617662157
101 3.887790631715464
102 4.065847625766647
103 3.6198846276031555
104 4.0045715143659315
105 3.674950540083563
106 4.043334543543096
107 4.306898839468334
108 3.9185629394325745
109 3.9061722306872864
110 4.035150033225347
111 4.095186850300113
112 3.6660253033449646
113 3.6939263968896463
114 3.819511971565171
115 4.012782547483031
116 3.3881801376738028
117 3.77441895824424
118 3.84173102879256
119 4.022288935389941
120 3.946161992146953
121 3.7094864234647495
122 3.968078705964388
123 4.079237609750737
124 3.6914290693494256
125 3.767872264338426
126 3.8512258948043896
127 3.767134468470402
128 3.6735460589062723
129 3.8659925345308603
130 3.748461425313987
131 3.778212257680554
132 3.9286973061516304
133 3.887452464946125
134 3.5518756927415427
135 3.7082287511431784
136 3.5307332612668896
137 3.477569975593845
138 3.7568407531070784
139 3.707919133232998
140 3.974074390831951
141 4.049382393252161
142 3.8844464360752164
143 4.053051891407175
144 3.978700744660333
145 4.126201017873226
146 3.735052979005303
147 3.9850766902769386
148 4.245521552549959
149 3.585908133983189
150 3.23272829116235
151 3.41603703422745
152 3.4030082738520986
153 3.3066652196920714
154 3.468030193536608
155 3.70037604513579
156 3.3773203469219513
157 3.4973790124859394
158 3.3409804391634745
159 3.39935161413124
160 3.422634825444006
161 3.377774560009409
162 3.3801797489223713
163 3.3807604189871365
164 3.5182009659099927
165 3.485618843140739
166 3.4878505750645856
167 3.3981238104435003
168 3.2502927091251648
169 3.453644038532179
170 3.396191197888236
171 3.4300953905097185
172 3.9712428743101436
173 3.463157641665026
174 3.38643994232924
175 3.445591112814184
176 3.372509257463366
177 3.424191549722312
178 4.004349289466484
179 4.2336410492705046
180 3.7325048049838014
181 3.462620138717809
182 3.5054340789449077
183 3.7082770817298503
184 3.522237946001541
185 3.395812681725201
186 3.4587946836781907
187 3.9771337334413097
188 3.452553886883357
189 3.3484350539160426
190 3.4282062226146794
191 3.336203199850809
192 3.561935980232785
193 3.26299609228967
194 3.5904438852229648
195 3.5690103583052517
196 3.3978919449250005
197 3.6045604937437212
198 3.3838125603845244
199 3.4047033386295933
200 3.6095558394783684
201 3.359985090516334
202 3.4651199722715798
203 3.456926983263134
204 3.5321218688345533
205 3.395596940823551
206 3.414990133122946
207 3.468991819671706
208 3.5727257544636966
209 3.3516532852899577
210 3.34353961309699
211 3.449396728670986
212 3.3169522320536244
213 3.45377144852331
214 3.3580801258148716
215 3.238705869302992
216 3.3030803979670718
217 3.4607568881188207
218 3.3885252715026617
219 3.2994648183068485
220 3.348644780048106
221 3.465428886924941
222 3.389135950468024
223 3.393118610405862
224 3.399166374734695
225 3.7069418590133028
226 3.4497697594209953
227 3.3610876080550485
228 3.7053177344301136
229 3.9819869341892167
230 4.313285221668396
231 4.718901112277971
232 3.8014162779031118
233 4.418071243654856
234 3.9964357817345997
235 3.4058021275311194
236 3.313361829995806
237 3.763745961597149
238 3.3431495382873733
239 3.536165334847341
240 3.613652700339608
241 3.462356904856117
242 3.444491370500868
243 3.3682185006887075
244 3.377376284581205
245 3.4779285031562592
246 3.187391094793058
247 3.4830043622129443
248 3.4327626393199675
249 3.379002492642814
250 3.2584600834687927
251 3.5013579353183286
252 4.426733417267349
253 3.346973401830311
254 3.3753245781156784
255 3.392178985780582
256 3.3822349386762376
257 3.4495463027178785
258 3.6144951474618003
259 3.3091715111518774
260 3.6195088128273802
261 3.413184915712988
262 3.6678633546166104
263 3.3966897181392848
264 3.3948141981044686
265 3.48231953212995
266 3.390071416375676
267 3.600335888436755
268 3.469941498262133
269 3.5251533083697866
270 3.3462165734268985
271 3.442858846374546
272 3.146313805815336
273 3.4288481360920895
274 3.4147154001855142
275 3.219814301220621
276 3.3882328801898494
277 3.4978627439304026
278 3.407659358154476
279 3.2846074686708966
280 3.3524375318904025
281 3.327160916969358
282 3.2923102767972283
283 3.4314665527578363
284 3.2751215655663017
285 3.3469297533839573
286 3.721274779111082
287 3.3206412022242198
288 3.4047936639846865
289 3.3236230325915566
290 3.3123357135914335
291 3.399056190502677
292 3.412713201978231
293 3.440554316369163
294 3.5103571634630417
295 3.316628681356601
296 3.4521626232438374
297 3.3670297353178724
298 3.5047549952879304
299 3.342821187896021
300 3.3306694685570015
301 3.3313158889964405
302 3.514510232549555
303 3.4146658219889257
304 3.2723932228674877
305 3.3516979150575636
306 3.3348666817258468
307 3.3782012410453306
308 3.3357370244351983
309 3.5440698615596986
310 3.514134285812874
311 3.3739536157768013
312 3.2885240743008426
313 3.2875550199188823
314 3.327502818687089
315 3.4163646436139365
316 3.435167599311283
317 3.5867659032106847
318 3.3929973294002185
319 3.423561396222648
320 3.3629311879942376
321 3.4643513897203153
322 3.335889588803095
323 3.278079272125924
324 3.3679663434671023
325 3.377613644510037
326 3.3110171302386266
327 3.4769629701394016
328 3.524934877572089
329 3.366517697420781
330 3.4466602409935985
331 3.351853252238062
332 3.3039506179266165
333 3.4311802335638295
334 3.5503081118516246
335 3.4248703158142435
336 3.313323927967
337 3.3514561940017074
338 3.3349748461669337
339 3.338747945618956
340 3.4731204934111792
341 3.465083799209672
342 3.407006733625046
343 3.3830279463854245
344 3.305518062616008
345 3.3891604002874187
346 3.4241057147649427
347 3.3347569022729897
348 3.3624496058500037
349 3.495017406368445
350 3.418459114755219
351 3.4154084455992977
352 3.3989511746190066
353 3.3308214918230608
354 3.447578103293622
355 3.3990203827919006
356 3.406198808419806
357 3.419503953471335
358 3.3280708430342387
359 3.24671325524441
360 3.3632966524223877
361 3.405005400006361
362 3.4483794816231357
363 3.3796646535733688
364 3.3265842696656303
365 3.340699411486859
366 3.338796470841996
367 3.5005819749421687
368 3.5148764048311554
369 3.4578149390879167
370 3.4099867944807642
371 3.2949477618012506
372 3.3861536598128894
373 3.3506430541184673
374 3.3575312008349316
375 3.4211581212854423
376 3.320983354456383
377 3.3176357886151298
378 3.6126052572471514
379 3.477866979056248
380 3.387157637986563
381 3.358014880761099
382 3.3257914675760505
383 3.4849659497354097
384 3.5223668564716157
385 3.7132921316573233
386 3.3456058993054905
387 3.325144405404227
388 3.4248179901155975
389 3.323087977531813
390 3.3978078884667036
391 3.3856333077396394
392 3.5925870423601367
393 3.6681262388788585
394 3.463599596085439
395 3.420429512517212
396 3.2928428498365045
397 3.3282814535114706
398 3.4402396527480374
399 3.3341256559467998
400 3.427685101279594
401 3.541179376136507
402 3.419706437834253
403 3.8411437501880648
404 3.2822986479942156
405 3.5308614054627627
406 3.337358814358109
407 3.3435263660690473
408 3.4427720671334328
409 3.330352652224773
410 3.535291165425915
411 3.4168575591895274
412 3.430424844443128
413 3.487788970015938
414 3.605953091020628
415 3.341135259546144
416 3.312033982162363
417 3.384678799537483
418 3.346902534229138
419 3.4805693864149454
420 3.5133675042743437
421 3.3722712609097654
422 3.390781582243831
423 3.4055722870208576
424 3.4096177200024496
425 3.4548180799684136
426 3.9605133753829733
427 3.6987428674559246
428 3.354734635052111
429 4.0949015469004815
430 3.4170088394562543
431 3.837647139187123
432 3.466968819221776
433 3.486347310530167
434 3.664106490694006
435 3.6516666620673184
436 3.62677636673526
437 3.489311275080832
438 3.6059133187359103
439 4.07575602942753
440 4.009885884162748
441 4.0220420856271675
442 3.5329892008801647
443 4.0183753334478585
444 4.023719404112587
445 3.4812074009429916
446 3.4265706461316228
447 3.372763474386134
448 3.371744215312437
449 3.4202431995787617
450 3.398667093232286
451 3.437600565385496
452 3.296960878447853
453 3.3620028989013275
454 3.5072059221924157
455 3.500337010509274
456 3.3323387042406907
457 3.433594350777425
458 3.3918023936920654
459 3.4406441213444867
460 3.4100161376195155
461 3.402286477028602
462 3.4977919386896277
463 3.417454135222944
464 3.3384686670680206
465 3.4155174410869633
466 3.613280191849709
467 3.3513166188465413
468 3.855798966892188
469 3.50170642069587
470 3.5254351266211974
471 3.306679916062763
472 3.3070133025845165
473 3.4294504447510925
474 3.5855350780248925
475 3.2715467298746272
476 3.334802574919648
477 3.3368546680965463
478 3.4526577716732376
479 3.512486819321614
480 3.416424513956687
481 3.3763135268434716
482 3.5117632760854764
483 3.3962111321145136
484 3.483353276525326
485 3.38531157835715
486 3.364654359268032
487 4.087254996203693
488 3.986486281480026
489 3.703375081585415
490 3.592579864560272
491 3.3872362114377306
492 3.433283988802561
493 3.3670662835922585
494 3.3657189022803324
495 3.3842348451880517
496 3.4468323636914278
497 3.3475664000237617
498 3.5271579435958427
499 3.3909090848025287
500 3.453560019479196
501 3.399237400910367
502 3.471743690999055
503 3.421813177832802
504 3.554983169825253
505 3.4853713798534764
506 3.5376678361686174
507 3.4160414261533774
508 3.4630484241770216
509 3.331418455967457
510 3.3830018514029687
511 3.296340228269918
512 3.4654762989005077
513 3.4887586043113203
514 3.3926911241501094
515 3.5360842237719416
516 3.506782658076555
517 3.5724469076581395
518 3.4103101016238173
519 3.44912192475891
520 3.471434184399177
521 3.52591719189304
522 3.556671647191903
523 3.4398767301065205
524 3.3731744063169256
525 3.3036227605406356
526 4.430634099884619
527 3.4105663378058666
528 3.4068539326682936
529 3.3511653349159256
530 3.5025782436160324
531 3.6996097794076355
532 3.3944036574594003
533 3.8776055150526685
534 3.8778234791699178
535 4.021852681681953
536 3.969409692951531
537 3.3722551996057266
538 3.450675104067331
539 3.358360996835413
540 3.379324595175329
541 3.406900408479884
542 3.4953809682583032
543 3.4507104387599994
544 3.4181902657926937
545 3.3365635121382256
546 3.8826837894144828
547 4.010558920644071
548 3.7743304089558043
549 3.749996053284227
550 4.129704921020542
551 3.411409760438604
552 3.4073581069486822
553 3.4973289767897704
554 3.244755400918814
555 3.381643628492672
556 3.3562090232905257
557 3.392503102247724
558 3.3290797184636913
559 3.3287251829477493
560 3.3116350485943777
561 3.4947486606614686
562 3.438847043264378
563 3.281854998899338
564 3.7872642122125693
565 3.483958308494838
566 3.295053228735161
567 3.4315169740754445
568 3.292400355375326
569 3.3929733417213153
570 3.4990174996203467
571 3.3701323530126914
572 3.3373312905812442
573 3.3483238279837275
574 3.3551707528380548
575 3.5322891307977424
576 3.273614056815536
577 3.3848033879339554
578 3.3775726436133318
579 3.333338095993037
580 3.357609273275541
581 3.3104197669990714
582 3.5850594705858785
583 3.311378429213716
584 3.2811604583250134
585 3.513360631793846
586 3.36021364573712
587 3.334036828631847
588 3.3277003570859014
589 3.356992676035348
590 3.480234377719155
591 3.6678693978869257
592 3.426583228978475
593 3.41606712701528
594 3.4788200014340385
595 3.398997109132434
596 3.4039090542527757
597 3.4658357002891176
598 3.3020768979078006
599 3.290270808532549
600 3.612908010439379
601 3.3101991949530265
602 3.366719496931695
603 3.3398954275231976
604 3.360041637455286
605 3.398503283008153
606 3.4868898925198444
607 3.3363147743878505
608 3.760975971826905
609 3.427040697212578
610 4.0954019398059485
611 3.4615754904607856
612 3.335467009945364
613 3.5615719353305204
614 3.3787545246772477
615 3.4430275439557625
616 3.4623237212912006
617 3.4069881425612554
618 3.3522670448545435
619 3.422931033881931
620 4.248852648690708
621 3.6051252649624854
622 3.6322704247246396
623 3.385689813769484
624 3.480812821210913
625 3.5181167267580737
626 3.3595468452845223
627 3.590113851129289
628 3.432291398945307
629 3.535929292643989
630 3.600638933810286
631 3.36809719217443
632 3.601505417254934
633 3.319204519208175
634 3.4085660986715935
635 3.407295240180737
636 3.9127687015899264
637 3.4317263953679396
638 3.3362543462858265
639 3.360758421587787
640 3.48932054322804
641 3.4462756441024687
642 3.3472900658335885
643 3.4949523019458173
644 3.5772485270982917
645 3.468172295559714
646 3.3680684029033716
647 3.3827566151156336
648 3.531444354888551
649 3.648556490165997
650 3.321110198893766
651 3.6783755357712518
652 3.5653882980600264
653 3.489542311711625
654 3.6277931121351457
655 3.520446269930081
656 3.411308965295488
657 3.531876928499648
658 3.3347698715682803
659 3.543463693508972
660 3.7821572730867157
661 3.532190607483743
662 3.4361461271192852
663 3.6852043094465494
664 3.4253393744681335
665 3.592917321149883
666 3.436959943339939
667 3.400441307680223
668 3.484291504735204
669 3.404609338427917
670 3.482612850718514
671 3.34357755870605
672 3.366738745251806
673 3.5183165696147425
674 3.3349835428472936
675 3.3221575183186007
676 3.389244225813346
677 3.249733177817412
678 3.2779688965508837
679 3.392469991100525
680 3.3462520403363913
681 3.378628376015517
682 3.4225076539662904
683 3.4995280074661834
684 3.4046730709889945
685 3.410496982379846
686 3.4932586519734357
687 3.45463853341961
688 3.53410305946374
689 3.7712335356024456
690 3.530642520935772
691 3.308303304647662
692 3.4620941597540784
693 3.6524725539259437
694 3.2646762709270356
695 3.6053048100737035
696 3.3810288154424994
697 3.5797467420326274
698 3.4849496771172244
699 3.5124880772032925
700 3.4588496303855902
701 3.446129162093697
702 3.440571351278865
703 3.380090815213941
704 3.3454065100690094
705 3.5504463404016957
706 3.3392192312751265
707 3.656009742915745
708 3.386497909401126
709 3.4218219250256907
710 3.6889529513020394
711 3.3350292741809433
712 3.2716385765670726
713 3.419652417142856
714 3.3100111287280134
715 3.4615761722085043
716 3.4545836896654936
717 3.7145782519838426
718 3.3428410421975583
719 3.465809014902433
720 3.295967588502583
721 3.425655781417099
722 3.5525457364968474
723 3.5100392054391585
724 3.264817460539121
725 3.566211103570995
726 3.3085795008131265
727 3.6094676350166055
728 3.4388214008365297
729 3.4380861580948907
730 3.372254062015917
731 3.2219297752927636
732 3.3939969953447013
733 3.1926172139556623
734 3.5190170850588443
735 3.4623274716455166
736 3.5793417148230793
737 3.9233681342065054
738 4.102707081982894
739 3.9434189113997764
740 3.7565216504302517
741 3.365854262903748
742 3.724668090813123
743 3.4907601039762386
744 3.494970871686257
745 3.5706901286634243
746 3.4575730378628546
747 3.5594810466595836
748 3.961801543023633
749 3.5527767254937177
750 3.4089923701600604
751 3.447408687613399
752 3.8612888826133487
753 3.722124568631829
754 3.459992486158614
755 3.7069031612487673
756 4.020947808431366
757 3.850032444410982
758 3.960180517176567
759 4.009833089008458
760 3.792456237286231
761 3.4687953364245674
762 3.440091138764265
763 3.4638410970121973
764 3.3007244631301456
765 3.997635108399538
766 4.0906014548377945
767 3.6883381983838968
768 3.3124378883977306
769 3.5313266532102747
770 3.812905276073188
771 3.459918725246089
772 3.31910073179741
773 3.3661259363133564
774 3.559617644910663
775 3.405765985254412
776 3.435396225847694
777 3.2915733175930253
778 3.2416494381778183
779 3.406355139218487
780 3.3394673227102483
781 3.3930627336752264
782 3.6480913242647306
783 3.4024402607187456
784 3.2618585949430563
785 3.621583114107926
786 3.4057525172334917
787 3.422957575391548
788 3.371672415781731
789 3.4151484214182957
790 3.2847787519827016
791 3.525920654110608
792 3.2789394231778934
793 3.3683500976698095
794 3.5407573505507033
795 3.4675318392446672
796 3.3449752614132655
797 3.3230894163150704
798 3.3031865173735877
799 3.4506801913159544
800 3.3706731644846406
801 3.4724995178480635
802 3.5160333606008023
803 3.439237225233074
804 3.3491225565467526
805 3.5175907900032675
806 3.3842081896762033
807 3.2537301318424205
808 3.301119507685714
809 3.444919764612609
810 3.365791315221758
811 3.429077898838519
812 3.5563801242824375
813 3.318887533014025
814 3.4093151133191943
815 3.4643589988496823
816 3.382738877518026
817 3.378838039836882
818 3.4421880667785403
819 3.3026016494159447
820 3.39154793837333
821 3.322935043364754
822 3.3803448439625225
823 3.4167555366295232
824 3.486500414198893
825 3.3699692543912194
826 3.4105704986289838
827 3.51874772832921
828 3.396297714214987
829 3.5632964310313455
830 3.3188391242490307
831 3.3977235506427013
832 3.416656026390242
833 3.5624116609728795
834 3.585878882462873
835 3.451833814100643
836 3.7020791154736252
837 3.313381510415839
838 3.42783426162203
839 3.3981657338319966
840 3.2661839765529113
841 3.3159895142271862
842 3.5326433389513823
843 3.5433199098697092
844 3.3327058948309953
845 3.6822753648326145
846 3.377571440386856
847 3.3904802672242007
848 3.498558042456398
849 3.530284079370317
850 3.3975360423009136
851 3.2244249398026956
852 3.388353156348873
853 3.693735399184453
854 3.5044857172655433
855 3.257593145095719
856 3.3583304557160707
857 3.5347966612949766
858 3.4239542589095233
859 3.2897090557919295
860 3.4220357082994024
861 3.3558850854978104
862 3.413984203463605
863 3.3738057592139095
864 3.4118319988145323
865 3.664702941052961
866 3.474630867999203
867 3.34961682790442
868 3.3978566366699394
869 3.544160010466762
870 3.478331837758449
871 3.636077278517074
872 3.459273829644224
873 3.863453611552537
874 3.9782552432801563
875 3.8247729169690077
876 3.556541360230093
877 3.6383113486253333
878 3.396894379843521
879 3.407347183407524
880 3.2751024356101035
881 3.378567430111313
882 3.383790252142651
883 3.4484585766990232
884 3.4676986382227795
885 3.4453577969135702
886 3.4448691619513836
887 3.328274474891115
888 3.5542374938005405
889 3.565630610956298
890 3.3791877114809576
891 3.398912233470021
892 3.391817727915521
893 3.4450646094175164
894 3.3933488885774055
895 4.1239077365556485
896 3.374310111505966
897 3.4344438254247036
898 3.289200134446295
899 3.383845061698659
900 3.9225230012651484
901 3.4405197546169766
902 3.4054205066238756
903 3.3814445445231787
904 3.4183737877344686
905 3.2887292693758163
906 3.415744023018923
907 3.413356252979027
908 3.4124348518009606
909 3.441548775122343
910 3.3736882774807087
911 3.3686556991984937
912 3.3967643481417626
913 3.2734374972559355
914 3.408647417819827
915 3.4450694831017277
916 3.4014851525817846
917 3.548876056077085
918 3.4754836941900393
919 3.5316552694617362
920 3.289869891112475
921 3.3813735772259013
922 3.3107507562283476
923 3.5461186355492647
924 3.5240960842884532
925 3.5844102882555613
926 3.4660315221391538
927 3.4436959679162404
928 3.5415746267902524
929 3.46864052347011
930 3.3271865237256293
931 3.401696115614297
932 3.2534192850990986
933 3.5774157396622797
934 3.8384731468498368
935 3.2786207497033177
936 3.3371124304152437
937 3.393898387439721
938 3.470231675204509
939 3.4256779875240717
940 3.356092787102254
941 3.3855575660481922
942 3.510003945248376
943 3.4539581945255953
944 3.386286284862494
945 3.2862660488811484
946 3.3982599990682116
947 3.4202086522223434
948 3.7340542354885247
949 3.342405640787505
950 3.3130734360142995
951 3.437268712571521
952 3.274156309816893
953 3.7443349284255496
954 3.299254508439849
955 3.5223947920486895
956 3.610427874318524
957 3.6249924404955465
958 3.347660989393089
959 3.7880635773661537
960 3.3976229398073583
961 3.3538082294322216
962 3.365815199552907
963 3.447642354266942
964 3.700589848124975
965 3.431755408490711
966 3.529164750714516
967 3.297017238451169
968 3.447551120529671
969 3.4554971125389264
970 3.596507382414465
971 3.506671534044025
972 3.637642413567492
973 3.544804691356722
974 3.3829819414448643
975 3.3701441419109974
976 3.666236497769147
977 3.9058739730489154
978 3.449570583859979
979 3.4157362545538534
980 3.6589022417489097
981 3.4815329734771057
982 3.519418740619188
983 3.4007764664784337
984 3.42695579251589
985 3.3801471291947465
986 3.661372578343798
987 3.5647317395635048
988 3.6302992146028292
989 3.3055411251907936
990 3.4396138636578986
991 3.523335251482688
992 3.4293545619385464
993 3.3530959255991206
994 3.3582437157749365
995 3.298802516010122
996 3.977950587080071
997 3.3828439590130834
998 3.4308921808008934
999 3.541519209059944
1000 3.540238186563744
1001 3.4721947195320078
1002 3.4116264692295295
1003 3.380794939996418
1004 3.678992508784852
1005 3.6092708428291336
1006 3.441812032525559
1007 3.44790237593356
1008 3.5200495877975664
1009 3.4673855955232886
1010 3.40310520669038
1011 3.3249794915314985
1012 3.3400250937287557
1013 3.3045032502583673
1014 3.3081676336222317
1015 3.4731121673234355
1016 3.3984782067323787
1017 3.469370523042956
1018 3.4030313491430015
1019 3.4796708536487113
1020 3.6012270252140435
1021 3.3982038859466286
1022 3.3167175808638856
1023 3.358088810084385
1024 3.2616648103117134
1025 3.299136566457621
1026 3.4012745645291598
1027 3.3517328558791415
1028 3.3549100459221655
1029 3.3826832422758946
1030 3.3298647681760243
1031 3.5046736792873388
1032 3.3561994511900526
1033 3.46303677837556
1034 3.3409064493763636
1035 3.323048044624042
1036 3.507164667390617
1037 3.601390257415398
1038 3.3671846033945316
1039 3.2685884449899083
1040 3.366158426762078
1041 3.6144148650791657
1042 3.3918743290386018
1043 3.297009863977311
1044 3.645723541296591
1045 3.3885434482629146
1046 3.5438272980489582
1047 3.2808426190144355
1048 3.394426973669461
1049 3.536498784605524
1050 3.3584737341139212
1051 3.430647730664134
1052 3.3757879926913197
1053 3.3333910230471284
1054 3.4026417431428735
1055 3.490858273623248
1056 3.5104226826121465
1057 3.4107356573124776
1058 3.5244714168680384
1059 3.482514953151836
1060 3.4371229957992226
1061 3.4688758766296433
1062 3.3198224820113387
1063 3.4810507100126413
1064 3.5004941194278865
1065 3.464615241468215
1066 3.4422128033451234
1067 3.9980431366528095
1068 3.257348688331179
1069 3.299389276488318
1070 3.9918952520139346
1071 3.4476542339096987
1072 3.525654432590762
1073 3.2832787624873827
1074 3.398480182421263
1075 3.768035191520265
1076 3.357895953713694
1077 3.430659378416896
1078 3.2758836052714337
1079 3.5371454083227656
1080 3.7600209181642166
1081 3.3422227739611245
1082 3.4002464986078267
1083 3.557736212944982
1084 3.392851103510653
1085 3.381012366085431
1086 3.4398768136984135
1087 4.001123446073885
1088 3.3744964007983183
1089 3.5906549635955227
1090 3.749246448454508
1091 3.4469320913913895
1092 3.4294155613296766
1093 3.3962559802164987
1094 3.255603220633639
1095 3.4636043207775766
1096 3.4716666455325274
1097 3.4092373783546224
1098 3.3263083503971025
1099 3.34680187130365
1100 3.411590957807815
1101 3.6307172452693948
1102 3.3961193629246464
1103 3.3351816281321973
1104 3.320820523154649
1105 3.675515025678854
1106 3.699108088072449
1107 3.653254952286097
1108 3.446987684800048
1109 3.4760527119421227
1110 3.3601731550485843
1111 3.302710839397976
1112 3.439660749921538
1113 3.4700604525948253
1114 3.5464230579525324
1115 3.7080866912758146
1116 3.4177357346185677
1117 3.351740500426309
1118 3.402387098598954
1119 3.3245906607217517
1120 4.098538642663968
1121 3.6709782928077166
1122 3.9022503888468387
1123 3.4120745821388017
1124 3.334879895908754
1125 3.5212815674318985
1126 3.338447019760438
1127 3.3870495054354075
1128 3.249491534878831
1129 3.3534852153004873
1130 3.365727895133852
1131 3.427313060488003
1132 3.3733490934112473
1133 3.3207385050608855
1134 3.3975642217939357
1135 3.4422946572752804
1136 3.3527623869032332
1137 3.347929583473104
1138 3.3790757374243583
1139 3.403702876623659
1140 3.3971916153142248
1141 3.339992397219245
1142 3.3547693986804052
1143 3.3672752985652448
1144 3.473101730213514
1145 3.4672822921273796
1146 3.4659097382963724
1147 3.4039503630821963
1148 3.6104665695235574
1149 3.349039111734505
1150 3.5342247781668217
1151 3.4607205774958194
1152 3.49857671642267
1153 3.4641254678686333
1154 3.302175697881266
1155 3.500691034182645
1156 3.5012617992277217
1157 3.3560822078122774
1158 3.4630977586124616
1159 3.520810737576007
1160 3.427514270540795
1161 3.2720169143139417
1162 3.404154128438483
1163 3.444852818485171
1164 3.345989809598378
1165 3.578827297753483
1166 3.29255210457944
1167 3.46068715436937
1168 3.400687761895304
1169 3.3348650186426343
1170 3.442629231996164
1171 3.3106049504244353
1172 3.275648952156259
1173 3.342413378436558
1174 3.787610663034989
1175 3.42334768708157
1176 3.7100870292321453
1177 3.459206602848334
1178 3.4253085961702188
1179 3.466740502474107
1180 3.677762918149916
1181 3.488292641514947
1182 4.187047856589499
1183 3.8627181439424287
1184 3.850823498186101
1185 3.857446421834234
1186 3.5269245558402273
1187 3.5201487157188924
1188 4.019790021971989
1189 3.5349867748094583
1190 3.841796729589731
1191 3.5565129885519426
1192 3.833210383402105
1193 3.3949904616504276
1194 3.511645954067536
1195 3.8233110123599454
1196 3.546783967312992
1197 3.5022728677109067
1198 3.653873483209102
1199 3.358909722994004
1200 3.375776647851868
1201 3.652241147998895
1202 3.6111277788189513
1203 3.3144392469619137
1204 3.9857057267656733
1205 3.8343366471818148
1206 3.4176532191231974
1207 4.053575571212579
1208 3.2733154583421062
1209 3.594059786115374
1210 3.5365702007066653
1211 3.8046861506194865
1212 3.4919910921745125
1213 3.271436839607035
1214 3.4140167910798542
1215 3.4922662672845974
1216 3.3552100044652717
1217 3.6618286204370634
1218 3.9164414666842675
1219 3.5694881588111156
1220 3.7756094394306103
1221 3.5495172600056826
1222 3.8593489401553174
1223 3.6372213004612903
1224 3.905719490836544
1225 3.466636875549086
1226 3.522713694893381
1227 3.414689244397639
1228 3.4560848846519856
1229 3.3349916520827496
1230 3.649499394703123
1231 3.7369599104666547
1232 3.939800734339906
1233 3.551041303356352
1234 4.01364772130213
1235 3.9931147522300536
1236 3.614223672586032
1237 3.5611630017245988
1238 3.9696138017543086
1239 3.7756798482380587
1240 3.3921088187052573
1241 3.7480881244706272
1242 3.7935799204473546
1243 3.7566190362201417
1244 3.2493241649703895
1245 3.4296785497303057
1246 4.34231132565344
1247 3.4168081020993974
1248 4.09931715834787
1249 4.260207372942954
1250 3.496446836000525
1251 3.6585877729539775
1252 3.3446115381329036
1253 3.65878193933613
1254 4.052594237367437
1255 3.806755696650114
1256 3.5578056371261337
1257 3.5366042129209654
1258 3.8845144857118785
1259 3.502649415587694
1260 3.4277618649409822
1261 3.4124232414787796
1262 3.425354857611204
1263 3.5283542803070693
1264 3.8519403463382083
1265 3.6412609648300656
1266 3.626206304343448
1267 3.5161597303392274
1268 3.6136963523659418
1269 3.2948956029579115
1270 3.6442065409317057
1271 3.7469363377947307
1272 4.00834720919191
1273 3.935326879107815
1274 3.673837937094421
1275 4.041995611949691
1276 3.331675553456718
1277 3.420625827008144
1278 3.574006652828816
1279 3.6894299511300983
1280 3.838756250121769
1281 4.093740509681965
1282 3.5921393784913405
1283 3.651371459578796
1284 4.012487992405668
1285 3.7471928093950093
1286 3.8327110247708847
1287 3.9485134103058783
1288 3.7738732741477077
1289 3.815286175321624
1290 3.831206308225165
1291 3.825170215156431
1292 3.676450739689149
1293 3.752072076475893
1294 3.6055501868545763
1295 3.5110866825902396
1296 3.477681231253322
1297 3.7286246884714322
1298 3.511160909142984
1299 3.7733613065047105
1300 3.7509367332636985
1301 3.519562064952525
1302 3.995139018967014
1303 4.255761252766665
1304 3.6219013685580426
1305 3.925174111719955
1306 4.157914096982601
1307 3.6925496852557953
1308 3.966292718944632
1309 3.7301546632246096
1310 3.969036174791501
1311 4.032058269721834
1312 3.686080280640039
1313 3.9844086234403893
1314 4.166663708182941
1315 3.7478554566060733
1316 3.5020899566547103
1317 4.062052516714935
1318 3.449273115169633
1319 3.562551986376925
1320 3.519696817371199
1321 3.540150180469221
1322 3.7312346835003996
1323 3.886599882586352
1324 3.492865359437097
1325 4.032426879645003
1326 3.913763598964938
1327 3.4661956751467455
1328 3.9768500908866415
1329 4.011270532807775
1330 3.5293057998780877
1331 3.6660460919313382
1332 3.877776968732981
1333 3.6527104025968886
1334 3.6048626368238184
1335 3.6132821731199303
1336 3.3275206874673917
1337 3.864454793830823
1338 3.914580134423452
1339 3.610351668776229
1340 3.9099518665729254
1341 3.9969739219961298
1342 3.7458912659344747
1343 3.7934761981569
1344 3.955242607106605
1345 4.019975777927403
1346 3.5985860483387837
1347 3.863123529388222
1348 3.7618903180548995
1349 3.6814018968369924
1350 3.6860259717389914
1351 3.905995447525859
1352 3.8764888020059516
1353 3.60668398573927
1354 3.7722693620737995
1355 3.8983821104847696
1356 3.6844622040432298
1357 3.7953334279146826
1358 3.710625579071398
1359 3.4578712562038816
1360 3.693582599607248
1361 3.6185426951245
1362 3.15665693126617
1363 3.311946501179864
1364 3.3011565218854155
1365 3.3114794150789146
1366 3.4507330214994894
1367 3.550659407692062
1368 3.268211577959623
1369 4.078887149260165
1370 3.3630696367941684
1371 3.6794983946254116
1372 3.9664140020427348
1373 3.9674468103850464
1374 3.867086727796505
1375 3.2675385598239983
1376 4.002378136042453
1377 4.008798971068277
1378 3.3949941910102623
1379 3.671581653842406
1380 3.423177145894317
1381 3.32166975413914
1382 3.5126149142624574
1383 3.4329731547188085
1384 3.288693255539232
1385 3.737183750267837
1386 4.067482019195171
1387 3.5973632237573394
1388 3.4908710198605113
1389 3.343639757421827
1390 3.4670335231993654
1391 3.685480253131668
1392 3.7632262300434043
1393 3.578270114659601
1394 3.998795440692764
1395 3.720960635782875
1396 4.348787024655477
1397 4.022058079211711
1398 3.8526737114604033
1399 3.5233197311127995
1400 3.3537499870772867
1401 3.5363535824710395
1402 4.204854453272967
1403 3.439187962458812
1404 3.477904287781051
1405 3.29765959382634
1406 3.612745763113596
1407 3.716351422077786
1408 3.558567551163066
1409 3.5204271855477556
1410 3.6098822556827765
1411 3.2689309455812987
1412 3.427309529073361
1413 3.5788807493728747
1414 3.9506062130104427
1415 4.120429672434194
1416 3.4389362357372404
1417 4.499280353024576
1418 4.183345749608903
1419 4.663876053538925
1420 4.220976648871331
1421 3.947016465645593
1422 4.132321040875884
1423 4.160961676672802
1424 4.2667133507749115
1425 4.078500795443088
1426 4.2860705939321395
1427 4.192407090527106
1428 4.220764873608235
1429 4.09465747252199
1430 4.217318551523463
1431 4.307410454799242
1432 4.177729193020617
1433 4.343934233975569
1434 4.27850303563974
1435 3.42124292134785
1436 3.4886176614354234
1437 3.775553496893862
1438 3.6583410122790436
1439 3.7959177824304624
1440 3.3471337817830342
1441 3.2477573959933372
1442 3.323961770222787
1443 3.2546616963188195
1444 3.3924014071821413
1445 3.3899816262110396
1446 3.371997706549649
1447 3.433774143138384
1448 3.2982414949622587
1449 3.4277282281597867
1450 3.5425970649109404
1451 3.322555524340306
1452 3.3802485885005944
1453 3.356113120599684
1454 3.3364923446999994
1455 4.168323364541171
1456 4.104410262396399
1457 4.161145019397627
1458 3.992387096329837
1459 4.14098300168911
1460 4.249450235679955
1461 4.435271264641288
1462 3.7028632981278915
1463 4.136204884974171
1464 3.9540338267430903
1465 4.211367990553907
1466 3.4171424939212507
1467 3.6663968180157878
1468 3.834943108880589
1469 4.263324397250562
1470 4.056026454924297
1471 3.899310308954225
1472 4.0238445301131796
1473 4.407682812291368
1474 4.109692149994743
1475 4.111210637277472
1476 3.9268744384728755
1477 4.1909635505404665
1478 4.444863190118055
1479 4.165344903869749
1480 4.207578108829896
1481 3.777885235540108
1482 4.262295844176832
1483 4.341902302911023
1484 4.830447330941702
1485 4.295684883041591
1486 3.994176975829755
1487 4.307499163307949
1488 4.261764966744765
1489 4.093714147078551
1490 3.9732618716546635
1491 3.895920853924709
1492 4.346370584368601
1493 4.35717409646925
1494 4.225548781055742
1495 4.081531377259483
1496 4.084691646112219
1497 4.499859497720075
1498 4.364802248308134
1499 4.451322536947457
1500 4.216948804843456
1501 4.165041090272857
1502 4.317019106263053
1503 4.271758288362321
1504 4.4503234287565485
1505 4.285163827999471
1506 4.25603822853022
1507 4.391854361244554
1508 4.449881226456122
1509 4.369950884942904
1510 4.179420821874516
1511 3.4787833759784186
1512 3.8762819691412638
1513 3.3199721424697493
1514 3.3083863174211987
1515 3.6128906741011337
1516 3.56083351926584
1517 3.3951206690869404
1518 3.6049468117898193
1519 3.9288111064428493
1520 3.7267786463278654
1521 3.474063653124799
1522 3.8015748014206907
1523 3.464743329775021
1524 3.591530392446496
1525 3.6940927151865606
1526 3.773719646444264
1527 3.7068427486213156
1528 3.984712632088585
1529 3.432334250609724
1530 4.059671911160419
1531 3.2647865514147285
1532 3.4869339023124786
1533 3.8274615534212395
1534 3.3311457001606573
1535 3.922222786226612
1536 4.378620119779261
1537 4.002923247215146
1538 3.853735891754707
1539 3.772133023742093
1540 3.687325147264177
1541 3.3021714311368338
1542 3.3729921641333394
1543 3.525517393354965
1544 3.4058794479561785
1545 3.3255471717445255
1546 4.2847286710293595
1547 3.4927464905968124
1548 3.7070083557640188
1549 4.114021159266745
1550 3.923453242185246
1551 3.3622605941574712
1552 3.4458090431521153
1553 3.4816809192658775
1554 3.3893244946760075
1555 3.5566747670715793
1556 4.226469445512357
1557 3.650095328395531
1558 3.429584576080721
1559 3.452112361016514
1560 3.4926570797077896
1561 3.346543524857141
1562 3.5414025350593867
1563 3.43954786136251
1564 3.277431440650855
1565 3.8967425260792687
1566 3.530792078413674
1567 3.790901150390639
1568 4.1469640189747
1569 3.9993982360671088
1570 3.6327330703108847
1571 3.754366157694983
1572 3.5066565010889446
1573 3.5777928901316414
1574 3.503204116767639
1575 3.9384429059123147
1576 3.4788371518740853
1577 3.4365844644551657
1578 3.352095539827018
1579 3.689992923961222
1580 3.5976261926359268
1581 3.444284214956294
1582 3.2662393764730626
1583 3.5399622995307767
1584 3.4890052585894233
1585 3.375580885470231
1586 3.8219660412273297
1587 3.7512094530607447
1588 3.2997076736067967
1589 3.3929562766180945
1590 3.4388125774400393
1591 3.5174181847916857
1592 3.423827680531327
1593 4.362568468875276
1594 4.482747878521735
1595 4.2379437710976315
1596 4.318621585806002
1597 4.028440462310069
1598 4.234748764201461
1599 4.2590398012803545
1600 4.240573096367279
1601 4.126531543914522
1602 4.181262977269974
1603 3.851079945582846
1604 4.2125541416185115
1605 3.4330621422918206
1606 3.9766478240553416
1607 3.9654210366901768
1608 3.6656320255505457
1609 4.119172215969585
1610 3.9294903182553007
1611 3.315113797901041
1612 3.343260460433051
1613 3.5341327874513393
1614 3.474188591823059
1615 3.470040310507165
1616 3.999298702284536
1617 3.3934967993841942
1618 3.3027343834389384
1619 3.4254656391673857
1620 4.39989748387868
1621 4.430427445793339
1622 4.403429438762149
1623 4.196083809193556
1624 4.297857044595581
1625 4.091891313628613
1626 4.124784338004899
1627 3.7522368983878795
1628 3.495968635814978
1629 3.29339274869489
1630 3.509460096368792
1631 3.385897820382679
1632 3.503189282072444
1633 3.465576753618172
1634 3.450310750537208
1635 3.3645383079584033
1636 3.3024023791098425
1637 3.2804573589123196
1638 3.521770824573217
1639 3.908247963228183
1640 4.5116695465244945
1641 3.9581768371590793
1642 3.342666147797661
1643 3.2647399324314255
1644 4.102216377422001
1645 3.565603092052538
1646 3.847731645517652
1647 3.5236933988644816
1648 3.97724909920265
1649 3.4933483607503515
1650 3.2384904075446155
1651 3.5351481354659433
1652 3.446356186210882
1653 3.436285310352558
1654 3.81668145833007
1655 3.30474969371669
1656 3.363103506752233
1657 3.3894109522650586
1658 3.542823107456046
1659 3.425125574696443
1660 3.3526578054272314
1661 3.782701604353618
1662 3.3184021724129997
1663 3.470343053909879
1664 3.7523513861662576
1665 3.3575135639363527
1666 3.574316076691057
1667 3.3340213313819502
1668 3.617592620032667
1669 3.973815351632571
1670 3.684383411318298
1671 3.4997759285695036
1672 3.3228863682028065
1673 3.306095573397508
1674 3.8467957751781725
1675 3.5148059214382745
1676 3.355713257804466
1677 3.5574044903867166
1678 3.409373720432429
1679 3.2640028474707585
1680 3.3754978027828586
1681 3.809213862707662
1682 3.4971476575692475
1683 3.8034370706995557
1684 3.9375317463316093
1685 3.9252207769683802
1686 4.090273858926745
1687 3.9774463989072575
1688 4.004867629406634
1689 3.3281279994074935
1690 3.317507295322657
1691 4.052769737739672
1692 3.485539968384733
1693 3.453475216145892
1694 3.77279061556424
1695 3.711651670384768
1696 3.4100890317189863
1697 4.0385487957203186
1698 3.6917294944557635
1699 3.342550921634941
1700 3.629208816436633
1701 4.145481347282299
1702 3.964125104734632
1703 4.057342258260788
1704 3.8728544260857367
1705 3.4823730472670427
1706 4.153664461690568
1707 4.114510252579746
1708 4.298259519537556
1709 4.23084552902803
1710 3.7234763691336927
1711 4.007585230778822
1712 3.3986603075429485
1713 3.4357381684415613
1714 4.336326027727103
1715 3.968920252414395
1716 3.437400440529396
1717 3.906814544817182
1718 4.0210853473465065
1719 3.3803893984219844
1720 3.8821584027107745
1721 3.28830499580109
1722 3.6641978422558004
1723 3.678026862168876
1724 4.232916864358392
1725 3.48511823951885
1726 3.564466828881233
1727 3.4372137422144458
1728 3.919349969142271
1729 3.8016148070848033
1730 3.747844114731576
1731 3.2957858935881044
1732 3.5068726761100186
1733 3.3899514246013753
1734 4.151691891977996
1735 3.9611064430832803
1736 3.464646076247132
1737 3.512147827364864
1738 3.4361613853069617
1739 3.428465238546594
1740 3.3700279731335088
1741 3.8191556520569856
1742 3.4541813852008465
1743 3.4015837941745355
1744 3.568680441919641
1745 3.314011235367218
1746 4.153544738938342
1747 3.584362890581707
1748 3.3711311184646693
1749 3.495650846130877
1750 3.50164700294888
1751 3.7326646836007957
1752 3.3259588805459193
1753 3.736070094479546
1754 4.115212046059048
1755 3.5627539545865603
1756 3.9885392861843156
1757 3.749672997100411
1758 3.9040771557129683
1759 3.2851598608098485
1760 3.503297767679057
1761 3.936456991409671
1762 4.064280987608072
1763 3.4246670418992147
1764 3.5167600521199116
1765 3.391963942341187
1766 3.3164357231814123
1767 3.7045242197121957
1768 4.058916812195739
1769 3.811545901739732
1770 3.516334519232786
1771 3.3772853165201537
1772 3.4194264518498456
1773 3.3769318595231845
1774 3.4408614393912287
1775 3.895864854833931
1776 3.4578440690009753
1777 3.3550134056894825
1778 4.133048832290661
1779 3.782601521424815
1780 3.358202345829263
1781 3.823886789519792
1782 3.778588596188169
1783 4.213826989777227
1784 3.849199429668875
1785 3.6228765335045137
1786 3.5427523167699073
1787 3.6257026831141466
1788 3.1849095910166776
1789 3.8150564568682896
1790 3.3666470465982252
1791 3.6981752400591827
1792 3.3401734042584534
1793 3.374771235278385
1794 3.4363842386000054
1795 3.3587428685935468
1796 3.561282399602623
1797 3.590621635630829
1798 3.8558618495735817
1799 4.013872040767396
1800 3.8778855993882906
1801 3.49858373346626
1802 3.604791373058148
1803 3.3016811684275593
1804 3.7797084353948502
1805 3.330613689731365
1806 3.9853723606669824
1807 3.540747325943071
1808 3.3321585107641263
1809 3.4896062851065293
1810 3.546755702192577
1811 3.6570579110248453
1812 3.8451757107178217
1813 3.415147363853112
1814 3.46804425319565
1815 3.2088884781790488
1816 3.7386847477904164
1817 4.101852657925477
1818 4.228070638251663
1819 4.169548816286197
1820 3.553818752898072
1821 4.16578752866674
1822 4.436737191643766
1823 4.332993483728112
1824 3.438629301409549
1825 3.678067679426006
1826 3.329053112219583
1827 3.5272143665028164
1828 3.41012531595151
1829 3.41375649846171
1830 3.4611167102138314
1831 3.5326210879764455
1832 3.4157986021118085
1833 4.048073796385503
1834 4.106184515679221
1835 3.7892633470311754
1836 3.977677205476618
1837 3.421730811847334
1838 3.7186740638639746
1839 3.891240817491962
1840 3.691858762223711
1841 3.916132630431105
1842 3.3446289769795214
1843 3.76430776196071
1844 3.5878920290492395
1845 3.6215710668647794
1846 3.7826101662695617
1847 3.633119447650533
1848 3.2893137084206723
1849 3.430695627132558
1850 3.989030373466944
1851 3.440260443881808
1852 3.9915820711398955
1853 3.422503075200231
1854 3.5679634703216005
1855 4.1566452257254864
1856 3.791760721917464
1857 3.3238845315340173
1858 3.7735837772800145
1859 3.8959550033696257
1860 4.019401766907251
1861 3.853474922362938
1862 3.4869090270044243
1863 3.8843579620721367
1864 4.196587505049836
1865 3.799892872024259
1866 4.161175993229391
1867 3.60349481532953
1868 4.118157913887372
1869 4.02856098997017
1870 3.5191647291365014
1871 3.6026871232459374
1872 3.603207452607077
1873 4.3474941146477875
1874 3.8818427411600287
1875 3.97120505127234
1876 3.773112161808781
1877 3.8249772660055212
1878 4.019868649411148
1879 3.955013783539695
1880 3.671441691785881
1881 3.2698395055642577
1882 3.9037396411541625
1883 3.963637370780195
1884 3.410577848789331
1885 3.8549542506516
1886 3.776934753419972
1887 3.8115505851760325
1888 3.991609867000156
1889 4.2092633121036105
1890 3.925693140932765
1891 3.900493384953898
1892 3.81263938527253
1893 4.143555960772348
1894 3.5623707195003846
1895 4.004803666643289
1896 3.791030316752426
1897 4.06688727883347
1898 3.872689583513279
1899 3.5841204717069717
1900 3.9362911087628207
1901 3.9132928991835714
1902 3.924482209179014
1903 4.0908590872666295
1904 3.931001665774106
1905 3.672810253687152
1906 3.606205754207728
1907 3.9899328444090547
1908 3.928042952371426
1909 4.078223664919192
1910 3.3464464664992453
1911 3.3366407782821934
1912 3.74923541776583
1913 3.6122947229398967
1914 3.3524936669839045
1915 4.1843142248592935
1916 3.870563817416543
1917 3.689051019710408
1918 3.379034028553581
1919 3.554545869974802
1920 4.148118656664246
1921 3.886234469093645
1922 4.021538150664653
1923 3.5857366140601585
1924 3.748633123245959
1925 3.2741405806547124
1926 3.5378998530504515
1927 3.879746733365839
1928 3.8558096886188213
1929 4.200031572697893
1930 3.76560865634479
1931 4.1743160238875
1932 3.844415095746938
1933 4.237287544437202
1934 3.450483816887651
1935 4.027495092466308
1936 4.327472088404588
1937 3.878662665749843
1938 3.838176697173984
1939 3.7650045735336164
1940 4.083846508596009
1941 3.853236465956503
1942 3.723688199919797
1943 3.935740140243482
1944 3.97476620712323
1945 3.571177088677292
1946 3.7533467734333184
1947 3.96554890849161
1948 3.7881679543703015
1949 3.8172169794322808
1950 3.7624295749331775
1951 3.5312794540702512
1952 3.8621055177294203
1953 4.285057743594909
1954 3.301041525452104
1955 3.832558054511742
1956 3.420398674135532
1957 3.976262907600413
1958 4.322872334975543
1959 4.1658760894774876
1960 4.20646865415992
1961 3.6451389604001463
1962 3.446767466547505
1963 3.6731946380649383
1964 3.349473998584126
1965 4.062337658082106
1966 3.726494011002132
1967 3.9677864060629564
1968 3.436832925919808
1969 3.385743140043225
1970 3.5896214016301347
1971 3.512959443067962
1972 3.6625685871587983
1973 3.977965072437073
1974 3.993541569927104
1975 4.135686813537139
1976 4.122195052521029
1977 3.891335197042712
1978 3.7775219691340776
1979 4.029930212554822
1980 3.8457596693346194
1981 3.7845001863880414
1982 3.7234268388452465
1983 3.9535379887692836
1984 3.7102938969862023
1985 4.008674440403625
1986 3.8286627707075387
1987 3.5071043478508233
1988 3.369145069031002
1989 3.336833788279507
1990 3.3494857550621826
1991 4.282846303604174
1992 4.211897852982795
1993 4.139095051016018
1994 3.3540734877292935
1995 4.032159053061128
1996 3.903771903597212
1997 3.909401629631874
1998 3.9220108883169154
1999 4.0545191955611815
2000 4.10807051812014
2001 3.555440273590517
2002 3.6498941800652243
2003 3.409166342364872
2004 4.042816632759111
2005 3.8904678168525484
2006 4.1284354819331295
2007 4.166015505601452
2008 3.7477899443039977
2009 3.453584234594529
2010 3.5125738858860918
2011 3.399595949819978
2012 3.530761252564317
2013 3.6604401418382024
2014 4.081121807538372
2015 3.3614384157024153
2016 3.4794116516583964
2017 3.417802929924025
2018 3.4326434621065935
2019 3.500664685987538
2020 3.4553718094077257
2021 3.785063132371021
2022 3.7028563812836013
2023 3.693710140868173
2024 3.3557970890743185
2025 3.940176436573389
2026 3.6614551579819716
2027 3.42762907823061
2028 3.6856368091083676
2029 4.302827940076655
2030 3.922010380509923
2031 3.8283620318944176
2032 3.864634685941437
2033 3.625495699713655
2034 3.7100937038101574
2035 3.771323681730168
2036 3.748385352039277
2037 3.9316900039026863
2038 4.16877333109539
2039 3.9716499357341584
2040 4.084082379893794
2041 3.9023703992093735
2042 3.8806562719206563
2043 3.9599850874121763
2044 3.9923231491407667
2045 3.882617835849873
2046 3.8602157675591173
2047 3.8617511368665802
2048 3.902681165591019
2049 4.0875096023853805
2050 3.632399534546937
2051 3.7992573082381895
2052 3.7971952792028016
2053 3.679665015047975
2054 3.927304170705966
2055 3.8879667799625763
2056 3.3852980026182693
2057 3.641187651958785
2058 3.8496468826902337
2059 3.7218225311732156
2060 4.362898045989631
2061 3.789230001084121
2062 4.120899588481324
2063 3.9712161150146272
2064 3.887738390329189
2065 4.294268588664821
2066 4.002125868069921
2067 4.01187464829371
2068 4.004318954294726
2069 4.215058486065462
2070 3.817947223317779
2071 4.128551590186689
2072 3.8553744108323857
2073 4.078088259493737
2074 4.216169470189885
2075 3.459467572131979
2076 3.582423697321043
2077 3.6693122624789427
2078 3.669583982338763
2079 3.848643703927479
2080 3.958331752701876
2081 3.773124265785785
2082 4.020231108274481
2083 4.033543808195536
2084 3.984063457427779
2085 3.4690316140191984
2086 3.6755733159402864
2087 4.194605918513539
2088 4.08183212058554
2089 4.098137790910548
2090 3.997996024783308
2091 3.900270718887223
2092 3.790672140338842
2093 4.081717446777608
2094 4.061790095497523
2095 4.05273426417533
2096 3.7527215597227706
2097 3.4133100256398463
2098 3.877391283958917
2099 4.041158186740142
2100 4.059093852623907
2101 3.6941664610102185
2102 3.7126450180232946
2103 3.725377376820321
2104 4.016917196910158
2105 3.7997129104409706
2106 3.7047745361339612
2107 4.1377912496386315
2108 4.095129158921596
2109 3.8285474820677243
2110 4.176812744150172
2111 3.9946796846715498
2112 4.114433192399864
2113 3.4645430070198007
2114 3.832419731622219
2115 3.936600196525332
2116 4.030801641077033
2117 3.9962352274119817
2118 3.607983110556497
2119 3.9876152701018333
2120 3.755998168993577
2121 4.041316734896588
2122 4.0498989834875
2123 3.8537371377141687
2124 3.7715748607450323
2125 3.7521874161681272
2126 3.869450794653512
2127 3.993891402626394
2128 3.9876910545812603
2129 3.7292552975035376
2130 4.03981989327918
2131 3.838927061834633
2132 3.65915405315015
2133 3.9650216980659696
2134 3.764330287012862
2135 3.9002793392308663
2136 3.5090263386630136
2137 4.128521361301221
2138 3.979170181874238
2139 3.786607553005623
2140 4.007361240350966
2141 3.9683387581355607
2142 3.8822503776896298
