0 4.280333929857291
1 4.718617428203796
2 4.304080492252003
3 4.081678482040829
4 4.478504599758204
5 3.7658637861146396
6 3.2504746381439618
7 3.3559955424680643
8 3.3302406553625885
9 3.3533897745251915
10 3.4093280476937053
11 3.381308343469165
12 3.4154424061753335
13 3.4005267494260853
14 3.3622506551775935
15 3.3151768526733396
16 3.5896883877971093
17 3.4937109316913246
18 3.2296115949296627
19 3.2931828782741306
20 3.347457013264555
21 3.442542416870479
22 3.4475731726593457
23 3.354077170886951
24 3.3952638388451635
25 3.3632282325175784
26 3.454557032863266
27 3.3505473675675863
28 3.4546038310680234
29 3.4964506285760537
30 3.1935598609965505
31 3.5750574078519475
32 3.4875880379806974
33 3.3560287039983945
34 3.3720958164409116
35 3.322128140847416
36 3.3339947091058133
37 3.362110965340403
38 3.2313061876727716
39 3.3373045015072527
40 3.3887644847824387
41 3.4282027896058773
42 3.3301767939688203
43 3.359916120913549
44 3.2865562174146326
45 3.3049047037397568
46 3.267250735595025
47 3.2310009524996017
48 3.4603361612031405
49 3.374406764757869
50 3.3879722890499075
51 3.424966987573295
52 3.2520598946811945
53 3.3210690726533816
54 3.479007136513466
55 3.434310753383761
56 3.2863398464942937
57 3.320700272061485
58 3.3451199689354323
59 3.2941931500138906
60 3.26847503127508
61 3.3313122595446267
62 3.3828208975799483
63 3.274869691174368
64 3.2207095309348555
65 3.35212630348051
66 3.7064682253819425
67 4.3005963586485665
68 3.961004164663773
69 3.334179172587219
70 3.8386815012139985
71 4.206988695573733
72 3.98645025887195
73 3.7064887293537687
74 3.969442349046932
75 3.7224583749633937
76 3.9837885206851387
77 4.13560777100204
78 3.366424116218376
79 3.3574781406729506
80 3.490857788619862
81 3.4132722248286553
82 3.4544558770722915
83 3.3379296615865046
84 3.3876651930434214
85 3.3874290542158696
86 3.3624313414473095
87 3.382220180379518
88 3.755656763008896
89 3.3715750869375656
90 3.287163404509731
91 3.3188359276019987
92 3.47417515138192
93 3.2246276849687816
94 3.5006449214971087
95 3.3530873352568595
96 3.4444457817528544
97 3.6560123970554232
98 4.269585288964652
99 3.2469907423838973
100 3.4477316394340405
101 3.3213783307818394
102 3.2632473759708795
103 3.390005350828831
104 3.3921963855126807
105 3.4054615937491866
106 3.4193590937640903
107 3.235398533798065
108 3.2462086516896806
109 3.348828182401948
110 3.2594643353204416
111 3.324974339917927
112 3.346862399151465
113 3.4728412300079503
114 3.441574099510954
115 3.2001667149618895
116 3.4416287595382453
117 3.3423086452076247
118 3.362775304777453
119 3.2316591171907953
120 3.362559811273976
121 3.631257029237795
122 3.9998480423060156
123 3.3363733814995524
124 3.3306314305805516
125 3.7479854305867035
126 3.352743206427728
127 3.3806248595195405
128 4.1760599680758554
129 4.387348603925199
130 4.631324320435416
131 6.339699485459795
132 6.951752814587539
133 7.6910370203521
134 8.499838109034473
135 7.4282586675861495
136 7.065712502843667
137 8.601251771902426
138 7.443490016113966
139 6.686591270822532
140 6.787935573178862
141 8.334191335278723
142 8.730769882963779
143 8.942375746875305
144 8.792803065724911
145 7.614786834391565
146 8.79049942280001
147 8.291696939863092
148 8.282605286854292
149 7.5173982928939305
150 7.7939389146581295
151 7.100155604794909
152 5.847265509834946
153 7.825251541597305
154 7.528469886161789
155 7.544863991034091
156 8.063681350761003
157 9.264777590848206
158 6.538816075586517
159 7.133722690166831
160 7.624368418444111
161 7.766975013034452
162 7.439353769839078
163 7.370736605972704
164 8.949399145775988
165 8.37008041768262
166 8.699744485791618
167 8.254481786549874
168 7.455013432832518
169 7.5786461291693366
170 8.050244416469504
171 7.547711803802073
172 8.558940542759709
173 6.27470129824497
174 7.362505480512702
175 7.4840525914916
176 8.376594372783694
177 7.365103529980627
178 7.3850339725951475
179 7.780070437597473
180 8.477353909224028
181 7.4346397621669675
182 7.596039307272823
183 8.692953780041481
184 8.138309488446723
185 7.8746453714270634
186 7.032788244336933
187 8.69844991955598
188 8.371038251093657
189 8.550805202538754
190 8.729724364598898
191 9.286831340578681
192 8.478352853030716
193 7.75182026321011
194 7.384452313141094
195 8.558940226801504
196 8.028898399745762
197 8.027558920010206
198 6.8581283201348615
199 6.5115885466833
200 7.137184781550436
201 9.125459518312704
202 10.461282178264186
203 9.78578668436023
204 9.490467334358103
205 7.952244724528819
206 6.914026191151988
207 8.351502945680068
208 8.328680798586912
209 8.327663761116419
210 8.75891326471345
211 9.325803933917047
212 9.330678885466483
213 9.766259679443293
214 8.4860431554025
215 8.337321354486281
216 9.95681638675845
217 9.55968619474978
218 10.69016235191535
219 9.829253854600017
220 10.604123172042861
221 9.80990831788165
222 9.017591355522557
223 10.27332968755976
224 10.640653020091463
225 11.075316209080421
226 10.699209485377379
227 10.55143605446034
228 10.319992128295924
229 9.271178293927388
230 7.613987711977726
231 10.466488547950194
232 9.656763958248911
233 8.764229274476685
234 10.107333902355712
235 11.121141183609236
236 10.706720923957615
237 10.388779838324245
238 10.545915298891162
239 10.656919956266123
240 12.558378709446853
241 12.929729662866025
242 12.278409465972576
243 11.923860454073388
244 11.51331497494351
245 11.76127515344794
246 11.587634967190418
247 11.844542725836773
248 12.248116347773065
249 11.09549818774795
250 11.439593271708631
251 11.284201476370889
252 10.655462229286778
253 9.609343437780991
254 11.247643066325484
255 12.226936391511737
256 11.170637957782121
257 12.074298942978933
258 11.69880282776672
259 11.789383373231189
260 11.849734952457142
261 10.146638644940523
262 10.98671985598582
263 11.514752279814227
264 10.255092574306394
265 9.278211326692494
266 8.364411389577528
267 8.317056254478288
268 8.513022486908612
269 9.186159840535604
270 9.237296117525212
271 8.335865256490061
272 8.2130500131484
273 6.542367252692454
274 7.8875029010469175
275 8.247926487495572
276 7.584669954978603
277 7.905800006320121
278 8.356516829138696
279 10.243168503578303
280 9.052487800300243
281 9.332405178160194
282 10.486502110786713
283 9.503562204135434
284 8.62220214417054
285 9.494746464646347
286 8.978716797466818
287 11.028182552178524
288 9.001633519968184
289 10.079562485890229
290 10.211539100062344
291 8.672322086352416
292 11.189742714435674
293 9.608682871539743
294 9.376962330297035
295 9.19236425537103
296 10.971477112601017
297 9.46395998999785
298 9.234584327749278
299 10.600940749272837
300 9.979912628409659
301 11.222329392964609
302 9.542219013023557
303 9.66739083893848
304 10.107460114072914
305 10.634113625189288
306 10.19442198308723
307 10.542629164067023
308 10.139346620361836
309 10.640586402232357
310 8.76049958367117
311 11.50766654443013
312 10.035643235738801
313 9.959094005724237
314 9.129773978566957
315 7.9012527961272445
316 7.837709955099069
317 9.379379253238618
318 8.632809455336664
319 8.1984228317281
320 7.985201559457097
321 8.078714464228058
322 8.326409764733679
323 7.922559234195045
324 8.822213536612816
325 8.769648497967585
326 10.2947085772175
327 10.41400354093726
328 10.129145338287014
329 9.898645713594263
330 8.88036717705995
331 10.581528273822482
332 9.319774606892823
333 9.413199708307474
334 8.51188258397745
335 8.565159204475734
336 9.202897824103598
337 9.94029941780526
338 9.170979188605175
339 9.002812979816639
340 8.49939178471642
341 9.63063498596323
342 9.133388685128162
343 10.708235241432611
344 9.343225857982551
345 8.449650673346506
346 9.82349419326839
347 10.341282585021487
348 8.80755791166353
349 8.51951179920661
350 8.02238645398537
351 9.723770780591167
352 9.129638719021129
353 8.390060320710276
354 8.580034072507312
355 8.456211206637759
356 7.471200453162973
357 8.12114504026168
358 8.640382073783394
359 8.404199562694181
360 8.033558846082187
361 7.984205895712107
362 8.745352303209106
363 9.408882676180177
364 9.81866900423708
365 10.077785886996645
366 11.884788145562572
367 10.649838846713006
368 9.946171018016466
369 9.055152220640743
370 9.491607297501401
371 10.120643037747984
372 9.981898072268763
373 11.489354663536439
374 10.119997492423618
375 8.723446863102092
376 8.331594747884296
377 9.046430202199565
378 9.40238592967187
379 8.931661847410286
380 7.333322276766794
381 9.839629621839915
382 9.937753881930528
383 9.635616085342722
384 8.35549109579729
385 9.475143750809922
386 8.369838039191812
387 8.799745208290153
388 9.33695241457762
389 8.930244439680624
390 8.470804502569404
391 6.671081508798391
392 7.933874897576715
393 7.897812118968528
394 9.051790680998707
395 8.426914853609347
396 8.72207493175265
397 9.367936853036452
398 9.500856092315786
399 8.986387705651373
400 9.023438429135984
401 9.394423955802598
402 8.203227343172037
403 8.57268701534062
404 9.370024352417781
405 9.972864547334039
406 9.766329698193925
407 9.521189735798508
408 9.667577481363136
409 10.177779303885517
410 9.022736270386302
411 9.17676332704376
412 8.610898947284248
413 8.980893123261305
414 8.83404767971404
415 9.155473958744468
416 9.867324986368606
417 9.585209553755014
418 9.829580697827987
419 10.175410153943197
420 9.059011644547036
421 9.426465533003359
422 9.524476942946784
423 9.201924087104198
424 8.293104602418639
425 8.641516935994613
426 7.430628674055363
427 8.305967819333288
428 7.550937210563061
429 7.35784064223878
430 6.8591322159531884
431 7.1316092677772325
432 6.586989482769326
433 5.787779872514256
434 4.615178140887915
435 6.234161731810303
436 7.184541726372615
437 6.283976016847172
438 7.756338628053014
439 6.699950417488808
440 7.194478794808286
441 6.478286160062047
442 5.684686227152725
443 6.7771420367103055
444 6.136327514182159
445 6.105981111686072
446 6.422058130352541
447 6.9276846057047745
448 7.915913092905288
449 6.7464815066791015
450 6.757139464361295
451 6.543597409008689
452 6.398354696833927
453 4.933289120336273
454 7.429572934378891
455 5.7485275406014535
456 5.669316185104967
457 4.596454796125978
458 3.9997151000746314
459 4.613517695818588
460 5.2927041469585605
461 5.14303054864282
462 5.348494201884902
463 4.801895184890659
464 4.27540585934015
465 5.356400584817789
466 7.03336078828849
467 7.6293032437763895
468 6.711027414566789
469 6.265383258956731
470 7.424336661683405
471 6.863133249823823
472 6.8501219280376064
473 8.170821015835568
474 7.106271169814646
475 7.544246819099375
476 6.202020726236309
477 8.644352354944084
478 7.004304428392285
479 7.113529859136047
480 7.135241660164402
481 8.571307545160256
482 7.29198793905229
483 6.715040004076719
484 6.976728406912782
485 8.449907214830358
486 7.1213280663893
487 6.601485163742773
488 6.663270221085893
489 7.298947885200825
490 6.929089882141396
491 6.650993769126439
492 7.165382620212794
493 8.666303179134555
494 7.182125122493761
495 7.006199592155257
496 6.29571099725833
497 6.99330561090596
498 7.174679943493013
499 8.457431855323575
500 7.866853735801383
501 6.805996828052544
502 7.190898802574553
503 6.788607435613535
504 7.45035500708052
505 5.247872673963963
506 4.547886423595129
507 5.1299831825970115
508 6.296616968143879
509 5.497761904637926
510 5.184215428344006
511 7.209724393204997
512 6.626064764361987
513 8.388098981730243
514 6.6716449335533925
515 7.617070685904392
516 7.979293201458731
517 6.9718599943384945
518 6.830343475872927
519 5.835030011771297
520 7.091512900043978
521 6.187296658351862
522 7.080885090421421
523 6.432552946478534
524 6.450647109123189
525 7.4138049845962595
526 6.839187691047738
527 6.542117880528573
528 6.117029960374407
529 6.635802580663182
530 6.271459567342568
531 6.368702144586836
532 4.447201913235158
533 6.398270120422664
534 6.620994568631496
535 6.395419445857218
536 6.069577366455546
537 6.402437701527109
538 6.156315051963714
539 6.648056745313872
540 6.889594847482538
541 6.882370948759792
542 7.231111717183006
543 6.978803984248004
544 7.680686160713621
545 4.5870212736989195
546 6.913458022392647
547 5.992597434383044
548 6.208582740200623
549 5.147604261288801
550 6.1769516250947785
551 6.45047418937664
552 6.676205099805533
553 6.879586373532381
554 6.912732025193208
555 6.360433232944399
556 7.034796359239909
557 7.053411050714197
558 6.560702807628683
559 6.764630082717642
560 7.06825269976175
561 7.140483622592394
562 7.29390040271715
563 6.347189819765326
564 6.169931938196219
565 7.033665781503233
566 6.354120076392502
567 6.389831450876069
568 6.950845076571922
569 6.876101861086126
570 7.302982575177266
571 7.00263064705229
572 7.271348666371702
573 5.548174772110362
574 4.010188354173318
575 4.514273228651364
576 6.873187643853017
577 4.6050568980266515
578 5.469802110329944
579 6.219851858331203
580 6.3000026145429775
581 5.7395050261363325
582 4.340850490792192
583 4.633508909368809
584 5.50527728061632
585 4.623018275177577
586 5.467265098062734
587 4.559271938022795
588 6.9764759803758505
589 6.293922386981078
590 6.041804483081365
591 5.722960086651826
592 6.26531705391641
593 7.116042251971913
594 7.040441930695149
595 6.8291294311026
596 7.8821622732851875
597 7.344830620767668
598 6.3266266443019274
599 7.342650835989913
600 7.2656697831315
601 7.631090839482009
602 6.042987047540366
603 5.6419137247348194
604 6.703340793675251
605 6.088435536229926
606 6.226204610903804
607 6.362712329371494
608 6.077370895134629
609 6.466851210941509
610 5.618106746920897
611 5.164397651787595
612 4.555674116696759
613 4.379162119968797
614 6.447409637624991
615 6.529305900250944
616 6.592379885500065
617 6.86221935409481
618 4.6274577617158315
619 4.915377304606279
620 5.173785580034541
621 5.632745048808469
622 7.594879078532709
623 8.343552821729821
624 7.647994312973718
625 6.447954745505609
626 6.566709060685791
627 6.216994909565064
628 6.760262856395818
629 7.0432352637027185
630 8.2414904958551
631 7.32394098756211
632 6.608633581616885
633 6.962796016810203
634 7.863855463937569
635 7.033906356406116
636 7.639505959729741
637 6.059967146530941
638 6.666365013507024
639 6.978114823901401
640 6.828745664839087
641 7.878399873843349
642 6.051243570470326
643 6.1625449495298525
644 5.037630064799827
645 7.9314316048556766
646 6.849403097643278
647 6.0490681292217285
648 6.929516483810761
649 6.574946270292618
650 5.531484861323991
651 5.743063956222166
652 6.746203014259305
653 6.054510768014899
654 7.987405424844897
655 7.430632891264572
656 7.8442561582071635
657 6.683916657930627
658 8.185308682283587
659 7.194320358104666
660 6.393124364544284
661 7.5027407938086474
662 7.625713280424107
663 6.579210176220842
664 6.872036246338903
665 6.75650811920688
666 6.202709100747859
667 7.19689267096685
668 8.042685206258382
669 8.413121386010838
670 7.897491905539925
671 8.583431094309448
672 7.910575157572161
673 10.064599124009245
674 8.794525920120588
675 8.838540187124552
676 8.738143195847188
677 8.62128630026476
678 9.244792466252607
679 8.52063268674675
680 7.865048176181561
681 7.560845570367196
682 8.176363851045693
683 10.06126514681593
684 8.944681532373645
685 8.961725334622615
686 5.668712916779202
687 5.412195537673573
688 4.714719506612502
689 4.5531825679451
690 5.838235710951465
691 6.182603421204101
692 6.812296251177921
693 6.380739673570179
694 7.431806283262248
695 7.301210361519292
696 4.493529555465434
697 7.133046997558795
698 6.640815215348445
699 6.851227057269904
700 5.72436326688298
701 6.5553908705636506
702 7.405791132929767
703 7.803054786944183
704 7.807546225279247
705 6.8189908518308275
706 8.18315957078169
707 9.503470874883138
708 8.447587415867158
709 6.859320480240728
710 6.224156533015504
711 8.254681017766973
712 5.616701458608992
713 6.9627184034510465
714 6.9318447335150974
715 6.18856363142996
716 7.3186960939356105
717 6.851553899261753
718 7.297386393578598
719 7.345921823280797
720 6.458004642097265
721 6.777821832282387
722 6.449790623971486
723 6.577774574661692
724 5.872480707782015
725 6.885621036254855
726 6.729249695936157
727 6.842800362294342
728 6.66674148239936
729 5.7683648515818735
730 6.824975299600079
731 7.006620867229706
732 6.87082700110793
733 6.250561613698749
734 6.919581478510899
735 7.721054948935128
736 8.294088634109976
737 6.880567599198926
738 5.191560594546449
739 5.603075618150345
740 5.457139306548757
741 4.760168112237632
742 5.705888596380168
743 7.257439288584802
744 6.860585952882091
745 6.667816867415536
746 6.226070539398578
747 6.615305823658238
748 5.699484294072871
749 4.343507149440898
750 5.624025952240595
751 4.635133567966812
752 5.387318239879049
753 6.166390206897116
754 6.2091147579659625
755 6.014932185574616
756 6.341500938779659
757 7.785614403232337
758 6.015669357088499
759 6.903626534478489
760 6.343489608432197
761 6.457148972360476
762 7.2199289784265135
763 7.217720923660117
764 6.831812781094252
765 6.241020477095055
766 5.408175355416997
767 4.915235714103747
768 5.728830525646416
769 6.591446151768831
770 7.369543096294726
771 6.3268795799411
772 6.156307500733278
773 7.751522271477632
774 10.149194910001388
775 9.66301542841252
776 10.498996821325061
777 9.102580618437285
778 9.061566339374815
779 9.80225340420507
780 9.998415986223225
781 8.813282619281958
782 9.656045952355187
783 10.009652346871336
784 9.79315641427764
785 9.210021770088177
786 8.402631539642805
787 9.14608062841786
788 10.726981628150643
789 10.038120171871888
790 9.909460025507542
791 8.414502244994793
792 8.47181409833013
793 8.664307513792316
794 9.71910193414744
795 9.779265253813312
796 10.388601384587542
797 9.618837650565034
798 9.925965096880605
799 9.325502990066376
800 9.519352459513591
801 8.800191519678181
802 10.893361516722232
803 9.076718540748978
804 9.11123306673454
805 9.376754166031628
806 8.975713343343049
807 10.6412004979529
808 10.426929305716463
809 9.857725782015692
810 10.352771898866793
811 9.371547921969606
812 10.017760076523318
813 10.325381586279384
814 10.149793586373288
815 9.539605021350159
816 10.820262478725873
817 8.993309266993617
818 10.596653761915682
819 10.188914799929293
820 9.23426802250616
821 8.472997228115828
822 9.533303295694932
823 9.116075582935064
824 10.459451446295335
825 8.965478054088818
826 10.929599868191895
827 9.981463988605297
828 9.288531765613007
829 9.624655833640979
830 9.02876743388281
831 9.880243697862102
832 9.324401693376597
833 9.806901360361913
834 9.3843825286469
835 10.827178939838673
836 9.757437473404437
837 9.638548031163634
838 9.682898668748983
839 9.416877721908879
840 8.924406798465817
841 9.023155821475966
842 10.873100834726866
843 9.386150264323362
844 10.819492218906126
845 11.982121102568396
846 11.037238493082745
847 11.611624188107346
848 11.505699232569656
849 10.90090558680011
850 11.706323020855555
851 11.96838948258992
852 12.185240578637826
853 11.767864514291727
854 11.044249715835118
855 10.831870318284395
856 11.509884408410027
857 11.70257377536973
858 10.10082127634265
859 8.572143689684737
860 10.019674996210282
861 9.681004634483358
862 9.130922742309249
863 9.840324767130008
864 9.310486397676302
865 9.9849183187722
866 9.064609687958077
867 10.454796171881954
868 9.1310706746326
869 12.207050359300032
870 11.003337376892631
871 10.061236243216475
872 10.217405318954224
873 10.874676013419059
874 11.404718120593198
875 10.070803104096566
876 11.055567531627476
877 12.65442920380545
878 10.6948541579217
879 11.518101927867741
880 11.611253307596744
881 11.016454529546833
882 11.390208147518493
883 11.62608373946436
884 11.794020883263352
885 11.065050214960763
886 9.852709670737445
887 9.218241889769903
888 9.758087023019453
889 9.718812268756041
890 9.339553288644588
891 11.16564690265253
892 9.089462995278895
893 9.996670295941502
894 8.622597705003066
895 11.383962683214278
896 10.373132732601455
897 9.452090027739098
898 10.187230045377932
899 10.226787650217451
900 10.039129865452518
901 10.454287313951541
902 10.35791100481438
903 9.353222447159418
904 9.089778513277519
905 9.815337355009286
906 9.738645708565961
907 9.652313777625556
908 10.008107072653065
909 9.55545093998224
910 9.521605455845716
911 10.040096208400303
912 10.581440580767463
913 9.907033553177369
914 10.407077724308154
915 9.717957387671744
916 10.669687057031732
917 10.172823889938629
918 9.617419068032735
919 9.224831718307492
920 9.131689903059353
921 9.48525620328462
922 9.932028286949265
923 10.963446950686109
924 9.452089337923233
925 8.874149878389037
926 9.00350043845001
927 9.576885286502918
928 11.147547527256409
929 10.43804150916892
930 11.1670988521409
931 10.761389070155275
932 10.401562577472964
933 10.456085535191312
934 9.47427836620623
935 9.025504274460681
936 9.418678974692515
937 9.362945876216264
938 10.584827554144308
939 9.31103056067655
940 9.29222186179873
941 10.697235175758037
942 10.205184449665442
943 10.961498906386252
944 9.626333291130281
945 10.546600063137738
946 9.498873315234842
947 9.68467082370995
948 9.863635338896012
949 10.033993107569357
950 9.325977307493446
951 9.083438645499259
952 8.396809701078542
953 9.490521445798382
954 8.997529619386885
955 9.482038129964181
956 10.040262544457235
957 9.85319181956819
958 10.524973778659481
959 10.641576406581766
960 9.715719425252146
961 10.550308911818016
962 10.327298427531927
963 10.203117069140387
964 10.380479553901885
965 9.90046037622397
966 10.604488552725513
967 10.513296826929533
968 10.318580202280296
969 10.536511491026213
970 11.093412582434219
971 12.366180775859135
972 10.558880416830695
973 9.665578950595332
974 10.995083032890319
975 10.076918866999389
976 9.82466496094531
977 9.471708982899946
978 10.042178786514281
979 9.321283533998576
980 8.57534747973854
981 10.599009910677738
982 10.796300365815076
983 9.85522920539987
984 9.582496892935282
985 8.53371027748876
986 9.938767731552588
987 10.516428466768422
988 9.619569411888085
989 11.10542400375531
990 10.519466969284265
991 9.774086179766384
992 10.530804415424424
993 10.182434919606811
994 10.677861365398341
995 10.83357562156249
996 10.670259631955108
997 9.335588209940472
998 10.082297267820492
999 10.097630458513537
1000 10.786744531326624
1001 10.088190874257423
1002 10.282654808255622
1003 10.374742595879324
1004 10.703285264338122
1005 10.580788761883285
1006 9.918333829105572
1007 9.597215634573171
1008 9.656409321107196
1009 9.526916836966192
1010 9.091535159902135
1011 10.3031245886728
1012 9.23430912270162
1013 9.101729199412816
1014 9.314997707602114
1015 10.084749847129222
1016 11.792595282838995
1017 10.294445962923588
1018 9.78821866502053
1019 9.933611586171265
1020 9.77999284981723
1021 11.4169351168904
1022 12.446720375998687
1023 10.430747515078021
1024 9.878696787722395
1025 12.61817652569718
1026 10.928331496148381
1027 10.472889175841104
1028 9.322428141655084
1029 8.294448185279496
1030 8.282135375398173
1031 10.225181757349437
1032 10.918631580822181
1033 11.652521803953677
1034 11.654155762259272
1035 9.634763582358104
1036 8.349592556908675
1037 8.51392000143883
1038 7.163563189858599
1039 7.77925381968503
1040 10.58239614983606
1041 8.5158111065844
1042 8.18248572918052
1043 7.835516249817433
1044 9.978505456307108
1045 9.445752129048921
1046 8.99107502744056
1047 6.072877581812339
1048 5.88740492050082
1049 8.589375691390991
1050 8.413247610788003
1051 7.338314304770369
1052 8.885227715523678
1053 8.580441598922171
1054 10.756221574082756
1055 9.586055372576757
1056 8.62187269659381
1057 8.190041703280697
1058 8.478262015509957
1059 11.4619848586566
1060 13.03197309277304
1061 12.001456786165894
1062 14.361486935787637
1063 13.701597161899707
1064 16.52399045956943
1065 14.805743780054922
1066 12.829868129257202
1067 12.22059070899405
1068 11.364410443120239
1069 9.9321358876965
1070 9.026979056275648
1071 11.376903823597345
1072 10.020312748123468
1073 10.697564600243014
1074 12.7648545815018
1075 11.80660061431036
1076 11.636744505813443
1077 12.583959372742553
1078 11.6570988347336
1079 11.371125800605109
1080 10.434145452795384
1081 9.955589658166996
1082 11.46043150110899
1083 10.582956288078657
1084 11.917082827511553
1085 10.741889669066538
1086 8.733471642540536
1087 8.609194240962294
1088 10.464560311847919
1089 9.801677168741278
1090 7.69096009843105
1091 7.592017539792887
1092 5.824923024530599
1093 6.183104882181757
1094 6.201179153738804
1095 5.195272458051135
1096 5.2931412919148695
1097 5.978744483090555
1098 4.644427246610451
1099 3.966815328574863
1100 4.07630712955922
1101 4.576646083046025
1102 3.4528728646293048
1103 4.627006567219883
1104 4.3673401033782415
1105 3.926429347676831
1106 3.799564170303343
1107 4.3564509376884315
1108 4.670805962729503
1109 4.567237785135722
1110 5.137811103630461
1111 5.202884010311778
1112 6.517192048430259
1113 7.938886029515402
1114 8.915948661266546
1115 8.614116139128141
1116 9.319243709992271
1117 7.933027117814766
1118 8.423874401875205
1119 7.30601885275206
1120 7.490738019472465
1121 8.507804228415727
1122 7.3086472773466
1123 9.028569828822933
1124 7.452448769064062
1125 8.523809525965852
1126 7.8635370541357865
1127 7.5440447899958105
1128 8.922146492851608
1129 9.681699606894995
1130 7.727229464089965
1131 9.176566826260474
1132 8.711335920062533
1133 7.672449878604086
1134 8.23007928160077
1135 9.649386233876305
1136 8.084637201486549
1137 8.162782433957798
1138 7.694681249903001
1139 7.368735227127635
1140 9.172676135934562
1141 9.114597973573975
1142 8.27551144927366
1143 7.679325779227741
1144 9.0400650821575
1145 8.52013760444619
1146 7.7425552468016585
1147 8.314155951670825
1148 11.164458988858728
1149 9.118528617385266
1150 8.734361169591738
1151 12.44667495765403
1152 13.565028648251266
1153 14.301983320343266
1154 11.312629639536125
1155 12.26449941637599
1156 8.567755935709139
1157 9.596489664680465
1158 10.589761481772246
1159 11.399006357313862
1160 11.276243324920433
1161 10.944390586140587
1162 9.161646916765799
1163 10.573680026761838
1164 11.323698559300972
1165 10.4750189146626
1166 9.771495000002208
1167 10.81389685900252
1168 11.788064150333435
1169 8.946751950415585
1170 12.448359401131052
1171 10.80495398598333
1172 11.433989167391601
1173 11.675544967376696
1174 9.511527399129763
1175 9.098481244755552
1176 9.924129816095334
1177 8.926571103501482
1178 8.832387766388402
1179 8.26066661626546
1180 7.624514182871275
1181 9.009520804997049
1182 8.536391903178552
1183 8.608092590693344
1184 7.700427111628934
1185 9.324451290289755
1186 8.293695786056556
1187 9.668426859826633
1188 9.17533402483137
1189 8.97133670035104
1190 7.550861934064077
1191 10.1904951476928
1192 8.491405691495103
1193 8.662347044254519
1194 12.301023828271726
1195 9.404318635174892
1196 10.298099966731174
1197 9.84675283299297
1198 11.620547128919691
1199 10.90054635025291
1200 10.513498220770469
1201 9.68905345773316
1202 9.892149747156566
1203 11.16175655386479
1204 12.422841188083208
1205 12.536449460607235
1206 9.614217200234936
1207 11.722206481384498
1208 11.052881362815064
1209 10.659758080508569
1210 8.73996635193189
1211 9.119534633373615
1212 8.05121314607308
1213 9.656773275106387
1214 11.046040107390896
1215 8.544924554131132
1216 8.625291406013725
1217 9.532631797290573
1218 8.34324255013481
1219 7.308011431982103
1220 8.835288682066988
1221 7.800109814545019
1222 8.429140599082297
1223 7.7317084691213935
1224 8.645576231431154
1225 9.294066356957384
1226 9.782852138699075
1227 8.981084574219453
1228 8.911953033744963
1229 8.075683284677993
1230 6.848257389161781
1231 8.57075600239648
1232 8.318776769138976
1233 11.676709471081816
1234 8.824647128038828
1235 8.749475025070234
1236 8.100966371126843
1237 8.692934958650373
1238 8.004078959354224
1239 7.7925030743651735
1240 9.35732852840376
1241 8.814613867231468
1242 9.984602433539603
1243 9.47693953399034
1244 11.713665939924098
1245 10.438578028660215
1246 9.888691110745752
1247 9.27458085371991
1248 5.611101479245269
1249 7.824107454345599
1250 8.045566250558418
1251 8.819137827700041
1252 6.5958966743507395
1253 8.42273696610023
1254 6.739576322630206
1255 8.12613848092894
1256 6.793799451468774
1257 8.16922843854823
1258 8.943200527848942
1259 6.70180042313297
1260 9.15623994391318
1261 6.725385092143541
1262 7.66421382080494
1263 6.638742778513795
1264 8.049264235559068
1265 6.389982887168276
1266 6.986971573369784
1267 6.559277313158882
1268 5.870738982417362
1269 6.51778167619619
1270 7.255059303001784
1271 5.649166625703692
1272 6.719822124640073
1273 7.338611335151136
1274 6.3449777885438525
1275 6.686095862919112
1276 6.660703005854892
1277 6.67286478204767
1278 6.816858777927289
1279 6.277421249664459
1280 6.04660673482516
1281 6.382834784364361
1282 6.336852352711418
1283 6.806188679732327
1284 5.248362237184141
1285 5.43636580483719
1286 7.277256453062869
1287 6.077554675958754
1288 5.938795338723009
1289 7.491486317846565
1290 7.778307813099644
1291 8.405220300689423
1292 8.536274017663061
1293 10.113181868071212
1294 10.175340004755952
1295 8.300475841241349
1296 9.295216392997492
1297 7.699518761318539
1298 7.782546488156147
1299 9.017518521032894
1300 6.344407689211313
1301 8.497247037828842
1302 9.635421987797143
1303 9.51466219144218
1304 10.587428997599305
1305 7.968180306158184
1306 8.402912235845827
1307 9.455628912266706
1308 7.574048897209336
1309 8.67765608907458
1310 9.169181823664767
1311 6.5760192271638775
1312 5.670767329430227
1313 4.775007051507766
1314 3.81108266642722
1315 5.122266575932473
1316 6.6376859846464695
1317 5.604980876678623
1318 6.62937954585903
1319 7.638991356470254
1320 6.572656676072719
1321 6.895697086010016
1322 6.337075779273291
1323 4.64076117774426
1324 6.173545246207674
1325 4.363835357996979
1326 4.414422154604685
1327 4.3095042454787675
1328 4.228904116965251
1329 4.095912506217289
1330 3.241661332257016
1331 3.451991748132905
1332 3.6973741108536693
1333 3.5411723493390084
1334 3.26329157423447
1335 4.604272160567864
1336 3.779862276654786
1337 3.382440290936068
1338 3.3669101869130147
1339 3.443270335377532
1340 3.4505576845866495
1341 3.285573507763149
1342 4.2148398352578615
1343 4.264866029238376
1344 5.020490652495631
1345 5.516782171488345
1346 4.301426331389531
1347 3.995241467129311
1348 6.081322625250588
1349 6.725295667980154
1350 6.572781640715973
1351 6.6974761270547605
1352 6.570851065776318
1353 6.716568741182415
1354 5.742857080874843
1355 7.4642381702176985
1356 6.239707135061354
1357 6.4792372414548405
1358 6.27724032465687
1359 7.1658121720383345
1360 7.340926781355436
1361 7.734804434718203
1362 5.867763434189914
1363 8.037915245066358
1364 7.408638206033939
1365 9.311572564791641
1366 8.711018964789009
1367 7.852172282675573
1368 9.220435703923963
1369 8.034285911447796
1370 8.349346209937972
1371 8.770490961675359
1372 6.374226136846649
1373 7.565155533077429
1374 8.967483199507226
1375 8.760286716701707
1376 8.484645482315933
1377 8.173018729727833
1378 9.242041030443463
1379 7.949308401207029
1380 7.4633164156098255
1381 7.243776031711472
1382 7.317890877450741
1383 6.8491327681707075
1384 7.745383041384336
1385 8.512630424052716
1386 7.433024865015676
1387 6.649934676694621
1388 8.59515516196537
1389 8.021030295450025
1390 8.630922610631053
1391 9.298890325559697
1392 8.313106486789911
1393 9.20660506931131
1394 7.388554728719853
1395 8.317759254948383
1396 6.987454906922358
1397 10.06618804084048
1398 7.358247390763397
1399 9.658914515222056
1400 9.358488300788174
1401 8.531445999333558
1402 8.97089063692309
1403 8.743367119937314
1404 9.417625225840641
1405 9.330055394116178
1406 8.569317830508904
1407 9.842736655120271
1408 9.348221131844886
1409 9.853810450885724
1410 7.509220524312621
1411 5.679687469221218
1412 9.288536868212763
1413 11.011518904570773
1414 8.318311963922701
1415 7.772254274436915
1416 9.219863781036327
1417 8.819110019553168
1418 8.693452679458881
1419 8.973418573360853
1420 8.733365984804752
1421 8.997549318634938
1422 7.362776309677447
1423 7.837530042836249
1424 8.02642744982555
1425 7.841160749667162
1426 8.454376097116105
1427 7.6920729927945235
1428 9.511352618634486
1429 8.888399107539435
1430 8.417839282590249
1431 8.99785207717533
1432 11.705096671316445
1433 10.711735104726905
1434 9.622594770953022
1435 8.297916271627168
1436 8.763242308023832
1437 8.049319904486103
1438 7.321699274333888
1439 10.283641111783627
1440 12.807414341423904
1441 12.410734527741957
1442 12.508764451089348
1443 12.561780121503569
1444 12.058636341411026
1445 10.5518791502914
1446 12.780310330744008
1447 10.649732249883488
1448 9.914400250928987
1449 10.550003264360639
1450 9.28942903922204
1451 9.387736081273781
1452 9.369023787896825
1453 9.706789569186617
1454 9.694299086637928
1455 9.305439313286135
1456 8.93084748942715
1457 7.919135624553752
1458 10.148821571938724
1459 9.551603392792433
1460 10.236269551104341
1461 10.363339507590496
1462 10.013904696243772
1463 10.84256770631814
1464 8.803416678106691
1465 7.488622647923292
1466 9.019949772360118
1467 9.934201564139704
1468 9.397466030796604
1469 8.395757109820337
1470 10.12317630859087
1471 8.194327959018679
1472 8.028860217070877
1473 9.917595019211186
1474 8.479626749187824
1475 10.37965689791826
1476 11.573868365103516
1477 11.457876725189253
1478 10.364046337043144
1479 10.07529037452235
1480 8.778372772395587
1481 10.893643941915974
1482 9.017608348909437
1483 10.077531097223327
1484 8.123050767089305
1485 10.235865732043644
1486 10.508801961322986
1487 8.715467963906214
1488 8.37790865712492
1489 9.32884938382166
1490 8.75702426944426
1491 10.859122147817123
1492 12.10196773600325
1493 10.6519739683267
1494 11.67264742884754
1495 11.834521277950346
1496 11.831457848203568
1497 10.076659391178012
1498 11.116521791744841
1499 10.64233391763194
1500 9.936078613883382
1501 10.491796845523892
1502 9.661215731317801
1503 9.28831726157548
1504 9.81042461421856
1505 9.804356602206468
1506 10.076450645390032
1507 9.671602421890816
1508 9.794412532228849
1509 9.67415091563124
1510 10.859307290702128
1511 9.355260552621276
1512 8.048394699172892
1513 8.547598074455914
1514 9.387613876320426
1515 9.660722158003374
1516 10.25207799963548
1517 9.49589818543187
1518 9.430910608575012
1519 8.930770388191803
1520 9.496844265411383
1521 10.378075657721096
1522 9.910587351574437
1523 10.023713041647872
1524 9.539588047643756
1525 8.707929534146226
1526 8.963557540950442
1527 8.711689129436722
1528 7.8378144453964165
1529 8.622935503502086
1530 7.820085163497362
1531 8.573232006446966
1532 8.16972865817696
1533 8.680427882546816
1534 6.948684119655635
1535 7.009441166149082
1536 9.483909318190031
1537 8.636174691183406
1538 8.936717573218411
1539 9.08836970827125
1540 8.942654536310634
1541 8.346113868282135
1542 9.71368006399822
1543 9.398607765257733
1544 10.22155783118946
1545 9.3032085135719
1546 9.595983107667221
1547 9.583092550699
1548 9.816668032048211
1549 9.67982422659434
1550 9.093889148175355
1551 9.996294131420173
1552 9.205345577433974
1553 9.717274822858021
1554 8.794998123572327
1555 9.867183153714553
1556 9.75321670837331
1557 9.832897044209181
1558 9.54195328593642
1559 9.183270474753089
1560 9.688001817555701
1561 9.576951456761599
1562 9.546542475665866
1563 9.549690558677078
1564 9.956025735688364
1565 8.65259845933964
1566 10.065032045615693
1567 7.783531343773842
1568 8.45120713430065
1569 9.209311839342257
1570 8.788804925359448
1571 9.163493407235634
1572 8.944156571425564
1573 9.647048946432365
1574 10.550752246759856
1575 8.1953274101134
1576 8.141374304506556
1577 9.307422704665075
1578 9.045779733931315
1579 9.722197008723972
1580 9.698235534098274
1581 9.781646309042724
1582 9.980866033616504
1583 10.927423574225697
1584 10.42549226034756
1585 10.363843195364842
1586 8.90465549491746
1587 8.728314844157547
1588 10.463844191232573
1589 9.369074356188323
1590 8.532925408787477
1591 9.09907657493677
1592 8.852456069513742
1593 10.38550661277422
1594 10.477325336409047
1595 11.179244932882934
1596 10.388392774978694
1597 9.763134756234958
1598 10.295569135605124
1599 11.462878889236396
1600 11.124186607287895
1601 11.082100842321934
1602 9.838880865374922
1603 9.70226356116668
1604 10.312417816220034
1605 7.7530799413627065
1606 8.456925851340252
1607 7.969836734051534
1608 8.93262180677587
1609 7.994076526391067
1610 8.97309125164602
1611 8.626579783372703
1612 8.716051938108743
1613 8.563598042998617
1614 8.61961429421766
1615 8.560283470633015
1616 7.575304512590254
1617 10.258124128543507
1618 9.624668282473213
1619 9.51182430075505
1620 9.240725684771164
1621 11.376023235221572
1622 10.095710608518914
1623 10.653566945598332
1624 9.959687537825134
1625 9.615310658149687
1626 9.900935179194741
1627 8.834739638593486
1628 10.035002176142303
1629 11.437527953346347
1630 10.535528919094114
1631 11.03510781527142
1632 13.008291895828641
1633 11.34724876381439
1634 10.9493389915103
1635 9.61220171491227
1636 11.93449093079532
1637 11.414152545728678
1638 11.856550007267776
1639 13.490283061203577
1640 12.65905496323564
1641 13.602419271647067
1642 13.051378672522945
1643 12.938099758446118
1644 12.242541843154278
1645 11.073389522576962
1646 9.866143920774906
1647 10.113008075055077
1648 8.841871374642258
1649 9.426424958342539
1650 10.331577548700349
1651 8.630277862464375
1652 10.381515202974438
1653 9.69905359079703
1654 9.728289028974968
1655 10.619931460289907
1656 10.705201604695475
1657 11.06153896076723
1658 9.340053439687477
1659 9.82500382020067
1660 9.240160998188955
1661 8.938235721098568
1662 8.855065955352089
1663 8.917327742868695
1664 8.878523257481556
1665 9.16273254661291
1666 9.315326338734334
1667 10.330188928997147
1668 9.575552977748023
1669 9.07822468266207
1670 9.133027450910834
1671 9.46913257973771
1672 10.641582788298136
1673 10.37438968664007
1674 10.94145899512775
1675 11.070579029720527
1676 11.521315280684927
1677 10.673790271448915
1678 10.688968039483147
1679 9.081733091726726
1680 9.701600917179595
1681 8.931449078371337
1682 8.818729520561648
1683 9.811300813415555
1684 8.625206377500138
1685 8.792443722969606
1686 8.508563759982973
1687 8.952688700028993
1688 8.692003736272664
1689 9.813722449539283
1690 9.466510045969471
1691 8.670956398170816
1692 8.3934255727356
1693 8.728737968968654
1694 8.55665668604925
1695 9.121883331774063
1696 9.30900872020795
1697 8.454680238900481
1698 9.222529684455695
1699 10.549526590313521
1700 10.584703249591804
1701 8.13769146162253
1702 8.610655532991304
1703 10.232750133222135
1704 8.126407275125954
1705 10.115479739596296
1706 8.875427486397234
1707 8.191364059794056
1708 9.780845491119917
1709 10.400524128054867
1710 8.091748345276324
1711 9.789199305382276
1712 8.976821754552061
1713 10.113159815957387
1714 9.81226445569299
1715 8.367842126550563
1716 9.046891406750298
1717 9.906755692531108
1718 11.08023061427171
1719 8.654943180567237
1720 9.053043047869375
1721 8.408573183884128
1722 8.64157483907865
1723 9.338910584144672
1724 9.002629130669039
1725 8.65139141224161
1726 9.650358705735268
1727 7.980921052199122
1728 8.106552687443703
1729 8.504675003923003
1730 10.310686737639692
1731 9.29621489208307
1732 9.206842855139891
1733 8.51006346595717
1734 8.796178063372412
1735 9.41116477385676
1736 9.576400223030758
1737 9.335467825372827
1738 9.211449023575916
1739 8.533193746783612
1740 10.111016074251928
1741 11.47907350276855
1742 9.3859928362145
1743 9.47678094924932
1744 9.989514714876336
1745 9.811532839933419
1746 9.478102023737804
1747 9.296971847431111
1748 9.618247316585451
1749 9.723920307193263
1750 10.10255825284925
1751 9.027483718064236
1752 8.491678499933832
1753 7.852320562560507
1754 9.327754946278194
1755 8.768670911235667
1756 8.435073068024124
1757 8.806592788539499
1758 8.544591876619753
1759 8.064507491259748
1760 8.006277968242607
1761 8.204287935774605
1762 8.45491402594454
1763 9.405592405815893
1764 9.008062096354204
1765 10.366154029830179
1766 9.193351121618363
1767 10.876735436453203
1768 8.971484304801427
1769 10.524465994608843
1770 9.922677635939658
1771 9.319204993940739
1772 10.305694835942392
1773 11.178382425465264
1774 8.947474458657727
1775 8.460143994138333
1776 9.105199222504899
1777 8.398221288029536
1778 9.247022391085094
1779 8.582780282300789
1780 8.580783473141903
1781 9.989088878531383
1782 9.517591139687097
1783 8.887327178718335
1784 9.344487527465972
1785 10.757725970110005
1786 10.145034367240434
1787 8.987452629999318
1788 9.750516626219424
1789 8.860290821726794
1790 10.605927043262543
1791 8.764514438087755
1792 9.32312956609553
1793 8.652627911276198
1794 8.556061863153973
1795 9.079772048641539
1796 8.182309957978108
1797 8.70458812056858
1798 9.593274349368755
1799 8.906339361939008
1800 8.74411268343114
1801 8.518947925275228
1802 9.036213683010226
1803 9.321685099214305
1804 8.185590239466201
1805 8.977219787948462
1806 8.177452273309768
1807 9.759586070077457
1808 9.491516939499922
1809 10.493261139687593
1810 10.653555809263699
1811 10.214549153906203
1812 8.284957795731128
1813 8.312785613111261
1814 7.63879830411379
1815 9.048047506080046
1816 8.334801261239488
1817 9.887003215326336
1818 10.257510563155328
1819 11.72572020541012
1820 10.534498835847089
1821 11.961717434469353
1822 11.88926239181998
1823 10.844632191163363
1824 9.217814944675341
1825 9.253033499753323
1826 9.651893777332491
1827 9.857883969169386
1828 9.60845555606903
1829 9.82082745272468
1830 9.819620217871629
1831 11.10171845266682
1832 9.564777876124827
1833 8.476618492173113
1834 7.945538408861896
1835 9.626061007495295
1836 9.381336353904361
1837 10.904211376255496
1838 8.89554502063131
1839 9.758264139868636
1840 8.985906627768756
1841 8.876805789239935
1842 8.406861921255821
1843 8.665170755189427
1844 8.701282780905192
1845 8.035556006288479
1846 8.328772186023501
1847 8.783233315829705
1848 9.702410901153112
1849 7.98913139255502
1850 8.52811613199895
1851 8.75964313721423
1852 9.855741672867753
1853 8.616355634347418
1854 8.093945649729612
1855 7.973181357947236
1856 9.069991822188726
1857 9.509518583071568
1858 7.7335285736849935
1859 7.508964596412163
1860 8.182239653445285
1861 7.943148028481924
1862 9.309891743752182
1863 6.774574289477476
1864 6.175763435517512
1865 6.182388809854941
1866 6.574808932499097
1867 6.637750910296517
1868 6.669885332077403
1869 8.186426155799452
1870 8.750875867378513
1871 8.195885864119731
1872 9.299429651533112
1873 8.390718627553456
1874 8.373738438935684
1875 8.34855268493175
1876 8.884054531708939
1877 8.034265874681346
1878 8.84554087986276
1879 8.317081601298323
1880 7.283359270967013
1881 9.986542075486728
1882 8.351826426523186
1883 9.02160220122256
1884 8.430661522294553
1885 9.712311361858747
1886 9.696902983298797
1887 8.043769351689564
1888 7.582897503281056
1889 9.307600985583054
1890 9.00819262186902
1891 7.784348121519692
1892 6.8290552673038825
1893 7.12253010058118
1894 8.511301611294044
1895 8.634613357359504
1896 7.915385963715303
1897 8.038944119614033
1898 8.482901177971643
1899 7.4586685308160305
1900 5.614072961586793
1901 5.559763680244744
1902 6.75992951057788
1903 7.384080296194768
1904 7.017182443091438
1905 7.453842254967838
1906 7.784064663137316
1907 8.246715909463077
1908 9.059197362715016
1909 11.067678090893887
1910 11.035318463862273
1911 9.094449541682371
1912 8.49892954202347
1913 8.505124963546052
1914 7.836013359520158
1915 9.365992861500194
1916 9.032393942196693
1917 10.053943574323487
1918 10.719219485835717
1919 9.937623372624055
1920 7.456905462113463
1921 7.7879633482377395
1922 8.737807650601123
1923 9.243012264073586
1924 9.110013022432538
1925 9.328851346308776
1926 9.55494133571389
1927 10.132624395060928
1928 8.046017435780994
1929 7.3243912744172475
1930 8.297026965761038
1931 8.776691065001275
1932 8.075316208002787
1933 8.35666901998418
1934 9.448350384211443
1935 9.837627385912272
1936 10.607132855083716
1937 8.452161664055433
1938 8.062609408065118
1939 8.725007513845211
1940 8.560445815003336
1941 8.869654272247478
1942 9.50901082470364
1943 8.840189445081592
1944 8.3917279195031
1945 9.225871326149948
1946 8.246996636561539
1947 8.738212484483507
1948 10.523808846237127
1949 8.424888294787086
1950 8.679583297972721
1951 9.633415472574189
1952 10.830538302940878
1953 11.427149668696028
1954 11.704189146671302
1955 9.871288266090131
1956 11.594858838910913
1957 11.889778271047948
1958 13.181717387831492
1959 12.642694735077505
1960 13.168519976410337
1961 9.695588337289484
1962 11.585454699216672
1963 10.851106018525357
1964 11.456279978061616
1965 10.739590018485208
1966 9.38197963969865
1967 9.160940754337668
1968 11.028329088071642
1969 11.805326566780227
1970 9.170785659397382
1971 9.083651630394094
1972 9.5905190926001
1973 9.356325775881977
1974 7.902468460972509
1975 9.843554071746409
1976 9.519605346545235
1977 8.952593401456241
1978 7.965074343814517
1979 7.866189625526439
1980 8.260437269676512
1981 8.701227298994377
1982 7.607883924254852
1983 7.226535498098102
1984 8.711666620463463
1985 8.203001648498361
1986 8.863510698898256
1987 10.208576276055263
1988 11.746473993186397
1989 11.395091489196254
1990 11.299998441067505
1991 11.508502103592598
1992 10.875550812999393
1993 10.405914162258572
1994 10.159878404737954
1995 10.482484432451056
1996 9.232811792355573
1997 7.929247684399318
1998 8.706029951583965
1999 10.213031721976222
2000 8.526581474563464
2001 10.793399001646577
2002 11.375286182195763
2003 10.15032105985036
2004 8.32901732239221
2005 8.679910566472001
2006 9.427746213552208
2007 9.678701693238175
2008 8.191020472483034
2009 9.22685304936344
2010 10.323014373655344
2011 11.491762753730477
2012 11.145664984609244
2013 11.268734782993787
2014 9.671014499669306
2015 10.60191378408768
2016 9.686226705870958
2017 11.504165571411008
2018 10.68410214265036
2019 11.695593204140936
2020 11.558284461346512
2021 10.06257236717268
2022 8.002261802272637
2023 7.4169910942391715
2024 8.52390323272789
2025 8.76642920176889
2026 8.49205918272273
2027 9.160420910820699
2028 7.04155157203613
2029 8.766000770340712
2030 8.96004109335379
2031 8.604207400293122
2032 8.550406711114999
2033 8.666974119343706
2034 9.504829935090122
2035 10.826957764034521
2036 9.591967304741084
2037 8.625991574804061
2038 8.988144024721384
2039 8.553764006403847
2040 8.129073580905496
2041 7.701263828135203
2042 8.629287904900382
2043 7.985753793323466
2044 7.867279047487019
2045 7.93472537152655
2046 8.873613450835274
2047 8.617716503846601
2048 9.186920023916837
2049 9.073662822842305
2050 9.098690868476304
2051 9.801262193747352
2052 9.408001385573568
2053 8.523295309119835
2054 8.21252256910603
2055 7.943960922342778
2056 8.194791619659917
2057 8.912042434806258
2058 9.142502175450142
2059 9.414551317459017
2060 8.93409896367937
2061 8.130333154439413
2062 7.853032195461206
2063 9.088301831670398
2064 9.091558957675552
2065 8.358181042169806
2066 9.671146810833747
2067 7.851805496450263
2068 7.960530287461071
2069 9.397127736509438
2070 9.900077788843284
2071 8.715848185628163
2072 8.682940389209373
2073 9.518741100646828
2074 10.670068311925968
2075 11.137683439990358
2076 11.692093744954917
2077 9.46000068704531
2078 10.092543426837231
2079 8.471950272814535
2080 8.417360384540567
2081 7.126489698978711
2082 8.133921565522833
2083 8.031447233875088
2084 7.6859873821363145
2085 9.5900756659604
2086 9.556530031973798
2087 10.487985219591213
2088 9.713125258446844
2089 10.187870680205263
2090 7.74763143240061
2091 8.93415349542238
2092 8.808922881517356
2093 8.128256827350567
2094 8.776488161417804
2095 8.668004534456555
2096 10.193537025731567
2097 10.01392615483373
2098 9.370540506582843
2099 8.387226365690736
2100 9.572762221620257
2101 8.775072787662667
2102 9.332484507910134
2103 9.148385507862022
2104 8.859357034926402
2105 9.188555419958258
2106 8.323025159212117
2107 8.520389107721256
2108 7.5412067990321585
2109 7.754165013159891
2110 7.794160536588174
2111 8.34664302781364
2112 8.74633281171606
2113 10.873511014734088
2114 9.714714710061406
2115 8.887486403246921
2116 7.8453920647799515
2117 7.693501614012172
2118 8.05391931328832
2119 9.10849333496405
2120 9.64865428685121
2121 7.66242546130753
2122 9.783676255739811
2123 8.600313928828523
2124 7.403614082347011
2125 7.423417981405582
2126 9.12330950847012
2127 9.301385970618787
2128 8.777444848156792
2129 8.688143034451379
2130 8.958180564622154
2131 8.385384973362575
2132 9.436627460633527
2133 9.633566798291328
2134 7.4442625793650095
2135 8.085303814657326
2136 8.464292865006227
2137 7.236764968157415
2138 8.74964532786369
2139 8.864788627509032
2140 9.164746734802906
2141 8.901700639942527
2142 8.088805612461783
