0 4.465353464017564
1 4.105196108268811
2 4.412739430039144
3 4.207201244895638
4 4.055695089179881
5 3.610381365744177
6 3.747552237438581
7 4.390123240016869
8 4.2111275857724
9 4.0303569740536025
10 3.8644668290947495
11 6.565327670655664
12 6.750291551064836
13 6.587425380003081
14 6.291024839756109
15 8.051069248177482
16 9.06804195626871
17 6.724857937144246
18 6.720028020776192
19 6.784227394811233
20 6.867421614776308
21 7.092342261463391
22 8.223792487657358
23 6.614771053824169
24 7.131424425559871
25 6.849689363258269
26 6.150429128945771
27 6.410450665034102
28 6.704378107580048
29 6.225586597401399
30 6.680990287097976
31 7.496194342078992
32 7.826605429229571
33 7.743956566193189
34 8.393237991859513
35 7.78125734932569
36 7.791429017326796
37 7.06406327930759
38 6.063242600505733
39 5.856943702070453
40 6.828387125931475
41 5.942513301513193
42 6.2464941593426095
43 5.88545756324912
44 5.930419932484133
45 5.874473251847831
46 6.616089297548325
47 5.971245302754985
48 6.317926540827483
49 6.1643645577341335
50 6.534813925123208
51 6.747559420771346
52 7.678883459819601
53 6.917485200670152
54 5.849052598143444
55 5.689967430651462
56 4.971886046287607
57 4.026257355888266
58 4.02373269306869
59 3.7998632920246536
60 4.249508564427771
61 4.411957535815339
62 4.3416284043470394
63 4.149499446564769
64 3.878483796797069
65 3.5950661765671392
66 5.968178717970577
67 5.068831838078563
68 5.814797949246265
69 6.106105953270908
70 5.780807533801087
71 6.502192845241172
72 6.147973063572527
73 6.648631284858028
74 6.119857089254073
75 6.61478551810211
76 6.082050562520403
77 8.257434955084564
78 7.377263140038343
79 5.803056156808562
80 5.530812728735903
81 6.870419766544199
82 8.128936702486293
83 8.392710595296387
84 6.303429953592461
85 6.516275089982376
86 5.628138322672445
87 6.532930173811475
88 4.101280683494057
89 4.207813687876765
90 4.036956192588224
91 4.196751236878034
92 4.2199911166193385
93 4.019188828832777
94 3.338555478629408
95 4.1716763046990595
96 4.012245122501892
97 4.262890080246489
98 4.072770677082421
99 3.96254226331757
100 3.3844029689931254
101 3.9935662981802715
102 3.8506537139016546
103 4.041182300727449
104 4.024136306853098
105 4.316237106383009
106 4.371456743783739
107 3.9699943356560725
108 4.036252395562476
109 3.7793534002530884
110 4.084277333449955
111 4.198569556235997
112 3.663100787734192
113 3.224718554350118
114 4.228018866367374
115 3.861514262899093
116 4.293403064951712
117 4.664960712675547
118 4.218361632059786
119 4.231700247634792
120 4.3922921575004406
121 4.500317716578967
122 4.923258255373284
123 3.6379999873954083
124 3.59975599853493
125 3.6173589840309024
126 3.353108934428904
127 4.412593363217232
128 4.5541222227000056
129 4.343912267364843
130 4.2305721895420705
131 4.39069798314498
132 4.209503162685147
133 4.158379054882349
134 3.8670235099380603
135 4.56621014867308
136 4.102911080968472
137 4.200527537750003
138 3.9537524527364427
139 3.742606540478614
140 3.750371242388776
141 4.13482177981618
142 3.8087445525247694
143 4.202407626025842
144 4.563060632363374
145 4.323931610058312
146 4.040124752998729
147 3.9187706467771464
148 4.037433333951956
149 4.045751694214962
150 4.1314417985788205
151 4.376833740966238
152 3.999013665788759
153 4.29259875371592
154 4.35010861741941
155 4.044637864051918
156 4.111755277052387
157 4.349924860997809
158 4.052320583536678
159 4.323175182454718
160 3.9670819946269917
161 3.957617688063231
162 3.8404198868922417
163 3.2666517006680786
164 3.8784819841241696
165 3.901416633358043
166 3.6530723034704984
167 3.9439218255575903
168 3.9444538821488413
169 4.251781250840921
170 4.188490743495813
171 4.450137234779722
172 4.549054705594026
173 3.3968616526632136
174 4.127649046117775
175 3.9059539845288453
176 4.393827819088025
177 4.28032902140899
178 3.6170616259734802
179 4.3675110498052865
180 3.8411424995454704
181 4.245495004284914
182 3.5068584372988387
183 3.933477257144138
184 3.7810885812642105
185 3.653802483012455
186 3.7920036164878326
187 3.9575402996458293
188 3.753904687602438
189 4.293335861836892
190 3.255109034190142
191 4.026564986192936
192 3.551754463012858
193 3.502448413436515
194 4.107652619053412
195 3.8503784170083515
196 4.133063203685955
197 4.019464016021313
198 4.32927335785838
199 3.3873419658770962
200 3.353195628748872
201 3.6228770855683416
202 3.659523308395031
203 4.01209198108194
204 3.88085613562983
205 3.6404135276523584
206 4.1674974128689035
207 4.208330034192442
208 4.369200598349204
209 3.3258415769182204
210 3.5325697420280586
211 4.129599982123094
212 3.697098304628152
213 4.098204743239557
214 3.836140299965706
215 3.3180040426040986
216 3.784711186708298
217 4.2567564305924765
218 3.4661628742006063
219 3.8974616136255182
220 3.6980232565738054
221 3.6438580023968803
222 3.64417741639755
223 3.651948237867429
224 4.388695739806686
225 4.211590935013322
226 3.674822044669504
227 3.698518400017085
228 3.5123199306858184
229 3.8852005318334477
230 3.8546055823045866
231 4.803718620952624
232 4.130083929398731
233 4.15140857937406
234 4.258602946000794
235 3.9245650054026755
236 3.830893127021899
237 3.700937276743594
238 4.4140326330364426
239 4.2600479815645
240 3.952837376655699
241 4.2391403219220996
242 4.02190532769091
243 3.9405598913954045
244 4.128017084020221
245 3.7595262619473213
246 4.098647510682859
247 4.1790329676623745
248 3.396175578548854
249 4.732831294823929
250 3.720382879904298
251 3.4620432843103854
252 3.975933735363943
253 3.8844171888392527
254 3.8574442720923683
255 3.562783696564951
256 3.6924801960982436
257 4.688322982475763
258 4.248553886828464
259 3.9812004477497176
260 3.3040967175925036
261 3.2776305834253225
262 3.215522598855826
263 3.814182798366519
264 3.82431434097071
265 3.8201804433429736
266 4.035955649640719
267 3.520444298580616
268 4.050677320053265
269 4.039416661156572
270 3.4685026965455954
271 3.91111909842889
272 3.457644558370722
273 4.141286985489061
274 3.611870840376183
275 3.2411373530596417
276 3.642653661128199
277 4.246953203177664
278 4.031429910947582
279 3.998962567830109
280 4.103970632196696
281 3.392979769841998
282 4.199004839885931
283 3.2267089982397885
284 4.416112236923022
285 3.298203531309322
286 3.5962536934554223
287 4.066953448390386
288 4.0294140503652285
289 4.00544372457626
290 4.016659126981095
291 4.151313229143711
292 3.8532158119630138
293 3.69730790060088
294 3.3812736100106977
295 3.25995726186117
296 4.3685215736492315
297 3.6478088523543906
298 3.3244829490924386
299 4.10346951879556
300 4.210255604586088
301 3.6995858459753808
302 3.4708012578109715
303 4.009377045325085
304 3.446081826556176
305 4.302872716668434
306 3.8079016666038648
307 3.594453205089256
308 3.9530055314182064
309 4.402151842123074
310 4.06085266503145
311 4.1743635324489485
312 3.986773820837709
313 4.179551673109776
314 4.497325296886172
315 4.46369148667384
316 3.4376723798422106
317 4.0704019371789775
318 4.463009676258736
319 4.389498095283439
320 4.185486711824112
321 4.186022608178324
322 3.2416235686107577
323 3.8877184656784194
324 3.7770723294456863
325 3.7646756095617366
326 3.185105806775159
327 3.8993823822071043
328 4.056653199327937
329 3.797466405588072
330 3.9969420639641062
331 3.9619986484090544
332 3.284422734679427
333 3.86490985788979
334 4.035269357950604
335 3.2013324001288472
336 3.71206869539531
337 3.380639045679026
338 4.031485935359564
339 3.791693511754937
340 3.482363224174553
341 4.004150264287651
342 3.6152380452292396
343 3.693657576476286
344 3.984321306255976
345 3.8106320039197232
346 3.8833378222745014
347 4.119662456091751
348 3.601528217494903
349 3.5413772136503705
350 3.940040053122002
351 3.7923214097053854
352 3.6319343371500334
353 4.417963963098503
354 3.4517986765326976
355 3.243531795098325
356 4.110315665020235
357 3.8030365980659235
358 3.8236152593240176
359 3.8145313313769247
360 4.409282749787906
361 4.1419269155373994
362 3.8387037114303633
363 3.8844436017533686
364 3.725831403296478
365 3.2771184980628276
366 3.8590714531951402
367 4.614598375714524
368 4.1588337435825276
369 3.720894384440948
370 3.292123561671561
371 3.9191348520410543
372 4.204375804863272
373 4.922595644414409
374 3.6162752612974263
375 3.206810970805974
376 3.778243689964019
377 3.5561505747499074
378 4.483639386853278
379 3.3312464760934866
380 3.3822428611841557
381 4.236219757054948
382 4.205518515172097
383 3.298144672806342
384 4.074143837744553
385 3.7585924397372725
386 4.00914422655714
387 4.18434910301831
388 3.7396438053462235
389 3.2638388839621024
390 4.092484704318851
391 3.6257882751292865
392 3.3172745826351036
393 3.4154922864235626
394 3.901605205620043
395 3.2781264968799766
396 3.583512434032737
397 4.074293426130828
398 4.0120047111963
399 3.887199753386026
400 4.161201925229115
401 3.631176385261311
402 4.002639595768514
403 3.8913430808455165
404 3.2764284516807676
405 3.266936843006116
406 3.2766806464796616
407 3.987628780213595
408 4.0715781815105485
409 3.283283082689217
410 3.2611728503615502
411 3.673088163155209
412 3.362899976324197
413 3.216407592798716
414 3.8466138186993826
415 3.5346516721507872
416 3.373440130003569
417 3.9370758628633813
418 3.4604207703394043
419 3.668410395993423
420 4.078138546740819
421 3.3182708832662464
422 3.3782955190414046
423 3.432399533692752
424 4.166720187483981
425 4.325214050702947
426 3.5127706867193966
427 3.7799155893288927
428 3.216856447700777
429 3.3044134665255998
430 3.6854735079110275
431 3.379070079068997
432 3.4323260569190768
433 3.2802237921720248
434 3.8661491690921905
435 3.85293572110311
436 3.145305908132146
437 3.4884417747243512
438 3.5921560237880406
439 3.4010460475189683
440 4.1532706920680305
441 4.41997818657937
442 3.8815087764962954
443 4.077705395129167
444 3.6708744229059285
445 3.7907458721462457
446 3.4767724653222882
447 3.3595349273100865
448 3.2301304372598616
449 4.130228087511867
450 3.702755793693788
451 4.861519873944904
452 3.608155648038251
453 3.1795344525305667
454 3.2505490631794998
455 4.091296893679579
456 3.6919048760871997
457 3.9524205671452117
458 4.159069390538999
459 3.961321801666707
460 3.3912359902585925
461 3.9187926798584605
462 4.1121623301657175
463 4.105534142360153
464 3.3963844926544207
465 3.4285059965210705
466 3.799662752522296
467 3.7449503032146008
468 3.5271439991706144
469 3.2528081217331435
470 4.267476950160675
471 3.9280058431581852
472 3.7439791934921636
473 4.044023794155967
474 3.833087933599269
475 3.9330590488923485
476 4.234069387186089
477 3.8268429851274175
478 3.752985008299405
479 3.983546491453407
480 4.177382451703653
481 3.879573653819415
482 3.698459439763995
483 4.047275546680872
484 3.988884792373569
485 3.2588731805420834
486 3.388495987587854
487 3.8429489173367988
488 3.8220165485698803
489 3.4385490900780527
490 3.8342026907631572
491 4.363122869819868
492 3.8266917386343295
493 4.366668295824339
494 4.142685963480259
495 4.047323049114172
496 3.8758881643376726
497 3.66363203149044
498 3.586083930272579
499 4.0410390286934845
500 4.513468589538062
501 4.467248634710695
502 4.210233230063744
503 4.592186037475137
504 3.7310099408378323
505 4.1650660312116985
506 3.9813125359562496
507 3.3031362161625513
508 3.9696120549790357
509 3.7145112939745606
510 4.199113780059929
511 4.365383160721122
512 3.5488510701122906
513 3.415301026147345
514 4.150862306092462
515 3.602058210824482
516 3.9990762647480538
517 3.52462281352872
518 3.3647974612685165
519 4.256586505681972
520 3.91810219761981
521 4.111032724145097
522 3.6971264102787638
523 3.5197313251987734
524 3.9717242969003497
525 3.5723460395850437
526 4.364189432085914
527 4.091163120595422
528 4.03887166177434
529 4.000093328315936
530 4.048106254231608
531 4.282322158366791
532 4.580123695667524
533 3.2057555137096365
534 4.03520804228769
535 3.7603791592132625
536 3.317966237797862
537 3.7132991096500647
538 3.9408271855584727
539 3.8845556492989637
540 4.227987782425544
541 4.05965893397771
542 4.448397762139982
543 3.9770835499691097
544 3.644168635827583
545 3.956800163575925
546 3.8067683526580214
547 3.377480965650863
548 4.235723784405757
549 4.172532702346159
550 4.227928321815949
551 3.4447347027173043
552 3.9539956572948323
553 3.472092669273358
554 3.9437137286120856
555 3.464506144133174
556 3.54579804355905
557 4.078972641099999
558 3.4961456294566453
559 4.252874253404459
560 3.9313519684489524
561 4.145226611904066
562 3.837325190740884
563 4.089167041498093
564 3.8716433680067475
565 3.6697535945207327
566 3.999927860594427
567 4.3410639886798945
568 4.014093370728309
569 3.9461071850082727
570 4.2546134332262175
571 4.034956845461287
572 3.560860280286659
573 3.8858356729976125
574 4.27463018967966
575 3.9183479725283052
576 3.515076682911447
577 4.08895262446036
578 4.090895092350695
579 3.9936722423722486
580 3.357036272827925
581 3.960686126504454
582 3.848691256573279
583 3.2235670105051897
584 4.196194181501778
585 3.9570653136146263
586 4.000713631735209
587 4.086223823899698
588 4.110600952699342
589 4.031850449157911
590 3.471698040282671
591 3.937861122434607
592 3.7251764676246015
593 3.822924723025873
594 4.280399995615147
595 4.187044332475612
596 3.870844206469813
597 3.790842779363692
598 3.80335432512367
599 3.947123853456015
600 3.823163582272228
601 3.9407603602750014
602 4.075815709590382
603 4.476804857611687
604 4.362108023598746
605 3.4358632284842545
606 3.786785017008314
607 3.6425720794583785
608 3.86846345452865
609 3.646573603064198
610 3.574707642799894
611 4.013367110448884
612 3.604297778462097
613 3.6644643260874123
614 3.8718722844271567
615 3.9911980388490393
616 3.56019237127436
617 3.960616204791119
618 4.006088687556084
619 3.6669964774932136
620 4.173600068595982
621 4.186701313477963
622 4.170250643089591
623 3.6910872088090803
624 4.112362544630933
625 4.100680653775149
626 4.012784181516723
627 4.09178716071697
628 4.190199131980736
629 4.060129821195102
630 3.7068085452952255
631 4.185449590770244
632 3.5061311516826237
633 4.127954227724267
634 3.8872740815299154
635 3.3891692075225186
636 3.874395112628524
637 4.553884714230138
638 3.2245695947697044
639 4.064580419313485
640 4.176915788792358
641 4.2991492304277905
642 4.024318790298659
643 4.338131900649786
644 3.773333650984292
645 3.844226839257487
646 3.7078679070706744
647 4.188639402586521
648 4.166391641534786
649 4.27352726590767
650 4.040655777641684
651 4.122608873984652
652 4.288534511528323
653 4.384851138879988
654 3.9811471974518406
655 4.032685360752768
656 4.354112942097087
657 4.027804053806258
658 3.9313008181694897
659 3.8233216942300707
660 6.105967449263902
661 6.908180935795698
662 6.117973223769574
663 6.010234414758236
664 5.948430967780024
665 6.171611903970195
666 6.93019991191101
667 4.56775496745727
668 3.7160099325496265
669 3.7510131103208613
670 3.9424992436676733
671 3.477050509859055
672 4.403982935037915
673 3.9761587700385492
674 3.791413236698723
675 4.199703385049061
676 3.3908211750284707
677 3.339060338580545
678 3.3026295127026177
679 4.318911894299641
680 3.8738605810254003
681 3.4582036384427104
682 4.149492855453366
683 3.33119855804533
684 3.5328279525564428
685 3.8863676269113037
686 4.279214347159433
687 4.090280460400783
688 4.377455051125986
689 3.932706385281176
690 3.597629391424625
691 3.4429581216225045
692 3.6468005343314753
693 3.290350770521593
694 3.405684336083231
695 3.8710210055615706
696 3.3132743100379014
697 3.261749932783362
698 4.555762430098656
699 3.483319489779637
700 3.515127348048108
701 3.8822126774380847
702 3.5153180209397576
703 3.38002580681915
704 3.50377820093853
705 3.852222530976314
706 3.9083224721006378
707 4.190163140597486
708 3.9775233306026454
709 4.124377102410516
710 4.037563621543483
711 3.940048312582556
712 3.6164810694201135
713 3.5815470236750793
714 3.7643690345630274
715 3.2914576125496695
716 3.8582718012215977
717 4.278127903875581
718 3.9738398690546357
719 3.177559849885167
720 3.36328642472316
721 4.088333210208881
722 3.8408719677993544
723 4.15115076275895
724 4.053699951482262
725 3.846233301278768
726 4.119685854611313
727 3.8153276391805084
728 4.277006680227388
729 4.397197163679751
730 3.577797525378037
731 3.892952419119303
732 3.206199051470121
733 3.8953319616767104
734 4.143268335408846
735 4.667901964801041
736 4.37360634633117
737 4.118972716096195
738 4.0666127103946215
739 4.245555101956689
740 3.917564860931127
741 4.251994799227224
742 4.04509765007123
743 3.698041640693464
744 3.47087460779318
745 3.397655747642583
746 3.3342613679040016
747 3.8114553465985006
748 3.5246306810852235
749 3.3662935792322153
750 3.880626605764996
751 4.0629853519350565
752 3.7639217993213028
753 3.8421812698145636
754 3.343504539844984
755 3.9265836911326395
756 3.9597110478990616
757 4.288642082546821
758 3.861606000544939
759 3.253415694393768
760 3.591218997393365
761 3.301916589849595
762 3.519933199546362
763 3.750827736135925
764 3.7473946703423886
765 4.014897108569398
766 4.153138607879143
767 3.491947153582454
768 3.2611369008418736
769 3.9129056296077516
770 4.16691825381211
771 4.233292083641222
772 3.335585455337686
773 4.29629589546783
774 3.9943603984927054
775 3.8779313931385753
776 3.8836532203764182
777 3.944729112846052
778 3.335658338821317
779 3.2513627614878984
780 3.6099278149456175
781 3.7267539920936708
782 4.2044313814983
783 3.3108312394215553
784 3.942699433315631
785 3.379683760956494
786 4.0110133639184475
787 3.8775125088259363
788 3.959387830693306
789 4.387191277514552
790 3.9200020733685506
791 4.146250525212619
792 3.4409199338646217
793 3.831876257022013
794 3.4220961007038793
795 3.7134911180748262
796 3.929812293949368
797 3.917667112974656
798 4.071135681467219
799 3.395989390140319
800 3.3992193573544958
801 3.462211784984448
802 3.881059346023033
803 3.950617222239038
804 3.759652816756666
805 3.349295169643953
806 3.8043375914028372
807 4.171236098312072
808 3.685109255747734
809 3.987615598841671
810 4.319815275212697
811 3.962217300018182
812 3.973457310362159
813 3.9446139274631005
814 3.333230679392712
815 4.053672561074162
816 3.993828383687697
817 3.9296614366352682
818 4.402114880295375
819 3.9262090024585965
820 3.1679670344043425
821 3.3636427873310657
822 3.182783589835374
823 3.299316966101245
824 3.3841117545667574
825 3.63963277060822
826 3.8102041403604363
827 3.5084709380527133
828 3.4253340566333894
829 3.3936619674393125
830 3.215828309143344
831 3.464860659994808
832 3.4283628642418353
833 3.4228076608500615
834 4.064962059747038
835 3.6826856779008788
836 4.196053592763919
837 4.024349665820314
838 3.3550814722775755
839 3.843522911518319
840 3.969976856929904
841 3.981846198560617
842 3.8848456169205914
843 3.280524582968552
844 3.3778189436175485
845 3.337656383618076
846 3.515555389413777
847 3.392483897814723
848 3.8735846031238945
849 4.131987173784005
850 3.4383703115657096
851 4.044282121425611
852 3.8941850853234956
853 3.444344377676789
854 3.865800276848192
855 3.7031951880375087
856 4.4971126402500055
857 3.2478503771003666
858 3.2178378252482562
859 3.3790865442541054
860 4.099594168192251
861 3.9068026657865285
862 4.187955955709068
863 4.511076159456253
864 3.5159762406118102
865 3.7841421056978435
866 4.4147059116907394
867 3.5238350196776564
868 3.752850639390298
869 4.2449844540887405
870 3.150476555320642
871 3.292125887182874
872 3.29990519049775
873 5.759226303401124
874 4.171340583278307
875 4.0963297379538615
876 4.212677809485587
877 3.5240528156798403
878 3.188242112889852
879 3.7889264954434814
880 3.5256702674244775
881 3.7733133771102163
882 4.03368599641157
883 3.726182420093745
884 3.4381375968910888
885 3.876994201822365
886 4.136916272305709
887 3.9154725131897665
888 3.8048130882990145
889 3.752161804925213
890 3.301514760881884
891 4.1348896492717255
892 3.9707566803336443
893 3.327824612884647
894 4.153286421033205
895 4.184364781893025
896 4.281091768163109
897 3.9448592387167003
898 3.270564314302268
899 4.132410050936018
900 4.297712799473052
901 3.3444127178094742
902 3.4138500936289904
903 3.45896801356697
904 3.464041420614868
905 3.8396321245163043
906 3.937146650215594
907 3.763697977633765
908 4.134603766427995
909 4.5756487224418345
910 4.189337415388391
911 3.3098325320681323
912 3.609072130417798
913 4.053923584421881
914 4.286666451145512
915 3.9399159009865263
916 3.3196931312192746
917 3.833324395787786
918 4.351805222438891
919 3.990932906693861
920 3.880801268114562
921 4.0657596259297
922 4.085102523893704
923 3.2940055740172784
924 4.037928175428301
925 3.4897958678224854
926 4.237453113372379
927 3.4942575379202725
928 3.441610115788256
929 4.05933354063194
930 3.934127511715616
931 3.870051581903313
932 3.3108445105033786
933 3.304202772113937
934 3.750064436570434
935 3.6152552951793626
936 4.610713442267215
937 3.5888950999193816
938 4.392513790528689
939 4.091053287815829
940 3.955584904809554
941 3.4790622736872234
942 3.7580107194708177
943 4.069116393932761
944 3.361958988600693
945 3.958975838021389
946 3.2589267896499696
947 3.5357469345822503
948 3.579477375054772
949 4.047720339125638
950 3.5222397050058083
951 3.9041234783768415
952 4.2756701057734325
953 4.046535586848468
954 3.7449481179211404
955 3.7274963484311145
956 3.641931048047745
957 4.229140963364772
958 3.575385339247389
959 4.061321604184788
960 3.6431189273072753
961 3.565590164824764
962 3.534418020642357
963 3.3005471357429736
964 3.8457663731271907
965 3.5313971949898337
966 4.183828497225242
967 4.077898026276156
968 4.347589833227642
969 3.558811803826747
970 4.0013267340678365
971 3.752413001537876
972 3.8862823815726584
973 3.650325771605878
974 4.207000092655765
975 4.2192618856836805
976 3.840739113551107
977 4.273604640666671
978 4.074005655381471
979 4.090644821665943
980 3.953405059832051
981 4.006833792285669
982 3.866034418512449
983 3.786438557629681
984 3.1455864350918867
985 3.3216222196329905
986 4.3378985360858024
987 3.890948723876275
988 3.8689734753260874
989 3.2601307515590814
990 3.3321708456278887
991 3.980398780416206
992 4.092067642305351
993 3.624544755465421
994 4.168446749598714
995 4.2493862217989395
996 3.2101327383401173
997 3.4115413743889516
998 4.047667459702348
999 3.617713414051531
1000 3.9600759209794436
1001 4.087301702281929
1002 4.2238373387095
1003 3.4235991583986127
1004 3.9233464638455002
1005 4.176705895269867
1006 3.774244987329939
1007 4.084121610605276
1008 4.39088131822824
1009 4.561314730668192
1010 3.6743156353328237
1011 3.6810005826217163
1012 3.993911336835238
1013 3.5840385970544304
1014 3.323414325171611
1015 3.8726221532167004
1016 3.77072527985141
1017 4.2794961548202535
1018 3.3355429714841565
1019 3.8527572995787307
1020 3.763591212470134
1021 4.147704131699264
1022 3.845625886591187
1023 3.995446109352008
1024 3.9024348743474855
1025 3.9502006320979164
1026 3.910918868327221
1027 4.259709656066823
1028 4.116940737020864
1029 4.361734813967332
1030 4.168782860538488
1031 3.7421493092860145
1032 4.162994873708277
1033 3.459341869658102
1034 3.564465459412027
1035 3.903831052350483
1036 4.008014351857576
1037 4.030364822156878
1038 4.3127137686016335
1039 7.053261559964706
1040 3.7691749830630727
1041 3.8392747362294726
1042 3.260897626043038
1043 4.089132644554609
1044 3.300401213976848
1045 4.0575652088673655
1046 3.989375118458824
1047 3.960315455557753
1048 4.015747231513672
1049 3.378883246720313
1050 4.01362644857773
1051 4.435215618260087
1052 3.358922657262676
1053 4.286968892588298
1054 4.389739841731462
1055 4.067238582171953
1056 3.685995791807528
1057 3.904067841270286
1058 3.8481841488693367
1059 3.702628725166376
1060 3.467408096498646
1061 3.6836253496132776
1062 4.341800895632335
1063 4.02996495377537
1064 3.658810002867971
1065 3.8811184150532476
1066 4.2932195594420515
1067 3.907287304644733
1068 4.262705572489676
1069 3.6939166212187953
1070 3.804981736091038
1071 3.597575417867274
1072 3.278891419660551
1073 3.2775443669178497
1074 4.219278175463524
1075 4.050766051406445
1076 3.855477685915957
1077 4.0656664893932675
1078 3.796620475058755
1079 4.127408032725139
1080 4.01119136935917
1081 3.5324966195596406
1082 3.8810611972519222
1083 3.852948436976596
1084 4.0100672091789775
1085 3.977477601612538
1086 4.474301743514559
1087 3.6275166441114863
1088 3.9825615534642806
1089 4.435337702300344
1090 4.167229244701334
1091 4.053009525500121
1092 4.29456621159982
1093 4.167002358863
1094 3.6583467777450482
1095 3.816169645525393
1096 4.408295604244111
1097 4.041848580838219
1098 3.1820743387812263
1099 3.668589809188831
1100 4.3218459631263295
1101 3.3390881390039446
1102 3.902152057640232
1103 3.5981273537469796
1104 4.4793739632168785
1105 3.8072830692195674
1106 3.6943194395974515
1107 3.8078009476188703
1108 4.125249948799466
1109 3.899888856384463
1110 3.806041672259194
1111 4.040523121406484
1112 4.057516109567522
1113 4.086375297659299
1114 4.083167727941927
1115 4.286391996903488
1116 3.6310040119382387
1117 3.835701690656305
1118 3.469087295800289
1119 3.8185950245999267
1120 3.915389269613508
1121 3.2495430093130877
1122 3.278660309404071
1123 4.166358084937446
1124 3.6690129933524185
1125 3.975064950994059
1126 4.179157780768416
1127 4.182806071310045
1128 4.134464564620594
1129 3.371486846895124
1130 3.5597313635492935
1131 3.3044955520390897
1132 4.016176879958571
1133 3.910958240783787
1134 3.950877481322495
1135 4.0057875455406595
1136 3.4194731994395013
1137 3.643129494324851
1138 4.175704953941928
1139 4.136903118817655
1140 3.422083502316334
1141 3.3381474981153487
1142 3.3961298462034852
1143 3.0836877532431353
1144 3.436627161492117
1145 4.012745601518602
1146 3.80978502055892
1147 3.34184318283655
1148 3.333634567568025
1149 4.1760580805352205
1150 4.117817757463893
1151 4.184392358786409
1152 3.149595200701773
1153 3.2368401386629126
1154 6.311251412232658
1155 7.492621516471805
1156 8.878778329770782
1157 9.03078449875739
1158 9.004867243150539
1159 10.308925423928052
1160 8.881566266500354
1161 7.443286546929633
1162 8.676645952137912
1163 6.698530369695515
1164 6.409232256858321
1165 7.477935690343108
1166 8.191550554006735
1167 6.641129349711716
1168 7.233599857551848
1169 8.689575809722959
1170 6.808122069304373
1171 5.478267224449454
1172 4.327568241244249
1173 5.58821932305648
1174 4.2799043945834745
1175 4.155120196509569
1176 4.282865523511184
1177 3.693787095019608
1178 3.974184932269735
1179 4.134275100804234
1180 4.287527567097913
1181 3.391002081239157
1182 3.2852166408951735
1183 3.996138065597697
1184 3.941686064155082
1185 3.9949861918234726
1186 3.9345357188596437
1187 3.3560670534061545
1188 4.2133101995711675
1189 3.9010104993758747
1190 4.297322118645227
1191 4.19791840993142
1192 3.907032096689114
1193 3.9327243036292567
1194 3.9230979893594964
1195 6.497786502097864
1196 5.713235704659775
1197 6.074159537044119
1198 6.348222242041474
1199 6.707628435857861
1200 7.829832396161901
1201 7.646934702998458
1202 6.691668256959002
1203 5.395240720726691
1204 6.371496227206396
1205 3.8716352052733645
1206 4.011754018748871
1207 3.949855791667176
1208 3.8181039281542746
1209 4.135843404096981
1210 3.4507430223481586
1211 4.007164223032012
1212 4.0412796039007155
1213 4.242089046439268
1214 3.473309464317696
1215 3.463854169118108
1216 4.0386291576668505
1217 3.806816867737818
1218 3.8200188912465736
1219 3.711166824512227
1220 4.274502395822893
1221 3.672888875410374
1222 3.631161218574489
1223 4.00515297194177
1224 4.3400608119841415
1225 4.292589784528407
1226 4.115098328903153
1227 4.02203735847377
1228 3.529260988323863
1229 3.3312949769903195
1230 3.7688911413311432
1231 4.221007367713984
1232 4.129245487971106
1233 3.8629711937324016
1234 4.086027924865168
1235 4.181296357894214
1236 3.9442120816675965
1237 4.0333906631762035
1238 6.847943900845157
1239 5.272310942898069
1240 6.188836001474138
1241 5.764850659330562
1242 4.340386291844791
1243 4.132334365790768
1244 3.433631372051696
1245 4.12987263129391
1246 3.906479634699842
1247 4.263267389543321
1248 3.5658746432653534
1249 3.855536614516056
1250 3.9903953283958886
1251 3.955086448181431
1252 4.054243083039428
1253 4.145112593456484
1254 3.663692619388318
1255 3.9708728191576474
1256 3.6982539557347263
1257 4.153585633475708
1258 4.430417654317139
1259 3.725816386846882
1260 4.132439533802488
1261 3.8383164093747975
1262 4.060544854273908
1263 4.351205412173407
1264 4.03841685291551
1265 3.954471952464116
1266 4.238425829275037
1267 4.083625328878008
1268 4.047883050435687
1269 4.006272027017252
1270 3.8737138357388945
1271 4.989811388552908
1272 3.8589145177536404
1273 4.104935388334934
1274 3.533762925125505
1275 4.168543237155075
1276 4.184764534997595
1277 4.209049007204948
1278 4.259884474310729
1279 4.002348982569168
1280 3.8204354282204287
1281 3.3868813752512015
1282 3.660350872063478
1283 3.901651982443654
1284 5.13547073244685
1285 7.019949060564838
1286 6.766076216467169
1287 7.049432510042893
1288 6.284707015492826
1289 6.505173060366419
1290 5.87725878301419
1291 6.4826933649408
1292 8.069984411396888
1293 8.098974574352349
1294 7.2670357118650735
1295 6.711570325288711
1296 5.903934640734649
1297 6.371784543666606
1298 6.372893048086767
1299 6.1941786828824625
1300 5.985060320406634
1301 7.408990936271354
1302 9.282093926712871
1303 7.413198738132255
1304 6.167724066614171
1305 6.521872213853209
1306 6.716600439785547
1307 3.956918328154151
1308 4.469787639691508
1309 3.751896153839714
1310 3.685091338507403
1311 4.13887143498087
1312 3.5740230297859887
1313 3.8798706408947754
1314 4.145542289673324
1315 3.8216254313932794
1316 4.094010494628313
1317 3.5980961179300177
1318 3.933629519735611
1319 4.205643109031376
1320 3.9160239730455335
1321 3.864180605499438
1322 3.707868192530586
1323 3.483141560863689
1324 4.07830714044049
1325 4.338597163173733
1326 3.907670282744297
1327 4.451484519022467
1328 3.9354152714947537
1329 4.069970046535689
1330 4.208857730493866
1331 3.7421268622193593
1332 3.777718968422301
1333 3.634048073456397
1334 4.273098736420484
1335 4.170455891558417
1336 3.9419450034178616
1337 3.9237870971119158
1338 3.8376860061733087
1339 4.028082772339018
1340 3.939807986035109
1341 3.762813498736549
1342 3.307414170414252
1343 3.800962609541233
1344 3.944254973609009
1345 3.9027852931388862
1346 4.368230784338914
1347 3.6951911476194708
1348 3.663336300951269
1349 3.5782079433303484
1350 4.249609245851276
1351 4.008604571713886
1352 3.7559269374933177
1353 4.016274704052789
1354 3.9044768557501306
1355 3.913629447743156
1356 3.5449405646943983
1357 3.6829165665205097
1358 4.067837336598557
1359 4.019748556844177
1360 4.426905878072402
1361 3.8745931325983816
1362 3.867936093369241
1363 4.019105476316894
1364 4.078057503170825
1365 3.727232366249016
1366 4.2302885867503175
1367 3.566069660883969
1368 7.122283099448525
1369 5.940881705032862
1370 3.8889819550886915
1371 3.8993602639798044
1372 3.3715774346604332
1373 4.102368152572461
1374 3.331970858640399
1375 4.24089212008917
1376 3.6830279082752484
1377 3.878480007035155
1378 3.988193477373503
1379 4.171323982200265
1380 3.871178186074546
1381 3.872802848759242
1382 3.3292978052762194
1383 3.513415482710693
1384 4.114941746673907
1385 4.001994419390376
1386 3.7054267676783357
1387 3.73766789776187
1388 4.264374203408584
1389 3.8978623530930734
1390 4.207731776990538
1391 4.337217158699605
1392 4.559472826539594
1393 3.9060312654353577
1394 3.6362705466407648
1395 4.06053406178858
1396 3.4630273218571075
1397 4.410953345559429
1398 4.076353969880936
1399 3.652657224575267
1400 3.959894198492468
1401 3.9084572759532517
1402 4.447846715255161
1403 3.3436493089932586
1404 4.49164131219332
1405 4.101520982872274
1406 4.407833455261517
1407 4.0449272806825265
1408 3.55202888808209
1409 4.106180539434413
1410 4.081134093740589
1411 4.239101549341804
1412 3.4471983807778335
1413 3.170924956204925
1414 3.246059364680268
1415 3.4362340063284003
1416 3.382985200653969
1417 3.3931689271244254
1418 3.9970453984081993
1419 4.0096237916551
1420 4.364550509521479
1421 4.303110371746558
1422 3.239563328847958
1423 3.91254743240195
1424 3.5838143625338312
1425 3.3160388411847337
1426 3.3597414155414485
1427 4.254099892215923
1428 4.034873075976995
1429 3.9673033686245707
1430 3.706526956586841
1431 3.5555929345090242
1432 3.943685694947644
1433 4.084685357382964
1434 3.340170272880604
1435 4.1790819589040495
1436 3.393293571831385
1437 4.304296154706826
1438 3.7572900605736854
1439 3.4231425522348933
1440 3.767320391078887
1441 3.8658401189503926
1442 3.5325708871441224
1443 3.9774018293931506
1444 3.7714765191683863
1445 3.655207281048848
1446 4.033979233960772
1447 3.9171593227729873
1448 3.846470952952971
1449 3.7750017583262867
1450 4.081426345449986
1451 4.291862223497773
1452 3.981351411239107
1453 3.7541021387700226
1454 3.6595644070590545
1455 4.171557814272587
1456 3.801794122478162
1457 3.3866635409062287
1458 3.352270181225981
1459 3.376664250606207
1460 3.8282305527471276
1461 3.587307950210734
1462 4.342627103997006
1463 3.3072720000581097
1464 3.728429088987055
1465 3.8063735640256358
1466 3.7946598066055683
1467 3.726694972260194
1468 3.4843861783882297
1469 3.846113760157885
1470 3.500283155878897
1471 3.9480136892746827
1472 4.194259617179788
1473 4.0902857730653235
1474 3.673216712530727
1475 3.7649316397289865
1476 3.480718440880605
1477 3.923221369414826
1478 4.2255819392615095
1479 3.5415875062196513
1480 3.9590978519079556
1481 3.7305399317803842
1482 4.081219208761047
1483 3.8373510620192666
1484 3.9119362047999866
1485 3.7250481275399734
1486 3.968092541072347
1487 3.830951993748059
1488 4.626194466679503
1489 4.167874199476179
1490 3.473911193437661
1491 3.2700955864043157
1492 3.899042086513775
1493 3.8950564510510937
1494 3.534971144506667
1495 3.6000635626650155
1496 4.014670837630248
1497 4.126681233658862
1498 3.6601756836117083
1499 4.052024571644736
1500 4.0927896952464815
1501 3.9276040694483068
1502 3.4780050378655494
1503 3.2294677271764933
1504 4.097557546210633
1505 4.173669266714956
1506 4.055861130702643
1507 3.564607523940658
1508 3.9180676142765756
1509 4.102629142539638
1510 3.2517563183418092
1511 3.4615366732322865
1512 3.9342785234842133
1513 4.28727303178371
1514 3.9432198740083035
1515 4.184050236515939
1516 3.828433721415592
1517 3.3060857765113494
1518 4.1953721263171815
1519 3.9950422927999094
1520 3.401850703710572
1521 3.9828308506751076
1522 4.471525780738307
1523 3.333920327081056
1524 3.8940085295552955
1525 3.718994585950507
1526 3.311525297231191
1527 5.054156266574725
1528 3.808925302551597
1529 3.359226792415535
1530 3.9542184321508858
1531 3.4791226437691867
1532 4.178277138305772
1533 4.176102864105978
1534 4.0724996496777495
1535 3.9741215620718124
1536 4.093744646643009
1537 3.374773972445731
1538 3.5233606085214113
1539 4.133673062489576
1540 3.4835663399786303
1541 3.7436748714540586
1542 3.820875798127202
1543 3.415286760762999
1544 3.5704274411304184
1545 3.407949020778371
1546 3.9652211315981782
1547 3.2704583519617163
1548 3.521395521660877
1549 3.5312252196195466
1550 3.5039716370578358
1551 4.319843124421967
1552 4.153683331105015
1553 4.076185703151999
1554 3.766125802065511
1555 4.027018366097525
1556 4.171940930091423
1557 3.777219254586261
1558 3.3196296235069913
1559 3.7465385241588773
1560 3.8379954815355375
1561 4.100214693207799
1562 3.6619180821060953
1563 4.230114626685145
1564 3.9404073885642616
1565 4.070258245781944
1566 4.055386703517698
1567 4.263336780955343
1568 4.338695924960309
1569 3.7602436836845805
1570 3.8272722490777755
1571 4.0205221666819915
1572 3.8809466958415877
1573 3.97222198086888
1574 4.340334340792852
1575 3.9689415450397254
1576 4.0653348285374165
1577 4.071497189135858
1578 4.182552867638648
1579 3.5814978247193237
1580 3.6097503142313614
1581 3.2800780781522705
1582 4.186484922688885
1583 3.9064456029925485
1584 3.3006747561121856
1585 3.9225195987446844
1586 3.2686384142541627
1587 3.6162931868130967
1588 4.288334381853549
1589 3.5885740293732846
1590 3.723120551381809
1591 3.4392094238382604
1592 3.3430135883578282
1593 4.399338123360669
1594 4.484099527013279
1595 3.5432090760638926
1596 3.600838719870094
1597 3.715022976477418
1598 4.124248356662131
1599 3.5279853129085845
1600 3.2116502538502787
1601 4.150904054549001
1602 3.5226720871350414
1603 3.7565144165319415
1604 3.7760008460158696
1605 3.4875187613996568
1606 3.615348752646514
1607 3.933959412206092
1608 4.049223120804784
1609 3.3519800830978914
1610 4.423809322231138
1611 3.5124974107945253
1612 3.961169846367245
1613 3.841249803190126
1614 3.7306113872511624
1615 3.511366929243124
1616 3.3815221790033494
1617 3.6378179897467597
1618 3.9325321447816863
1619 3.670270866276385
1620 3.500843858930122
1621 3.421153596636246
1622 3.2510744528433926
1623 3.9195567694887568
1624 4.298890381629541
1625 4.239483814650713
1626 3.5023951405987397
1627 4.167781142260557
1628 4.230860268264774
1629 4.155174976347454
1630 3.8349337899071934
1631 3.3972541456536813
1632 3.9250702115002407
1633 3.628681742087847
1634 3.5708332010508053
1635 3.911435832913211
1636 3.938600957059774
1637 4.071640004896881
1638 3.968170099791419
1639 3.5848362980454453
1640 4.071527218462067
1641 3.5835572473153983
1642 3.839861665914819
1643 3.2911859788356757
1644 3.214983529742761
1645 4.129414172605295
1646 3.2889895802061426
1647 3.86860979245062
1648 4.254543301392473
1649 3.8335843675659635
1650 3.896530542755333
1651 3.737939251758998
1652 3.7162407735965135
1653 4.46793911851482
1654 3.4873635455809846
1655 3.474229953812862
1656 3.3384951736615793
1657 3.295262365419967
1658 4.198000208059135
1659 3.4575979569897064
1660 3.895386396862672
1661 3.602397431509803
1662 3.92561514552486
1663 4.267332131061643
1664 3.549606483861717
1665 3.94190313762528
1666 3.358775572919645
1667 4.105232373893992
1668 3.495402728345213
1669 4.274642398785867
1670 4.332154846954466
1671 3.301048504977622
1672 3.3384468297170167
1673 4.215051826945395
1674 4.050798666426314
1675 3.9142807136258186
1676 3.3370465807847394
1677 3.562583896280351
1678 3.3727570651063803
1679 3.315862864858222
1680 3.6821053146062153
1681 3.5466682155935283
1682 3.950287904737467
1683 3.5358931777088274
1684 3.9392343206035543
1685 4.076481134489803
1686 3.903313228831106
1687 3.3356850149701813
1688 3.618951063554249
1689 3.7830156442393066
1690 3.4705130870537726
1691 4.292313137851431
1692 3.918421857648096
1693 4.499175603659033
1694 3.4882741812182734
1695 3.630129839863323
1696 3.42723055166618
1697 3.866496720083114
1698 3.9261509367373266
1699 3.311306943332832
1700 4.112889339695204
1701 4.114772708798066
1702 3.6844802275596478
1703 3.242615544991761
1704 3.5158833277099912
1705 4.050682697056039
1706 4.183598818433204
1707 3.9279685721231643
1708 3.821859562451999
1709 3.663069795031371
1710 6.667939536298317
1711 6.432643315772389
1712 7.062615129368195
1713 5.471241132277912
1714 7.906572931315507
1715 8.355219125496347
1716 7.202556220961683
1717 6.095398958078715
1718 5.6337729743230165
1719 6.812396478418075
1720 3.8824453176858924
1721 4.043457999029925
1722 3.2918670048708596
1723 3.924383065726661
1724 4.274112961941605
1725 3.741399233387771
1726 4.0227519521675505
1727 4.323315277142149
1728 3.408074714725545
1729 3.4223184471419184
1730 3.2545764693793395
1731 3.346426669944494
1732 3.6167630939999915
1733 4.172323647755455
1734 4.101475143183892
1735 3.4970896643886435
1736 3.6152540770000705
1737 4.0028203173845895
1738 4.149769014824251
1739 4.187647716650557
1740 3.98810661233437
1741 3.7906625458980563
1742 4.257735016664621
1743 3.595432507724753
1744 3.5739825398439025
1745 4.05476707725432
1746 3.1683650857247407
1747 3.3811923564257715
1748 3.4888214414094882
1749 3.4928903947715604
1750 4.145788458075198
1751 4.068621599442031
1752 3.8762931202348154
1753 4.199311148496338
1754 4.144007559703304
1755 4.027969267932521
1756 4.182680168545796
1757 3.8930482438203073
1758 3.8655786543935857
1759 3.7800887484999723
1760 3.7638004960686735
1761 3.843453853576749
1762 3.38577276972465
1763 4.014729689066606
1764 3.9228545714567247
1765 3.856490493259236
1766 3.918823145242022
1767 3.9272981452793223
1768 4.389998063536451
1769 4.402426811326171
1770 3.6196063297662517
1771 4.043084751831984
1772 3.663612183551777
1773 3.9827811086373806
1774 4.013486542836225
1775 3.8838274644321684
1776 3.767503097750402
1777 3.8024662092203596
1778 3.240501037067538
1779 3.2811964349742673
1780 4.0822058267050005
1781 4.321846106478045
1782 4.1187073620130406
1783 3.9777063047916865
1784 3.602530913455148
1785 4.165859059892068
1786 3.8171985398545805
1787 3.3090582148577705
1788 4.267645087807353
1789 3.9880770652583974
1790 4.0142779620306985
1791 4.140065951878863
1792 4.145101357061817
1793 4.153616886948025
1794 3.517290452292802
1795 3.9211157150053757
1796 3.3418379511619967
1797 4.063986076669415
1798 3.8767520882518904
1799 3.5968519147310962
1800 3.5945445109186673
1801 4.191971146424249
1802 3.8846521261659315
1803 3.877692980751307
1804 4.023044927897176
1805 3.997751106769599
1806 3.8860080681883744
1807 4.1182715418305555
1808 4.218383985803544
1809 4.222794798363858
1810 6.492820966144738
1811 4.5061453178006206
1812 4.122365397531155
1813 3.8196329179160737
1814 3.960395895869229
1815 4.136084923222135
1816 4.307708327664296
1817 4.360795477532597
1818 5.657836102207099
1819 6.988198317825678
1820 5.698107081913332
1821 6.704392368290495
1822 6.06595058284188
1823 3.904050943629615
1824 4.161190345497547
1825 4.182466503196434
1826 4.290365023564735
1827 4.001372069892373
1828 3.5568205404740705
1829 3.8997753535535953
1830 4.0886604532927455
1831 4.345657478007149
1832 3.62945758303822
1833 4.149449954235023
1834 3.762824988433082
1835 3.970522763988824
1836 3.837921673379895
1837 3.8715512078537007
1838 4.093100708333506
1839 4.18485435405466
1840 4.291854850941355
1841 3.88668184209859
1842 3.595391872640894
1843 3.6047773962449163
1844 4.374169376993447
1845 4.050721428437909
1846 4.164836539428266
1847 3.9830746240868
1848 4.352942284275887
1849 4.240790472047901
1850 4.304500714386426
1851 3.8112165382497167
1852 4.037640022843464
1853 4.127252103398571
1854 4.249478764089571
1855 3.349050876034777
1856 4.236823007470976
1857 3.9964838951168935
1858 4.138206084793562
1859 3.9076488861942016
1860 4.335809647519818
1861 4.417169119213866
1862 3.9776938027784685
1863 3.956063648415368
1864 4.144882574972306
1865 4.384334619639282
1866 4.049192170658409
1867 3.672911538546339
1868 3.9374166362206724
1869 4.196845159226686
1870 3.7556034630286796
1871 3.9404286372115016
1872 5.167979472889519
1873 4.1215487926762435
1874 4.330597996977432
1875 4.18437418901125
1876 3.7576389943735853
1877 4.05672654640913
1878 3.824814018412304
1879 4.0802727973706805
1880 3.615096960579754
1881 3.624426108143584
1882 4.223168733978395
1883 3.3810997891089314
1884 4.011333938556065
1885 4.347328905842364
1886 3.8966899695040147
1887 3.8050524842926112
1888 4.505976333520817
1889 3.7343065510637374
1890 4.0507386535261105
1891 4.314849672663317
1892 4.1667670649326976
1893 3.3751069179621083
1894 4.139741508946345
1895 3.1988010795299253
1896 4.198202986361973
1897 4.093675822191129
1898 3.426525969388627
1899 3.7460445731883683
1900 4.213886902453821
1901 3.711487069345514
1902 3.674073441750144
1903 4.038657039747473
1904 3.913564029251969
1905 3.987514283922116
1906 4.370079968696966
1907 3.398087021431131
1908 3.7612533098997942
1909 3.6604715316629144
1910 3.67301545264419
1911 4.202434616016622
1912 3.8576874933706087
1913 3.7062719497440733
1914 6.942090115337208
1915 5.468201616103301
1916 5.912205280172163
1917 4.789752361493253
1918 6.292709044328125
1919 5.705068025590866
1920 6.048728537333011
1921 4.525275265039583
1922 4.089470952557789
1923 4.221108589137251
1924 3.9253326180590093
1925 4.090963792612146
1926 4.04612960304288
1927 4.123150925118085
1928 4.0219408719164775
1929 4.243988330499852
1930 4.251367769330764
1931 3.7008650326215826
1932 4.0181261907850985
1933 4.422740686161829
1934 3.5845700707434194
1935 4.062158489690185
1936 3.803170469837615
1937 3.8290239108117494
1938 4.248009509541052
1939 3.6470414612095414
1940 4.202021113288093
1941 3.9125690236789756
1942 4.047965152946102
1943 4.07376073537331
1944 4.667833245016949
1945 4.5373712972284945
1946 3.4826621633661627
1947 4.1213617339663715
1948 4.384451530171252
1949 3.7360712150857323
1950 4.300976491080631
1951 3.943883838141117
1952 4.293156025143444
1953 3.5409796566877025
1954 4.294032699143904
1955 3.982290595130384
1956 3.7944070161678574
1957 3.852143977870556
1958 4.484644871861741
1959 3.338230061605457
1960 3.428502892512789
1961 3.170061094101511
1962 3.8521465069376997
1963 4.074992315339748
1964 4.300282405023396
1965 4.608134633247192
1966 5.618265765768502
1967 6.380767861612145
1968 8.038086034523776
1969 8.0684032545007
1970 7.3535574517775215
1971 6.45634741244569
1972 4.386358456147894
1973 3.953334682638315
1974 4.25880937465436
1975 3.6513839801011656
1976 4.179368340208582
1977 4.011360612973732
1978 4.313659779456053
1979 4.126761411719238
1980 3.9990306209818893
1981 3.901939205008541
1982 4.069127040429699
1983 4.442962206944884
1984 4.058764198630975
1985 3.3918670780334788
1986 6.7902207439434275
1987 7.135798581768635
1988 6.041985363612028
1989 6.890498086048315
1990 7.139934462550571
1991 6.731314958127923
1992 6.595454517007361
1993 7.899553047348983
1994 8.792167816445465
1995 9.031057411060438
1996 9.273226734602495
1997 10.437696403571293
1998 10.389163387128889
1999 9.96643550056249
2000 10.39912756151619
2001 8.745465038166644
2002 9.638956913127469
2003 10.071683362248677
2004 10.673215510294794
2005 9.960943276134548
2006 10.249468691262992
2007 7.570933430970845
2008 7.88772870379936
2009 8.330711017368055
2010 7.300090067609448
2011 7.037748464753559
2012 6.495785939648074
2013 7.661281787356861
2014 9.739468819445
2015 6.6796290276937365
2016 6.831149752584848
2017 6.759734957982338
2018 9.246656047762043
2019 8.575061688697868
2020 9.636598778826052
2021 8.60697294980121
2022 8.468292468022561
2023 8.338621507358914
2024 6.54982599353448
2025 7.238219651092746
2026 7.135350325005058
2027 6.898455384803681
2028 7.068263617418373
2029 6.981190881136074
2030 7.0024098784608455
2031 6.915592262920212
2032 7.51522593976307
2033 6.827598531297605
2034 7.823940863618762
2035 7.143215843325829
2036 7.050342295019998
2037 8.212679233612704
2038 6.2710028475811415
2039 7.281124724791238
2040 6.366996630546365
2041 7.6727692371171345
2042 4.907872601797612
2043 4.572103932620196
2044 4.5311153732290945
2045 5.021138626202179
2046 4.533953209510085
2047 7.300076539242282
2048 5.883748529007493
2049 6.966147632852052
2050 5.952166423714657
2051 6.109953279212844
2052 6.914407114051214
2053 7.233062336744905
2054 6.918826731639856
2055 6.650880581320279
2056 6.758216306049274
2057 6.504905672982896
2058 7.341837279675392
2059 6.311341012279926
2060 6.124069368882713
2061 6.738886754960804
2062 7.223762600286962
2063 6.076087773324011
2064 6.7480013918974
2065 6.64469379762686
2066 6.6807985131215855
2067 6.948325512673414
2068 4.781557157162187
2069 4.353199708646867
2070 4.277202048320564
2071 4.645305030094672
2072 4.385313471471143
2073 4.9715272500822465
2074 5.005140246313336
2075 4.936735682540174
2076 4.5310824292371015
2077 4.7846147702150015
2078 4.55873183398564
2079 5.024138558171647
2080 4.077650821883415
2081 4.853247945010341
2082 4.769241516241398
2083 4.581598701026276
2084 4.624380027202069
2085 4.997056644605866
2086 4.7768305967125295
2087 4.420854929901289
2088 4.676239608179416
2089 4.695801282467673
2090 4.973375410560994
2091 6.553594546570099
2092 7.28081541686838
2093 7.4659707829635655
2094 6.687903237023501
2095 6.716059434338918
2096 7.0788709491594615
2097 6.926275290363688
2098 5.953579389174609
2099 7.167746589095335
2100 6.572267463358545
2101 6.14477657453995
2102 4.897481466495575
2103 4.707610589541387
2104 4.764923865533885
2105 4.809632296230851
2106 4.833811449321613
2107 4.885720760646994
2108 4.93764812968076
2109 4.6878876825764975
2110 4.849982593178976
2111 4.797677550264795
2112 4.7733805320955085
2113 4.824030610665373
2114 4.783889544529434
2115 4.710380480534651
2116 4.7437411091500366
2117 4.84928671058863
2118 4.5787414216493465
2119 4.75401222278658
2120 4.825264524120644
2121 4.847347718919279
2122 7.474591164767167
2123 7.399227904647862
2124 6.9920537658341715
2125 7.124339053216745
2126 8.256873051410363
2127 7.0719856799894
2128 6.707194314758712
2129 6.500003382979053
2130 8.111278720855362
2131 7.758615755655403
2132 7.244297867217912
2133 6.558934134892453
2134 6.5731688552087295
2135 7.316695425563119
2136 5.747148796466781
2137 6.978619456918253
2138 6.307222343133556
2139 7.6102411677605994
2140 6.638423031315175
2141 6.714553028115107
2142 7.477040506057691
