0 3.7737577168473617
1 3.9515601912180482
2 3.818713140366154
3 3.6849255293617897
4 3.798949865995147
5 3.8070625961619307
6 3.8823675891773997
7 3.6071474441331364
8 3.8076573906883917
9 3.799790587017325
10 3.8299187821771903
11 3.9600189827259267
12 3.742855029553133
13 3.8489920867339436
14 3.7168822167584197
15 3.9344640713658046
16 3.802632545961404
17 3.581407567990624
18 3.7460304379552087
19 3.689387459478867
20 3.732741265748876
21 3.7106164905986043
22 3.798635200242966
23 3.9301655069352255
24 3.9690925983643117
25 3.93002255540812
26 3.998557570443465
27 3.9585459166716785
28 3.984439466082121
29 3.856961478649903
30 4.049895863622813
31 3.896565737063815
32 3.6744185838429972
33 3.862159877581845
34 3.7620418273456524
35 4.044328332856073
36 3.951147826840722
37 4.0396692644723196
38 3.8863232786327377
39 3.9969160762140272
40 3.8722086881396476
41 4.038081303534598
42 3.976679029394842
43 3.8895441192387534
44 4.094077127206291
45 3.807167538713816
46 4.061031832935936
47 3.9764756111637425
48 4.422453506312874
49 3.955812795261699
50 4.015338279687265
51 4.047309600314565
52 4.033858625678456
53 3.874766407443515
54 3.9012000773336846
55 4.115354459650535
56 4.057492811272538
57 3.888928437600695
58 4.05853962188652
59 3.992489371593786
60 4.095918271441381
61 3.9385231701082026
62 4.046906580185935
63 3.928800811207838
64 4.195182065590641
65 3.6748680211980838
66 4.1086620656170405
67 3.7863573327329014
68 3.7750066745453643
69 3.9482815129564792
70 3.907734550135144
71 3.828061423977555
72 4.148608948966678
73 4.01428511739113
74 3.8126558735497946
75 3.889281637486785
76 3.885859711196795
77 3.8929152412491175
78 3.8284777141005697
79 4.015661338845009
80 4.57716159579028
81 4.021378635915168
82 3.827199944548861
83 4.0194287477371455
84 4.238582379161816
85 4.0035159587528115
86 3.7167149929069434
87 3.9484232066075364
88 4.066760501409227
89 4.098476067514231
90 3.761037354264626
91 4.484973805905879
92 4.269004435898802
93 4.118800292915145
94 3.6987799016917533
95 3.7653367766489745
96 3.8389995461002395
97 4.009239016699212
98 4.071072752916466
99 3.9823246003971446
100 3.745137123315846
101 4.177323414528407
102 3.8160240266865406
103 4.017167912211077
104 4.1825090168068195
105 3.8000343420444094
106 3.784055379484401
107 4.648104421274199
108 4.788188785755488
109 4.768432689809525
110 4.575817639189047
111 4.306105836631364
112 4.4305457445982785
113 4.307379632657748
114 4.655739349573641
115 3.945196881955951
116 3.80649580326696
117 3.860388904637717
118 3.8527846283808347
119 4.31618693318594
120 3.9056791207882053
121 3.9488734600426367
122 3.8953688235296604
123 3.9263758905307657
124 4.018165925521758
125 4.128102492361055
126 3.9359362267132334
127 4.323633613461058
128 4.4289845053887476
129 4.054925302907505
130 3.982734320703238
131 4.142646494687538
132 3.925989773252063
133 4.332934931306754
134 3.9162105914010525
135 4.101804254701687
136 4.275386550262413
137 4.264285360823898
138 4.399991715249402
139 3.877483066414838
140 4.3875811162862135
141 3.907671419035702
142 3.957853794340738
143 3.8603168052851067
144 3.7924492993751007
145 3.8690561494852296
146 3.9240903459292036
147 3.828307778723321
148 4.143777545763343
149 3.840682888208186
150 4.0359462634144005
151 3.655970918835636
152 4.083181042384887
153 4.017680510200308
154 4.159350511908266
155 3.879772450003307
156 3.984086992635877
157 3.7530218839189424
158 4.146919294897579
159 3.92590075499413
160 3.8982282783944378
161 4.101595619807096
162 3.8714328720139886
163 4.016660550202072
164 4.184386328491537
165 4.337920747577976
166 3.900910283911792
167 3.93745264200405
168 3.971491561356072
169 4.03172074755461
170 4.065816344430421
171 3.898673986836175
172 4.249504315931576
173 3.816860365371985
174 3.8590850569429618
175 3.958577616923333
176 3.8801717166484804
177 3.7116262053046403
178 4.078411844486842
179 4.1359328037222705
180 4.080451221935655
181 3.9386001347729853
182 4.275859046273498
183 4.071693393388639
184 4.065003181764751
185 3.9964764464504223
186 3.969420721600784
187 3.947762644210447
188 3.8877581539314243
189 3.94728636645481
190 3.926341425979002
191 3.8813791969520475
192 4.280227812666769
193 4.419263485333832
194 4.416153978791822
195 4.0067260582679
196 4.463432402443366
197 3.7536531534205997
198 4.419255338960073
199 4.315701904199511
200 4.172962082804665
201 4.116571098131546
202 4.585177726131154
203 4.073061872838544
204 4.2306341913255325
205 4.596148884645755
206 3.7844741824318517
207 3.8295522685538903
208 4.013990109851924
209 3.912654468793077
210 3.8809170256681127
211 4.069807608534168
212 4.010807604399143
213 4.167369346739417
214 3.8161198321651923
215 4.031900989237137
216 4.032503348186609
217 4.208493977863287
218 3.738626405586082
219 4.108538664595931
220 4.059142806354122
221 4.010832679212881
222 3.8130655958321684
223 3.803986096793488
224 3.950343714781172
225 3.9943842825506897
226 4.037986932305168
227 3.89440430662581
228 3.927140447886312
229 3.964544952090251
230 3.8765147763381806
231 4.1777974536610625
232 3.908430942119356
233 4.164202475429783
234 4.27472880551534
235 4.10002325271466
236 3.97135922963768
237 3.7340579097127753
238 3.9726736147585164
239 3.9402473661643342
240 3.830626341707902
241 4.349293762635108
242 4.301063277469474
243 3.8829171919924153
244 4.293656509693544
245 3.872788829201294
246 4.1763996898136275
247 3.996615551224466
248 3.7913533894410802
249 3.8041134839346484
250 3.9933908584659346
251 3.91843563471044
252 4.082999932763911
253 3.9749960235243287
254 3.948959382483753
255 4.100429855700001
256 3.989391258846709
257 4.182560918791601
258 3.7432211339077726
259 4.118929583974535
260 3.8300544743676044
261 3.9393594580383526
262 4.082564375752139
263 3.9250318304449205
264 3.7529052128704943
265 3.9221667717778397
266 5.025416490667015
267 4.151589933162324
268 4.02339747788029
269 4.327880629526591
270 4.168865981092744
271 4.038906561934179
272 3.869070878569176
273 4.006038623668156
274 3.8966558687171924
275 3.796762477766888
276 4.494662473348026
277 3.898848498978248
278 4.3036901276732475
279 4.241693266807983
280 4.02347757956294
281 4.5747800829961225
282 4.412986907241166
283 4.4047687327548095
284 4.517788404224826
285 4.881557330880055
286 4.504153090611281
287 4.646483352845852
288 4.481755315901877
289 4.448670216842898
290 4.528756762996751
291 4.4470012795765275
292 4.527198687875748
293 4.706126168581079
294 4.500492018480873
295 4.329217782328266
296 4.570346066809082
297 4.694274616164787
298 4.708453471469867
299 4.6668818195612225
300 4.64076637601722
301 4.114978778542732
302 3.929749173844946
303 4.122934260170358
304 5.393009866692971
305 4.313074793799787
306 5.202242653653793
307 6.177481517411847
308 4.443416785211714
309 4.4484035712368035
310 4.040796836124284
311 3.8679091146018214
312 3.9422665070389127
313 4.557410403472144
314 4.060895543928202
315 4.5770304568101405
316 4.712157582975208
317 3.9475170282748384
318 4.280636193644345
319 4.035575540675989
320 4.461251496585412
321 3.9865685515077947
322 3.9784149342976707
323 3.892972391001275
324 4.070271612611581
325 3.817984556663771
326 3.747561696998583
327 3.9397904610076973
328 3.987194584943089
329 3.9588861813234137
330 3.995395829755293
331 4.303354384453866
332 5.469838180949918
333 3.9454643460611325
334 4.684832826517244
335 4.580547674841297
336 4.32401285972722
337 4.609375787725269
338 4.515773253750199
339 4.510130562148257
340 4.604613136871555
341 4.509494106995863
342 4.551397526027643
343 4.735303561003693
344 4.6967105607921535
345 4.48468289682797
346 4.7347589253579905
347 4.586528722066161
348 4.315848782429531
349 4.405255157481429
350 4.563154306279939
351 4.5009365620194
352 4.428285601580259
353 4.634931572029461
354 4.7948413030241035
355 4.698165766237675
356 4.611358290425261
357 3.936921801714996
358 4.432164455220127
359 4.575765640785073
360 4.452291446518343
361 4.663996406572376
362 4.551123817700709
363 3.6657048189356294
364 3.746008792114077
365 3.9829714958768414
366 3.8532897955345615
367 4.038418510940706
368 4.131501172958479
369 4.395966590934355
370 4.07152179717737
371 3.981237363358583
372 3.8433612535748174
373 4.174355982390565
374 3.901293994175049
375 3.968828627612947
376 3.965173182690309
377 4.5548569508500565
378 3.670193806894697
379 3.7387692913558395
380 4.719532031908845
381 4.557193838409417
382 3.974986055050507
383 3.654955536550617
384 6.028708428617381
385 4.972159706506161
386 4.76157278328343
387 4.701921808939473
388 4.3847106106447455
389 4.21329656619837
390 5.458547307156496
391 4.79446254857821
392 4.861254439545935
393 4.635291679666995
394 4.041560800951157
395 5.140683636198622
396 4.802421600951994
397 4.41132543895479
398 4.465982845331963
399 4.182747579593994
400 4.711315370990507
401 4.4568035968035655
402 4.410376252260995
403 4.516347994806421
404 4.027369978652969
405 4.628379348365304
406 4.645721880139925
407 4.434109689681365
408 4.459792463038363
409 4.537445557779768
410 4.373372780391231
411 4.555578775202479
412 4.324258432323875
413 4.141504346393615
414 4.125561840113966
415 4.354734549563293
416 4.416514517751833
417 4.227178467140014
418 4.589472584329955
419 5.102303979163945
420 4.239528589152084
421 4.531266300242526
422 4.5885073882433005
423 4.589592823537
424 4.3462982468079785
425 3.950763831566664
426 3.9736374244849477
427 4.344576289215119
428 4.3610546601781035
429 4.611894820364989
430 4.289832085772781
431 4.8383947006401025
432 4.501873739226232
433 4.489112564919904
434 4.33876644832251
435 4.566412177793239
436 4.05290871729168
437 4.493149782286857
438 4.484085743937203
439 4.149343808018803
440 7.536618430907729
441 7.052961287032782
442 7.595309589622624
443 7.2269249190997735
444 7.095801181414247
445 7.157793669160801
446 7.0704164173800645
447 6.385354059344211
448 4.263769073135161
449 4.524022718143474
450 4.364986218205341
451 3.8469235907883
452 4.241424699636698
453 4.703141931094039
454 4.393174070041283
455 4.640756912629844
456 4.344221201231435
457 4.4587802240224965
458 4.610470766820364
459 4.474714590904405
460 4.273473347611365
461 4.548876458103959
462 4.574831977294601
463 4.513903606882575
464 4.72022849897886
465 4.585210564420597
466 4.2701974750334974
467 5.007037074958411
468 4.577099721104852
469 4.356333720564083
470 4.650897928833545
471 4.747920666486133
472 4.5780141035400925
473 4.837891505645097
474 4.639676463491812
475 4.836392355458627
476 4.550433100312484
477 4.609845849498077
478 4.736888760000549
479 4.746200406967911
480 4.482390521818651
481 4.543686569348437
482 4.803129127138096
483 4.5261298525747415
484 4.590535127604953
485 4.6822026770070195
486 4.499125942774501
487 4.774497053952869
488 4.830875509252322
489 4.6585536110090775
490 4.631953929274868
491 4.723001934783678
492 4.61552601040084
493 4.733153559687845
494 4.8076795020481455
495 4.654981416113727
496 4.654636020086235
497 4.817169948585336
498 4.749253401846204
499 4.5634650740938145
500 4.711754215807913
501 4.826776135666011
502 4.751544646753575
503 4.523964998522889
504 4.494311325580831
505 4.633257341131533
506 4.590530826904326
507 4.6871270047622815
508 4.5746368665752595
509 4.452548764846219
510 4.864339108221427
511 4.807663098100427
512 4.508633637701216
513 4.698935458078069
514 4.499013412301007
515 4.5927438579326605
516 4.2221689676261205
517 4.493887047584614
518 4.622358021117687
519 4.520148839628604
520 4.616151333753901
521 4.690416425414476
522 4.739469098139536
523 4.663258623673339
524 4.77391288040275
525 4.560517901489542
526 4.66172005965477
527 4.899703793334542
528 4.9228302353268925
529 4.754047309428
530 4.758244647805048
531 4.6831581025617135
532 4.67050706704696
533 4.8864554094182004
534 4.6414334523878775
535 4.462200361579638
536 4.7722869060424395
537 4.965807749478
538 4.794778808689568
539 4.713270723703447
540 4.599620787301199
541 4.938832840418793
542 4.767310567577496
543 4.86437843303435
544 4.365261134334175
545 4.587560560869248
546 4.777283082770197
547 4.728652544840564
548 4.699733435332818
549 4.72517445334692
550 5.310135615910463
551 4.747417053085975
552 4.712404540099836
553 4.60335939504962
554 4.479063942226669
555 4.843914042843204
556 4.6350607000660204
557 4.470882194087764
558 4.491745394195101
559 4.674393240876474
560 4.560199089253606
561 4.648851001965764
562 4.853432301723454
563 4.540540803010138
564 4.729822973412443
565 4.703964067796026
566 4.792331113097558
567 4.6189000443602675
568 4.633228381667122
569 4.6297523879441735
570 4.774662235015105
571 4.981304598087591
572 4.807650323535285
573 4.687818279935205
574 4.582263610594897
575 4.766310392123157
576 4.656176924620571
577 4.507238669742721
578 4.677942619329475
579 4.651555370136469
580 4.740369001792887
581 4.778399330140528
582 4.565934276203718
583 4.704473553487593
584 5.169723221104316
585 4.6757777950376695
586 4.771252884874647
587 3.9276756936802064
588 4.159471424772433
589 4.199447064035337
590 4.2825058141609755
591 4.548698818679496
592 4.400316511267071
593 4.16459821184386
594 4.027066963328169
595 4.028212735513324
596 4.229877156770898
597 4.033133314465311
598 3.9646586011359664
599 4.0170883154864425
600 4.204827754722044
601 3.7749840381244764
602 4.129115933729389
603 3.960016693026109
604 4.373440652111282
605 3.792228540725883
606 4.218032488797966
607 3.8086019180713855
608 4.5094746958449035
609 3.881590923036761
610 4.193615839171988
611 4.172051772795582
612 4.104395001801083
613 4.421244210315636
614 3.968366525362534
615 4.1694264088260375
616 4.125318644783636
617 4.144509328002283
618 4.094878685391159
619 4.1283943203839275
620 3.800450060888555
621 3.9894857635102112
622 4.074741440760077
623 3.9021836963014156
624 4.127838195799521
625 4.12455055116626
626 4.044854084431697
627 3.8562872529133267
628 3.8326498288872313
629 3.8695360444797005
630 4.073296244718854
631 4.175919459767854
632 4.325155017512879
633 3.751162455297947
634 4.122490270704837
635 4.3884691227553905
636 4.005359661140577
637 3.8329242248121016
638 3.9060502288509125
639 3.4711385282756084
640 4.059449863259611
641 3.858792916819412
642 3.9650840038230366
643 4.20994042416708
644 3.856076983018834
645 3.7910264865223224
646 4.12916346936636
647 4.1234841000766895
648 4.017382922131317
649 4.276367671977864
650 4.274182297926573
651 4.165934105980523
652 4.295560406043467
653 3.8656025633583426
654 4.155411987120852
655 4.2103900724619745
656 4.244326117392157
657 4.10141852076126
658 4.008795010171041
659 4.2972014963591425
660 4.4247342501941045
661 3.840017003858533
662 3.881726951058026
663 4.1832652210029755
664 4.015056911796812
665 4.126646001289406
666 4.273116470672891
667 4.055053736016072
668 4.126685387745476
669 3.7987606199433297
670 4.0250506181161105
671 4.083376783527812
672 4.863765726166171
673 4.726269549294697
674 4.705516785739451
675 4.659667650947439
676 4.670187261830337
677 4.642756987466452
678 4.672922994039348
679 4.723778331171214
680 4.714036588923801
681 4.912525688727459
682 4.541489742326949
683 4.666934541514598
684 4.588636942468114
685 4.693681807816382
686 4.610239104338889
687 4.584197845610914
688 4.65081544564378
689 4.712650193176559
690 4.90632648479956
691 4.645726243946244
692 4.987692012436897
693 4.6777135053633865
694 4.601030374234558
695 4.636571823387866
696 4.779687698439566
697 4.651745480624997
698 4.625896352777351
699 4.667709277935253
700 4.591381485033561
701 4.56033070489675
702 4.691866590783346
703 4.954761193887754
704 4.539158780933075
705 4.5014802256227435
706 4.693992650657487
707 4.512222772624398
708 4.64085768991775
709 4.753026793876874
710 4.656922357407816
711 4.596631433782228
712 4.804045072705731
713 4.664851475736163
714 4.58778428257398
715 4.603314936791555
716 4.616469195156868
717 4.689521699280359
718 4.6854535772108745
719 4.8800397717815835
720 4.470513275525287
721 4.500225473164236
722 4.576625791876619
723 4.686668890444853
724 4.862232881358509
725 4.548173614091479
726 4.516820775911706
727 4.58656486555579
728 4.859800409736183
729 4.8583346387686515
730 4.520683868318411
731 4.72301726463354
732 4.497189905338193
733 4.5887146440334625
734 4.518971613162678
735 4.644683057400737
736 4.379193080009631
737 4.74350980308906
738 4.6119847964640845
739 4.625722482577515
740 4.461187496423912
741 4.4597020232689895
742 4.73286428550381
743 4.917540978466409
744 4.620567073681542
745 4.5904785571150795
746 4.545663345986823
747 4.723260705968544
748 4.920281541366415
749 4.692048701354813
750 4.649071981730597
751 4.536690912312664
752 4.441622858967605
753 4.634164466723873
754 4.674264929943799
755 4.753716574386734
756 4.505049639266008
757 4.555659065958092
758 4.739437546608389
759 4.699585878571064
760 4.889709564032435
761 4.699425090410522
762 4.578818192245037
763 4.689161699509977
764 4.679369499129906
765 4.575766195636067
766 4.467302650050514
767 4.499859490488708
768 4.633801813051439
769 4.718473683199682
770 4.594345679582449
771 4.4141108369210205
772 4.931376831787883
773 4.630997285690414
774 4.6504952612024715
775 4.5014281365568705
776 4.593066173112938
777 4.821683052712562
778 4.4548913143399655
779 4.520367746621083
780 4.347444346584883
781 4.766686620137466
782 4.543076379531924
783 4.762033356815141
784 4.504251045782955
785 4.6185302984030265
786 4.75901281202477
787 4.615556556934807
788 4.738771545263747
789 4.72309988463445
790 4.813646348688359
791 4.504712640751482
792 4.566458255372907
793 4.589235617411837
794 4.423152882479634
795 4.60444550398432
796 4.36872109142281
797 4.593398870177107
798 4.454681791896076
799 4.48231021844939
800 4.568692486712281
801 4.512620432833128
802 4.653502520071328
803 4.560904103200249
804 4.607443543078042
805 4.671301532356801
806 4.693944847272541
807 4.597056766024517
808 4.599316469085712
809 4.63221473517261
810 4.66357591336614
811 4.644909798237497
812 4.571627584245322
813 4.827157076374338
814 4.610103838388621
815 4.48639229502993
816 4.597960298420869
817 4.600910987936863
818 4.618095294686247
819 4.7065715818323595
820 4.571125910787354
821 4.607210101794901
822 4.745174172895719
823 4.940767859405195
824 4.6071807269649465
825 4.657482031965228
826 4.6471454893532185
827 4.626310280382078
828 4.726372682983716
829 4.45365342045528
830 4.667765928658569
831 4.589021503857959
832 4.62681044729588
833 4.553252767722927
834 4.635995919475812
835 4.636714618185068
836 4.584882474607903
837 4.582305505900991
838 4.439210546685945
839 4.538612471245723
840 4.732621713255643
841 4.722712600735698
842 4.544487361002074
843 4.7641327851471225
844 4.5390349330631174
845 4.811950901612127
846 4.4814617808893935
847 4.760886610366715
848 4.516843093262283
849 4.994242364154971
850 4.60326648417295
851 4.790884104846347
852 4.513564806058783
853 4.609232705031797
854 4.722721729691965
855 4.846063148013841
856 4.606382189340394
857 4.818968354301619
858 4.38706940126905
859 4.622265223958543
860 4.5678505581976045
861 4.615615557876707
862 4.682642811180437
863 4.771960182516407
864 4.722637597988916
865 4.726793773612682
866 4.481618525394505
867 4.611710034616809
868 4.822724484938767
869 4.683542872077556
870 4.999115710448018
871 4.60883557234621
872 4.876401062421756
873 4.936585198087976
874 4.680130839915103
875 4.400583060351277
876 4.773984215561631
877 4.770228375565396
878 4.447969458796741
879 4.684128843247758
880 4.574583089187549
881 4.953173902153301
882 4.696408673023643
883 4.782074714718942
884 4.759942392066931
885 5.472763360640531
886 3.59230069131443
887 3.7696614102737835
888 4.075659177802916
889 4.037925098261943
890 4.044567353797423
891 5.079034300990128
892 5.053505677465474
893 4.439056947640665
894 4.540811128443773
895 4.919245890095057
896 4.598062858885914
897 4.640836501877029
898 4.656846299224709
899 4.475619128098473
900 4.767885186889473
901 4.429845991027498
902 4.698005741897556
903 4.599825603893927
904 4.740037614946824
905 4.549222757381129
906 4.8782708792433835
907 4.504806267335023
908 4.516437980297679
909 4.658788307997648
910 4.823371068889077
911 4.8094015130282814
912 4.923997698125852
913 4.729763476903999
914 4.533377262590637
915 4.60076050906751
916 4.802092956591971
917 4.535163694775804
918 4.50655309654513
919 4.709880611253977
920 4.610718590823354
921 4.831094451655007
922 4.767320575799494
923 4.70769019206247
924 4.722565540874634
925 4.50647702378721
926 4.617875666672151
927 4.9005757005866935
928 4.556269192716085
929 4.880789312601623
930 4.770434341412901
931 4.877020902240132
932 4.896807520067554
933 4.686999421970534
934 4.803142842106434
935 4.483517506288601
936 4.536895026426353
937 4.662406361211057
938 4.767892654343309
939 4.454409776603606
940 4.963444504351797
941 4.785204111466812
942 4.633582897954303
943 4.614342375947666
944 4.716406597688735
945 4.672701807555841
946 4.569687718213753
947 4.713303127330123
948 4.949110126390983
949 4.723999645903552
950 4.739776471798662
951 4.701158016097715
952 4.864576996197052
953 4.619128564237594
954 4.662451843620471
955 4.829894028435526
956 4.532178635072557
957 4.526079535105099
958 4.518770277249538
959 4.680436460483931
960 4.623234387428421
961 4.742556049472604
962 4.937671535834882
963 4.6237537875378765
964 4.843532332684622
965 4.623714078485512
966 4.539770911819541
967 4.5691789735082695
968 4.903323104255652
969 4.5321282451572635
970 4.7644274499002135
971 4.6759225560644175
972 4.675161055990248
973 4.861878672717308
974 4.6903476688707615
975 4.610789003038078
976 4.792269170826271
977 4.607425158893749
978 5.1159099533082655
979 4.541328274948626
980 4.614133266240567
981 4.729161976560396
982 4.588030298972562
983 4.766152091433412
984 4.872125879003937
985 4.45745211380124
986 4.736972709430824
987 4.597923546491204
988 4.640569146917192
989 4.647983514258749
990 4.625778164337954
991 4.760546574486392
992 4.8022362805623215
993 4.536678457032205
994 4.797537588140933
995 4.605806589250164
996 4.703529542800892
997 4.642736419358853
998 4.612599914498732
999 4.550337074714132
1000 4.552883505773603
1001 4.684980101460673
1002 4.707959711668084
1003 4.5064836779408
1004 4.655846231495472
1005 4.960413429579346
1006 4.661362366357715
1007 4.497178359084817
1008 5.007810652717465
1009 4.722269618160764
1010 4.616087339009811
1011 4.996788513283527
1012 4.741951997050801
1013 4.730201291680341
1014 4.702300144923691
1015 4.777740438174496
1016 4.464806443586329
1017 4.58185352723442
1018 4.627091037266835
1019 4.840764380216633
1020 4.901770986045484
1021 4.484036084938133
1022 4.663913680521451
1023 4.749428228655275
1024 4.645899094531312
1025 4.671688296379868
1026 4.778940626786882
1027 4.8388333529451
1028 4.701851164810277
1029 4.515309353593889
1030 4.733270674887107
1031 4.774928172960703
1032 4.662806260232774
1033 4.429588413995686
1034 4.4347179438186055
1035 4.6918720799854
1036 4.612166998117406
1037 4.984946907204909
1038 4.65038750897026
1039 4.665678604258262
1040 4.59335974974051
1041 4.618208397122894
1042 4.778773292964025
1043 4.814445278159058
1044 4.744474881605722
1045 4.766356951114615
1046 4.784891582068226
1047 4.759831967462534
1048 4.57658081756597
1049 4.663150887767149
1050 4.925223875285995
1051 4.748052704185391
1052 4.655628736127243
1053 4.58142854841482
1054 4.6301956297043105
1055 4.646072520777595
1056 4.710712511209385
1057 4.672414985735957
1058 4.658780961885206
1059 4.968460502460561
1060 4.5010881036377555
1061 4.7499155860257565
1062 4.858076510210214
1063 4.726572201112468
1064 4.930083558653929
1065 4.648671523949575
1066 4.43166365664349
1067 4.675449079361952
1068 4.776784417092745
1069 4.377684920644542
1070 4.615625043465219
1071 4.499537146401802
1072 4.831551740246284
1073 4.482863935266866
1074 4.774848167488505
1075 4.744003912414368
1076 4.764792413671919
1077 4.39772917796675
1078 4.905269404288739
1079 4.659076917165651
1080 4.9518870459473225
1081 4.313790396950021
1082 4.661841064507225
1083 4.581561517655209
1084 4.792621932457031
1085 4.609609440430221
1086 4.382503062373297
1087 4.583009037566577
1088 5.073402094614511
1089 4.534831861015829
1090 4.464613741356835
1091 4.637514294148494
1092 4.635421178677956
1093 4.663352115317029
1094 4.600440717397122
1095 4.422131976700229
1096 4.374501977565112
1097 4.673586130699009
1098 4.638822608195695
1099 4.542995378433988
1100 4.494647517251163
1101 4.411601119977885
1102 4.776483863655629
1103 4.6452336266136935
1104 4.658995229299573
1105 4.734890375444435
1106 4.593811666440437
1107 4.482146393088182
1108 4.7327635610963865
1109 4.425328988340416
1110 4.732801044984106
1111 4.67114990167086
1112 4.66758033315701
1113 4.619897023525165
1114 4.847355472648287
1115 4.659987672753415
1116 4.953324006109361
1117 4.497272861243568
1118 4.568362654101953
1119 4.620303904823316
1120 4.624029659231592
1121 4.602182702665194
1122 4.729059481205766
1123 4.739588968928552
1124 4.744864479969569
1125 4.802256943268079
1126 4.536804971195377
1127 4.701086099120078
1128 4.735795097126652
1129 4.793552349220334
1130 4.638024200870233
1131 4.49385150680047
1132 4.997570230794759
1133 4.565066283956064
1134 5.434360264786683
1135 4.887960587482456
1136 4.737388738339297
1137 4.442762054400531
1138 4.757946748729428
1139 4.627783997102975
1140 4.410195386309768
1141 4.730971012118416
1142 4.543349690800068
1143 4.793244363858564
1144 4.52296116343591
1145 4.476287784863575
1146 4.582352244301131
1147 4.488371812703969
1148 4.418447663593684
1149 4.42066776059798
1150 4.713333580671553
1151 4.722766385551539
1152 4.7117989111085485
1153 4.529503382786583
1154 4.8518017517888525
1155 4.685796665033057
1156 4.6582678052317545
1157 4.880228931903177
1158 4.769528204830627
1159 4.557399723228185
1160 4.68014988103363
1161 4.611598024972101
1162 4.796265060202559
1163 4.623553166867145
1164 4.593273049895615
1165 4.627859083904578
1166 4.441354280028899
1167 4.684771890437576
1168 4.5867321874556595
1169 4.438982144441004
1170 4.776128129140524
1171 4.58568074867394
1172 5.126128138135999
1173 4.577842139295042
1174 4.712882022430918
1175 4.386097468968433
1176 4.766478535746807
1177 4.649277123501526
1178 4.836511516365033
1179 4.7026178083082435
1180 4.604408736141697
1181 4.7341671557392715
1182 4.534512827140534
1183 4.519810288762082
1184 4.73051133117539
1185 4.71061325956217
1186 4.692850970451526
1187 4.581531196929115
1188 4.758966545463493
1189 4.785282574976207
1190 5.113537169047843
1191 4.641632056953156
1192 4.791161751265611
1193 4.635467606620693
1194 4.64524745930141
1195 4.515145439163359
1196 4.863323854192621
1197 4.689570346459847
1198 4.5724665419423705
1199 4.527168098087336
1200 4.646809175810697
1201 4.537804628915136
1202 4.40818687256133
1203 4.622401438997922
1204 4.682970313885187
1205 4.74827155256348
1206 4.7851639367938
1207 4.964767051711262
1208 4.447272771722012
1209 4.696577493529895
1210 4.4137634089101745
1211 4.681238107759281
1212 4.539399391459295
1213 4.625304653242064
1214 4.562206689226197
1215 4.656487640881551
1216 4.52262024859449
1217 4.754213659173188
1218 4.605425860662414
1219 4.544303703924415
1220 4.554727895621067
1221 4.469987057833059
1222 4.411996513601839
1223 5.042786007428201
1224 4.744958392542137
1225 5.018394459661943
1226 4.597185001499907
1227 4.763045202319106
1228 4.89104285683346
1229 4.8136776985764484
1230 4.5461474119870005
1231 4.893475136621626
1232 4.729677196063209
1233 4.605164952906254
1234 4.706067893396365
1235 4.097864026283051
1236 4.5084104980930695
1237 3.962379130742567
1238 4.083103016494539
1239 3.9216154074170504
1240 3.7548745076886663
1241 4.024627052919018
1242 4.2528509411808875
1243 4.339735584699894
1244 4.135661137350945
1245 4.201480877551347
1246 4.647289190308116
1247 4.286588058643558
1248 3.96877686217926
1249 4.465043918000091
1250 4.133180086818478
1251 4.128678430809489
1252 3.994441094615964
1253 4.091515883357672
1254 3.8809990562955266
1255 3.909559661806253
1256 4.343516910432744
1257 3.895495334293302
1258 4.2481261689593435
1259 4.033887629855516
1260 4.067442148042606
1261 4.08067730306181
1262 3.900026215316248
1263 4.274551577256575
1264 3.8246752041099077
1265 3.9907304473046126
1266 4.213178589837736
1267 4.038949494924926
1268 3.913063726775491
1269 3.8318934376723064
1270 4.2271523361459575
1271 4.039658982987498
1272 4.017467472862593
1273 4.109872148246839
1274 3.8516552341246646
1275 3.864826558639553
1276 3.8522533483494437
1277 4.0509664699837975
1278 4.118007104661586
1279 4.042517280265254
1280 3.9726289939531476
1281 4.12253203197444
1282 4.1594892267458565
1283 4.062534303532364
1284 4.26480547915048
1285 4.441391068827716
1286 3.9156959403192557
1287 4.132588492670863
1288 3.8639157732729004
1289 4.070962344174958
1290 4.341141705791885
1291 3.904210785447799
1292 4.056586807722093
1293 3.907780469275449
1294 3.9610046717542233
1295 4.020167267039678
1296 3.834070135828034
1297 4.223227887663995
1298 3.9762687225939506
1299 3.7933028619708846
1300 4.145254843526998
1301 4.048942009900495
1302 3.8733818985868624
1303 3.8980922635883775
1304 3.8376388546031532
1305 3.7377668836167026
1306 3.9458049754504447
1307 3.9831966079980616
1308 4.123800270711633
1309 4.17195923865628
1310 4.2058412998156065
1311 3.8593438187308946
1312 4.147253709439515
1313 3.9835877800978663
1314 4.338580796174036
1315 4.429821916741626
1316 4.155902641212156
1317 3.9657851879812536
1318 4.201542908376387
1319 3.6470659287496656
1320 4.018739246525802
1321 4.225810063341164
1322 5.11988135299705
1323 4.784372891865068
1324 4.570089438754042
1325 4.933043353014185
1326 4.845462428135307
1327 4.641231785562681
1328 4.731269011328281
1329 4.794710563650601
1330 4.036757874348941
1331 4.320647522316181
1332 4.283649222487486
1333 4.0313312243485555
1334 4.230259891660519
1335 4.210716713719461
1336 4.234975632720359
1337 4.262004497188694
1338 4.21453628799946
1339 4.096581682701981
1340 3.9799414353611526
1341 3.620630040488139
1342 4.800324572055135
1343 3.996645162799137
1344 3.9241154372395517
1345 3.777740031652211
1346 4.197945549400077
1347 4.14835991550893
1348 4.1303063806080464
1349 4.123777033840379
1350 4.289453365150764
1351 3.968897871570274
1352 3.6890065999375117
1353 4.189252517856097
1354 4.05791092870644
1355 4.198655560487221
1356 4.033622073201275
1357 3.9793208357381626
1358 4.366292185074871
1359 4.233920535272477
1360 4.087740020958392
1361 4.0496663139828195
1362 3.919014926691582
1363 4.32179137357885
1364 4.445075075401688
1365 3.8753008095519306
1366 3.940629986014566
1367 3.8387919087274835
1368 4.23676557789189
1369 4.136310600732594
1370 3.7757207965027018
1371 3.9544980836548955
1372 4.250721417370736
1373 3.9402397920331604
1374 5.966163096366785
1375 4.7139423262813045
1376 4.104913680680162
1377 3.949787959874866
1378 4.064239538223233
1379 3.948776864018574
1380 4.105842845450823
1381 4.1499046475832095
1382 4.0998974173076075
1383 4.089303347413684
1384 4.248501100436244
1385 3.879938226229996
1386 3.87920875638958
1387 4.40664152362465
1388 4.018450661159884
1389 4.019702695824636
1390 4.250262510012378
1391 4.016466481926248
1392 4.081286880122854
1393 3.911599322929749
1394 4.034927530958203
1395 4.200631260499655
1396 4.054486810867219
1397 4.381538892783156
1398 4.0876728995132146
1399 4.2249182660889115
1400 3.885911610547868
1401 4.117244277920784
1402 4.0849764671769035
1403 4.126546364785771
1404 3.9736109102654185
1405 3.860900576470374
1406 4.022182735900681
1407 3.862989123875
1408 4.348860963029505
1409 4.045425579244024
1410 3.991372965018139
1411 4.2708449802742425
1412 4.1969126626861195
1413 4.277753183039319
1414 3.774468530189308
1415 4.135573641088877
1416 4.092405660146732
1417 4.868811714611442
1418 3.7615299112081333
1419 4.165381830516374
1420 4.462447335111391
1421 4.396340097694339
1422 4.014007882070254
1423 4.193475651987891
1424 3.9988411968632938
1425 4.175800899490599
1426 4.034748156147419
1427 4.116712964709162
1428 4.142071355252734
1429 4.049186125162274
1430 3.77353614694673
1431 4.121742736776944
1432 3.9429141335763966
1433 4.081110050019488
1434 4.33650472952685
1435 4.1034594469826615
1436 3.9267313801263115
1437 3.8641366670579864
1438 3.9942646952778493
1439 3.9425402613166227
1440 4.376067664313992
1441 4.55172849543453
1442 4.2396345602450305
1443 4.225815987987717
1444 4.036425347674527
1445 4.264565009508386
1446 4.760440527801953
1447 4.80161129007361
1448 4.820069827520977
1449 4.48406437428073
1450 4.71721232870202
1451 4.640265656997818
1452 4.382487741015544
1453 4.747530785788815
1454 4.983094091885035
1455 4.638571460607031
1456 4.535123153880189
1457 4.517177532772348
1458 4.643912474856766
1459 4.5751615639878285
1460 4.514707443277955
1461 4.771259637626918
1462 5.1949125076629965
1463 4.899612442836682
1464 4.612098455253886
1465 4.728399877508524
1466 4.678979704518008
1467 4.859966119356747
1468 4.710350139656866
1469 4.658160370862119
1470 4.714053562217442
1471 4.5129583763491254
1472 4.696860493540503
1473 4.509207685356781
1474 4.424798431273186
1475 4.661162509926633
1476 4.585475608878884
1477 4.576142080998612
1478 4.43479278151569
1479 4.543758747214997
1480 4.435947095281496
1481 4.649255446990052
1482 4.686008364615707
1483 4.584801399965748
1484 4.534347157102109
1485 4.375983436219111
1486 4.5732173851257905
1487 4.725018103201318
1488 4.7347752807518555
1489 4.466178578173089
1490 4.753305325916534
1491 4.6497050354622145
1492 4.599943406254775
1493 4.65297292192246
1494 4.866217359155198
1495 4.654092014438679
1496 4.847085290239772
1497 4.285954768837599
1498 4.521905144494597
1499 4.647981689478465
1500 4.603605115214499
1501 4.642703088510608
1502 4.751780906993438
1503 4.662805163482321
1504 4.654733325778405
1505 4.707057506641906
1506 4.487105030559279
1507 4.461705520771428
1508 4.577365062624334
1509 4.728161410065515
1510 4.664376257420333
1511 4.541805813381235
1512 4.67643036137504
1513 4.624195254805989
1514 4.69756805164066
1515 4.3246818608637385
1516 4.60921447000869
1517 4.611247225108376
1518 4.658158350734529
1519 4.600557038170452
1520 4.572967780002808
1521 4.556157834785021
1522 4.689589411306545
1523 4.452835237603633
1524 4.719256174645187
1525 4.920240608810069
1526 4.6405402945831336
1527 4.549327477217297
1528 4.650381208530115
1529 4.6367504697700035
1530 4.705784933147641
1531 4.626928769071098
1532 4.469169023760164
1533 4.432251912947776
1534 4.61085745171682
1535 4.838923484841551
1536 4.752614578077477
1537 4.569237706841182
1538 4.564131064094903
1539 4.702836978774081
1540 4.69449320845665
1541 4.717859241051882
1542 4.471330268218748
1543 4.725996150039004
1544 4.593465520573112
1545 4.735288147685953
1546 4.728586282087332
1547 4.725862545822756
1548 4.966311741383398
1549 4.539633004327516
1550 4.753330516391153
1551 4.66472596623754
1552 4.718777312057774
1553 4.531497111686351
1554 4.460538171471321
1555 4.696803575820083
1556 4.667378801693966
1557 4.633906564932328
1558 4.753581337257809
1559 4.493918686994275
1560 4.759266074252625
1561 4.6458498377782185
1562 4.706610989083285
1563 4.804621622103965
1564 4.719383055864354
1565 4.659091300206069
1566 5.304090683970589
1567 4.698080118569636
1568 4.294343056272339
1569 4.5533565430655205
1570 4.683636452943581
1571 4.771481447035944
1572 4.827281680699792
1573 4.630722710386563
1574 4.674665306406463
1575 4.673362544685045
1576 4.65454746754112
1577 4.727422263652038
1578 4.705839820439417
1579 4.758679373330457
1580 4.9169752968396265
1581 4.8140166061555565
1582 4.726966154864622
1583 4.711135781960124
1584 4.7828113264432455
1585 4.408153376048959
1586 4.500799979738112
1587 4.624268051988022
1588 4.831919528616688
1589 4.6827315060221215
1590 4.630984872136394
1591 4.579173114509832
1592 4.504135732783421
1593 4.839448638195497
1594 4.964372211898481
1595 4.785673391783706
1596 4.845342600401974
1597 4.751305784177397
1598 4.662288928716628
1599 4.507577110046757
1600 4.41357774313508
1601 4.777219530462982
1602 4.00573498274994
1603 3.7782928220470455
1604 3.5089984187013368
1605 3.4598098352539877
1606 3.883518840066421
1607 4.168691333359805
1608 4.109529052223094
1609 3.925431529686278
1610 3.964083514076127
1611 4.04108279985462
1612 4.301450397664602
1613 4.015591080835484
1614 4.2246467541182025
1615 3.8094146927977075
1616 4.094762050947552
1617 3.7110333199181036
1618 3.863734949375365
1619 3.8775603217546375
1620 3.8140703953975166
1621 3.9022810803961865
1622 4.905543314752388
1623 3.8779778979879294
1624 4.06959283025299
1625 4.259658550004564
1626 3.943008601283671
1627 4.016573089418447
1628 3.9023969715736575
1629 5.0371043702124165
1630 4.734831119695845
1631 4.597305997829832
1632 4.634771790715085
1633 4.733580137294544
1634 4.575140968232195
1635 4.7401710834724815
1636 4.516765907061128
1637 4.364146299139093
1638 5.107452084638314
1639 4.643483956998662
1640 4.636265450133359
1641 4.799774079973891
1642 5.282857195635137
1643 4.6016740188653396
1644 4.606578766769892
1645 4.50825344465637
1646 4.434313203419043
1647 4.718898567101063
1648 4.664120561659552
1649 4.699507373797067
1650 4.703145036092845
1651 4.445102588187241
1652 4.62328015942806
1653 4.679350694546805
1654 4.499328360215791
1655 4.535645464391774
1656 4.7750655726989
1657 4.511432748396412
1658 4.6295449700841695
1659 4.66144995148975
1660 4.884516880079318
1661 4.7039471576916245
1662 4.659790242180321
1663 4.542088846873327
1664 4.4965358300393286
1665 4.616267580507259
1666 4.452844807662408
1667 4.932143581546312
1668 4.7456551559186035
1669 4.6596721696554715
1670 4.624882843350121
1671 4.538222263741736
1672 4.567168284034089
1673 4.61321164109611
1674 4.7536472621161785
1675 4.807740912616521
1676 4.59397341838573
1677 4.430199636297357
1678 4.629131038122145
1679 4.782715386223573
1680 4.883875180692859
1681 4.54984194051175
1682 4.9177986609381525
1683 5.138436294201693
1684 4.752203584195842
1685 4.770849758632402
1686 4.5370953276244546
1687 4.601475176012257
1688 4.614485042358381
1689 4.625245510317307
1690 4.485585674967101
1691 4.723499878106898
1692 4.702288952640672
1693 4.531284309953238
1694 4.67216405583344
1695 4.514454486524944
1696 4.712846316763111
1697 4.65693838956705
1698 4.661826282199507
1699 4.38712817613559
1700 4.820220473899177
1701 4.745519810449803
1702 4.594767668943276
1703 4.808372506440644
1704 4.792146295194381
1705 4.638431239389001
1706 4.776320623334146
1707 4.4579396122411845
1708 4.641483135252066
1709 4.454936079424831
1710 4.682053154012912
1711 4.7296342038493835
1712 4.4914448295330525
1713 4.853146652701957
1714 4.873910557809216
1715 4.7803533842045685
1716 4.002544412374051
1717 4.663665857382917
1718 4.737091890486981
1719 4.694660746179567
1720 4.633126079583738
1721 4.622261267994761
1722 4.472993256747358
1723 4.379468497082796
1724 4.464895824324208
1725 4.734389765473377
1726 4.61810380118265
1727 4.574123385035769
1728 4.4933083910261145
1729 4.755130103196304
1730 4.922087711292009
1731 4.589394806337506
1732 4.816808202992374
1733 4.462689224163051
1734 4.645067826909654
1735 4.675407866545163
1736 4.582320859041837
1737 4.606568724989859
1738 4.754823413364017
1739 4.710763681149313
1740 4.754942835999895
1741 4.598524025306504
1742 4.602163348414172
1743 4.545575678996532
1744 4.782606948014748
1745 4.705795683849947
1746 5.129289359561077
1747 4.657117061329072
1748 5.081105533125471
1749 4.849446374645442
1750 4.700634659206486
1751 5.168573699356363
1752 4.817338573197794
1753 4.799922397943682
1754 4.599632544532163
1755 4.197134744912648
1756 4.727586556078139
1757 4.551484951814679
1758 4.909051258940473
1759 4.5804294260104585
1760 4.611496653169391
1761 4.865549169555465
1762 4.6225350952397095
1763 4.6971234764834096
1764 4.62130574489136
1765 5.183388471573218
1766 4.931849977541913
1767 4.802685236710592
1768 4.750900703958883
1769 4.77777606899956
1770 4.943146845107611
1771 5.221085257441754
1772 5.224437324486118
1773 5.255717355267171
1774 5.086687770390039
1775 4.650191954546709
1776 4.994036915868544
1777 5.4751186362343445
1778 5.2212530362254475
1779 5.08771690162718
1780 4.913286704553521
1781 5.031934845783086
1782 4.733536491869916
1783 5.0815630895493324
1784 4.973093550127522
1785 5.394648769056463
1786 5.292594374726976
1787 5.175850953150915
1788 5.115219530196953
1789 4.897915056956402
1790 4.702677789179879
1791 5.480439511427384
1792 4.785662856896823
1793 4.810135579924985
1794 5.259145352067202
1795 5.028746481811549
1796 4.889557462526165
1797 5.255752028774061
1798 4.783878761254872
1799 4.945885091938982
1800 4.749179867414465
1801 4.591396872126486
1802 4.56348310596473
1803 4.72391835377156
1804 4.514909860086487
1805 4.398663187307397
1806 4.569526218737009
1807 4.731989980335359
1808 4.649113714882726
1809 4.619938962038394
1810 4.782784206790806
1811 4.793147919704351
1812 4.6860505507743
1813 4.6165735440420415
1814 5.188113861416455
1815 4.633775756324065
1816 4.047158160436063
1817 3.7130233695498682
1818 4.214848317843798
1819 3.855228173045886
1820 3.881252233311939
1821 4.223302552901549
1822 4.413628914839759
1823 4.331977972744391
1824 4.099913718224496
1825 3.882378784347445
1826 4.307206620196955
1827 4.178889668703676
1828 4.0792528119344675
1829 4.258525276320925
1830 4.067606452543809
1831 3.7374758969705146
1832 4.275526331024049
1833 4.182287627145247
1834 3.94613783548768
1835 3.8520243410872883
1836 4.496880334839352
1837 4.212103968615059
1838 4.137256560304508
1839 4.106044390183073
1840 4.032986803915925
1841 3.637173900692072
1842 4.155277333367022
1843 3.9242468543624582
1844 4.181645084892367
1845 4.310381627676326
1846 3.8892932131443483
1847 4.117572478910124
1848 4.214988368763984
1849 4.059455975634365
1850 4.182378503964472
1851 4.269864078442839
1852 3.9679508956166027
1853 4.080602135645814
1854 4.120145332361621
1855 4.340011251753501
1856 4.234886201632779
1857 4.238990297976049
1858 4.366981149004819
1859 4.1875954176026475
1860 3.9711544114491026
1861 3.9162986111495752
1862 4.366443568760059
1863 4.330626533284938
1864 4.204959081041317
1865 3.9034102412175935
1866 4.350332192797983
1867 4.131122699258084
1868 4.3162956640336985
1869 4.1362279719695705
1870 4.137338419372775
1871 4.066542452647432
1872 4.095298955874939
1873 4.34547045495036
1874 4.312180496725603
1875 4.0685769608850935
1876 4.152297005290455
1877 3.982181810143849
1878 4.145554670391866
1879 4.6630762717618435
1880 4.066195649275599
1881 4.176252135976419
1882 4.701359772749598
1883 4.6397071699404915
1884 4.773774216946251
1885 4.9084662673395805
1886 4.678448303926497
1887 4.770876330929814
1888 4.519486697197599
1889 4.627664716878526
1890 4.523690652711132
1891 4.863510994667784
1892 4.652448345012217
1893 4.74476134425245
1894 4.531138221741981
1895 4.4855164995363745
1896 4.624310626832542
1897 4.811412460963013
1898 4.7487965010252235
1899 4.7404086166753
1900 4.551703807335744
1901 4.675504875207126
1902 4.6309319927205035
1903 4.686293470041596
1904 4.654977830364346
1905 4.564273411749736
1906 4.506908863837353
1907 4.638931651653694
1908 4.594389033934728
1909 4.332239707527769
1910 4.566398905440261
1911 4.742311342704683
1912 4.824822531500866
1913 4.424114294998006
1914 4.347810389064638
1915 4.6711191540294115
1916 4.755113838813352
1917 4.94746815706696
1918 4.410527464155066
1919 4.6981981277042655
1920 4.632691950471336
1921 4.803475591157768
1922 4.50640130552531
1923 4.541800661217541
1924 4.4580114372300255
1925 4.778957509109839
1926 4.894972435234852
1927 4.886006465680512
1928 4.735817373934879
1929 4.486381830527377
1930 4.633158802531971
1931 4.616740496122423
1932 4.49844513574372
1933 4.512366912848904
1934 4.565659183808658
1935 4.678161144826923
1936 4.709387098922785
1937 4.627275376447976
1938 4.714470942423176
1939 4.605389813648065
1940 4.905265997174098
1941 4.854665156617281
1942 4.737559434496625
1943 4.797457201270411
1944 4.359058507252698
1945 4.6967339621765545
1946 4.60994497453058
1947 4.8188409153949125
1948 4.743794670159308
1949 4.6626766960308235
1950 4.454176692787161
1951 4.542907389946311
1952 5.258774947253208
1953 5.0303575192560634
1954 5.060284610724448
1955 5.838906569505376
1956 4.701825273797629
1957 5.48444007556089
1958 4.69612920772594
1959 4.556612642244609
1960 4.806106034245933
1961 4.935609955683021
1962 4.7562081588728296
1963 4.758254311685351
1964 4.817223744538051
1965 4.951672205941459
1966 4.769260812515437
1967 4.59159825048492
1968 4.450800769218904
1969 4.785695943088743
1970 4.789252292691841
1971 4.828140949868686
1972 4.572929709538842
1973 4.616164491290668
1974 4.825268090510292
1975 4.646121969453377
1976 4.54036782348231
1977 4.518363064950889
1978 4.560432765538995
1979 4.481649489599656
1980 4.7062517575844725
1981 4.4932195195717695
1982 4.665372638710124
1983 4.475448208533051
1984 4.054657637781953
1985 4.163228662316435
1986 4.052081464152004
1987 4.169700707994176
1988 3.9964181800516934
1989 4.325170063103082
1990 4.333321839425525
1991 3.961512666271356
1992 4.196816489896621
1993 4.162853850701853
1994 4.18077381741935
1995 4.052792743604547
1996 4.093700225126375
1997 4.351009096141571
1998 3.7533093543281404
1999 3.9745222950651296
2000 4.18045396373148
2001 4.312206660603855
2002 4.322570837104375
2003 4.201288190612629
2004 4.014816603765096
2005 4.027632090881192
2006 4.327779511913254
2007 4.429877493249751
2008 4.259173528364836
2009 4.189988078083069
2010 4.255343336490903
2011 4.206740016940539
2012 4.164633740722978
2013 4.487323635620393
2014 4.094890022566292
2015 4.091077854705321
2016 4.05070970231656
2017 3.9431294286852814
2018 4.0915611627114075
2019 4.383950945410917
2020 4.205433642895493
2021 4.413675328132669
2022 4.264746789968046
2023 4.1529740182516734
2024 4.2763306351749435
2025 4.325383463236089
2026 3.9344129836637056
2027 3.8622577233585664
2028 4.047331085595836
2029 3.9759399087225034
2030 4.118571731437354
2031 4.027575281472933
2032 4.021045317593457
2033 3.9307302925629726
2034 4.064318520919657
2035 4.181438160577405
2036 4.285994050152081
2037 3.9846723325348634
2038 4.17974177643661
2039 3.92061707844573
2040 4.182739583078434
2041 4.079647416896101
2042 4.134547121413354
2043 4.114381200263414
2044 4.237338134368518
2045 3.98447276593099
2046 4.029448971671147
2047 4.693203538010186
2048 4.060303868965626
2049 4.333379947966288
2050 4.196702534739435
2051 4.019786516502519
2052 4.1162270763900555
2053 3.954123106785744
2054 4.506871873216416
2055 4.179353258880575
2056 4.034665856568424
2057 4.222847886616098
2058 4.2003297804738144
2059 4.341978194620992
2060 4.075625338090099
2061 4.352161573075772
2062 3.998035954197562
2063 4.101154400261979
2064 4.305771312741327
2065 4.017183920757103
2066 4.061007481240251
2067 4.084392534533021
2068 4.090088345738075
2069 4.218871203801057
2070 4.218460411521249
2071 4.003938148899551
2072 3.8531938564822417
2073 4.318349664597296
2074 4.0914118530774575
2075 3.9656357867076455
2076 4.120479673640314
2077 4.154887704010712
2078 4.078770746737382
2079 3.898392750226128
2080 3.9477597277959093
2081 4.022122180909553
2082 4.077768685873461
2083 4.335555586706983
2084 4.1351249422466125
2085 4.166368640456692
2086 4.397256616717735
2087 4.208017854291061
2088 4.300039619923487
2089 4.185217849976945
2090 4.185515345902481
2091 4.094326233406276
2092 3.885823565942488
2093 4.398110148270146
2094 3.9732869718063997
2095 4.20362107825619
2096 3.983322988028798
2097 3.9910549726341604
2098 4.2678132974651275
2099 4.042408792170459
2100 3.7834757270872634
2101 4.151347365141915
2102 4.328957475752252
2103 4.201364480964132
2104 4.028901358276248
2105 4.212848930281955
2106 4.097987074468729
2107 4.362133723711163
2108 4.266571741566014
2109 4.434076208508955
2110 4.0884786256031
2111 4.2387357594881925
2112 4.164358495347965
2113 4.399976056225391
2114 3.877388299651778
2115 4.049296750710646
2116 4.069939559212057
2117 4.215787098704265
2118 3.9395635693093967
2119 4.154200138222465
2120 4.042767338104903
2121 4.337993142861646
2122 4.30610579736018
2123 3.792673978483361
2124 4.057521298654322
2125 4.012505158141297
2126 4.181785494963778
2127 4.098852568447809
2128 4.293234508678155
2129 3.990708367307602
2130 4.176300022846221
2131 3.9635539172215566
2132 4.7176095918866645
2133 4.29771507932842
2134 4.027606751821044
2135 4.2351795933015906
2136 3.87360709911603
2137 4.177215130831884
2138 3.842636226662039
2139 4.086940075051827
2140 4.026852881961804
2141 4.098386936353317
2142 4.028322495541413
