0 4.284815601443155
1 4.896890474719741
2 4.9688640140729055
3 4.788131021188871
4 5.242813049310201
5 4.958735306931867
6 4.86664099298664
7 5.824262527112688
8 6.142924439286307
9 5.974575900879468
10 4.688040027921694
11 4.731693705082695
12 4.906817091032336
13 5.052864898287033
14 4.650251405769153
15 4.317499646556491
16 4.808775079213108
17 5.0371874470723474
18 5.001602236452838
19 5.048964454887702
20 4.856135659963561
21 4.993532220296852
22 4.943480860070091
23 4.791298768213355
24 6.217919277697791
25 4.80107434700882
26 6.135701371395848
27 5.86070533017747
28 4.883945204210946
29 4.730671761898142
30 4.81742314375897
31 4.916152450329391
32 4.793749207593752
33 5.034909050326463
34 4.805896330594162
35 4.7803126607910675
36 4.91625026797526
37 4.96455916712657
38 4.617959209694336
39 4.9255614557956235
40 4.984246805552849
41 4.730422661677769
42 4.720577334178207
43 4.822464735393166
44 4.645647669760362
45 4.6593587599202655
46 4.622813565732879
47 4.855916609703819
48 4.918862360796456
49 4.823010481479081
50 4.951677328976176
51 4.954553749885678
52 4.871863933091017
53 4.746053872803576
54 4.9727215097385455
55 4.846457179193604
56 4.934897810753908
57 4.794873468975209
58 4.731176949299292
59 4.718545573246241
60 4.523045862975293
61 4.486606677311591
62 4.4808399017165526
63 4.849054665994772
64 4.77490109466379
65 4.43141212972454
66 4.8239446851436165
67 4.72605520203301
68 4.953640279979478
69 4.844119736488251
70 4.7518129269577685
71 4.904947157340167
72 4.754697673895258
73 4.871973691581505
74 4.613673699782643
75 4.704514168025824
76 5.238614850649945
77 4.666387710199158
78 4.929252904616579
79 4.792485848382812
80 4.759385560390658
81 4.461627157725184
82 4.7356730795294055
83 4.800803688856673
84 4.809416446327944
85 4.771691960984848
86 4.6420133462745135
87 4.732927223234651
88 4.52143549909739
89 4.689018471044287
90 4.80839555850362
91 4.728171462719227
92 4.818163482461113
93 4.790135942100701
94 4.954591051183917
95 4.695891860464063
96 4.498369130404676
97 4.770522014794277
98 4.552863121786322
99 4.579851525001376
100 4.534096012503626
101 4.676417449982344
102 4.591943089567886
103 4.885183527236277
104 4.659986591459629
105 4.380795400058951
106 4.43810113798201
107 4.665744358950393
108 4.6741397454618205
109 4.538768703432858
110 4.808933278034596
111 4.842290523544976
112 4.488672356254293
113 4.957520023291481
114 4.273377060088885
115 5.188315035424076
116 4.680715364951818
117 4.751259375107718
118 4.936365798433753
119 4.812014406368748
120 4.607257516331021
121 4.862580885704158
122 4.626279152635645
123 5.030433330567772
124 4.7994145324839605
125 4.662375957782791
126 4.686759358902417
127 4.899890423409608
128 4.649699135027943
129 4.964814743910984
130 4.874315920132689
131 4.696832044930203
132 4.659745558522982
133 4.854872310372537
134 4.8267534833267955
135 4.677950799664886
136 4.692819624525006
137 4.8230773676383025
138 4.827040715918268
139 4.7538384928528075
140 4.866531024722585
141 4.32578055488566
142 4.8614998084905
143 4.638741689883869
144 4.79428359635762
145 4.358024088717097
146 4.833312305343742
147 4.825137653638856
148 4.966524482020079
149 4.780780883477705
150 4.613164856240278
151 4.638924216757906
152 4.8960460486966975
153 4.752436836077056
154 4.906109359231046
155 4.857260946057984
156 4.588941632583542
157 4.772287563329188
158 4.823745283340211
159 4.597029145939625
160 4.795028187180519
161 4.680501731459573
162 4.810411519523261
163 4.832156611595711
164 5.054483903840056
165 4.7009873160622515
166 4.721245712552907
167 4.541055813133661
168 4.860643352806831
169 4.82066479686703
170 4.66926372351641
171 4.730107228933322
172 4.506840000633601
173 4.663506827849954
174 4.7392951169462965
175 4.808912456237409
176 4.683411537681906
177 4.752841980847529
178 4.6717755737384
179 4.743634067788482
180 4.743124192237176
181 4.678467542386438
182 4.766189703842093
183 5.040105418630788
184 4.691091581018128
185 4.976856694507344
186 4.807014999625326
187 4.700288727096167
188 4.701400628908738
189 4.710444936932807
190 4.636947514602667
191 4.673318737473857
192 4.860692739450763
193 4.265660833807691
194 4.612879104717827
195 4.858139372861101
196 4.924837630612547
197 4.803224750205251
198 4.617489132716279
199 4.817292793879847
200 5.089659490737652
201 4.997271517772442
202 4.625328920493944
203 4.784988398559947
204 4.728339667926464
205 4.771227843080268
206 4.674120592148991
207 4.931924620346221
208 4.81672448166838
209 4.744998488668614
210 4.900669119582219
211 4.772763464429372
212 4.881203778906189
213 4.729243154746286
214 4.985197724120359
215 4.722603570271409
216 4.894130583393957
217 4.818853774635309
218 4.724550673851941
219 4.841768580826627
220 4.479658625850916
221 5.054320432960396
222 4.707838898144842
223 4.891347676606952
224 4.482387749299012
225 4.991756085242764
226 4.646788632200234
227 4.685531356685248
228 4.891625218869902
229 5.200431337667055
230 4.6833023165082235
231 4.742210665038813
232 5.037995861231149
233 4.726662507257548
234 4.757285712210807
235 4.697045591799695
236 4.82216579340561
237 4.655704974407892
238 4.62481237432279
239 4.82633148658825
240 4.755469343943408
241 4.84180728657494
242 4.924392926745156
243 4.28803191429051
244 4.8719848285873395
245 4.610575835664405
246 4.6702989336745375
247 4.576739985770352
248 4.72640829696632
249 4.534954495652069
250 4.559937631331121
251 4.692916658839279
252 4.727806926292565
253 5.034806620927267
254 4.738369191355435
255 4.621016396362126
256 4.879723250123531
257 5.047088355050137
258 4.535126274272758
259 6.014671062291494
260 4.408823145694129
261 4.648500500828463
262 4.76623624244329
263 4.838668883731578
264 5.289481986193809
265 4.613345510094502
266 4.95901280275051
267 4.796819388583053
268 4.700355550022229
269 4.870426792066474
270 4.800256018191145
271 4.951735012086616
272 4.918950311552485
273 4.691094741732536
274 4.60573929845746
275 4.612088294923355
276 4.943698278270224
277 4.749461840418977
278 4.892260081334706
279 4.579944379975757
280 4.497343170279714
281 4.574783044937391
282 4.746486912249641
283 4.895436114360987
284 4.836011957920208
285 4.658898059146183
286 4.716860265631058
287 4.714899423834582
288 4.692686355836711
289 4.9148085872427
290 4.705547317927127
291 4.710703757584679
292 4.623695826626602
293 4.833665507725043
294 4.874727875468729
295 5.018509942251895
296 4.834016468209674
297 4.964240878650353
298 4.933402594039565
299 4.8345932547125425
300 4.90853989302126
301 4.925092234623306
302 4.769297216382965
303 4.769608386134098
304 4.747822230181739
305 4.714517228939309
306 4.847636939067313
307 4.721248354601375
308 4.4240760668195644
309 4.402332799898535
310 4.606779912122626
311 4.680719375703157
312 4.96393076613077
313 4.823836931359508
314 4.700660336711132
315 5.2503993985821715
316 4.728324660895768
317 4.795197985038833
318 4.543906505331239
319 4.792738764469903
320 4.203199888817958
321 5.091456604517058
322 4.615609171018524
323 4.714746620876526
324 4.906994858711523
325 5.012028960481272
326 4.901308000352859
327 4.674620498593802
328 4.821968897758494
329 4.861649990560887
330 4.940740856142096
331 4.576302913093349
332 4.814192330477572
333 4.782993933083351
334 4.552739395777808
335 4.780187089011105
336 4.713653248680633
337 4.968721249183277
338 4.698514197236711
339 4.700115648703287
340 4.811501832694393
341 4.715757268403131
342 4.654913898243741
343 4.613492746489276
344 4.762456405250724
345 4.804082391119213
346 4.5507541517905565
347 4.693509217324445
348 4.718630493029134
349 4.687998366070453
350 4.6899852047444845
351 4.926756743671846
352 4.607633973359667
353 4.879571225021611
354 4.4403503631888945
355 4.890222260657285
356 4.273247987819889
357 4.7451090744400455
358 4.721346408089522
359 4.763146896866291
360 4.637478335854984
361 4.627705048716927
362 4.819470344607583
363 4.683321612432437
364 4.605948115236501
365 4.8001798996306
366 4.760107351976716
367 4.6757385918552785
368 4.6333953606847
369 4.752026459038166
370 4.575969582705473
371 4.817803854587097
372 4.939525200710412
373 4.484006375666408
374 4.7876745228885556
375 5.156992901192489
376 4.729860475940525
377 4.7274630400881685
378 4.864484534361617
379 5.082550143709095
380 4.977732253730806
381 4.780797864768014
382 4.954700122113184
383 5.3206328183402025
384 4.942457326138593
385 4.8508715687495245
386 4.811000435491305
387 4.804691991638999
388 4.781014768674139
389 4.975000939326646
390 4.521707831067361
391 4.725572120883393
392 4.621333291120788
393 4.7098536174143115
394 4.836874063747333
395 4.901447573990228
396 4.7494464504867855
397 4.736694458301831
398 4.673286900129307
399 4.812015723048133
400 4.714295742833506
401 4.868078800473372
402 4.66017803134122
403 4.9268107069309215
404 4.853325388138965
405 4.4379242126789595
406 4.611904090842264
407 4.626810317051437
408 4.869087374015852
409 4.699979211094136
410 4.825907027501298
411 4.8399216596180406
412 4.863920509289046
413 4.656657181860436
414 4.588142105797388
415 4.834674459615771
416 4.780035989767054
417 4.771051153285455
418 4.923481528194756
419 4.804844315101981
420 4.644871372595993
421 4.820969296847067
422 4.5943715756117
423 4.749460979671091
424 4.669139632713408
425 4.869084100337231
426 4.7546025655684385
427 4.904000703907642
428 4.701050391690039
429 4.506392961000893
430 4.777925164024581
431 4.8755006387228494
432 4.829969833604803
433 4.615137521540515
434 4.762106656760597
435 4.713725614098773
436 4.776729927753101
437 4.609045331693583
438 4.536056956014989
439 4.806870611898182
440 4.921893437268417
441 4.641316817959201
442 4.606463119675923
443 4.732874432704823
444 4.578502719778786
445 4.859292481294026
446 4.726467663943799
447 4.884638426083659
448 4.626151553324781
449 4.618898361816666
450 4.672175308781084
451 4.770502385894084
452 4.860107090997369
453 5.0144713529502365
454 4.702992734779489
455 4.830590038487744
456 4.757135763932197
457 4.656919585901383
458 4.724065859412676
459 4.794223416428661
460 4.812072673488439
461 4.880665619749288
462 4.663130145285088
463 5.076577725303476
464 4.931286222961782
465 4.614766557793542
466 4.814808886070761
467 4.552612109476017
468 4.589702984747668
469 4.749071841237709
470 4.812081155519604
471 4.795178106063794
472 4.86572217176672
473 4.787495977884584
474 4.867431823228125
475 4.857358037570633
476 4.7616914264560695
477 4.84810341536151
478 4.539472442406244
479 4.551208858670265
480 4.624263450800483
481 4.748619754765493
482 4.882644769142101
483 4.919462935703359
484 4.921932993714595
485 4.658427284583495
486 4.888680633550216
487 4.750829399027458
488 4.741082103197759
489 4.759460752030944
490 4.677612024861138
491 4.876402355654058
492 4.766694678050508
493 4.584597389752537
494 4.770966079645446
495 4.3546105414248455
496 4.563129531149671
497 4.881478245842535
498 4.577482852473383
499 4.780889034889767
500 4.465657680195894
501 4.884513726813044
502 4.663057388164262
503 4.7550974459315904
504 4.644785150357729
505 5.187884210552955
506 4.677924645190859
507 4.677185213217043
508 4.823409642057416
509 4.9292376714813
510 4.812558492978624
511 4.919501628628333
512 4.894395641953914
513 4.721683025228716
514 4.735113446681295
515 4.884791763801358
516 4.732977397575268
517 4.600656540472142
518 4.892409598540794
519 4.634766648650384
520 4.4425989976061135
521 4.42305595461814
522 4.650065076160732
523 4.49652568414678
524 5.08228555317521
525 4.874287545362384
526 4.654059971337999
527 4.8504992100091835
528 4.777722070341742
529 4.880373555359081
530 4.600794578015735
531 5.197295893492704
532 4.864733648138107
533 4.939937922344452
534 4.700729124919661
535 4.675819447989407
536 4.868309438162456
537 4.731981347101061
538 4.688557853299479
539 4.665496526308426
540 4.899763739012935
541 4.734806668161745
542 4.9181204659903255
543 4.821099332237775
544 4.811978339974284
545 5.0361304194724195
546 4.91639220424464
547 4.59072155824548
548 4.860167902187102
549 4.782193080931076
550 4.6487060705561865
551 4.868707211665457
552 4.864573316200309
553 5.022534548470891
554 4.937111129188905
555 4.71580740820898
556 4.676134802038311
557 5.054566281928465
558 4.6159008480907175
559 4.7086188362883
560 4.6460404761729155
561 4.808150775846375
562 4.7234535449991055
563 4.89721084144031
564 4.819010701341641
565 4.737276944148739
566 4.78261475627057
567 4.652723808952642
568 4.654444253702444
569 4.737705968059384
570 4.397693356711878
571 4.642362852127524
572 4.815425320905839
573 4.781947009504083
574 4.762339854777316
575 5.079218642955034
576 4.696619601969087
577 4.525454977049714
578 5.238189978433935
579 4.863702698951049
580 4.669860120781842
581 4.8292106771876675
582 4.757226017804358
583 4.735456307032959
584 4.625094195807336
585 4.783051665042961
586 4.875120453951358
587 4.675752975744155
588 4.525930459050439
589 4.930693736368199
590 4.5679995484822
591 5.015452750672716
592 4.793250405556877
593 4.599580499693882
594 4.807036149670426
595 4.869700433044526
596 5.008326436010731
597 4.856000053345944
598 4.887864951091522
599 4.882003812885754
600 4.934522221096508
601 4.779571704506512
602 4.636420063483578
603 4.736036190988252
604 4.84869363934855
605 4.752342152283936
606 4.698130587831982
607 4.702926633729491
608 4.534245135503243
609 4.726368304105032
610 4.56904504162092
611 4.514157909837841
612 4.60291846950363
613 4.862156244270247
614 4.878489209875752
615 4.875739460116249
616 4.877637091428666
617 4.862334340895713
618 4.632856495101557
619 4.432845371974608
620 4.7213293572490524
621 4.7958956359129505
622 4.663304873551814
623 4.400728463324342
624 4.723022270297683
625 4.655505476201907
626 4.36066476319182
627 4.899799902598906
628 4.350291163465074
629 4.719056482012288
630 4.4102945392380155
631 4.51871045033224
632 4.661994539462915
633 4.9872847163133525
634 4.599588921108292
635 4.729614888088021
636 4.752145257895644
637 4.797024776936362
638 4.670818608966195
639 4.615520617933941
640 4.742512656968475
641 4.504709299846614
642 5.111946382644526
643 4.949098961391768
644 4.888202353971922
645 4.881005010456566
646 4.763841417999534
647 4.82708385394133
648 5.026990396353293
649 4.883518981772904
650 4.8402476594609105
651 4.748727855749599
652 4.810996070546088
653 4.745078765970122
654 4.84937908264413
655 4.716968915682238
656 4.843903375142964
657 4.66209823997483
658 4.641824177358768
659 4.5474133421850444
660 4.697543565103158
661 4.833422297881637
662 4.674678512027878
663 4.811109650876725
664 4.840832257986633
665 4.89236401743603
666 4.77513473042723
667 4.8062985528810405
668 4.737197720910831
669 4.908195942662196
670 4.842982828665882
671 4.881407312958281
672 4.888518696016953
673 4.669402558666994
674 4.580901740008297
675 4.869496027981448
676 4.8792587123183795
677 4.836519386404214
678 4.770424088709223
679 4.663186127491282
680 4.534060623319078
681 4.848073396823999
682 4.904950867857345
683 4.6600616633145036
684 4.7469771117478174
685 4.902396318344179
686 4.92208830819127
687 4.663610975386352
688 4.983156710771454
689 4.895389421420316
690 4.609452467317798
691 4.918425667504033
692 4.3547053392579835
693 4.8120450615468835
694 4.744160693387334
695 4.728952772211498
696 4.731201484824846
697 4.654080394788915
698 5.0846040268076536
699 4.738869839727332
700 4.796080854315515
701 4.707382314290731
702 4.411710456763848
703 4.750952163959907
704 4.772240033435493
705 5.122590176893977
706 4.792733909235349
707 4.934291582472235
708 4.8888057388266555
709 4.795297265623717
710 4.86968649637432
711 4.656726562177131
712 4.85670634645662
713 4.730922489621306
714 4.709781116465016
715 4.70148760831525
716 4.896727919372907
717 4.708295860319263
718 4.563102259879285
719 4.665771502137428
720 4.761209464342665
721 4.928279702324199
722 4.8200819798918735
723 4.938360427077017
724 4.807015856504253
725 4.859607852174741
726 4.7397624594859105
727 4.727890755127889
728 4.694992019824795
729 4.76659328822421
730 4.765479548268219
731 4.70921685057084
732 4.890477680854432
733 4.770335420645635
734 4.990722456441918
735 4.762667542500596
736 4.749595317996189
737 4.946490794760008
738 4.706841210325455
739 4.668276046817527
740 4.543835562513762
741 4.753066900741477
742 4.6876824693094585
743 4.874268722946365
744 4.5880934311282005
745 4.422398762807451
746 4.745314708535501
747 4.656326194027639
748 4.727555224208204
749 4.834573570092693
750 4.664206066488631
751 4.598734318992115
752 4.712105518776927
753 4.61797476724191
754 4.583637173512773
755 4.523360669394822
756 4.8608947952682655
757 4.811946112798997
758 5.032461109387614
759 5.081654602153324
760 4.647860656599668
761 4.533212332724853
762 4.915101219464735
763 4.649894190801297
764 5.062804288713065
765 4.843486190916764
766 4.421162729003641
767 4.786205132731826
768 4.6080390630050365
769 4.711245716594939
770 4.664830944056725
771 4.838790077265353
772 4.703021568391155
773 4.753221058523784
774 4.561658274689175
775 4.639331031145889
776 4.662043031967463
777 4.794292191287035
778 5.0277165835034765
779 4.768584484476966
780 4.64795818553518
781 4.785041385992219
782 4.729598326259559
783 4.883876851027815
784 4.694609730922307
785 4.636975311669677
786 5.057397914168954
787 4.584787963937174
788 4.856804014925162
789 4.749580626448977
790 4.706017957223939
791 4.998512490301186
792 4.883547443594574
793 7.005138518692653
794 4.795492221917284
795 4.78982788887745
796 4.667234948802108
797 4.973781729978049
798 4.8826879254754525
799 4.589488328451446
800 4.525212521052211
801 4.901318233703832
802 4.8836658107901805
803 4.606134168870711
804 4.84107135446452
805 4.951800490820655
806 4.730972547301837
807 4.802797438112793
808 4.969658807952622
809 4.683867108289035
810 5.00787361959549
811 4.603786869083079
812 4.975666108424663
813 4.760508599965948
814 4.617406834845683
815 4.592132908422553
816 4.569342397014259
817 4.755344212349596
818 4.6903254577000135
819 5.175907387627434
820 4.8264263245617665
821 4.881335039197709
822 4.934507327107032
823 5.012943743525491
824 4.391916078648113
825 4.89878719211819
826 4.766285086498584
827 4.760425137209813
828 4.624585674669751
829 4.688627097302256
830 5.01492389239546
831 4.882728678742548
832 4.660402317146507
833 5.101088860909871
834 4.934416118049005
835 4.742333647922397
836 5.003101928315223
837 4.681485964829997
838 4.744434243684154
839 4.603520736691432
840 5.064426533498728
841 5.038549508219201
842 4.823431147855757
843 4.9386988944536405
844 4.6848940692721
845 5.471263844754866
846 4.795533401410149
847 4.652005368529319
848 4.601700570665231
849 4.90646151354675
850 4.551730025237395
851 4.885383426174377
852 6.314943537741901
853 4.79710275457168
854 4.706718548987493
855 4.731951191789619
856 4.535751681423699
857 4.725119237129558
858 4.798007683198258
859 4.913108332249958
860 4.719011472261037
861 4.670881536971584
862 4.756480789246039
863 4.589007571339185
864 4.707382903922301
865 4.657604733371892
866 4.628392710300618
867 4.568262300357401
868 4.832480232638043
869 4.700335601782252
870 4.510911650331849
871 4.536760667787213
872 4.839492435248796
873 4.979459161718927
874 4.657427029862385
875 4.761038806133077
876 4.86812065229609
877 4.631373879867931
878 4.688366564199229
879 4.501342075069119
880 4.372120392235534
881 5.264977338313718
882 5.003372517746574
883 4.6226265507032505
884 4.5663050542682715
885 4.2284437398104995
886 4.834168494263952
887 4.871270822669501
888 5.067407762798828
889 4.783536603699626
890 4.757022768880057
891 4.73271591119054
892 4.759477170932887
893 4.541140670211936
894 4.85841656163483
895 4.849577448257562
896 4.7838325678836
897 4.5101676893278695
898 4.698392859412194
899 4.664344080025299
900 4.941261078754251
901 4.812737224120071
902 5.001932024084129
903 4.795270399857115
904 4.743059020341199
905 4.710321139986154
906 4.724884898374258
907 4.81448207264274
908 4.653291273684663
909 4.354966664857185
910 4.841422282540326
911 4.701936802418367
912 4.809616344388462
913 4.905059164582379
914 4.660607968646932
915 5.01808680581375
916 4.820428157457159
917 4.840964840710687
918 4.690041338074562
919 4.8129717999330195
920 4.772955478705348
921 4.6445286157944
922 4.612609899941073
923 4.7616671260808845
924 4.877465765475905
925 4.768039384818235
926 4.9786917091235665
927 4.6875277269911715
928 4.593194386957394
929 4.8771417538777015
930 4.348427165154794
931 4.611622461746553
932 4.587569138104043
933 4.88866172426603
934 4.757084960483491
935 4.781733014960018
936 4.830298860503545
937 4.851422138749976
938 4.774063618079623
939 5.156026328357237
940 4.569627041914505
941 4.876826427669728
942 4.849488162530928
943 4.98713971096312
944 4.6584081307583585
945 4.848721232510226
946 4.953279440631249
947 4.770783897594376
948 4.7407497283174465
949 4.843642241168358
950 4.8000252437489035
951 4.577219504870459
952 4.7871426130978305
953 4.558975593225599
954 4.761983322907119
955 4.606102356951371
956 4.686605907927317
957 4.9383158093163395
958 4.757049600569793
959 4.788291186587552
960 4.5372941279422925
961 4.637392314196924
962 4.805408626738672
963 4.702028523206213
964 4.741063268255185
965 4.782436875711388
966 4.782889140063737
967 5.085170242994418
968 4.911792532421631
969 4.90051566741464
970 4.679383441031684
971 4.684041729150705
972 4.689630128820092
973 4.648347955177316
974 4.806837348792594
975 4.468768516385388
976 4.916851133784476
977 5.154083999995969
978 4.656292937439531
979 4.65668469638216
980 4.67320024208963
981 4.798523991071156
982 4.631682904977127
983 4.796418142301365
984 5.168658919227552
985 4.829438281271909
986 4.800217148179954
987 4.951785809563435
988 4.887110988212996
989 4.630753456107912
990 4.744811108005498
991 4.973971986102629
992 4.482112445328894
993 5.112916411750543
994 4.658798246087128
995 4.959102470854487
996 4.6398624458884825
997 4.452956892443445
998 4.767244027264899
999 4.948865591785084
1000 4.620139761484443
1001 4.9001011967380155
1002 4.748385736618225
1003 4.732957642992452
1004 4.40778053427564
1005 4.582235261323797
1006 4.972653236763334
1007 4.831917899547279
1008 4.632962517541638
1009 4.982882364160033
1010 4.609214296955201
1011 4.722212850177485
1012 4.787580662668899
1013 4.844047253642526
1014 4.699128052132031
1015 4.861841159455692
1016 4.756008367175653
1017 4.780313261224036
1018 4.7850175676269195
1019 4.696384376033482
1020 4.762510229017084
1021 4.819124649367056
1022 4.7685580832033425
1023 5.033870682441055
1024 4.802855875733545
1025 4.85171975280121
1026 4.780165928513048
1027 4.573836642374583
1028 4.642086675443791
1029 4.811154053725762
1030 4.663118042147433
1031 4.714099326192986
1032 4.7996763129454285
1033 4.729092923614627
1034 4.796070944819178
1035 4.798642834030238
1036 4.6820337173890625
1037 4.614663169539764
1038 4.783588225291769
1039 4.631299710062087
1040 4.953002487527059
1041 4.76664733853061
1042 4.721474428875686
1043 4.738877220225652
1044 5.041445970950426
1045 4.54799563044923
1046 4.911336401735617
1047 4.641467681457583
1048 4.915460311565384
1049 4.832084517549765
1050 4.697691552750684
1051 4.6410737720263695
1052 4.472144962685825
1053 4.813220187067843
1054 5.0965722518649414
1055 4.671369799165256
1056 4.618023412215376
1057 4.902373574757634
1058 5.019304262259978
1059 4.668940936854466
1060 4.6191394658181855
1061 4.630417877546629
1062 4.605917190325857
1063 4.517480084669007
1064 4.595144108361228
1065 4.665982814953072
1066 4.4923385916084015
1067 4.686097195549392
1068 4.805803354108358
1069 4.8026546535233505
1070 4.913381202705476
1071 4.549660870854013
1072 4.7440961828045065
1073 4.823222527299119
1074 4.751843232382708
1075 4.922968276228369
1076 4.754372973405277
1077 5.18138337138248
1078 4.891069456398771
1079 5.201346740678577
1080 5.122191386433658
1081 4.955437111953719
1082 4.954530982391006
1083 4.792928887081707
1084 4.679140313766913
1085 4.892777205063578
1086 4.731293628507301
1087 4.657300968864169
1088 4.891585691014034
1089 4.41235161135435
1090 4.654974064626114
1091 4.86258271290156
1092 4.812700042076467
1093 4.891257537381076
1094 4.733245312311536
1095 4.752933362379393
1096 4.790983894986721
1097 4.72600029932385
1098 4.539153265368747
1099 4.7183655539692335
1100 4.784674789457138
1101 4.692582534622508
1102 4.683039152666496
1103 4.667686584833852
1104 4.731958877735797
1105 4.666251794390609
1106 4.959380554394936
1107 4.38867144670744
1108 4.672802827144316
1109 4.537903727167078
1110 4.517657538931387
1111 4.778886274466526
1112 4.898607168555792
1113 5.0208696461228515
1114 4.612918126312944
1115 4.822798794622048
1116 4.8202063670434665
1117 4.840111242489457
1118 5.161821983730098
1119 4.766080729483155
1120 4.862602617011896
1121 4.767288584095557
1122 4.653784425833798
1123 4.625103496437944
1124 4.751526933444614
1125 4.869594989599925
1126 4.534371220422238
1127 4.649421867107686
1128 4.593684936344347
1129 5.090409465923217
1130 4.777131977853531
1131 4.683600376672077
1132 4.661419414586341
1133 4.869713160487812
1134 4.470613542659555
1135 4.873348169760864
1136 4.606547280379035
1137 4.676967391913914
1138 4.96498468745876
1139 4.75485130596784
1140 4.737240277069635
1141 5.006701815165139
1142 4.837826905627504
1143 4.919915266574887
1144 4.863324410160408
1145 4.7399761965600815
1146 4.927616444364633
1147 4.841404238733587
1148 4.659324862407367
1149 4.727046884446592
1150 4.909494398580836
1151 4.694143656745113
1152 4.794012855413793
1153 4.681868972082044
1154 5.060507333821626
1155 4.659793146215065
1156 4.731570396699698
1157 4.844595950442466
1158 4.690650786582128
1159 4.789527290489523
1160 4.564943408829488
1161 4.793642635775442
1162 4.545826236421625
1163 4.981017162673835
1164 4.747282774945267
1165 4.880914294210282
1166 4.565782236426305
1167 4.767925322934375
1168 4.446723953968524
1169 4.774451801883804
1170 4.635408967112565
1171 4.858388115647961
1172 5.028436223168958
1173 4.569361752103296
1174 4.861530419268614
1175 4.809581819688325
1176 4.776754922986876
1177 4.7282887993361244
1178 4.94861782590259
1179 4.837209957451028
1180 4.932136774394774
1181 4.7160502403025655
1182 4.604615470824897
1183 4.55806263131744
1184 4.762153856980943
1185 4.659013833656704
1186 4.760446403454221
1187 4.437204847543534
1188 4.931118785670901
1189 4.878229194460571
1190 4.842913639186949
1191 4.750019437536841
1192 4.838928310819268
1193 4.732964060241477
1194 4.835635748779643
1195 4.752175948410905
1196 4.831979796448629
1197 4.693728568374673
1198 4.651433209830616
1199 4.529185737266791
1200 4.5906278550663915
1201 4.732548351689421
1202 4.819573869208027
1203 4.599628432474271
1204 4.582903548172197
1205 5.010834391785961
1206 4.4575680651974325
1207 4.717964070185579
1208 4.932178862065342
1209 4.7437032285583145
1210 4.74678621926155
1211 4.6905384293787
1212 4.626910289223472
1213 4.811580057465567
1214 4.433654747044347
1215 4.704095661256358
1216 4.942656575931193
1217 4.778882773246863
1218 4.773284018060102
1219 4.753086694533436
1220 4.866712071115189
1221 4.916926951978231
1222 4.6847659240941235
1223 4.891787919582707
1224 4.840921161103058
1225 4.83456360704436
1226 4.918736593032986
1227 4.5981121975312895
1228 4.750045944913023
1229 4.910762551673951
1230 4.683105371987152
1231 4.846088395601675
1232 4.848920951081209
1233 4.692254666518661
1234 4.706197925445201
1235 4.614989960440718
1236 4.542216509212601
1237 4.838333025123585
1238 4.262645305784733
1239 4.816095426748523
1240 4.656167968056093
1241 5.0872759616914704
1242 4.747623090465519
1243 4.793485564763261
1244 4.220128040940784
1245 4.626116985407693
1246 4.788593513657573
1247 4.841199980561133
1248 4.440619635919068
1249 4.4696766700647945
1250 4.673895556164239
1251 4.792768317002439
1252 5.016080160114953
1253 4.4389421397793924
1254 4.944107234183665
1255 4.93543412406572
1256 4.20297338523841
1257 4.325004205541049
1258 4.5984096127953435
1259 4.7372981675986585
1260 4.950673476268786
1261 4.677050458750404
1262 4.306625604314633
1263 4.817233000363273
1264 4.317985332031845
1265 4.475140417491449
1266 4.761468622831184
1267 4.786503237042732
1268 4.652614783207996
1269 4.537775059373868
1270 4.833276565920506
1271 4.66601981390659
1272 4.707198423360446
1273 4.5025456486681685
1274 4.762427899891953
1275 4.589709579435145
1276 4.736359887316647
1277 4.929631172650745
1278 4.714919418464187
1279 4.80989682002867
1280 4.861339786851938
1281 4.583478931422462
1282 4.665512727059102
1283 4.767635608461163
1284 4.981290873059416
1285 4.838443860055
1286 4.6001837822757485
1287 4.387033760271459
1288 4.699019197591099
1289 4.829392870852408
1290 4.9167273123087805
1291 4.785721075722881
1292 4.682013593779293
1293 4.720941369916848
1294 4.639050992748936
1295 4.755263689607778
1296 4.717358531491439
1297 4.746858193160107
1298 4.840966474640125
1299 4.861854458491515
1300 5.002007570487978
1301 4.843076273974058
1302 5.145122539176339
1303 4.632539016604357
1304 4.902079278447142
1305 4.804441210223425
1306 4.816595508660895
1307 4.556049407950965
1308 4.670946194086637
1309 4.683804319908084
1310 4.983901609962839
1311 4.795602439180884
1312 4.866151615630843
1313 4.631307701768458
1314 5.545398323833105
1315 4.807375416758581
1316 4.7820804250191005
1317 4.8734054184644755
1318 4.6916394725911434
1319 5.00682146916955
1320 4.396421162995418
1321 4.607238727419998
1322 4.947491619164059
1323 4.904349742377427
1324 4.560235168973215
1325 4.380305760764811
1326 4.7337202068735955
1327 4.791888571610348
1328 4.801941488058638
1329 4.960648697550843
1330 5.135138396372606
1331 4.933691528372055
1332 4.331056252216376
1333 5.088266096285087
1334 4.876817848478212
1335 4.90393758912255
1336 4.7628697607957315
1337 4.766443012780871
1338 4.674736577121398
1339 4.420742859011589
1340 4.909323094809967
1341 4.640116722200923
1342 5.0241984403970745
1343 4.542701651249414
1344 4.457391557851464
1345 4.73762843176898
1346 4.8733602773397315
1347 4.8083471991649125
1348 4.799963283073131
1349 4.742599986731909
1350 4.814521418614644
1351 5.049518372869169
1352 4.662109236666821
1353 4.466776521728074
1354 4.8612572193950925
1355 4.916861007895363
1356 4.530491420631368
1357 4.562057876600235
1358 4.372066444909333
1359 4.6624092911607375
1360 4.806601121009949
1361 4.337450882255923
1362 4.5659323901041144
1363 4.58460168262738
1364 4.701617580321255
1365 4.5008761500758885
1366 4.683666698241008
1367 4.837593410549911
1368 4.550241168851637
1369 4.700395716279925
1370 4.821824257253126
1371 5.053551020395736
1372 4.684488421190348
1373 4.3122666101965486
1374 4.718098426059623
1375 4.364513394550316
1376 4.676605506518084
1377 4.377903045923334
1378 4.492414645515848
1379 4.483492147974764
1380 4.705273599382846
1381 4.682215655833337
1382 4.60661525322328
1383 4.74672471378129
1384 4.6957750967580925
1385 4.7515979026139545
1386 4.536990351759847
1387 4.640357655645188
1388 4.617490419611292
1389 4.988564220636227
1390 4.517690397203762
1391 4.687821144109424
1392 4.735871808586945
1393 4.605255568065517
1394 4.857994378066145
1395 4.721900153134104
1396 4.674990165324471
1397 4.745582593915076
1398 4.392218143236935
1399 4.984616256126797
1400 4.900325576974102
1401 4.5326158793088345
1402 4.697768623695435
1403 4.62061460645251
1404 4.616585353509997
1405 4.780752566171372
1406 4.890041554846018
1407 4.586235413465118
1408 4.699207875554015
1409 4.9491747811559375
1410 4.708657747686697
1411 4.69104057754245
1412 4.530697246493734
1413 4.682644746896177
1414 4.890681551057237
1415 4.998383432723815
1416 4.357076208554105
1417 4.955021301962076
1418 4.785114396268364
1419 4.803688518765878
1420 4.269529808859553
1421 4.7119697402693435
1422 4.836199752833754
1423 4.864867854942873
1424 4.695755534268008
1425 4.577720402022425
1426 5.123803432004115
1427 4.752768914585552
1428 4.6530719307261315
1429 4.729842353857924
1430 5.0679066939158215
1431 4.97901525552311
1432 4.856447215920805
1433 4.606877609313129
1434 4.490640670140845
1435 4.694568560635298
1436 5.04633413383193
1437 4.542913056908799
1438 4.17398513832795
1439 4.393708641940009
1440 4.919533295809659
1441 4.652391122771619
1442 3.9215297413456263
1443 4.650050912017283
1444 5.105281681104178
1445 4.903818132131599
1446 4.84363633338054
1447 4.431741164046532
1448 4.474420538590891
1449 4.575580504978624
1450 4.9381714907874015
1451 4.872486461416874
1452 4.899066892984519
1453 4.6060739881979424
1454 4.8713027036791505
1455 4.708209956380534
1456 4.879001056211116
1457 4.640005158574252
1458 4.882735825294625
1459 4.628621453999142
1460 4.692064269124156
1461 4.8777977036170554
1462 4.941516380670636
1463 4.697913341861626
1464 4.826087674263972
1465 4.610114196444805
1466 4.962523429798974
1467 4.807292936433692
1468 4.811333090012241
1469 4.633099378269115
1470 4.907207559912639
1471 4.942504551374408
1472 4.886499566148007
1473 4.731620471045858
1474 4.890825614886376
1475 4.674720289869346
1476 4.870482309138952
1477 5.045511340306597
1478 4.758627964771756
1479 4.8524444691437685
1480 5.022187052633189
1481 4.906268024726996
1482 4.904948592168184
1483 4.538732021511473
1484 4.718063989546871
1485 4.83700436444525
1486 4.804913752197048
1487 4.679844170089011
1488 4.654583161681936
1489 4.6402527253589385
1490 5.002736911972932
1491 4.686435214175626
1492 4.564677666316436
1493 4.764615401013491
1494 5.0622626525622785
1495 4.596348593572927
1496 4.743383298088816
1497 4.82283834042885
1498 4.644288509242481
1499 4.672805103109593
1500 4.847164624767852
1501 4.872976459187958
1502 4.156413005970446
1503 4.751083435152622
1504 4.68947747117796
1505 4.699873704697939
1506 4.736903799013616
1507 4.824931157711762
1508 4.732816884268654
1509 4.725976238873466
1510 4.721794542428089
1511 4.935037171266468
1512 4.551372089933915
1513 4.59075712060397
1514 4.640319495943082
1515 4.727292941943732
1516 4.742337790651763
1517 4.703182276462291
1518 4.798008975481455
1519 4.580991043114665
1520 4.746217566303385
1521 4.785188362376439
1522 4.648138189762256
1523 4.721936768966139
1524 5.013240630863643
1525 4.6837779581959085
1526 4.7088595722438065
1527 5.025234334579884
1528 4.740054862614186
1529 4.933829761589511
1530 4.903100349505168
1531 4.916814847686167
1532 4.969341994239826
1533 4.667348256456321
1534 5.213177850252065
1535 4.699661148772544
1536 4.686826797178761
1537 4.738642323589151
1538 4.694881385660768
1539 4.623619677243736
1540 4.732268911168502
1541 4.603279147730989
1542 4.567324721553363
1543 4.836509129671653
1544 4.875715238880544
1545 4.521500677061619
1546 4.9865819716961886
1547 4.880423670287711
1548 4.6300245688078885
1549 4.645373224969494
1550 4.712522870582876
1551 4.897548431956323
1552 4.823578629986043
1553 4.935630135493929
1554 4.5407224021830395
1555 4.941522457730387
1556 4.5954674584029895
1557 4.770696664731085
1558 4.8718711678507285
1559 4.859055726752051
1560 4.856624390735639
1561 5.0115692344518825
1562 4.78881125930508
1563 4.834035490529296
1564 4.826941186741437
1565 4.718498311338134
1566 4.705464403939149
1567 4.824027475192342
1568 4.811367187915687
1569 4.737048174918632
1570 4.696108969784674
1571 4.712827863339879
1572 4.989889946643445
1573 4.536429667798668
1574 4.793623603568628
1575 4.74653924515124
1576 4.702027587940669
1577 4.823286200135144
1578 4.7569268301589185
1579 4.783293602518227
1580 4.6278696708604246
1581 4.873077749806508
1582 4.592783383215981
1583 4.794227568091114
1584 4.908848338392725
1585 4.850046139144843
1586 4.923293071274125
1587 4.7597320446203994
1588 5.155275872685514
1589 4.46375031343153
1590 4.891866425471732
1591 5.048763506051242
1592 4.434670894521128
1593 4.913024146425181
1594 5.1603634087389105
1595 4.657778824104315
1596 4.709980078700644
1597 4.593113478381884
1598 4.5625529992250184
1599 4.775352415860803
1600 5.229439379159453
1601 4.8435339946425255
1602 4.6249455909293795
1603 4.7737546238286725
1604 4.656824969894717
1605 4.580726973634066
1606 5.148504468667525
1607 4.710259024253102
1608 4.978354303212628
1609 4.760102255030924
1610 4.727388589083286
1611 4.658434065606504
1612 4.791136018605827
1613 4.853280332954071
1614 4.686159052992069
1615 4.764709065125651
1616 4.832661665776121
1617 4.83816339472775
1618 4.694378659882868
1619 4.758090674481053
1620 4.836214277544249
1621 4.633582587890193
1622 4.813329474764461
1623 4.521415538825784
1624 4.568138331707599
1625 4.886257730841817
1626 4.753067585035093
1627 4.832501068834857
1628 4.795157724538646
1629 4.765546101258477
1630 4.767495235717289
1631 4.825136018972255
1632 4.926450448357343
1633 4.827003017933032
1634 4.797787128664599
1635 4.690457618649928
1636 4.450901255792244
1637 4.8990260926733225
1638 4.722616370901743
1639 4.783083115840274
1640 4.713660356553349
1641 4.755008584004698
1642 4.386562520690206
1643 4.831771061860054
1644 4.632035475356901
1645 4.718082162776761
1646 4.775913250106067
1647 4.578289207232254
1648 4.905518427054028
1649 4.878204536529881
1650 4.898298710750045
1651 4.874627422023669
1652 4.819106529783006
1653 4.621651662575824
1654 4.752162800917619
1655 4.783220407796456
1656 4.764992917724772
1657 4.753059269294036
1658 5.01493794246447
1659 4.657525350900929
1660 4.736616899012372
1661 4.795648402293598
1662 4.823239728316941
1663 4.901224494311697
1664 4.575564612129202
1665 4.785421869434877
1666 4.6369294609668
1667 4.866128226537621
1668 4.723354475258483
1669 4.869807210081526
1670 4.859044614251098
1671 4.514209468660074
1672 4.722213947176688
1673 4.85266579420614
1674 4.475866732474338
1675 4.711326493268923
1676 4.61262566754805
1677 4.785422980080731
1678 4.788124705005738
1679 4.625246508538365
1680 4.954360468419506
1681 4.739431879846002
1682 4.897997077859326
1683 4.6176265937008045
1684 4.638660017483859
1685 4.705619408493089
1686 4.298863929931479
1687 4.5198726544021905
1688 4.754628915717172
1689 4.613188541115888
1690 4.737993329722585
1691 4.696119337947608
1692 4.810697178824721
1693 4.716488313150267
1694 4.796279478789751
1695 4.859619366932988
1696 4.61272703097575
1697 4.640111923434754
1698 4.923700358996156
1699 4.827793689280977
1700 4.9088954826391
1701 4.571521747776655
1702 4.5682502301222305
1703 4.929284104456723
1704 4.920183549270724
1705 4.654002772858777
1706 4.921931856102282
1707 4.825957731788582
1708 4.587202959859746
1709 4.917624528670965
1710 5.032953341423889
1711 4.7808758111252825
1712 4.831570463535885
1713 4.574232361196968
1714 4.804731201658881
1715 4.718376154215604
1716 4.904218138486139
1717 4.617076905733901
1718 4.358648040272399
1719 4.737657233639282
1720 4.683628501836927
1721 4.662087845102619
1722 4.60286768361953
1723 4.825538641308769
1724 4.777833133173421
1725 4.90338006200594
1726 4.800698976984486
1727 4.545281698255749
1728 4.838928505575784
1729 4.8374810710945955
1730 4.681605302254809
1731 4.834610548025671
1732 4.569660137166875
1733 4.808649117559493
1734 4.561534822808487
1735 4.890913483595396
1736 4.486808012200364
1737 4.662797267200113
1738 4.851416813772767
1739 4.9689674137851405
1740 4.8020773338472145
1741 5.119850149679418
1742 4.3957545014870405
1743 4.704152958847474
1744 4.698948671326343
1745 4.531882594291613
1746 4.799326590235441
1747 4.556739745702673
1748 4.821842968198495
1749 6.729885871980743
1750 3.992322505879657
1751 4.731764431183846
1752 4.342493058020069
1753 4.7130167450917035
1754 4.279986989399732
1755 4.669291904593161
1756 4.319565040057819
1757 4.598337137833544
1758 4.416281464745552
1759 4.467838720785646
1760 4.906579358206944
1761 5.031083275115135
1762 4.270513014067184
1763 4.6937705256411135
1764 4.498223540782128
1765 4.389019571267935
1766 4.1544215603761465
1767 4.638996325498493
1768 4.460898398575016
1769 4.3506305552097295
1770 4.817180222610245
1771 4.817652356028447
1772 4.60492760597716
1773 4.529371882724904
1774 4.591864591103243
1775 4.736998548734542
1776 4.643930054799061
1777 4.297098947697818
1778 4.5526228735395655
1779 4.710680432661035
1780 4.304783334765817
1781 4.582262939481985
1782 4.877973519307192
1783 4.460155776030067
1784 4.2510440108623495
1785 4.1807455717942
1786 4.442891973702623
1787 4.306902071173884
1788 4.662686650330815
1789 4.381998236935445
1790 4.67987491240599
1791 4.405159302191767
1792 4.349893037168395
1793 4.8010375569094785
1794 4.849463281561702
1795 4.911446242596373
1796 4.6011047182488705
1797 4.867023327574879
1798 4.781957238982546
1799 4.510317447085908
1800 4.332221476214855
1801 4.743529869847207
1802 4.565934380849443
1803 4.728724655602567
1804 4.471416075969471
1805 4.3562990801886725
1806 5.0149075933787275
1807 4.675587530164637
1808 4.5681661553736665
1809 4.5409347910031075
1810 4.469353389228107
1811 3.940672226967855
1812 4.431802036408441
1813 4.624569782714687
1814 4.357914655348285
1815 4.629376435219788
1816 4.756236276073331
1817 4.58529825693071
1818 4.167726575422842
1819 4.9287045358834956
1820 5.232865653967439
1821 4.488043820431921
1822 4.22336773541943
1823 4.422603037723142
1824 5.747872370002976
1825 6.720833923845519
1826 4.265869384357435
1827 4.386245118999748
1828 4.843531216368252
1829 6.5630437003983895
1830 5.907870381410838
1831 6.356673522209192
1832 4.847077686155636
1833 4.973494995166548
1834 4.614385833553051
1835 4.5703121796097
1836 4.585087925822451
1837 4.350024336022705
1838 4.547369563978674
1839 4.803078297455847
1840 4.762579621895876
1841 4.699250158051537
1842 4.517316794624415
1843 4.51037937233508
1844 4.146705929402241
1845 4.738287318574339
1846 4.646077086859138
1847 4.72041854078925
1848 4.793814844978178
1849 4.601190869205088
1850 4.664954432622146
1851 4.489028532143241
1852 4.442440164616388
1853 4.830528951446678
1854 4.799314897234968
1855 4.788826621469773
1856 4.843118846804094
1857 4.677906871510552
1858 4.46630346168876
1859 4.287597788841362
1860 4.52131908801551
1861 4.40797989573048
1862 4.597484646122889
1863 4.272067931902162
1864 4.462248961928934
1865 4.55737552204545
1866 4.087461317626967
1867 4.369339522392773
1868 4.491179394198853
1869 4.355506114109843
1870 4.468306588217674
1871 4.620554060726797
1872 4.314571431238991
1873 4.214400410651862
1874 4.168777584408257
1875 4.277245467889047
1876 4.239849566210781
1877 4.466354879376982
1878 3.9516929184200005
1879 4.7488443380576255
1880 5.049275535236566
1881 4.960535731710755
1882 4.245247461166751
1883 4.346381246849017
1884 6.986662579178781
1885 6.735256422495633
1886 5.71494777071257
1887 6.93816190474567
1888 6.383945678125823
1889 5.991757798950483
1890 6.52788254601442
1891 4.372075324835075
1892 4.517117069962792
1893 4.746426154350495
1894 4.685289205510123
1895 4.994262629019783
1896 4.780721211841887
1897 4.759711739565731
1898 4.576379247127261
1899 4.69320072867879
1900 4.744491156513633
1901 4.587581729969643
1902 4.184912759308127
1903 4.689976514861318
1904 4.519573262577406
1905 4.672015211022309
1906 4.60826571611383
1907 4.5519250310870705
1908 4.389136588893494
1909 4.807438304000757
1910 4.98454579393935
1911 4.38405095201451
1912 4.572825896490713
1913 4.535128880901592
1914 4.21624669064562
1915 4.611121515510171
1916 4.244649630671249
1917 4.747026072677698
1918 4.667343848844865
1919 4.873114353702367
1920 4.749024860548616
1921 5.000714209208295
1922 4.635962931989314
1923 4.662357130224012
1924 5.827885399004873
1925 6.335839265261254
1926 6.99539000049292
1927 7.177161777621413
1928 4.522240316171179
1929 4.559936137438196
1930 4.747017345782619
1931 5.005275598473796
1932 4.596947471779457
1933 4.630333219368261
1934 4.654401006862541
1935 4.5494438428704465
1936 7.210992115916112
1937 6.243781285185628
1938 6.756958892079192
1939 6.268738507598626
1940 6.400955643474694
1941 6.272310051152757
1942 6.3686446405782515
1943 6.703784969313827
1944 7.405078555487117
1945 7.302948707572926
1946 6.5265401808859265
1947 6.744904961625587
1948 6.834361487767078
1949 6.537480386395804
1950 6.810224754711342
1951 6.781092151067448
1952 6.221931297813526
1953 6.299478319348143
1954 6.627543864087487
1955 4.696294205423626
1956 4.5161567572869545
1957 4.481007782468374
1958 4.527682668782528
1959 4.701693011416461
1960 4.465407750511979
1961 4.65814605080314
1962 4.53819276987349
1963 4.651166964636399
1964 4.610345300766616
1965 4.924659621271477
1966 4.194319499661319
1967 4.815129566511816
1968 6.765211889573192
1969 6.1900616936293185
1970 6.037173089807194
1971 7.848987041834798
1972 8.585701219448817
1973 7.607889859933848
1974 6.442185018971177
1975 6.227115591480399
1976 6.893842124095627
1977 6.988519104414407
1978 6.479447026509329
1979 7.163287500712481
1980 6.166882475367147
1981 6.629901768096596
1982 6.257238012639107
1983 6.168342911397467
1984 6.483491530106489
1985 6.727004974564227
1986 5.968667629195068
1987 5.376578696916858
1988 6.2757530379411905
1989 5.870810992875905
1990 5.847637937361174
1991 6.2873412240621445
1992 7.922407117351592
1993 8.058147547315391
1994 6.224560886505765
1995 6.647649192763052
1996 5.766253843679964
1997 6.404049802756358
1998 7.658721208440479
1999 7.843830284305372
2000 5.420570100637344
2001 5.667071045497578
2002 6.109795343398035
2003 5.272395792206609
2004 6.203631154305953
2005 6.217172720057255
2006 7.462613772931377
2007 6.481934202349753
2008 6.040347514075906
2009 4.739346958781484
2010 4.353916575787249
2011 4.89407023214198
2012 4.4774171129552975
2013 5.588016803285858
2014 7.162240579625995
2015 6.4824102549892215
2016 6.226157851822265
2017 7.125669923151097
2018 6.430788986700486
2019 6.311624078563333
2020 7.046966263906481
2021 7.394490064537997
2022 7.420135125777522
2023 4.63941656370132
2024 4.769067276469473
2025 4.648486131565054
2026 4.723774419276191
2027 4.483658529893235
2028 4.960522552636922
2029 4.221563657164287
2030 4.805585391045345
2031 4.6730400535260115
2032 4.841522312117455
2033 5.039399056218841
2034 4.49649134048958
2035 4.481831691487049
2036 4.7027191311999
2037 4.1853113597058025
2038 5.776468898688625
2039 4.7923654875714465
2040 6.3857458573376125
2041 6.528012440522247
2042 6.8487566188751785
2043 6.63663355910206
2044 6.812463655146128
2045 6.297438682009735
2046 6.851435174765184
2047 7.046053128292377
2048 6.8496579805671205
2049 6.659192654009686
2050 4.921662949503951
2051 4.576695796110597
2052 4.652744242920425
2053 4.818431916397888
2054 5.156995800352065
2055 4.656255092631956
2056 4.7200675943246715
2057 5.156983467247228
2058 4.6251645037204705
2059 4.796237359427633
2060 4.884660443694913
2061 4.743497695287799
2062 4.350584804741194
2063 4.600835706627482
2064 4.807676320399678
2065 4.658892753019427
2066 4.5091156844623175
2067 4.427962024839076
2068 4.466257867464499
2069 4.577257178371386
2070 4.670649671568359
2071 4.862323490624942
2072 4.442689196863339
2073 4.667800658872463
2074 4.9207479765808575
2075 4.7728707390091865
2076 4.624653597922663
2077 4.891561032923434
2078 4.2106641400086255
2079 4.766120696303283
2080 4.965112515638301
2081 4.988817499935308
2082 4.437496803017369
2083 4.87410071581745
2084 4.783494754965233
2085 4.676734383959653
2086 4.327995038316646
2087 4.775270086690154
2088 5.300685516628365
2089 4.593457825757123
2090 4.893424915969386
2091 4.871384441418427
2092 4.797393561529016
2093 4.757285150357183
2094 4.714969069688103
2095 5.01517815147381
2096 6.001976826875272
2097 4.692947955608218
2098 4.581609940103885
2099 4.8286406965793125
2100 4.779544059030097
2101 4.662296671157686
2102 4.761834851349046
2103 4.305446479439806
2104 4.800846502110269
2105 4.719173123643976
2106 4.75348683539677
2107 4.801892875007046
2108 4.629009308680529
2109 4.890418302366776
2110 4.993272401384599
2111 4.782731415556806
2112 4.717919893436927
2113 4.906532495222072
2114 4.728870074023972
2115 4.770228804719429
2116 4.85620769469605
2117 4.812293415994333
2118 4.651423099296862
2119 4.781763569335168
2120 4.80604358394205
2121 4.722478698900647
2122 4.926713640670789
2123 4.620294324073374
2124 4.5259683082540105
2125 4.918904110184821
2126 4.8184626578952
2127 4.8922117046801405
2128 4.773287477241871
2129 4.570470351190751
2130 4.843585236846334
2131 4.933176344409634
2132 4.800876795289593
2133 4.718236648102108
2134 4.575925669198004
2135 4.829530422895234
2136 4.761681025626757
2137 4.7350838178564105
2138 4.8524692702335575
2139 4.8480315846861055
2140 4.663966879292671
2141 5.3946490566399286
2142 4.641002587124856
