0 4.512990773142798
1 4.9774287944639575
2 6.243374095718378
3 6.7567300865111495
4 6.049285393451187
5 6.099256772745716
6 5.63946109664309
7 6.639282461695804
8 6.051113468317545
9 6.235092318076092
10 6.081563712694063
11 5.79998109784797
12 6.080159209712709
13 5.864486126730835
14 6.133836635338454
15 6.014297651470589
16 6.1829202066605236
17 5.682608960784961
18 5.891629650020555
19 5.425437064922972
20 6.159059452773759
21 5.742822398471389
22 6.10549676057822
23 5.735493287729645
24 5.867761431092411
25 5.974580692483687
26 6.216205091792644
27 5.894905038197537
28 6.5887608917077465
29 6.298441951763069
30 6.436563648294482
31 6.370412098690427
32 6.659864160708248
33 6.30959749537538
34 5.9645045389384865
35 5.650575590125462
36 6.462693166051061
37 5.953599537632221
38 8.310185591313692
39 6.842090638679665
40 7.983901729776016
41 7.498586668702437
42 7.738309683455814
43 7.963647984599145
44 7.027234459152171
45 8.357290723000789
46 8.151024826171055
47 8.477040878045333
48 8.639310393078931
49 8.185629926028197
50 7.980172708485045
51 7.78914151873799
52 7.722055960309012
53 7.457270357847507
54 8.708823178937248
55 7.928859932088475
56 8.534420878117569
57 8.29030086213499
58 8.330737454096914
59 8.527201447211176
60 8.509726085323365
61 9.069958369964437
62 9.266363575571058
63 8.308714287126012
64 7.127381191987112
65 7.26079656773633
66 6.5083908964225605
67 5.917925278973327
68 6.114354401252032
69 5.673330460623216
70 6.517126785011151
71 6.508453382937277
72 6.346705665031186
73 6.530317209437706
74 6.211037871956238
75 6.9569996717028335
76 6.100061028171717
77 6.459973206896657
78 6.769954504003869
79 6.87328162397651
80 6.745013606371442
81 7.12980999459903
82 6.188913640206485
83 5.847954802508165
84 5.948614556708104
85 6.411805640505468
86 5.860996954561882
87 5.882562367453157
88 6.866575434452833
89 6.468069296867658
90 6.510615938230644
91 6.6789336543573175
92 6.334685196573717
93 5.689703358513417
94 6.485773871108265
95 5.815918937650555
96 6.508757839751805
97 6.712793836596444
98 6.910895463923006
99 6.1837166812290585
100 6.342356574620548
101 5.716761497664734
102 6.613752673019053
103 6.200610979906688
104 6.659188553226624
105 6.588521446528646
106 6.450638014988263
107 6.33892971648644
108 5.999633585177843
109 6.9515849690480636
110 6.671149484391933
111 6.501962613470921
112 5.993267291136389
113 6.107745779987253
114 5.4313969565698
115 6.274534913105856
116 4.388182684641712
117 6.553456732796593
118 6.621091506016424
119 5.7498152641588565
120 6.636751996930752
121 6.3379830789247125
122 5.935263896013652
123 6.0139118747716696
124 7.130295482642922
125 6.233741746353354
126 6.582199754729395
127 6.059453806088803
128 5.903016593454795
129 6.646118324742088
130 6.428930418895467
131 6.638642336507729
132 6.295004234637611
133 6.489710976003214
134 6.0892655453490185
135 6.275915891863841
136 6.462829040232522
137 6.618833009172551
138 7.053451050315313
139 8.591876088473647
140 8.743262475577218
141 8.406787039683621
142 8.795433834144355
143 8.188333373074501
144 8.418472892712048
145 8.826567634018154
146 8.236270569511523
147 8.011452012019243
148 7.353575821550241
149 8.04767115401714
150 8.152341765703056
151 8.72567238289772
152 7.542246868316968
153 7.755040802259635
154 8.861757187681922
155 7.719385273914365
156 7.637356361376519
157 7.671774584363068
158 6.582068801306519
159 7.1309129966113876
160 6.823599446596761
161 8.397622650831009
162 6.902809118004333
163 5.731171215363625
164 6.012080674378075
165 6.495598426214013
166 6.7199890964585185
167 6.0755009154885915
168 6.248600635111605
169 6.524917728669397
170 6.426908023772453
171 6.296636806727809
172 5.918277480072957
173 6.402669006217066
174 6.122882253312741
175 6.750259939317168
176 6.610750674964064
177 6.33190862763434
178 6.129732631141131
179 6.294624782262812
180 5.938181677366088
181 6.620027909638776
182 6.529797626443107
183 5.930123068288938
184 6.9822847200483915
185 5.722784486707749
186 6.1488463807732465
187 5.892727695512967
188 5.864069048082946
189 4.413130432037346
190 5.404831784885227
191 5.235610143761297
192 5.849994742455794
193 6.560567120350863
194 6.330916389577664
195 6.308099666476075
196 7.2263229055521805
197 6.328192733111859
198 6.875036673569016
199 6.167480661539199
200 6.225530736130522
201 6.12887172935603
202 5.950793223296853
203 6.800523425686567
204 5.947368583514214
205 6.570547283783324
206 6.311415383306851
207 6.540588685267437
208 6.359553712844959
209 7.0286215678230715
210 6.1477853699474965
211 6.644795158378583
212 6.5044429625354825
213 6.452197214276764
214 6.0167231148634475
215 6.798675131509763
216 6.641130977646308
217 6.318739420239317
218 6.19858051991128
219 6.580802390953126
220 6.753193943625007
221 6.587555965221087
222 6.843520738972289
223 5.752777582048766
224 5.863651514248858
225 6.153602427331755
226 5.902819596826822
227 6.215789483186442
228 5.71729272275561
229 6.830701883970219
230 6.296852038143515
231 5.985398352209678
232 6.556966908733788
233 5.4873551908717095
234 5.963227483053301
235 6.439383781278647
236 6.010180647171816
237 5.805947608463312
238 6.1761902270024
239 5.995738377276418
240 6.574671337109711
241 6.7720689531474205
242 6.258007235509891
243 6.732919284553672
244 5.696889178189399
245 6.165116421416044
246 6.507686254694081
247 6.292932211945746
248 5.567607860582697
249 6.406827651560893
250 5.737045680119039
251 6.071165971970844
252 5.893114726012713
253 6.044765716429771
254 6.215276249019975
255 6.521752959338213
256 6.701699788292551
257 6.183673371521186
258 6.085811508196245
259 6.531216071845265
260 6.2084977914586235
261 6.566937632337399
262 6.138746316657718
263 6.396923167119387
264 7.299081697187869
265 6.264614346566073
266 6.1098314216299014
267 6.179348539101879
268 6.010620200188354
269 6.203636729373568
270 6.758137127402862
271 6.568665771647777
272 6.197948050630397
273 6.240416087627667
274 6.362928290567237
275 6.022299225194693
276 6.053438132644713
277 5.865979137490928
278 6.354585689573667
279 6.205252277897426
280 5.280099326602165
281 5.613256255758317
282 6.362547261410046
283 6.765534756976832
284 6.411153190074398
285 6.58034561654
286 6.417454762052488
287 6.653096422469339
288 6.440477580025782
289 6.6128957703950135
290 6.254605836836708
291 6.4258971532971785
292 6.3186694479450605
293 6.44459676721683
294 6.420383818702257
295 5.953376741434228
296 5.677869393647947
297 7.921820176917664
298 8.604828381898685
299 8.596076379647135
300 8.624588657140054
301 7.506073864404229
302 8.232520492403808
303 7.678033131631909
304 6.896513504984967
305 8.217908205659942
306 6.435186312706109
307 5.72570376172548
308 6.713580266147477
309 5.947984480035438
310 6.683860791962459
311 6.268764973277752
312 6.324848542665281
313 6.647062737477912
314 6.734841302686318
315 6.63078409182556
316 6.654420084170628
317 6.514497086167478
318 6.567870996259961
319 5.760142700522521
320 6.111607051517305
321 6.353426996902419
322 5.875880787835736
323 6.790143146789111
324 6.027527298507002
325 5.618094178975098
326 6.868801579070813
327 6.661025768876548
328 6.087067010964657
329 7.3117112260472235
330 7.196248583757815
331 6.59145238612947
332 6.526713418851343
333 6.950534741579732
334 7.375727673378941
335 6.122491260947028
336 6.33714449726258
337 6.862202371492415
338 6.369998006189382
339 5.983604499210066
340 7.058083765215846
341 5.706103400076559
342 6.1231131038443225
343 5.912874241723339
344 6.50380496387019
345 6.507507853119827
346 6.0197650408495305
347 6.214731014109154
348 5.730160470794366
349 6.934056551937835
350 6.043129195708778
351 6.292422734654973
352 6.023190175494919
353 6.418582996369139
354 6.235182870472013
355 6.414546826568032
356 6.001053076574127
357 5.715540512501514
358 6.415159015363911
359 6.445490536232856
360 6.186115936726951
361 6.112081017322387
362 6.362071726711201
363 6.501316551392089
364 6.46134521791426
365 6.505942518960809
366 6.5925119331550635
367 6.5367977992994275
368 6.4103238722362
369 6.8721770909741755
370 6.806829729043422
371 5.928247679261546
372 5.898570108975819
373 6.461421377975988
374 6.912783459126432
375 6.445796484456754
376 6.412169070637396
377 6.2266038429417065
378 6.432510843568049
379 6.3121796892607405
380 6.39542055287777
381 6.467774643032996
382 6.588629292614755
383 6.522619588212162
384 8.502604341845114
385 9.334857150378303
386 8.510916797178764
387 7.540248059468734
388 7.970270243558892
389 8.729740990960877
390 8.74057921666656
391 8.461791130627013
392 8.808033942684729
393 7.5897805870729504
394 8.442582800695067
395 8.927342000532576
396 8.636463752985984
397 8.86533014510014
398 8.999542345550863
399 8.798710847384756
400 6.9263194864812405
401 6.759025405029543
402 6.878913557397703
403 7.1384462166700935
404 6.392051312697932
405 6.551342561088145
406 6.268818460631222
407 6.97740072610366
408 6.339892810325396
409 5.453537428919868
410 6.138698707620855
411 6.485060719420747
412 6.5110445985784
413 6.5869776643206555
414 6.044533673377567
415 6.109372574339973
416 6.569454216679897
417 6.760352258520024
418 6.085094578018725
419 6.473309574806741
420 6.880046757570169
421 6.703787650650081
422 6.809505121373325
423 6.768014041716282
424 6.217464427133406
425 6.525465215664006
426 6.432772159008961
427 6.770773627095624
428 6.0679724518355584
429 6.274701336655322
430 5.624835631970091
431 6.482418107653774
432 5.81709739721674
433 6.411864896033156
434 5.679224862526216
435 6.116990043910434
436 6.587463218285622
437 6.596533818321194
438 6.43324387100297
439 6.5810430224349545
440 6.83922370413635
441 6.559437496571882
442 5.9272985126698305
443 6.913775923878898
444 5.479677789306963
445 7.401459061907965
446 6.22005256911733
447 6.790185854484276
448 6.662448012136123
449 6.4702374959490845
450 6.372292543982459
451 6.305157793390143
452 6.593873826512919
453 6.392992083232741
454 6.581566758606594
455 5.752872088552076
456 7.029889277200714
457 6.693553961642496
458 6.788657397111708
459 6.980977962729614
460 5.926188896508182
461 6.465033035866861
462 6.278857858082084
463 6.3603644953474925
464 6.131474810259977
465 5.990347772204901
466 6.024545548627714
467 6.605367285639292
468 6.338552422340518
469 6.373322590577146
470 7.045461588987175
471 6.2665867062064775
472 6.2441109470653
473 6.094518565849712
474 6.965595803556781
475 7.1585224536372865
476 6.637081051411891
477 5.870645850818697
478 6.792029634088907
479 6.62366058861436
480 6.530243039368574
481 6.291418461096953
482 6.6601185388883986
483 6.457973815530254
484 6.387160841819517
485 5.936733168283169
486 6.6666078655107945
487 6.085008282095745
488 6.723568295605729
489 6.143069879277946
490 6.585875397189616
491 6.55160469022712
492 7.070446621336536
493 6.664682113178899
494 6.836288009002142
495 6.387133971805301
496 5.725784263113856
497 6.889604832949314
498 6.646532575255618
499 6.641760107792889
500 6.725908318924092
501 7.140746202293952
502 6.326721569108782
503 6.052385265784078
504 6.690597243892079
505 5.970736022808406
506 6.0005392465023455
507 7.929075836170265
508 6.872853022146856
509 6.955113266483454
510 5.955559776851686
511 6.128929417727859
512 6.696454272154587
513 6.682406371402608
514 5.946226163560566
515 7.216013872407997
516 6.620831881093275
517 5.918091174447375
518 6.0528460964483495
519 6.5782787126671085
520 6.95060476003679
521 6.13242950041755
522 6.344840413859174
523 6.102843970074724
524 5.871949553577302
525 6.345338373398658
526 5.852724458574486
527 5.200385592731692
528 7.4117072614028805
529 6.576206422363898
530 6.679873562441736
531 7.0683880616042645
532 8.144590049008713
533 8.95806258379436
534 7.892837694746031
535 7.3346392940046865
536 7.761197531638097
537 7.2286977483311325
538 6.957511144941472
539 8.97800658417203
540 8.10927599757387
541 7.980232308690329
542 6.481854370331254
543 6.426845005343879
544 6.462999857456679
545 6.069212967321155
546 5.413392298709882
547 6.735718642708996
548 6.633799808724364
549 6.773532231734706
550 6.3676255066195
551 6.839508339247896
552 6.293855522906041
553 6.864658249895023
554 6.294452933482983
555 6.708673972810565
556 6.296906657168728
557 6.408410770242328
558 5.831579332853292
559 6.382658134857941
560 7.713012828601842
561 6.769166746930634
562 6.2520397663884495
563 6.988412338578673
564 5.5589185779645485
565 6.433266134776591
566 6.585300480827875
567 6.424165528395784
568 5.926612918375432
569 6.47428897496296
570 6.546067715231907
571 6.395132825445028
572 6.413552107525663
573 6.139599407913861
574 6.9082448471637
575 7.1209922434688275
576 6.077762453358062
577 6.3077684146322275
578 6.879177703952907
579 6.741932241242063
580 6.45528989438773
581 6.316359180425361
582 6.308340820549129
583 6.657176330555007
584 6.7797777673332345
585 6.579765337663516
586 6.833390178142163
587 5.801682720312938
588 6.3641517731750605
589 6.174417860055268
590 6.3293182567822655
591 5.851697126760706
592 5.995889866857891
593 5.545926109429506
594 6.976501481626883
595 6.208255967261963
596 8.299856993526136
597 8.219942046521352
598 8.456119052844391
599 7.991732586267322
600 8.082420277726662
601 7.7612016393686405
602 8.31329954354611
603 6.896142042279204
604 6.960389811873007
605 6.856330600326714
606 6.532130841704331
607 7.10099696639662
608 6.772299549172585
609 6.232950958105679
610 5.941090003939488
611 7.259561061478621
612 6.552823769966811
613 6.635673059689252
614 6.706689613642709
615 6.6819034161374695
616 6.796973185730504
617 6.100121215288957
618 7.155203921542828
619 6.486691340223818
620 6.404758113218988
621 5.827244046153935
622 6.310805711504781
623 5.355611264400102
624 6.390027987413054
625 5.847642956767364
626 6.222001378124735
627 6.390399741343215
628 6.4768905646138935
629 6.148564744227785
630 6.5411473717026425
631 6.139644175683432
632 5.778165213383042
633 6.045612567931142
634 6.402759271137775
635 6.460577024650252
636 6.11312659338085
637 6.27458665814243
638 6.175025247964639
639 6.129146049225094
640 6.2174639296446905
641 6.308466939116258
642 6.140473747786442
643 6.875296348630177
644 6.322950883132944
645 6.542686309696938
646 6.232449834206907
647 6.9644908019743035
648 6.980133863600121
649 6.5665631722362665
650 6.3683425107821465
651 6.800810309058421
652 7.318372561040954
653 6.503752705486976
654 5.967105326720744
655 8.667974495039106
656 8.703864674485988
657 8.406242937466548
658 8.565088325196369
659 8.961436906066801
660 7.999184677734093
661 7.69274751625755
662 7.832617869242347
663 7.5014233992387656
664 8.721925126977899
665 7.511482360121962
666 7.532646879184466
667 8.57572528734292
668 8.637087322769238
669 8.349184752348604
670 8.568744757015576
671 8.088313836704359
672 8.188099537997713
673 8.920442945291915
674 8.568021624406947
675 8.78633083407095
676 8.75741059017852
677 8.605729030427527
678 8.525407655287252
679 8.263800997591462
680 8.482197038211957
681 8.809830519769175
682 8.219686999287168
683 8.908769968088682
684 6.78352508932946
685 7.600623454668825
686 7.620226147588751
687 8.258726676940732
688 8.775637636462838
689 7.8592873775126355
690 7.874901768840229
691 7.945807240263197
692 8.241797284647422
693 8.225188694566334
694 7.937461677101006
695 8.527764002066236
696 8.586960725745135
697 7.77644427594967
698 7.94582941489322
699 8.46930010007728
700 7.670175555289701
701 8.91402498644224
702 8.892718938731734
703 8.569518666119041
704 8.94572079345864
705 9.041088746574099
706 9.162058987280444
707 8.563115524967683
708 8.421794375011132
709 8.835119300814714
710 9.035978879664777
711 8.146879141850391
712 8.158220658663502
713 8.644587477430338
714 6.892692848498987
715 8.636084942443832
716 9.264980573301328
717 8.438788982429035
718 8.489509010575377
719 8.564384947668623
720 8.565097903530345
721 7.827897155978321
722 9.124156347733699
723 8.848811388922893
724 8.27611953590218
725 9.118880138980256
726 8.924159466512018
727 8.68362786495821
728 7.841016756377606
729 8.657873601735739
730 8.411850100297341
731 9.118131608293298
732 7.995163144792765
733 8.733464390867475
734 8.390491930723197
735 8.544324340300472
736 8.987749059371554
737 8.228132771214197
738 8.098388420100427
739 6.8524628618812295
740 8.532970251342917
741 8.470748482532429
742 8.986929223614954
743 9.38662634398563
744 9.159440942651694
745 7.968121769272323
746 8.974195311705651
747 8.291716288269294
748 6.881604126688211
749 5.61464525005776
750 6.260748374493271
751 7.093938611153329
752 7.8491110127519645
753 6.650764187665688
754 6.708898090355934
755 6.120602118711459
756 6.875938178661209
757 6.446634978715954
758 6.273917115773162
759 6.349938659254527
760 6.692531938881677
761 6.145555163592624
762 6.494114773868011
763 5.945822298920148
764 5.831520438124086
765 6.282831029832277
766 6.638864795869296
767 6.745415658809328
768 6.594778884594636
769 6.697122155603589
770 6.596091794184348
771 6.007758745868725
772 6.0281591663499405
773 6.026219895849857
774 6.536975341196811
775 5.862280853966333
776 6.385017436911481
777 6.3155443538729195
778 6.605004608462077
779 6.172877894024853
780 6.060794126974954
781 6.017349552564508
782 6.81556348198019
783 6.315027745242001
784 6.889270740587092
785 6.534993031659576
786 6.153449634078662
787 6.292151699392594
788 6.061208516167606
789 6.1465927171956585
790 7.005875760821146
791 6.620435168367156
792 6.5786766308421445
793 6.448123027339514
794 6.290699928233146
795 5.692121847287168
796 6.011955785972327
797 6.650337246387305
798 5.554651739965675
799 6.843402957730598
800 5.977207099667659
801 6.721862395036676
802 6.593072366641952
803 6.742167976788707
804 6.854043412059844
805 6.015243840917238
806 6.351487478653556
807 6.136285478584267
808 6.968481543167711
809 6.566545979003156
810 5.714737038071358
811 6.93129921710933
812 6.499746122799827
813 6.626422023738028
814 6.580095725607944
815 6.035352876285998
816 6.528357642504011
817 6.575892859057051
818 8.184137158950998
819 6.686890466858444
820 6.595743632522593
821 5.749260017379442
822 6.575173447933559
823 5.806952981005377
824 6.3268676799237324
825 6.764557223538675
826 5.884545071479926
827 6.05603483393157
828 6.139630769890264
829 6.415776601525275
830 6.096401680046511
831 6.1584749675056605
832 5.941565637984613
833 6.688053344893486
834 6.42500635493441
835 7.1997138911894405
836 7.55871648478692
837 6.5681750949139515
838 6.726772389160381
839 6.269357920657232
840 7.034741070125384
841 6.602566964576536
842 6.649311682739497
843 6.999053495914692
844 7.402421678732675
845 6.73691866063633
846 6.843000062007051
847 5.913487001529582
848 6.258633234572326
849 6.814571660734877
850 6.41960800554507
851 6.758499234128366
852 6.346650653022721
853 6.474144247052598
854 6.878287662605246
855 6.283015702846531
856 7.2081497729998345
857 6.098332971954198
858 6.4189458263766035
859 6.532910724486734
860 6.193505536960765
861 6.693039385587238
862 7.067804423943922
863 6.816450763845951
864 5.757722818926739
865 6.4546354584246455
866 7.684499434182727
867 8.9752747636106
868 8.735765367175363
869 7.949905041703338
870 7.940595302712814
871 6.572266887865735
872 6.566693903863732
873 6.22840635611012
874 6.402121305274306
875 6.733631121938483
876 6.293101947586766
877 5.494473984246873
878 6.629157043393948
879 6.253817566880834
880 6.468353564564774
881 6.489719530100204
882 6.916975201120793
883 5.9661569840844475
884 6.354943580938212
885 6.176139226347411
886 6.786826834151852
887 6.413362045490743
888 6.94083959663655
889 5.789951749203318
890 6.37832759740835
891 6.921745405934395
892 6.18496971948475
893 6.365009056357613
894 5.973190944045067
895 6.53394529387801
896 6.06696392234319
897 6.397157966880297
898 5.674567499756088
899 5.6586853905631695
900 5.767306950699663
901 5.814931829507232
902 6.991092308790499
903 6.280268200866126
904 6.398494894315857
905 7.045010276274925
906 6.030590469356311
907 5.948117261753999
908 7.38035805351582
909 6.419838271727859
910 6.5540947420434215
911 6.872369488578642
912 6.962468003191726
913 7.14877389196765
914 6.513577928193308
915 6.8250810288853865
916 7.046092632090032
917 5.986568271032911
918 6.508807060708135
919 6.4615410370504796
920 6.201641019065555
921 6.643948301502803
922 6.221896298568673
923 6.561033826385358
924 6.497582071197143
925 6.07897759343687
926 5.901038473105245
927 5.870241999818585
928 6.274955676852404
929 6.179825278132457
930 6.579243588862734
931 5.580359282777541
932 6.150636148231985
933 6.1179031224821445
934 6.489720320610471
935 5.572118921801351
936 5.893256533711829
937 6.274398065167288
938 5.992590213665564
939 6.5922808759466225
940 6.555740366849605
941 5.922749660407482
942 6.223032480305846
943 6.4148984652005465
944 5.8596271491515415
945 6.245317244130007
946 6.729491686036041
947 6.854326531578958
948 7.132177041959668
949 6.5365857967470475
950 6.4636307979898
951 6.819291100855341
952 6.348130118033654
953 9.59425712826847
954 8.433152084079634
955 8.42121815570934
956 8.021663054503934
957 8.166186374052476
958 7.606065261864311
959 7.594889662951689
960 7.288154540478111
961 6.790450398473297
962 6.0709899412982535
963 6.055590283442536
964 5.984643401956052
965 6.655726248611537
966 6.554302318024437
967 6.361592882070732
968 6.38610774063325
969 6.961210666625277
970 7.031171228686184
971 7.216718985927688
972 6.684378506543514
973 6.9502725053144
974 5.2448730523314335
975 6.368041528515435
976 6.69706932920812
977 6.3327517376259825
978 6.296504342180945
979 7.10130935248542
980 7.128720807940012
981 6.431290382588403
982 6.831330219444397
983 6.572516626665624
984 6.773999995183429
985 6.354467477845045
986 7.705159442637059
987 7.235459913962153
988 6.426408529118947
989 6.987071707388208
990 8.391322003874668
991 8.670958719082819
992 8.394034529250222
993 9.24936430911603
994 8.099051584015074
995 9.06397850623959
996 8.74638200989239
997 8.467368008451672
998 8.84623040787342
999 7.839945784079946
1000 8.130933891492273
1001 8.630614188361903
1002 8.189072409392622
1003 8.703369136577042
1004 8.363266255074887
1005 7.119369809731598
1006 6.162638241020855
1007 6.632856285861546
1008 6.653393318709354
1009 6.540489743516786
1010 6.4573692773004865
1011 6.497364169332557
1012 6.15462963535089
1013 6.951857726214263
1014 6.677982272179402
1015 6.59391832276132
1016 6.300820857553328
1017 6.42291057567394
1018 6.75966344463563
1019 7.004628078088868
1020 8.125160287893125
1021 8.197301543691555
1022 6.571661879833824
1023 7.329858128056673
1024 8.59317992460973
1025 7.614300800607995
1026 7.3266163696893996
1027 7.427408500577732
1028 8.348544699401932
1029 8.469816467748393
1030 7.042689371039745
1031 6.109878965234138
1032 5.577397713055547
1033 6.5855424294907525
1034 6.566949879518006
1035 5.944312995634201
1036 6.423294553589616
1037 7.339389485867621
1038 7.050186096671831
1039 6.911905237908449
1040 6.637591209900249
1041 6.543380215017259
1042 7.03345185956749
1043 6.200530996083438
1044 5.861509506658232
1045 6.38364464135126
1046 7.25629458302126
1047 6.474034210904288
1048 6.519462928951161
1049 5.892475137284658
1050 7.465178137317402
1051 6.456258166818097
1052 6.72717357736571
1053 6.842643516790279
1054 7.214375884041036
1055 6.590459271878316
1056 6.638862056235949
1057 6.647393365403658
1058 5.954068499408109
1059 5.987136956131833
1060 6.772471694421715
1061 6.369607971559802
1062 6.202846829773416
1063 6.130960686682358
1064 6.316785051224245
1065 6.148921386525236
1066 5.4270920658963835
1067 6.085066936157345
1068 6.159932476288142
1069 6.331296537266188
1070 6.60701217397823
1071 5.914207636207663
1072 6.290939025759084
1073 7.167364144027116
1074 6.25706564609981
1075 6.605804652473109
1076 7.270234511996269
1077 6.033532001871748
1078 5.940888349012199
1079 5.945466457269806
1080 6.836610900465168
1081 5.964837974379125
1082 6.067430471270988
1083 6.814344380294494
1084 6.364288782046934
1085 6.11454829368366
1086 6.121062850158552
1087 6.210953737748519
1088 6.1901101779940175
1089 5.656675072745832
1090 6.102353672551272
1091 6.108365033350904
1092 6.11868679829621
1093 6.846538838609123
1094 6.597849663633568
1095 7.568514748870678
1096 6.988916496694717
1097 6.587151195177194
1098 6.627973734853295
1099 6.661527287499469
1100 5.923787774795091
1101 6.515040014880377
1102 6.79510482524282
1103 5.91111659609676
1104 6.3893914411749355
1105 6.716713766002279
1106 6.110739796990325
1107 6.674800691463512
1108 6.81435338373079
1109 5.955970406404068
1110 6.681657889493195
1111 6.105593606395946
1112 6.455369969402976
1113 6.910152314279183
1114 6.682763056922711
1115 6.087433203218195
1116 6.558159039798337
1117 6.4366915673408
1118 7.441964033393788
1119 6.974421692227115
1120 7.056028444423464
1121 6.434625375609912
1122 8.32318508717351
1123 8.193784954365885
1124 8.358335590414153
1125 7.557794100146342
1126 8.542575817970153
1127 6.7767881753067725
1128 8.115471553892334
1129 8.048582678764312
1130 8.545926447262037
1131 8.470927769855146
1132 8.766794341489664
1133 8.714724144165528
1134 9.22506123304622
1135 8.488362413691174
1136 7.970296296322624
1137 9.161379016900266
1138 8.509527606067172
1139 8.165927275771383
1140 9.017110475640138
1141 8.554037581014002
1142 8.075773221743972
1143 8.534322674987704
1144 7.590317218047579
1145 8.897115085826785
1146 8.958861256138396
1147 9.20162410262836
1148 8.72735890070801
1149 9.225337911953739
1150 8.502601545021124
1151 8.473470172930005
1152 8.55963320490358
1153 8.220222074953723
1154 8.73715102706288
1155 9.064736741937386
1156 8.316917731775625
1157 7.91739286525425
1158 8.58318744352465
1159 8.965378950755353
1160 9.080337699248984
1161 8.6374977067487
1162 8.433218734223821
1163 8.757682020941814
1164 9.299369231815593
1165 9.157672121085572
1166 8.416738625215098
1167 8.584269162461744
1168 8.837289203432443
1169 8.383863383463822
1170 8.51497587824911
1171 9.324386665131476
1172 9.502422167612542
1173 9.41005307796846
1174 8.491435658049072
1175 8.628350563226753
1176 8.98143794307006
1177 8.71940919723311
1178 8.568609441470102
1179 9.577692897275195
1180 8.863086145325354
1181 9.163309811023469
1182 8.61139992309882
1183 8.400730349675454
1184 8.46643266258011
1185 8.831755612915268
1186 8.62241675502873
1187 8.635771045856547
1188 8.751577704668932
1189 8.977562705402818
1190 9.15618390495016
1191 9.224085457755857
1192 9.559340169625543
1193 9.099938661574726
1194 9.463534915410563
1195 9.301921040876703
1196 9.438424666009404
1197 9.561690559167658
1198 8.394571098725171
1199 9.220668655406161
1200 8.31600839728605
1201 8.69384682099433
1202 8.417998820623566
1203 8.071250540491755
1204 8.616245965276523
1205 9.180812989946574
1206 8.318935124240657
1207 8.655864417862947
1208 8.238097638743746
1209 8.12050507584781
1210 8.676799404568833
1211 8.48752137918395
1212 9.094148179816676
1213 8.453897413242764
1214 8.103439195679101
1215 8.632782681763421
1216 9.322751763118337
1217 9.255291411747606
1218 9.251488376227455
1219 7.932105865485462
1220 8.826078552594241
1221 8.722687099710365
1222 8.353125464922256
1223 8.748929342697078
1224 9.159797132828265
1225 9.668856729521261
1226 9.028119778231403
1227 9.711265603484371
1228 8.562284117779395
1229 9.54088477120022
1230 8.937137485220354
1231 7.858982161174117
1232 8.776352710707219
1233 8.152071591656576
1234 7.748987024100629
1235 7.70691589461711
1236 7.0089430512196875
1237 8.94057748977511
1238 8.857370665949158
1239 8.525894030318343
1240 7.723891148169073
1241 8.708565705538776
1242 8.340787296573328
1243 8.40014074338929
1244 8.430971994432891
1245 8.35933643939944
1246 8.289207934878766
1247 8.090674509409284
1248 8.148847274822476
1249 9.014615806221755
1250 8.646899321002364
1251 7.751520172966519
1252 8.380770944295179
1253 6.52089127659347
1254 6.456631763651472
1255 7.1491365666257005
1256 7.371340569595136
1257 6.90605289568137
1258 6.539505727303726
1259 6.327371632943858
1260 5.664331885066473
1261 6.024328389854866
1262 6.079139832780505
1263 6.7325223200858915
1264 6.144252423793799
1265 5.982172691327197
1266 6.648044008191827
1267 6.272945257875469
1268 6.0485992173218905
1269 6.940708038802089
1270 6.642751312608906
1271 7.073884688293468
1272 6.450301875956541
1273 6.394701267846045
1274 5.952438381509655
1275 6.423007963727633
1276 6.739281400401761
1277 7.201450352135513
1278 6.741962101201072
1279 6.965321594464996
1280 7.635412702550038
1281 7.209201523710392
1282 6.1855674108552074
1283 5.979153764202798
1284 6.045288120709383
1285 6.232537200731143
1286 6.903070973900539
1287 6.2630636533927815
1288 6.2420149907905405
1289 6.4468728464124
1290 6.4876414212513325
1291 6.351794149325241
1292 6.7168944084931566
1293 6.826988646811033
1294 6.070324182638852
1295 5.890650509143619
1296 6.847802883248179
1297 6.496911476194526
1298 7.087199727945336
1299 6.197505877803774
1300 5.7483388532750395
1301 5.927046035601402
1302 5.983553407315734
1303 6.8371280848805105
1304 6.030669071017894
1305 6.9714832937298885
1306 6.9823881644651244
1307 6.809284318675875
1308 6.6590237261552945
1309 6.953465497553958
1310 6.094572647217657
1311 5.642646721269477
1312 7.07105972617468
1313 6.044199801278171
1314 6.642516592831332
1315 6.6439614977471875
1316 5.84444785900408
1317 6.05437502775455
1318 6.216738911046985
1319 6.364435486844807
1320 5.755701449176966
1321 5.60054909217362
1322 5.996190668920191
1323 5.949592608521413
1324 6.477254466510159
1325 5.860682209040388
1326 5.617980169307522
1327 6.459863317626584
1328 6.071258299276647
1329 5.782345872734869
1330 6.183526269784025
1331 5.558377246936108
1332 5.803911383528167
1333 5.822183006389458
1334 5.353806247594402
1335 5.354457961027069
1336 6.034640368977295
1337 7.435312908128265
1338 6.035012596607198
1339 6.28908678029964
1340 5.441190711220084
1341 5.471882162302407
1342 5.595675509136833
1343 7.250903767481461
1344 6.3536189051406256
1345 6.458742495021081
1346 6.836277795658284
1347 7.961035430279699
1348 6.416343103714089
1349 6.031356017823224
1350 6.395079080852485
1351 7.374668094247788
1352 6.313565316460876
1353 5.8861207591434885
1354 6.128275979123704
1355 7.491533529049104
1356 5.889728360091416
1357 5.380029597886079
1358 5.427699943534985
1359 5.588018942734708
1360 6.617723950274977
1361 5.580539083717279
1362 6.455807166220751
1363 5.986289903354016
1364 6.206603441011505
1365 5.7908503129374935
1366 6.042708818061162
1367 6.082727993543795
1368 6.600476856378843
1369 5.898720460721428
1370 6.1631661947712315
1371 6.1403946946976316
1372 6.585338270103305
1373 6.029763633384446
1374 6.335394474767549
1375 5.759373610750553
1376 6.078389016099723
1377 5.749957565710318
1378 6.106690469808013
1379 6.451277474984527
1380 6.620036532632126
1381 6.022693963013165
1382 6.760144328796789
1383 6.418868633573115
1384 6.389825348744477
1385 6.913328404985095
1386 5.987324593660983
1387 6.546099151772925
1388 6.295374547080876
1389 6.261099758493224
1390 6.102443190007783
1391 6.792937649745702
1392 7.421590371933408
1393 9.73675273252987
1394 8.769233163934608
1395 7.975447468379742
1396 6.265417752136201
1397 7.413478831839409
1398 8.091402078957284
1399 6.395385622194946
1400 5.80166765618556
1401 7.426060963179917
1402 7.276585460250077
1403 8.95425838070154
1404 7.993794532875015
1405 8.372550991669936
1406 7.674082510992847
1407 7.808783219521182
1408 7.867202368600058
1409 7.697939572800052
1410 8.170899616122979
1411 8.17137886222637
1412 7.845863832485767
1413 7.361895936016189
1414 7.7462670301304986
1415 7.621771225940062
1416 8.149029558745518
1417 8.104142435050285
1418 8.664728966794426
1419 7.043631978103953
1420 6.196942524843163
1421 7.209980829579518
1422 6.315683647969533
1423 6.5481377841243535
1424 6.376141770239969
1425 7.122110052954602
1426 6.229276384209865
1427 5.517988671117506
1428 6.374619883353906
1429 6.48834500529967
1430 6.330333961836481
1431 6.854683518514277
1432 6.430912709814158
1433 6.99015041639453
1434 6.600441091949697
1435 5.8933443367315705
1436 5.110845258325985
1437 5.983648604787541
1438 6.239502559205083
1439 6.473086578067024
1440 6.848988347918052
1441 6.7589141341918895
1442 5.923696980608742
1443 7.145946562268412
1444 6.741457315264736
1445 7.126817756689071
1446 7.140881159618903
1447 6.737623563299709
1448 6.116203583872942
1449 6.301236993527283
1450 5.883081154157941
1451 6.512823849399382
1452 6.841496493306585
1453 7.626813827938294
1454 6.5092788283386716
1455 6.719574975930422
1456 6.696700932943376
1457 5.973351351939562
1458 6.616171579108801
1459 6.370090904755307
1460 6.912888656474948
1461 7.17637988306464
1462 7.229498077532055
1463 7.208874528353824
1464 6.971841375629194
1465 5.997181496940521
1466 7.114323632889812
1467 7.114838590790033
1468 6.764687512990888
1469 8.365530736506667
1470 7.764177353947431
1471 6.8593845110007665
1472 6.487407760474326
1473 6.7549262342134195
1474 6.524045440418705
1475 6.207635445206019
1476 6.639132876449088
1477 5.779674097141838
1478 6.041455125213023
1479 5.749770576292512
1480 6.3448164714569675
1481 5.808306766208872
1482 7.202539955141212
1483 6.797391090453698
1484 6.986959829837973
1485 6.471413595416293
1486 6.064186818251492
1487 6.213252597819468
1488 6.535210931355468
1489 7.122600905683904
1490 6.252482381450556
1491 7.137673491806329
1492 6.362871523324374
1493 6.9398009933075535
1494 6.440087842952783
1495 6.151829752572172
1496 7.299169476082123
1497 7.294974727502278
1498 6.726105326938487
1499 7.648010593220387
1500 7.316112709346065
1501 7.218000870483895
1502 7.519601950793981
1503 6.876653013791955
1504 7.222555125435882
1505 7.06760364785565
1506 7.610022171339369
1507 7.137243005341997
1508 6.268998785876277
1509 6.912663957317839
1510 7.353746604655083
1511 6.710837129043449
1512 6.906258431283855
1513 5.723447535862728
1514 6.17745655275638
1515 6.47817130580837
1516 7.467324203994897
1517 7.146009816292122
1518 6.536200580813799
1519 6.989657494710676
1520 6.973832520663578
1521 6.749798270995552
1522 7.198426971197529
1523 6.930141602795161
1524 6.280147807095714
1525 6.688069563589272
1526 6.570882363603199
1527 6.391281393541882
1528 6.906238183158329
1529 7.050959823473827
1530 6.829256810662978
1531 6.8642538672538995
1532 7.069983731607388
1533 6.32792626730964
1534 7.00518885879411
1535 6.717595695683979
1536 5.907604567913675
1537 6.788172386410612
1538 7.278678605143768
1539 6.509418417776336
1540 4.948946575991616
1541 6.532580560714841
1542 6.439289282548383
1543 6.886648227605743
1544 5.947310327944117
1545 6.82085066075397
1546 6.830084494413657
1547 6.615167357449181
1548 6.561030957672006
1549 7.269934063969402
1550 6.1111303996299755
1551 6.198448825075981
1552 6.6432519954937925
1553 6.504474326234321
1554 6.563445452139224
1555 5.888703092437236
1556 6.252805983378947
1557 6.884983142619512
1558 6.915851744957415
1559 6.441297096998411
1560 6.729275703367451
1561 7.404310262454804
1562 7.111250515279408
1563 6.1994545851538
1564 7.145214965963154
1565 6.3454931854847585
1566 6.289725453817305
1567 6.288868497133184
1568 6.733563441414848
1569 6.421427464380677
1570 6.3627556118989945
1571 6.291279848174915
1572 7.792561060444528
1573 7.619084577267986
1574 7.739809375424676
1575 8.690865929567616
1576 8.398616482563405
1577 9.457002589290175
1578 8.612142086512508
1579 7.652672003439814
1580 10.24594451535603
1581 7.853435875246842
1582 8.355947594902903
1583 8.162688366316743
1584 8.59063069466432
1585 8.574093004513516
1586 8.307038655075774
1587 7.96438556450243
1588 8.069725512504057
1589 8.597549032596053
1590 8.424957728622408
1591 8.611052829591882
1592 8.578717062438068
1593 8.771303500049738
1594 8.436811006379932
1595 8.814272030641515
1596 8.728404258591683
1597 8.451257926227141
1598 8.026375901221748
1599 8.701270796924538
1600 8.66066317769177
1601 8.771221329665368
1602 8.064716819903397
1603 8.079949834512588
1604 6.596002144710499
1605 9.234650391103823
1606 6.746302645290011
1607 6.532142605653611
1608 6.500956607870836
1609 6.763135364707772
1610 7.283630044772891
1611 6.57571607061862
1612 5.8617531214918674
1613 6.459275297774587
1614 6.462154322019476
1615 6.665068242856885
1616 8.555135862813627
1617 8.301932125281217
1618 6.688339939308085
1619 5.984583926163906
1620 7.179425388250977
1621 6.874261873110859
1622 6.3514005545542425
1623 7.248773779946482
1624 6.780126106998259
1625 6.410360669618307
1626 6.794453364998574
1627 6.194831038207571
1628 7.1700327232231835
1629 5.599607577767569
1630 6.087374467921051
1631 6.628068776178503
1632 6.5680991161228395
1633 6.461975359838688
1634 6.236117430447687
1635 6.335708841268553
1636 6.778206703525594
1637 6.204536411237337
1638 6.190688554967789
1639 6.476575389700428
1640 6.330748712654445
1641 6.906648559537945
1642 6.591758934723043
1643 8.029511869384873
1644 6.412072302541008
1645 5.583785859903452
1646 6.557727252170608
1647 7.007489102312884
1648 6.162910931528055
1649 6.41744614608524
1650 6.416325628057557
1651 6.983482855822502
1652 6.320028568104955
1653 7.287222722932177
1654 6.17820750002693
1655 6.757747496981815
1656 6.2759746406424
1657 6.805725340394568
1658 6.331184806130445
1659 6.34107673828431
1660 6.24496339804581
1661 6.999321523177445
1662 6.888564157963645
1663 5.5386158425397625
1664 5.564331372691035
1665 6.231057072027447
1666 6.799326230963714
1667 6.275981768423238
1668 6.422670163094119
1669 6.8977456258521475
1670 5.508698875569331
1671 6.313391277466264
1672 6.728449310397552
1673 6.095693020567072
1674 6.332528452895499
1675 6.226101174052171
1676 5.857320102681399
1677 6.512732007262567
1678 6.150261058954721
1679 5.850945388944989
1680 6.301715982742148
1681 6.449310106728696
1682 6.859140628584657
1683 6.474877688979724
1684 6.419802161988182
1685 7.02287443909575
1686 6.197240934486045
1687 6.566334260414813
1688 5.892674790303423
1689 6.323954483566711
1690 6.571106950646367
1691 6.304552060637797
1692 7.4622620918580775
1693 7.298542460241415
1694 6.0486372301998195
1695 6.26933109311012
1696 6.584656842495637
1697 6.4252078261997445
1698 6.244777101654075
1699 6.252856868325682
1700 6.36044497794421
1701 6.989252767848806
1702 6.745709535451143
1703 8.175939069928468
1704 6.069481909689996
1705 6.7863172309231485
1706 6.814638166929987
1707 6.130203377294377
1708 6.694148290784472
1709 6.945476101627132
1710 6.458260848528102
1711 6.661014189588594
1712 5.845158864950162
1713 6.194603775799273
1714 5.8668799912516425
1715 6.338690855891308
1716 6.893937444934057
1717 6.87829323829262
1718 6.416282403892995
1719 6.7952266940566295
1720 7.230718391103441
1721 6.619123794281682
1722 6.2305981940873645
1723 6.23858892085371
1724 6.766138696338645
1725 6.604503840128356
1726 6.727718814665851
1727 6.215502347505269
1728 7.045451840259115
1729 6.806061415105715
1730 6.7814527095663095
1731 7.25507048308935
1732 8.142808108250795
1733 7.638760358797832
1734 8.413951049184922
1735 7.906824938335617
1736 8.866618026402207
1737 7.631091378119632
1738 7.076016477580226
1739 6.673429066502646
1740 7.303483331527339
1741 6.615907377047128
1742 6.1299886090374915
1743 7.3009924814606295
1744 6.669056644152231
1745 7.2155400120738244
1746 9.312297959476902
1747 8.221036538604542
1748 9.105889232702594
1749 8.930735584231813
1750 8.651266285184612
1751 7.767002070174328
1752 7.680852296443885
1753 8.102924935136166
1754 8.711687019050082
1755 8.942525841428106
1756 8.601860219546946
1757 8.72503601557052
1758 8.451272142894334
1759 6.8906120136712525
1760 6.811608579063154
1761 6.653851804746445
1762 7.046275506141153
1763 7.217032037327434
1764 6.8821475026811285
1765 6.69896021748773
1766 7.173324081844181
1767 6.8001647111567065
1768 7.599822194524232
1769 7.568537002269457
1770 7.223824021365427
1771 6.495717835595603
1772 7.232427540182214
1773 7.00173058042417
1774 6.828217709062441
1775 6.710606296353309
1776 6.482855109426382
1777 7.306342592416868
1778 6.89980319615568
1779 7.309692762835824
1780 6.981366192674322
1781 6.914334866401881
1782 6.83743376637648
1783 5.667118573107157
1784 6.143143846408191
1785 5.8314395648837625
1786 7.125077864427886
1787 7.778431886375798
1788 7.7402180794403765
1789 7.835095361975729
1790 8.04542281139864
1791 8.954365040140381
1792 8.217419053436492
1793 8.208944315068548
1794 8.18214504012331
1795 8.280211300402302
1796 8.880721892186465
1797 8.249967975233998
1798 8.832360787610694
1799 7.473619686210548
1800 8.630876969716418
1801 8.526197527098745
1802 8.360062934107864
1803 8.20597414623809
1804 8.3437951747785
1805 8.245643142995322
1806 8.51035107915087
1807 8.656251043992281
1808 7.102648027118096
1809 6.8988883148521305
1810 6.284484074539214
1811 6.180284250530112
1812 7.141406308175534
1813 7.0985463812945175
1814 5.8051004564093995
1815 6.5480657179261845
1816 6.210640921766557
1817 5.4353462685795115
1818 6.467240683210136
1819 6.850208311680461
1820 6.0276557171926015
1821 7.669514374366286
1822 6.342287463264252
1823 7.68236158202322
1824 7.85497212989422
1825 7.759228983842759
1826 6.907157135607163
1827 7.688430638957373
1828 7.179995765862578
1829 8.400220607991322
1830 9.39108694420089
1831 8.519032112311937
1832 7.974186179753882
1833 7.660315352970254
1834 7.553192862972578
1835 7.600920575964131
1836 7.328647780275316
1837 9.015116423881317
1838 9.189293083370405
1839 8.786556132991974
1840 8.773856394289322
1841 7.919040080364403
1842 7.564503093572097
1843 7.878063946225874
1844 7.949453610053724
1845 8.472326021196944
1846 8.170522550114816
1847 8.109727106138727
1848 8.245284023911232
1849 8.337867446770963
1850 8.633543049650287
1851 9.05522068212287
1852 8.805562199499487
1853 7.449967291825016
1854 6.736490340060783
1855 7.860443862394605
1856 8.17846590054698
1857 6.810192313151087
1858 6.858630737128399
1859 7.9016223261566205
1860 7.2668921722908975
1861 7.456269735322129
1862 7.408550541944801
1863 8.030930745952958
1864 8.968236020294665
1865 9.189503671771575
1866 8.351579933861467
1867 9.103849315667091
1868 8.605847468278293
1869 8.774817432828216
1870 8.29762355848686
1871 7.609087305647542
1872 8.254814412598092
1873 8.54924934781581
1874 9.085776700918295
1875 8.51069748416651
1876 7.75104497718539
1877 7.400777656763086
1878 8.204261508300757
1879 6.855570814187546
1880 7.027533475624575
1881 7.53809890143666
1882 7.248437878364011
1883 6.6407770708651
1884 8.785206938928123
1885 7.843184951296886
1886 6.4494626311160195
1887 5.860726233267086
1888 6.267017792003173
1889 6.488540344572029
1890 6.409109179975367
1891 6.214001297172436
1892 7.4818472394680695
1893 6.133095612214809
1894 6.420351215477978
1895 5.935342551794168
1896 5.977309830222979
1897 6.749865665410077
1898 7.041392812597077
1899 6.903185375890029
1900 7.008635841875442
1901 6.7010341516197665
1902 6.983462352897503
1903 6.021079595927704
1904 6.62033826663508
1905 6.3041988348770515
1906 6.882348535052579
1907 6.6307609303981545
1908 5.4881491441944075
1909 6.546918183637494
1910 6.905207913712504
1911 6.549091615265594
1912 6.321474989495533
1913 7.721906252646633
1914 6.1700794714898946
1915 6.449982045391293
1916 5.937601761393931
1917 7.113356895397894
1918 7.092775780280808
1919 7.018001824842648
1920 6.2859665414149255
1921 6.9980535063731555
1922 5.399777166215045
1923 6.289051262735309
1924 7.195552787677099
1925 6.45897022743473
1926 7.218131993120229
1927 6.633622282759012
1928 5.67552586473995
1929 6.490743720059802
1930 6.899918775332678
1931 6.096629812841351
1932 6.342505909102562
1933 5.953157086966354
1934 6.3887784856290395
1935 6.4794710601601
1936 6.463561681826801
1937 6.486850550033939
1938 6.759397720137951
1939 7.297715599326172
1940 6.790074757341528
1941 6.33957523632681
1942 6.687606029857212
1943 6.574390073939919
1944 6.620715023939017
1945 6.558528548381314
1946 5.405918324129697
1947 5.94874104571908
1948 6.793303016438725
1949 6.443902381355754
1950 6.043952993547153
1951 6.014172701768887
1952 6.282010441803861
1953 6.709681750612921
1954 5.802200269951409
1955 6.740130968659835
1956 6.21154082432483
1957 6.364062453899333
1958 6.9329341451961035
1959 7.234218175137067
1960 6.4863149187394
1961 6.638771123281519
1962 6.4103350114583915
1963 6.749061796083555
1964 6.7728159396048
1965 6.405960126241664
1966 6.466010253664032
1967 6.17470599644799
1968 5.724095183726647
1969 6.41875999136224
1970 5.896760143761578
1971 6.261004782175433
1972 6.3942810855717935
1973 6.550666049944183
1974 6.65840432304863
1975 6.019793919011159
1976 5.870334561388276
1977 6.293802263781565
1978 6.617592042466314
1979 6.375561018800367
1980 6.907064547274332
1981 6.899531872079598
1982 6.032551443087334
1983 6.305184440999648
1984 6.733645636897755
1985 5.9756763570880445
1986 6.425466700360167
1987 7.0110856099172265
1988 6.735541898605118
1989 6.229641284864156
1990 6.966255686712735
1991 6.649217103545831
1992 6.2294405833871
1993 6.898272093064477
1994 6.483114262776131
1995 6.9551332841037645
1996 6.284994933920964
1997 5.523376349731291
1998 6.160957024348487
1999 6.8065237408659485
2000 6.33264025571261
2001 6.109577888704494
2002 7.0204503192750485
2003 5.848201631882568
2004 5.3632942572055144
2005 6.136068055869536
2006 6.954081973530625
2007 6.176767768980181
2008 6.5470914743748745
2009 5.962022578866731
2010 5.931303132550238
2011 6.55813150861208
2012 6.810480141294617
2013 6.73347630820217
2014 6.624930870999975
2015 6.223248841962536
2016 6.971174737160979
2017 6.506987635036206
2018 5.720739589445939
2019 6.068248103397616
2020 6.785926418385578
2021 6.253292044217459
2022 6.144970436698046
2023 6.4664408366528106
2024 6.118358105761682
2025 6.291615630240584
2026 5.993883605154671
2027 6.122798001263417
2028 5.845874128276122
2029 6.515441172013187
2030 6.131104694183139
2031 5.80548280997918
2032 6.86907100860958
2033 7.563530803867742
2034 6.054733550330343
2035 6.478820490195811
2036 6.4945843365819576
2037 6.4793407962142195
2038 6.911340257577174
2039 6.282567249859054
2040 6.7122659851073605
2041 6.542305104527718
2042 6.038200889407457
2043 5.922913115880247
2044 5.858587753202885
2045 6.329853592908086
2046 6.290784044100316
2047 6.502544175190124
2048 6.614325883379443
2049 6.370592173825004
2050 6.487796140750398
2051 6.057108332832281
2052 5.811140228105403
2053 6.002477047541173
2054 5.8120631528996585
2055 6.44651235669641
2056 6.013575618863227
2057 5.581551780144313
2058 6.951173011267702
2059 6.249375263403742
2060 6.8756385157627635
2061 6.150072955423641
2062 6.798158374756303
2063 6.323222677663878
2064 5.200436039334487
2065 5.908274370276846
2066 5.8212779544007365
2067 5.804929720785391
2068 6.801894582702567
2069 6.742800554598561
2070 6.244128930857697
2071 6.5221064080507265
2072 6.252275155325264
2073 6.69714850865012
2074 6.9329097013064125
2075 6.536347929325169
2076 6.351766474203805
2077 6.286431555568564
2078 6.521783879639074
2079 7.016824186458518
2080 6.7470151830424125
2081 6.736041253405775
2082 7.041208476357475
2083 6.533057554510996
2084 6.829035433677498
2085 6.485600135655554
2086 6.951108956001952
2087 6.690474011432445
2088 6.495910018732893
2089 7.568016765657876
2090 7.221745385289553
2091 6.625584492759267
2092 6.261494166750037
2093 5.995431592944075
2094 6.811298625770474
2095 6.405061236541009
2096 6.88760862649908
2097 7.662893528448542
2098 6.960890615550307
2099 7.6680818606010686
2100 8.906955009975292
2101 6.696632888672647
2102 8.262696669358828
2103 8.012467607294843
2104 8.523732392348762
2105 8.309810949575473
2106 8.72773240481268
2107 9.907206232291534
2108 9.31985523999716
2109 8.894506415788497
2110 9.116814300570548
2111 8.62668527054089
2112 8.87777367407397
2113 9.24929389833266
2114 8.645709989044255
2115 9.098483451559124
2116 9.148370084032342
2117 9.528681619094023
2118 8.801517736942984
2119 9.298162296095027
2120 9.742394968678235
2121 8.814770301539108
2122 9.142189891653125
2123 8.919788109828898
2124 8.744157310554584
2125 9.259049310967061
2126 8.799018901958423
2127 9.233911369365739
2128 8.819525869572983
2129 9.035923607675025
2130 8.461883480754599
2131 9.316666410680085
2132 8.507565669854129
2133 7.631625065855903
2134 8.08613068762687
2135 7.024256219500918
2136 7.167361287702297
2137 6.914034805498622
2138 6.452352975314054
2139 7.2659488604148885
2140 6.562721890774471
2141 6.450091253825761
2142 6.943956644626662
