0 6.806860768709771
1 6.362037527278222
2 6.68146870365154
3 6.06726352042623
4 6.708287937459583
5 6.687236210780187
6 6.180697106405585
7 6.354175987224571
8 6.266834787845211
9 6.611449236767074
10 6.510799163316575
11 6.915862777485211
12 6.925778799051
13 7.0941384932755005
14 7.034488468002844
15 6.746244372645587
16 6.022820141924982
17 6.718897391618361
18 6.249756105687296
19 6.845111484925696
20 6.966759563687648
21 6.199115394155324
22 6.934546448012225
23 6.498296850045957
24 6.773081425099633
25 6.051376726124465
26 6.745396627413982
27 6.497770228934504
28 6.423665034192504
29 6.430594358142259
30 5.537795240070706
31 6.3182673447502795
32 6.044584187538549
33 4.862393609588931
34 4.690199484870459
35 4.942274404975874
36 6.316619023244015
37 4.734060934465339
38 4.725473257848232
39 6.370870511169718
40 4.464028110568317
41 4.922468838423383
42 5.956302937322553
43 5.677241152963284
44 5.452226656709804
45 4.530100823781246
46 5.354114593604843
47 5.832561766512178
48 6.71038671808984
49 6.2921123881227725
50 4.582188527110545
51 4.609920376711922
52 4.784832837165118
53 4.410457106408243
54 4.802967971170643
55 4.711969566849113
56 5.400908328527897
57 5.179020269721821
58 4.680285535390234
59 4.309936787206789
60 4.5375223767040875
61 4.460033086942186
62 4.838499519701241
63 4.670932269279588
64 4.6967679124172195
65 4.549818287404448
66 4.516674359756089
67 4.613380184742147
68 4.415362440183433
69 4.689882314591559
70 4.903678338463609
71 4.536289154733176
72 4.732342540393739
73 4.546895229404167
74 4.584957688092492
75 4.5578364690375315
76 4.745570827129937
77 4.5782768417122925
78 4.666235400377082
79 4.561818690837485
80 4.500242271485896
81 4.276452807988996
82 4.729640284409424
83 4.748375800323202
84 4.64863264953104
85 4.664683949165652
86 4.532826822020089
87 4.404911232361697
88 4.740760981423592
89 4.612936804153004
90 4.591796068842815
91 4.489334439903586
92 4.342217122950469
93 4.489524963708464
94 4.76588723309115
95 4.593807529790727
96 5.095949383320849
97 4.4615019392457915
98 4.618094261571208
99 4.6783443203995
100 4.583598488117325
101 4.62194478147441
102 4.606813994014785
103 4.817678906253209
104 4.844019607786116
105 4.59992046442583
106 6.264821368993413
107 4.811656971786192
108 4.770681037418144
109 4.445919964256425
110 4.665610295448802
111 4.615290599170233
112 4.3359304964495005
113 4.774308149393236
114 4.361880718628384
115 4.704388905506956
116 4.596011845491185
117 4.607407179318417
118 4.893168484490381
119 4.674549980154075
120 4.855461898566792
121 4.904763669457837
122 4.728470244116928
123 4.9103134814814124
124 4.648131277995005
125 4.939781997974286
126 5.132767454054187
127 4.480215510853337
128 4.692642095162538
129 4.773947517229804
130 4.592041418185935
131 4.588635035001565
132 4.823935614380333
133 4.578115524279078
134 4.819267401062578
135 4.13336470344639
136 4.329386015961821
137 4.603731900388746
138 4.409089675979193
139 4.587749416753223
140 4.9489488410915214
141 4.545366140825826
142 4.786844057523276
143 4.681191937109807
144 5.304358912923128
145 4.7662172408921055
146 4.423548029047158
147 4.854221886690887
148 4.753745961184472
149 4.54689916278548
150 4.867846883022614
151 4.7570644459779965
152 4.902878481644895
153 4.633494743686237
154 6.4477797678598865
155 5.8978290477768
156 6.138537259828849
157 5.752242984625786
158 6.021086998015768
159 4.673665694998
160 4.998695869998076
161 4.035973355256808
162 4.1273610134151975
163 4.573817701688673
164 4.537097666688298
165 4.59539160476999
166 4.793013589727964
167 4.72989819677706
168 4.741276736450652
169 4.493860204782385
170 4.602591717725793
171 4.54395818975975
172 4.836964497486779
173 4.520839206224809
174 4.62929121552705
175 4.469459903908738
176 4.372975273307731
177 5.078707682745854
178 3.8056987432415266
179 4.377443999881263
180 4.302939228221869
181 4.780295329301746
182 4.6453475163542395
183 4.428404578991037
184 4.807570385111286
185 4.676131823027006
186 4.747635469817345
187 4.637273657575554
188 4.491337480729672
189 4.5541871257810875
190 4.863371278088129
191 4.482016478802419
192 4.905225731455536
193 4.493763084973457
194 4.724073996822068
195 4.494191965442059
196 4.342089944480298
197 4.467110644550418
198 4.481715083418105
199 4.541420166493035
200 4.752154133077792
201 4.352788202114913
202 4.153968223339841
203 4.278612268568166
204 4.42686151287549
205 4.526559864654966
206 4.7644314025895405
207 4.452702919089641
208 4.786953923086271
209 4.329175895918638
210 4.331107387172461
211 4.234299112978091
212 4.305430296579799
213 4.913330699854439
214 4.4717139422208305
215 4.360438106203107
216 4.331017113471553
217 4.596089088948128
218 4.226710937940425
219 4.4604464088755025
220 4.232686625671254
221 4.926104283881023
222 4.707196692105339
223 4.492893799851826
224 5.174846311315394
225 4.774325005909494
226 4.762100662650737
227 4.631805028541915
228 4.677113300588942
229 4.6333729048531325
230 4.610321907205409
231 4.706727261864674
232 4.768023414218049
233 4.685090821100876
234 6.324446449444259
235 4.424391343828337
236 4.810468774033634
237 4.577220607512658
238 4.552604913204764
239 4.8749672220036855
240 5.72274443528467
241 4.664259850034101
242 4.920945548892122
243 4.767680341631626
244 4.7957091880189315
245 4.744041169321592
246 4.741836343111672
247 4.434886206206599
248 5.011604300275233
249 4.685107337313132
250 4.615384553762517
251 4.514170634872401
252 4.649186055020225
253 4.678622289391251
254 4.87022077477627
255 4.364329832120196
256 4.383674989175364
257 4.312755731562645
258 4.841895160427768
259 4.577526741816078
260 4.791517890795527
261 4.84049485863163
262 4.722787106497375
263 4.713421961014383
264 4.677959740949535
265 5.860532730935322
266 4.717281126598129
267 5.418908344939164
268 5.813275557576973
269 4.524126664234039
270 5.243620910660961
271 5.57940347387002
272 4.536904944248938
273 6.341870476343695
274 5.105288745798162
275 6.5021141288812405
276 6.477702367388455
277 6.812335878552068
278 6.721597299789647
279 6.311020172686081
280 6.570311272884267
281 6.649015360672583
282 7.228030227174463
283 6.862474548520333
284 6.719581784078504
285 7.5516924605695195
286 7.428794191696771
287 7.514832159123882
288 7.618660113875882
289 7.220777267133221
290 7.067379521219507
291 7.547378857215344
292 8.718064193221613
293 7.74447336545263
294 8.246359124485377
295 9.108139908352955
296 9.180152124168238
297 8.815805835018878
298 8.61586977456458
299 8.826076458481475
300 9.367658677669397
301 8.193851075108721
302 8.293703084076391
303 9.53914372267808
304 7.792812226448209
305 7.8643619267172244
306 9.189948299167867
307 8.73960282530546
308 8.192536976085137
309 7.736900612768209
310 6.915776317501139
311 6.695440138164492
312 8.152583376530103
313 8.582965445908632
314 8.97119683414184
315 8.325654878008253
316 7.408365516104082
317 8.280029361487426
318 8.764137944899137
319 7.904735378116778
320 8.490146187612138
321 7.970328280110005
322 8.278611425815997
323 8.125460252608297
324 8.902002145509327
325 7.303591444921096
326 6.485329408104676
327 6.567502876881609
328 7.83310251886715
329 7.8457727126718675
330 7.139861159963386
331 7.383180900257618
332 6.330074126180888
333 6.556097643391283
334 7.27530984374054
335 7.265867809714224
336 6.021421331054869
337 7.049950200878382
338 6.3179251462548995
339 6.825035214204739
340 6.035795398462109
341 6.836925203361613
342 7.357163653370693
343 6.91577093738211
344 4.663212068702234
345 6.020626429727628
346 5.111226517203435
347 4.9804685061857015
348 5.823418503217471
349 4.994688127914091
350 4.761020879033935
351 4.7561505127166885
352 5.005591825359146
353 4.649986282749457
354 6.084917105596323
355 4.589598059095819
356 4.710286709507908
357 6.975289131986805
358 5.98657164583006
359 6.948751356781671
360 6.333273156130851
361 6.036616536450285
362 6.593429161090889
363 6.453336289455996
364 6.8996585411849365
365 6.5954427256224655
366 6.427763509757399
367 6.426680600871747
368 4.684598028259722
369 5.94652506910807
370 4.6647994086417865
371 4.861595460769221
372 5.02027636126136
373 6.088633279292218
374 6.259720949174444
375 5.275370036508847
376 5.552513176057456
377 6.786787459254308
378 7.3873837487424625
379 7.433522990157748
380 8.202587472240024
381 7.952474021309022
382 7.610667388095526
383 7.022783220906621
384 8.51243147120104
385 7.998676067077969
386 6.319250464636433
387 7.156626479421007
388 8.337941581826852
389 7.853665898715281
390 7.494312393665034
391 8.106044233580729
392 7.358489588538877
393 7.9694777444967375
394 8.2806085013069
395 6.916300478644522
396 6.52483936478242
397 7.189864614488418
398 7.568822141468931
399 7.215151031482336
400 6.591707293784049
401 7.242113340246867
402 6.82422465857009
403 6.910498074849537
404 7.223085648381104
405 6.502336937159713
406 5.173674127443741
407 7.3311970456105175
408 7.6879200622658574
409 7.680900271375465
410 7.083011544356516
411 7.469201774160696
412 7.237538849945524
413 7.449156215356473
414 6.84908431221769
415 7.944509806520277
416 7.310573273526065
417 7.3689296871523275
418 7.474614327196107
419 7.039798552645892
420 6.845200773339426
421 6.573956343445605
422 7.201236381546473
423 7.312172962103545
424 7.253524311370398
425 7.00980269930232
426 6.852851987081326
427 7.3440422761301445
428 7.829758594178161
429 6.700277949113874
430 7.080656791832295
431 6.873446819241946
432 6.7499553430020605
433 7.297812407313878
434 7.3060167836811685
435 7.329100130196024
436 7.468642342551127
437 7.187706871205141
438 6.018667408637506
439 6.763808059293359
440 6.705932983726268
441 6.9688650152398655
442 6.2468872631856085
443 7.059849026945227
444 6.213510559924928
445 6.279911334029472
446 5.532467998134888
447 6.17915531565624
448 5.892088768698889
449 7.521482079574647
450 5.8694449378297655
451 6.46021157103654
452 6.815088032163686
453 5.802052816691106
454 6.451692762186632
455 5.981666800464188
456 5.725908445719381
457 6.544379287647617
458 6.2149191065966205
459 6.89410907950549
460 6.749136258182981
461 7.015254711022621
462 6.315732146389841
463 7.627749092224148
464 7.036400941628847
465 6.7894427464407086
466 8.533152489023879
467 9.1450421338085
468 7.83097101546452
469 7.660480703260689
470 8.110069555698537
471 8.474122166996478
472 7.765135769977587
473 8.771912783903712
474 8.6630119240711
475 8.927496544665344
476 8.317693404331838
477 9.420223207946643
478 8.435870055322763
479 7.783304761239619
480 7.984866062092015
481 8.495270853254839
482 7.930964472781858
483 9.001350645690476
484 7.608510962456881
485 8.258227808886316
486 8.21095542761237
487 7.6867285211238086
488 7.904099872288407
489 8.505742750356676
490 8.179477094364309
491 8.752445139437183
492 8.334775536814783
493 6.503631024605368
494 7.1386252431417025
495 6.802939784670117
496 6.425554291203983
497 6.4606747890089595
498 4.673038376805197
499 5.353510258972571
500 6.3086319905160355
501 6.098983651287818
502 6.515186278325722
503 5.763161247779499
504 4.4994348197868534
505 4.996740905442746
506 5.925803958107549
507 6.0829055926156546
508 6.094869641508606
509 6.6350313299933665
510 7.136358951964704
511 6.751548837118443
512 6.8272974314275325
513 6.975129252332955
514 6.214343486667493
515 6.857887953887742
516 6.514405492103683
517 4.755291508206239
518 6.340491338029587
519 6.575156797250349
520 4.616662153409073
521 4.710518984791407
522 4.569720328013066
523 4.7560387246460865
524 4.257621833964674
525 4.78007796047062
526 4.645112071811155
527 4.602423754829554
528 4.791995669901975
529 4.373621149031716
530 4.3730963865801025
531 4.3686829825585
532 4.614442312766959
533 4.71692399145101
534 4.580961048145276
535 4.513430188462188
536 5.245426857734244
537 4.61840915694588
538 4.906718976450863
539 4.429627651369776
540 4.4240001787361605
541 4.39427912616732
542 4.720501699088791
543 4.359819457972814
544 5.01421951861391
545 4.686786969338287
546 4.766619410264599
547 4.299555165644238
548 4.73184187299091
549 4.49492697710372
550 5.086980862546045
551 4.77548310210826
552 4.821203354237393
553 4.56917839373377
554 4.7392503327098785
555 4.296538050420474
556 4.671100388630608
557 4.939218506284656
558 5.033149520566172
559 4.601709646211572
560 4.686036198844133
561 4.535604734385724
562 4.78167207005985
563 4.357833912874849
564 4.394930751994528
565 4.667933867633196
566 4.4847899677129
567 4.7943663281911855
568 4.7705217484334215
569 4.5121768218689065
570 4.165019791037847
571 4.554162410043529
572 4.630234813338033
573 4.808337613394618
574 4.705128069646037
575 4.411534137277081
576 4.748540189051847
577 4.542710168052308
578 4.608273762239703
579 5.97253826164158
580 7.219422094534316
581 6.241537237526817
582 7.857270084126464
583 6.887011401523678
584 6.979738542812875
585 6.999097084516922
586 6.6282935536080645
587 6.661991414102715
588 6.261995168673576
589 6.229931988328777
590 6.287578220785841
591 6.966062915195421
592 6.2106932591375035
593 6.739320766929004
594 7.5655162079385505
595 6.941711583693016
596 6.5495095247586805
597 6.860181918826208
598 5.859415953048443
599 7.5087041934265475
600 6.920741073577505
601 6.495882090426062
602 6.693729137679043
603 6.90192569752393
604 6.800188510961175
605 6.626672649970569
606 6.864580811011454
607 4.821758381266844
608 4.883224471841498
609 6.191092227245427
610 6.209358895228185
611 4.842721568693847
612 4.79773134487283
613 4.817701206283757
614 4.834091126245103
615 4.639758842382052
616 4.521426966737564
617 4.652786494831965
618 4.535283701908763
619 4.561798781866303
620 5.19817248031224
621 4.796047104399297
622 4.604134133300614
623 5.006224166519238
624 6.445555847825524
625 6.500834055225704
626 4.5748063259442775
627 4.556446071619216
628 6.4674108197687925
629 6.13094370445704
630 4.657359875634489
631 6.70927582564597
632 4.388977311263006
633 4.656154847236672
634 4.500216362575917
635 4.228481994174825
636 4.984720983331617
637 4.8906916542820404
638 4.67881816455586
639 4.398895750643244
640 4.35596802903633
641 4.928276915526755
642 4.914373731827197
643 5.036465479278185
644 5.35351485032011
645 6.386233732819476
646 4.708871455196664
647 6.3257158690216055
648 6.6305123740182
649 6.546756509273816
650 4.8017860632743
651 4.690987014937007
652 4.73433490686427
653 4.890991612742333
654 4.766885843453217
655 4.8014324166733084
656 4.4790533154079855
657 4.594495970308383
658 4.338060749642892
659 4.41006376785441
660 4.646403884293178
661 4.790954300817097
662 4.523283280820346
663 4.772927694696696
664 4.6321788574340355
665 4.484746559874245
666 4.468659768825526
667 4.396835572856608
668 4.176079993765154
669 4.492042357758406
670 6.093765153412004
671 4.572955763649088
672 4.831828867018035
673 5.087227479475128
674 5.085164875825317
675 4.48202202039155
676 4.80310439748306
677 5.099560403162118
678 4.379710912746123
679 4.605181962740014
680 4.39519292138521
681 4.309857797154001
682 4.760136072828905
683 4.695804110872891
684 4.704118611532911
685 5.2189094841604255
686 4.770989207119427
687 4.926918776204379
688 5.166154593553183
689 6.517050379189416
690 6.100325771280628
691 4.568835047589333
692 5.113575706332664
693 4.406542561784969
694 6.601063737100788
695 6.011253062615081
696 4.844373292705019
697 4.443784103515609
698 4.636195227899993
699 4.765356134964215
700 4.822814212860374
701 4.4365683747027225
702 4.7590865824371775
703 4.647303886902956
704 4.522475842519841
705 4.87868409108578
706 4.453199876535677
707 4.453737499823535
708 4.31880253484736
709 4.525044242501404
710 4.82711365270922
711 4.2581047473203375
712 4.43194770711913
713 4.745952539089192
714 4.700145739887897
715 4.656597490951181
716 4.702463588273749
717 4.748727888291705
718 4.478022673762328
719 4.738277596635807
720 4.612045949284855
721 4.38466381441395
722 4.466648823019475
723 4.402977547997697
724 4.70897518911878
725 4.850263660996562
726 4.726139746647633
727 4.5393320495248455
728 4.6002236748696586
729 4.5625591817058915
730 4.658123468754096
731 4.794034742741559
732 4.643230676144021
733 5.130112792133188
734 4.672974779894112
735 4.792050562345797
736 4.852303008604382
737 4.602848500501115
738 4.6885013606217685
739 4.997291940578599
740 5.05452985359586
741 4.4503683046443525
742 4.294541652416192
743 5.237821413943554
744 4.8336915467942845
745 4.853192471530383
746 5.200378196964367
747 5.177412421122713
748 4.7546787944661055
749 4.791236045402883
750 4.799626576011787
751 4.822424553580318
752 6.031773341613706
753 4.831307972835369
754 4.645499642468099
755 4.752732635238718
756 4.980360042764055
757 5.236571917483354
758 4.4485134199553205
759 4.465522418551146
760 4.683774585246539
761 5.026721683361375
762 4.581673898117981
763 4.692580991385741
764 4.531829545938716
765 4.807590949236549
766 4.864181210907278
767 5.416771680374229
768 4.654464252687482
769 4.7163248063369405
770 4.723179965904563
771 4.657091517792119
772 4.931820875989832
773 4.842274173122788
774 4.489210193256667
775 4.812078599889593
776 4.363046297894633
777 4.560805623032954
778 4.843378719963743
779 4.625534498043074
780 4.683288319134647
781 4.633822529576596
782 4.618840104415119
783 4.824219338263671
784 4.635402173951878
785 4.476606935362894
786 4.7397966461255185
787 5.085104997402684
788 4.21782534669888
789 4.680869628951377
790 5.075070975083672
791 4.625853349744512
792 4.437932563516376
793 4.725951088909131
794 4.574093658190119
795 4.804078719540682
796 5.439634247126329
797 4.898951919152353
798 4.268479653275148
799 4.714717630515914
800 4.321057195440901
801 4.983105225943726
802 4.519440312938045
803 4.64784331126683
804 4.927857488119876
805 4.935251128015571
806 4.253758548139296
807 4.75152901185371
808 4.742117080556244
809 4.782191547292957
810 4.683542946004465
811 4.6606714626245624
812 4.669525815753761
813 4.515207000818181
814 4.669625453116018
815 4.674159944047881
816 4.797395196391665
817 4.526307839466523
818 4.745055873233879
819 5.019201743719435
820 4.837044912703852
821 4.4842293996346125
822 4.550884525075743
823 5.038902787484375
824 4.707991942386369
825 4.868698643133183
826 4.8002475637322695
827 4.79465725604594
828 5.055581135042274
829 4.557674889196247
830 4.644499782053179
831 4.5457846468646075
832 4.696130224528184
833 4.6870569592554965
834 4.442099981155385
835 4.447571628373131
836 4.9806005681780325
837 4.699059080990859
838 4.75772606103337
839 4.809188991062766
840 4.713469858481052
841 4.77254865243575
842 4.742310638551503
843 4.6769151423410475
844 4.719296853161092
845 4.542702328711778
846 4.310590899073163
847 5.194256807340924
848 4.400647327847411
849 4.808280891162107
850 4.558286559641712
851 4.788366007054998
852 4.5304910645738925
853 5.9822129837852875
854 5.999240301118219
855 6.643364388018259
856 6.077799471305341
857 4.922168596382731
858 4.429351899393451
859 4.689160279596718
860 4.415507978892323
861 4.5789799782995235
862 4.951636460669694
863 4.385499114330798
864 6.4203826008648575
865 6.831746153415521
866 6.000363229783221
867 4.2384767399328265
868 4.538900051561271
869 4.796944930026607
870 4.582623864616536
871 4.829272970470068
872 4.84560335268829
873 4.560678514548561
874 4.417437481039791
875 4.699665883997569
876 4.603943358037333
877 4.315424236885562
878 4.382838805055121
879 4.473883909663421
880 6.305676947044691
881 6.204457540348617
882 6.952468220088793
883 5.688301507567896
884 6.521061583022179
885 4.648852038747532
886 4.5697400203011
887 4.788164255904777
888 4.603171479973333
889 4.662948448159496
890 4.411113954833968
891 4.3785659754130934
892 5.062901692994414
893 4.498281348334774
894 4.756830999656742
895 4.677362640363732
896 4.368041708082494
897 4.500152102873445
898 4.943043449309567
899 5.0557066892673985
900 4.518939911718187
901 4.696230490291069
902 4.4413663417960505
903 4.896868849381555
904 4.681882339354038
905 5.097934491210066
906 4.739104803210489
907 4.5503077689504305
908 4.893271729593181
909 4.248975544588123
910 4.555079588616213
911 4.485140846950428
912 4.78220902393379
913 5.007732778371738
914 4.494518346118782
915 5.031208718922163
916 4.74109709074067
917 4.755411873856522
918 4.910536756904049
919 4.4415731984917475
920 4.983108220716963
921 4.435062090862966
922 4.9048789331254445
923 4.664743650014438
924 4.824384448843129
925 5.1218133910120285
926 4.564147338881163
927 4.644521830225834
928 4.41582427379192
929 4.715900694457694
930 4.87666887414147
931 4.60684555850136
932 4.769615922163876
933 4.780428659510933
934 4.6135997577892525
935 4.706098391126244
936 4.839446566591004
937 4.401687600197525
938 4.32589777294002
939 4.686929181109469
940 4.509494546049745
941 4.668089245995382
942 4.373455802847999
943 4.51962105243376
944 4.610499715380323
945 4.61249763397397
946 4.6471541058767745
947 4.744969895629626
948 4.520603394301615
949 4.573209535150154
950 4.636042854283308
951 4.730738213705221
952 4.339408162815827
953 4.6804916449397505
954 4.780974220391554
955 4.669793330719816
956 4.483843715107818
957 4.793653852793724
958 4.2881220360708046
959 4.680367167460866
960 4.8013478182549365
961 4.4397067282934035
962 4.564599300505946
963 4.627832930052601
964 4.878363714972317
965 4.865456525337735
966 4.7347809633814535
967 4.444293591639757
968 4.713585279957443
969 4.4598275624600765
970 5.022060705396536
971 4.606435488202193
972 4.452888765519729
973 4.589100453914251
974 4.261970611626334
975 4.959161278599854
976 4.5311084189726545
977 4.581479287719361
978 4.742145966202681
979 4.490091058642105
980 4.463571489248079
981 4.462504107696852
982 4.456532477124537
983 4.874631347810579
984 4.5479227450860265
985 4.823038839454338
986 4.495333884291946
987 4.512312391481791
988 4.639966740537548
989 5.099157034939177
990 4.752470435220581
991 4.891611758081345
992 4.36040638523636
993 4.603208879534279
994 4.1101638493320465
995 4.765096135051758
996 4.784889477020838
997 4.417930476779265
998 4.7028401942245335
999 4.674437971020451
1000 4.803227655535499
1001 4.726491987282738
1002 4.542175638871219
1003 5.132990957326672
1004 4.454971726825203
1005 4.749830375844743
1006 4.580932451017382
1007 4.737032166746831
1008 4.26594702433968
1009 4.490110101242261
1010 4.304985083981541
1011 4.906286592589184
1012 4.566278553601607
1013 4.577777164972869
1014 4.885896626844475
1015 4.250400121002866
1016 4.86339070344483
1017 4.333519712222599
1018 4.552678631003494
1019 4.721862973561876
1020 4.6420764888833475
1021 4.595154804295623
1022 4.762624765705706
1023 4.8071705857817975
1024 4.585920289552474
1025 4.676361021239872
1026 4.699399615012805
1027 4.8234771996642705
1028 4.863538182126172
1029 4.833816874974926
1030 4.30115495385306
1031 5.01729464280968
1032 4.699092906467038
1033 4.392330593310895
1034 4.251467983545291
1035 4.539746722203404
1036 4.676750836397965
1037 4.994832853714792
1038 4.9334190580538
1039 4.554840895881316
1040 4.51588494150072
1041 4.860122640849363
1042 4.681580138777261
1043 4.560600812408058
1044 4.626227597968572
1045 4.787079909001677
1046 4.3278462515480545
1047 4.531136659448468
1048 5.8817797024438265
1049 4.22689907133837
1050 4.068839776905219
1051 4.341388677331392
1052 6.396658187954212
1053 4.741951468616185
1054 4.0930040730343675
1055 4.495384362725811
1056 4.450266274506728
1057 4.601638065574951
1058 4.5053354908223575
1059 4.693418383661281
1060 4.589623750920732
1061 4.744545307032189
1062 4.639406085763668
1063 4.354299537768718
1064 5.565717451137123
1065 4.647894284130564
1066 4.927654222838725
1067 4.459807965598204
1068 4.453262882422521
1069 4.789950402271705
1070 4.440292829183272
1071 5.139183572554582
1072 4.727806464356506
1073 4.506824053922527
1074 4.481845243394292
1075 4.543173424044015
1076 4.599830048970418
1077 4.523559092752642
1078 4.14401719277158
1079 4.438366527909779
1080 4.6328286176020566
1081 4.210281483786519
1082 4.971276094496362
1083 4.501304946766971
1084 4.325826742525305
1085 4.420255849814338
1086 4.597424939628133
1087 4.580069095671221
1088 4.534671135089483
1089 4.918058836545933
1090 4.723940983886359
1091 4.69693422253772
1092 4.479575011763222
1093 4.573673527847525
1094 4.15473266102378
1095 4.362566395828612
1096 4.476767355585463
1097 4.497353334684824
1098 4.351197779323765
1099 4.797200284051188
1100 4.951041518202952
1101 4.545209586689255
1102 4.482889860472365
1103 4.505209237805949
1104 4.670669091212565
1105 4.420897182740484
1106 4.555558331262706
1107 4.636273367676017
1108 4.5690703977364935
1109 4.757485083625585
1110 4.749982558703206
1111 4.67627934347418
1112 5.725441728532454
1113 5.585743010976165
1114 6.377414372737698
1115 5.971269751334298
1116 6.013463052620815
1117 4.484974799136828
1118 5.8533721953762115
1119 4.671240298634217
1120 4.514695764416812
1121 6.492424395202252
1122 6.264588874452838
1123 4.698138433596839
1124 4.406671412477972
1125 4.67209522013872
1126 4.381299995709553
1127 4.712381421549491
1128 4.9118439059418675
1129 6.307416360672992
1130 5.96685728499932
1131 4.541501952181466
1132 5.064166390851494
1133 4.34113986043513
1134 4.478526043206895
1135 4.729058838342481
1136 5.055969047905947
1137 4.390591004168672
1138 4.5464284734116545
1139 4.606980665600436
1140 4.767819694348906
1141 4.91954745660775
1142 4.422103992941694
1143 4.768868654069781
1144 4.428049518648473
1145 4.418587243556195
1146 4.716380543537868
1147 4.856214186552119
1148 4.3443685863277155
1149 4.429915534343612
1150 4.7000162690638065
1151 5.09751040323272
1152 4.765952701441032
1153 4.884181711215948
1154 4.6032182650107005
1155 4.802461063948626
1156 4.653699167784301
1157 4.495078973355158
1158 4.883417519227292
1159 4.824067124379961
1160 4.682222142533584
1161 4.352881554196625
1162 4.50106143495162
1163 4.729076736420963
1164 4.570259574676794
1165 4.684305700646867
1166 4.878474215279894
1167 3.876459238034866
1168 4.275185785599738
1169 4.974145789515626
1170 4.2465136781839385
1171 4.049685400315918
1172 4.689535890944956
1173 4.840662039653314
1174 5.820261697472023
1175 4.313526804805417
1176 4.616835630242645
1177 4.660812743191429
1178 4.523566950328076
1179 4.665135439578955
1180 4.3632471337576275
1181 4.596753414359668
1182 4.568287525585168
1183 4.673174224059126
1184 4.382181399085931
1185 4.638547375878322
1186 4.71867511616174
1187 4.9599804548525235
1188 4.687137211689928
1189 4.645357395484462
1190 4.350294236993928
1191 4.884626547338334
1192 5.0013690890121065
1193 4.77450155397253
1194 4.841422910646747
1195 4.436512080899603
1196 4.907713001686354
1197 4.764136365130668
1198 4.723664139613301
1199 4.583232097454663
1200 4.6414033014678235
1201 4.729633717944047
1202 4.861088303587585
1203 4.451059277045003
1204 4.834218825302906
1205 5.184588798932125
1206 4.605737058092443
1207 4.4544927490887165
1208 5.545808783213764
1209 6.465059836125872
1210 6.862456458628502
1211 6.907399583538979
1212 6.516879032984363
1213 7.288683653982656
1214 6.90364331547545
1215 7.00588193295899
1216 7.246499096428751
1217 7.218690984558168
1218 4.530879092076666
1219 4.417225827981756
1220 4.529559872097286
1221 4.715085427833479
1222 4.559193528771767
1223 4.577487441299483
1224 4.775344026984141
1225 4.743397794945008
1226 4.492147190452589
1227 4.647564696756086
1228 4.3049528412895945
1229 4.231892967585853
1230 4.369186556691699
1231 4.259489876433184
1232 4.261101488900332
1233 4.321485653276818
1234 4.3020231601471695
1235 4.202451514685727
1236 4.3169101214278065
1237 4.534687324742689
1238 4.3532675749350735
1239 4.620678562830736
1240 6.278719864095896
1241 4.790768217008533
1242 4.844285660077166
1243 7.088092878548657
1244 5.962863112295647
1245 7.202092302433359
1246 7.04418009992137
1247 6.651643063554201
1248 6.86132201994786
1249 6.229001410127416
1250 4.419258922348574
1251 4.433679432465535
1252 4.635180276521575
1253 4.802926568634285
1254 4.575108279247231
1255 5.100922144174452
1256 4.56579389583671
1257 4.554711816984441
1258 5.81280893502122
1259 5.97137028893145
1260 5.163466060062257
1261 4.264194849909537
1262 4.861069437537524
1263 4.777000175722418
1264 4.524949713042506
1265 4.354728499727648
1266 5.0923040691235
1267 4.768575027206305
1268 4.789394052613994
1269 4.794804323567895
1270 4.873764503469748
1271 4.596422675677741
1272 4.2975246732884615
1273 4.605096312317987
1274 4.93272936502138
1275 4.360919667360983
1276 4.539678357475039
1277 4.790626315311973
1278 4.764817846834701
1279 4.607141705843426
1280 4.327557819698235
1281 4.3219742631753935
1282 4.411335912657845
1283 4.674403138036606
1284 4.51199675470374
1285 4.6335856939439575
1286 4.359126039401805
1287 4.578605384831639
1288 4.831223373399102
1289 4.90227840192619
1290 4.1996968099373575
1291 4.677358303798854
1292 4.669380398423545
1293 4.2514159472332045
1294 4.347029416916918
1295 4.489275246420165
1296 4.599512974634878
1297 4.562635095229243
1298 5.957024219854151
1299 4.812384004339777
1300 4.588087802905713
1301 4.856827141772674
1302 4.656665521311434
1303 4.417936497278754
1304 4.54841551348581
1305 4.362277813740362
1306 4.369735090240186
1307 4.449211432989747
1308 4.6887393747518855
1309 4.71648418008231
1310 4.508430462922316
1311 5.50550512987311
1312 4.364905345374445
1313 4.616164224791108
1314 4.810269102508505
1315 4.784118755818091
1316 4.7522436544970335
1317 4.744704811514353
1318 4.721978886136941
1319 4.388239395372159
1320 4.481030536992156
1321 4.814782602887916
1322 4.510114668379259
1323 4.371544470263472
1324 4.658859032048371
1325 4.251804332228529
1326 4.3791422304741925
1327 4.792820693549228
1328 5.006243394504831
1329 4.505347069733001
1330 4.803761204720642
1331 4.839231003733935
1332 5.732614133246318
1333 6.426226067960679
1334 4.146584734899493
1335 4.409942596405873
1336 4.60918327538256
1337 4.364832115804568
1338 4.366117601707263
1339 4.622166082146132
1340 4.733733908163742
1341 3.9854786532827724
1342 4.645494611005576
1343 4.535874793029234
1344 4.6860668957916225
1345 4.417707241916694
1346 4.484578395196156
1347 4.36912305706509
1348 4.903168149274829
1349 4.8513941059882315
1350 4.419610318101467
1351 4.765275515497167
1352 4.4627747600811185
1353 4.745836834458656
1354 4.522651318362748
1355 4.464828795179119
1356 4.82419000789711
1357 4.428597587769879
1358 4.421334548672518
1359 4.42136154293129
1360 4.67971788451533
1361 3.860416402588369
1362 4.421506883981173
1363 4.689175942780407
1364 4.702857284678008
1365 4.5467853562398535
1366 4.320972919310879
1367 4.166436546608579
1368 4.630463196264821
1369 5.034683844938582
1370 4.610692399463127
1371 4.303677848865765
1372 4.554480715398749
1373 4.733628337699446
1374 4.569085439579404
1375 4.0763225396995235
1376 4.643313738505079
1377 4.6049269134556
1378 4.75092991542984
1379 4.491889919290759
1380 4.711794835351767
1381 4.667998526051289
1382 4.649334678358756
1383 4.688129797324613
1384 4.370063127110905
1385 4.686686756427407
1386 4.449083343507677
1387 4.413725376281842
1388 4.50622691100167
1389 4.745292911815974
1390 4.888746362698475
1391 4.982060101121306
1392 4.494496138758712
1393 4.913662449678141
1394 4.77541717188615
1395 4.0616383307856205
1396 4.40523129302931
1397 4.6770207656291785
1398 4.506725392234051
1399 4.574970866606915
1400 4.345398063115072
1401 4.454399822660569
1402 4.820935508358879
1403 4.111652504015409
1404 4.733291829688345
1405 4.44636216670387
1406 4.693398595645558
1407 4.509651858188193
1408 4.131279391744448
1409 4.479541849796466
1410 4.3900686265560935
1411 4.2139456254407985
1412 4.233506121884885
1413 4.58886087932
1414 4.606930482877596
1415 4.829113493690805
1416 4.5624368075399175
1417 4.629030040064827
1418 4.20881117574638
1419 4.470554222937379
1420 4.685928072430575
1421 4.987074149498791
1422 4.410765544565404
1423 6.592627000705131
1424 6.390905844054073
1425 4.328515134169793
1426 4.70907710521726
1427 4.791889868068102
1428 4.838207954538578
1429 4.413416291038905
1430 4.749392198521684
1431 4.778908335704933
1432 4.727810773931622
1433 5.299805313304823
1434 4.336222877386623
1435 4.4839983887942525
1436 4.240535230991492
1437 4.670921554063798
1438 4.38018956126036
1439 4.4041548975518
1440 4.529262695170496
1441 4.473037148315145
1442 4.307464780060779
1443 4.809562945546812
1444 4.710957386684
1445 4.463293846653965
1446 4.112162414467973
1447 4.4774625479511245
1448 4.690900123705763
1449 4.680140708543989
1450 4.776969342839545
1451 4.723570954240423
1452 4.440238359564083
1453 4.8763860808146715
1454 4.5190906444099905
1455 4.9611863533844724
1456 4.421847238736634
1457 4.88657884523551
1458 4.581874314500643
1459 4.355278152716574
1460 4.529851161317366
1461 4.795259343003527
1462 4.632989389518912
1463 4.504327505133147
1464 4.50821290880468
1465 4.600665446678196
1466 4.681609365054974
1467 4.347221527175008
1468 4.45062418036274
1469 4.5689355751918725
1470 4.543272415842974
1471 4.999065355180377
1472 4.255719957421856
1473 4.64911636813947
1474 4.750241745453383
1475 4.510658616666851
1476 4.578733372870888
1477 4.461304227968535
1478 4.5367935454292105
1479 4.810898895365963
1480 4.6561506696073565
1481 4.5136230988789325
1482 6.051764151428553
1483 4.634886496465307
1484 4.649612127672069
1485 4.873278302753543
1486 4.770717609053526
1487 4.5654546109408916
1488 4.481054668629335
1489 4.388180694673504
1490 4.199731719280071
1491 4.448356602958197
1492 4.500142623039712
1493 4.557868042442191
1494 4.7107125869867925
1495 4.826828244870511
1496 4.407889301455644
1497 4.816633232391301
1498 4.951154031224506
1499 4.650465682907387
1500 4.736670266781921
1501 4.83187247284365
1502 4.597891485014913
1503 4.71986218995244
1504 4.642761132051116
1505 4.997212504795038
1506 4.642590220765828
1507 4.42370782886662
1508 4.80698606513657
1509 4.499453801804342
1510 4.386264843877038
1511 4.625542373036302
1512 4.558695007712026
1513 4.39486113272323
1514 4.7867701294124965
1515 4.74428569516754
1516 4.6047235761624785
1517 4.056819684134786
1518 4.707242035399196
1519 4.6158163938114845
1520 4.869809057348875
1521 4.348628010014273
1522 4.648687818053306
1523 4.5585731757985535
1524 4.684478183949302
1525 4.365389543855803
1526 4.652849619047865
1527 4.683368701490252
1528 4.335732824415974
1529 4.742201004852903
1530 4.495080096549809
1531 4.519761854760847
1532 5.049786495401513
1533 5.055520118040915
1534 4.47582802255113
1535 4.565982290475618
1536 4.5664162366762175
1537 4.925362728961926
1538 4.901507925846823
1539 4.600869240668543
1540 4.399276003865386
1541 4.465712320380289
1542 4.890203343325695
1543 4.709875193435369
1544 4.556065062939574
1545 4.801350295242512
1546 4.728135111246793
1547 4.663086453008325
1548 3.89430407201073
1549 4.58502413135242
1550 4.752277453584661
1551 4.617191628791689
1552 4.575136380880499
1553 4.493293871410583
1554 4.472613142716696
1555 4.701016365269427
1556 4.769292834586032
1557 4.415684570809371
1558 4.590807914353115
1559 4.715798903402316
1560 4.89688971723109
1561 5.069755043234471
1562 4.371336311105633
1563 4.469595439530055
1564 4.494926715678441
1565 4.675451260733761
1566 4.922074064682116
1567 4.613431060299981
1568 4.6639819966059886
1569 4.665894491187406
1570 4.709581756827653
1571 4.31753562889347
1572 4.1909473825646035
1573 5.999166580166501
1574 6.599158299921519
1575 6.439306983253881
1576 4.549361563932949
1577 4.485010386707274
1578 4.6534631185676565
1579 4.446627044157118
1580 4.6377952762403085
1581 4.7056509718619095
1582 4.5829261299259185
1583 4.294203174239706
1584 4.546449232587475
1585 4.5515877196408905
1586 4.5100313930046525
1587 4.623637616253491
1588 4.547376721653224
1589 4.322289285879792
1590 5.097034147649519
1591 4.811044612886726
1592 4.672453953860073
1593 4.512762322046442
1594 4.708348549603589
1595 4.858121725007921
1596 4.449328651142749
1597 4.696858075313751
1598 4.616936673092377
1599 5.0016819072339445
1600 4.431434319588032
1601 4.5711101625915225
1602 4.603557134570648
1603 4.78301054101171
1604 4.687321764596381
1605 4.745223806045746
1606 4.534773279843896
1607 4.793975981002761
1608 4.538805274262769
1609 5.438440523641982
1610 4.369751033240283
1611 5.047915037989353
1612 4.540590626999659
1613 4.276833154141681
1614 4.232697032896626
1615 4.842830111893035
1616 4.491412918164536
1617 4.864017124321338
1618 4.353845573096673
1619 4.681156906132653
1620 4.214403294596783
1621 4.6854055204957525
1622 4.633240243119372
1623 4.78552087167319
1624 4.537298440297774
1625 4.5676960393714525
1626 4.28399756366936
1627 4.5858256247008455
1628 4.814575317544189
1629 4.551000799240354
1630 4.454495029718438
1631 4.205499991020956
1632 4.671416797617318
1633 4.650210236073223
1634 4.954465348179071
1635 4.886045389536678
1636 4.408879826791671
1637 4.828053153772387
1638 4.461803640012787
1639 4.335732229643032
1640 4.924105841500709
1641 4.3446705717425305
1642 4.6153485800782414
1643 4.336315373994598
1644 4.56329334451799
1645 4.680328453782139
1646 4.216880019272831
1647 4.886348367580497
1648 4.657818003923769
1649 4.971573823254623
1650 4.521190199359337
1651 4.49204787491075
1652 4.502625188948308
1653 4.7511288631185105
1654 4.615346127104684
1655 4.693811934093082
1656 4.69684367471758
1657 4.730998310208087
1658 4.398149487849423
1659 4.552558241977067
1660 4.290974966031237
1661 4.636301937916589
1662 4.479977436766768
1663 4.488121107456148
1664 4.575764101739988
1665 4.272924538900526
1666 4.741976742472312
1667 4.372183334451699
1668 4.627583991293103
1669 4.4598208479323755
1670 4.515503390391034
1671 4.3476980994959495
1672 4.380021435738973
1673 4.725367372565565
1674 4.854888469902672
1675 4.584110244879166
1676 4.7316342131440505
1677 4.81517100914053
1678 4.307283607928934
1679 4.83747111253549
1680 4.517077006858403
1681 4.616417239458017
1682 5.709440368512642
1683 4.796050630296949
1684 4.632089718044458
1685 4.404118874550223
1686 4.656038701348927
1687 4.602607220839185
1688 4.551351988401023
1689 4.664885666429461
1690 4.053342894450995
1691 4.348616279382442
1692 4.7355626747989055
1693 4.613063044501987
1694 5.280873895622392
1695 5.758272757035553
1696 6.380803719011456
1697 5.901161489334652
1698 6.651397231951199
1699 4.915857783419781
1700 4.647806199957186
1701 4.072244760914573
1702 4.643183458888136
1703 4.6250216031462745
1704 4.546201884103393
1705 4.6597297077050746
1706 4.474179574264513
1707 4.391726336842189
1708 4.515425402996084
1709 6.40319848227894
1710 6.7049486821385536
1711 6.881087519713015
1712 6.066179919019281
1713 4.566698713919191
1714 4.63061604728507
1715 4.673821033305408
1716 4.816535339702554
1717 4.368062388391628
1718 4.620508721985525
1719 4.771084044290902
1720 4.735729588000897
1721 4.91994021610498
1722 4.767416217233674
1723 4.886444445792597
1724 6.172436121532972
1725 4.987536840293744
1726 4.666281718113596
1727 4.506017018292745
1728 4.759984793775512
1729 4.563131601451249
1730 5.937101991246383
1731 6.301520270466282
1732 4.259453167512272
1733 4.672708948951914
1734 5.047226719506667
1735 4.564211996128986
1736 4.58477579838445
1737 4.631004110533405
1738 4.4104406466835115
1739 4.911132729488329
1740 4.2442578296004685
1741 5.004748176645588
1742 4.4889649245197845
1743 4.578874501716311
1744 4.89236939263117
1745 6.11468744172126
1746 6.294214126443555
1747 4.613870607446454
1748 5.742115606107033
1749 5.987459861133853
1750 4.520238454444045
1751 4.131064355087931
1752 4.668798935441752
1753 4.8997804194108205
1754 6.359854871099366
1755 6.532371896361048
1756 5.8430886246952705
1757 6.743300106384089
1758 6.418059900694084
1759 4.874303858319704
1760 4.557876293210472
1761 5.971121919191532
1762 6.147017120321349
1763 6.022965745511602
1764 6.369313261259065
1765 4.578165700114418
1766 4.80560229976216
1767 4.330084366030069
1768 4.739554055097912
1769 5.100767556730668
1770 4.295098948251288
1771 4.7326812810584045
1772 4.728094943750459
1773 4.407115776387077
1774 4.472319916619493
1775 4.886744115742178
1776 4.516212052443085
1777 4.420506533064278
1778 4.294934627283294
1779 4.960284958849134
1780 3.9963035887233667
1781 4.033270450291217
1782 4.799223331782041
1783 4.274929939560253
1784 4.438808509611812
1785 4.602479839721429
1786 4.817086403461265
1787 4.66372021646526
1788 4.641762299241828
1789 4.448507618625367
1790 4.384133273775458
1791 4.450464068491655
1792 4.752056720336629
1793 5.566368361065362
1794 4.1000658831717685
1795 4.7651979714773125
1796 4.624145839931102
1797 4.563885754765821
1798 4.75211523913361
1799 4.473898396602637
1800 4.429842255368144
1801 4.866603638383468
1802 5.7270710336817485
1803 4.562194138093907
1804 4.649995007664887
1805 4.7286936739952745
1806 4.800419551973506
1807 4.795690886453186
1808 4.2121325550819035
1809 4.6528044933453545
1810 4.590451744242005
1811 4.6866158422305615
1812 4.756269122080097
1813 4.538069862413453
1814 4.53065957184056
1815 4.51123007839793
1816 4.753467197057653
1817 4.587322212726417
1818 4.487272785538685
1819 4.3374821649102735
1820 4.815378937754431
1821 4.552704387807962
1822 4.552403085301103
1823 5.138625352638633
1824 4.514309502015524
1825 4.584861023891908
1826 4.816609673226973
1827 4.699375494389257
1828 4.749774618223591
1829 4.850509686942074
1830 4.504924935063556
1831 4.606182483964635
1832 4.571363358905717
1833 4.548741104956709
1834 4.726197620986375
1835 4.366341687948407
1836 4.642139459559357
1837 4.8248191798864575
1838 4.536211595246186
1839 4.528122069678603
1840 4.727117185592309
1841 4.381247574771277
1842 4.554991065674174
1843 4.788175523816578
1844 4.978487478392214
1845 4.704725395840501
1846 4.6647079422378335
1847 4.602215181075014
1848 4.301373623113753
1849 4.569161475334849
1850 4.332978570587834
1851 4.845672060253459
1852 4.699125717855675
1853 4.7770448106634
1854 4.715832436263634
1855 4.78341260871654
1856 4.789343512462275
1857 4.860931757907076
1858 4.592035661886627
1859 4.422414411746968
1860 4.535545586877856
1861 4.532171122322616
1862 4.700230865845051
1863 4.496357323595195
1864 4.816386275789427
1865 4.577886481379018
1866 4.756120320127764
1867 4.710458291681561
1868 4.764689593971081
1869 4.803934431982279
1870 4.686727314584913
1871 4.315374585329981
1872 4.714570345022952
1873 4.722518883570185
1874 4.32655723873294
1875 4.50239728302105
1876 4.561933466607891
1877 4.069599986893302
1878 4.4576893215071385
1879 4.82196190480483
1880 4.580445926123102
1881 4.50710217856038
1882 4.388383693571279
1883 4.642705724395343
1884 4.762488085898074
1885 4.761164997145678
1886 4.5179154745571894
1887 4.687643769145343
1888 4.591705794896299
1889 4.573283004681364
1890 4.799563945651942
1891 4.375028072882923
1892 4.845917226633846
1893 5.058108731936947
1894 4.567295119770404
1895 4.549196970525897
1896 4.656339264060618
1897 4.750264570535111
1898 4.9740635410654415
1899 4.536358596947321
1900 5.176946126174203
1901 4.53469132180572
1902 4.679231405358491
1903 4.965918278635644
1904 4.552423870958695
1905 4.572649727864484
1906 4.43661145654232
1907 4.707421634892918
1908 4.6809704148117675
1909 4.694002450588597
1910 5.098476298548217
1911 4.866500486646858
1912 5.267685097049463
1913 4.89271811796947
1914 4.480307142856239
1915 4.677416115274656
1916 4.640927029168
1917 5.078313739459537
1918 4.777413275565872
1919 4.874735252358782
1920 4.916647645774191
1921 4.787204658814094
1922 4.9216242401035935
1923 4.775644714510581
1924 4.4879800403602506
1925 4.261822003890058
1926 4.680179841530676
1927 4.654830949037949
1928 4.728985527856407
1929 4.665865923794856
1930 4.5964357206176825
1931 4.60515949961846
1932 4.682162140464128
1933 4.685985471130651
1934 5.006538486622163
1935 4.415546448696908
1936 4.731690043888831
1937 4.790015823063392
1938 4.68353670022983
1939 4.69290215777823
1940 4.671648383116312
1941 4.603879864253822
1942 4.326500343936712
1943 4.7684406946200735
1944 4.544602894393667
1945 4.2040836806048505
1946 4.521502084207143
1947 4.571909762194541
1948 4.461120847454103
1949 4.4465737871125235
1950 4.526107375639517
1951 4.816178020699153
1952 4.634149730600283
1953 4.410165224357727
1954 4.323108263799195
1955 4.873457019099768
1956 4.586383838541981
1957 4.631064119652566
1958 4.725128845185645
1959 4.542187595552851
1960 4.408243093071291
1961 4.653906628416899
1962 4.499344221088368
1963 4.792118448101808
1964 4.706994399482316
1965 4.370076419872363
1966 4.743218307564744
1967 4.643326888923707
1968 4.589199138604832
1969 4.392918294778462
1970 4.740640819191739
1971 4.35716602011534
1972 4.587451179434078
1973 4.887545456692879
1974 4.604024655672968
1975 4.4787280845410065
1976 4.331520668897289
1977 4.6191581563539055
1978 4.570298992021248
1979 4.3939846148641175
1980 4.690817624458246
1981 4.700484349459954
1982 4.559906373925566
1983 4.637097425550143
1984 4.51410817834601
1985 4.614229172274689
1986 4.639994086032618
1987 4.62418203314332
1988 4.698707045561897
1989 4.595873331111838
1990 4.453912672601271
1991 4.446884785359671
1992 4.438036774686155
1993 4.423658606535269
1994 4.612356776684336
1995 4.794436254319278
1996 4.681408582581785
1997 4.695914390453796
1998 4.748656814503416
1999 4.457864186580267
2000 4.637569929895257
2001 4.5995795641520685
2002 4.539623054079254
2003 4.651641277159856
2004 4.472386256394304
2005 4.617988029322381
2006 4.438457225302371
2007 4.790073772118685
2008 4.960563779652394
2009 4.189108910370569
2010 4.632897693440927
2011 4.6085605399341265
2012 5.092768343089146
2013 4.530809922597827
2014 4.74493541763408
2015 4.880475910548288
2016 4.498044773241864
2017 4.71258609574351
2018 4.738853090218605
2019 4.717317571305298
2020 4.6554687283506535
2021 4.871684563051822
2022 5.216069218358705
2023 4.822426019746117
2024 4.677489424995555
2025 4.593209973519154
2026 4.737761995583777
2027 4.73491142006075
2028 4.337418536123365
2029 4.64312679731459
2030 4.56178564078972
2031 4.598831757713281
2032 4.7210760916058465
2033 4.604577407703202
2034 4.621513718773913
2035 4.454320547946316
2036 4.761844529582577
2037 4.638974604755485
2038 4.67692378982476
2039 4.747689286705218
2040 5.015165339241868
2041 4.681020489512042
2042 4.644976891733071
2043 4.640082426549935
2044 4.869096165896573
2045 4.585188289027239
2046 4.658034361376947
2047 4.700765200253386
2048 4.795994613510812
2049 4.475616305463101
2050 4.628526759914176
2051 4.545757427580621
2052 4.856431251561077
2053 4.557689859385522
2054 4.244989629535034
2055 4.670256017716469
2056 4.624052239732717
2057 4.495056310975472
2058 4.449303096833248
2059 4.424955715222679
2060 4.827332680707603
2061 4.4508809186515315
2062 4.471207636801231
2063 4.745011723482835
2064 4.526432855369709
2065 4.518220796368922
2066 4.6267221658600635
2067 4.80392639559873
2068 4.294090965047428
2069 4.262139891484691
2070 4.733982404195946
2071 4.541105770112152
2072 4.512906238645536
2073 4.721747594680842
2074 4.657955344779039
2075 4.600867449159587
2076 4.43602931792807
2077 4.6723136350672885
2078 4.443269591265492
2079 4.644904327385452
2080 4.656169000461014
2081 4.589358322227893
2082 4.517817273547783
2083 4.5026190813585805
2084 4.959680917537144
2085 4.6669379398087
2086 4.710172095092858
2087 4.551604020309286
2088 4.511076470892334
2089 4.407551117349776
2090 4.642707833602686
2091 4.594331210408819
2092 4.522417895794791
2093 4.450261407225983
2094 4.36167121071606
2095 4.13368947492443
2096 4.7256910731137625
2097 4.576734976297316
2098 4.675945703151406
2099 4.618019141439906
2100 4.480279293696152
2101 4.372489718220527
2102 4.486886530731921
2103 4.871162257947328
2104 4.718129395466474
2105 4.626187197815686
2106 4.471686400531765
2107 4.750656240228656
2108 4.821532415013402
2109 4.7094530612296035
2110 4.6880296749076615
2111 4.390436506655132
2112 4.401955210495491
2113 4.869736790250922
2114 4.312723095082786
2115 4.59487728956426
2116 4.34045264530833
2117 4.760425149307424
2118 4.694711819681347
2119 4.572294769603525
2120 4.240254886161064
2121 4.084712437179642
2122 4.467640933218138
2123 4.537025552582028
2124 4.386553220094864
2125 4.699042834425978
2126 4.868820520494158
2127 4.758116898763603
2128 4.5006223307524245
2129 4.6154102379693125
2130 4.373316813504312
2131 4.789584383203647
2132 4.44637294372606
2133 4.961914933252003
2134 4.657582476585213
2135 4.62622439198036
2136 4.927245231678973
2137 4.638042318898115
2138 4.509280804186714
2139 4.393488384619807
2140 4.474027486580101
2141 4.63936686302917
2142 4.225761374062261
