0 4.8047104001778465
1 5.340943413894884
2 4.665257616549851
3 5.2039634545914595
4 5.542868782660603
5 5.476378361715604
6 5.015479255645076
7 5.6596085781030006
8 5.648238626360292
9 5.7306730214738995
10 5.840957560669952
11 5.245319467760122
12 4.555875032502712
13 5.423891845065389
14 5.886793025769346
15 6.166864731515981
16 5.093698142371876
17 5.455813503095475
18 5.386465959431172
19 4.554085911876085
20 4.963691419128796
21 4.465750469978483
22 4.4815023830876735
23 4.530173763430304
24 4.482479891918811
25 4.4820844076835415
26 4.308606635585225
27 5.970437815836616
28 5.0331057313949765
29 6.166131842936797
30 4.694589185792471
31 4.926341366020255
32 4.808283078678866
33 4.513149320939253
34 5.741303375023698
35 4.8671696823287345
36 5.187216466844346
37 5.462752804557591
38 4.989593961747043
39 5.161380864784366
40 5.262977551213987
41 4.652505893996698
42 4.645578560222789
43 5.271199524731591
44 4.5640539547118815
45 5.518969598640734
46 4.383193580965404
47 4.71537884637272
48 4.8391314823065965
49 5.022493500077919
50 4.88984691217477
51 5.190487659800199
52 4.737624077755705
53 5.183689490481111
54 5.446674861256547
55 5.117630841441666
56 5.652325565143192
57 4.917274632965617
58 5.207051977857119
59 4.948210278718528
60 4.888862933969654
61 5.258186803453791
62 5.651119465106
63 5.7048768608429805
64 4.8583591819628245
65 4.737882453257254
66 4.910259972874381
67 4.287569201106112
68 4.8266738068463555
69 4.715487328701352
70 5.150015590107547
71 4.84013802789148
72 5.249935074788482
73 5.402706865159688
74 5.57328130741979
75 5.472312864626032
76 5.674226405702266
77 4.9474449231355795
78 5.069164327090693
79 4.644532379139802
80 5.2901150587587065
81 4.920633354126096
82 5.917874915275051
83 4.873656897542733
84 4.957065192806187
85 5.91961438165794
86 5.788318530148091
87 5.4178607451334315
88 4.787767931593787
89 4.802375827638856
90 4.942630963885385
91 4.7375802483018825
92 4.793136220737603
93 5.3480633267099424
94 4.523747484087067
95 4.55745885252394
96 4.764271375517827
97 4.880162054798776
98 6.125786866672296
99 6.009860985692338
100 5.129526135797895
101 5.090143342587073
102 4.814469997042326
103 4.519932690268559
104 4.702078754611417
105 4.872206986275068
106 4.916371788306434
107 4.636576208095811
108 6.061175064007116
109 4.840895321813858
110 3.9790906609535472
111 4.581500303946604
112 5.1816193164537205
113 5.305486841219825
114 5.409187093442516
115 5.518330690826817
116 5.2654526001923845
117 5.047659495558879
118 4.941494484436271
119 5.216421502999606
120 4.859566838390869
121 4.977547931439182
122 4.54146327229011
123 4.57881883767211
124 5.596626872362812
125 5.998413399587694
126 4.851718231765709
127 5.823339126260401
128 5.679708033019861
129 5.137347018868074
130 4.979168337324226
131 5.220294009507624
132 4.697723522675147
133 5.216411054546015
134 5.321056097719678
135 4.4371976413135705
136 6.491815132135416
137 4.535749865194044
138 5.259922449371733
139 5.216729132608728
140 5.2646854616087735
141 4.673695579440618
142 5.360170244613268
143 5.375272332255785
144 5.523438794529505
145 4.829602509865056
146 5.41863666576402
147 5.827168750783313
148 5.083929122019851
149 5.21818178022995
150 4.8178318683311225
151 5.034722227764062
152 4.909940154066602
153 5.523162995180725
154 5.505941258427084
155 5.997328454398511
156 4.764938132027496
157 4.727892216766388
158 4.830457341907886
159 5.238980773305177
160 4.818682992881955
161 5.297756691796419
162 5.974849996954432
163 4.826857612240851
164 5.042412658908839
165 5.18165368897608
166 5.203893812348655
167 5.227688059402946
168 4.759848754322295
169 4.640063340852982
170 5.095434679549597
171 5.030891304717938
172 4.592519036501413
173 4.907677777807725
174 4.733410457893413
175 5.621271577074097
176 5.701114272927848
177 4.819567397354219
178 5.227317262434263
179 5.072178102094367
180 4.630744772382134
181 5.765183574008413
182 5.388518599747146
183 5.427620770143936
184 5.367841239896586
185 4.624968883831761
186 4.8899839834435666
187 4.721194625748646
188 5.144382487458398
189 4.800651966176516
190 5.561694859735947
191 5.058275203713516
192 5.59862124593256
193 5.660244836167306
194 4.985348705739798
195 5.357417086930874
196 4.628198498626181
197 4.7954092269047255
198 5.357968845498502
199 5.680218627613283
200 5.590776974981262
201 5.925535792207324
202 4.7200723510120834
203 4.478376314327246
204 5.761227066932824
205 4.8898419649773714
206 5.237123975828078
207 4.259636203005922
208 4.469120213370902
209 5.5979496657751735
210 5.484928825110539
211 5.08825279317372
212 5.675290532262573
213 4.866543896160042
214 5.5661310358848874
215 4.945583142771317
216 4.9690519712287955
217 5.645575050247481
218 5.71354600951059
219 5.4565293280207285
220 4.872662054243554
221 5.369940846489508
222 5.27277065332856
223 4.994657247571488
224 4.772933694326446
225 5.40984692693677
226 4.992577509914403
227 5.302635808907682
228 4.690311427829791
229 4.709023992572769
230 4.811310042728118
231 5.131622826981801
232 5.688934198447623
233 5.1373826148196775
234 5.127060644636989
235 4.668123298792802
236 5.2935413988190545
237 4.850048440187695
238 4.736519551771749
239 5.2495500535163435
240 4.626699520962201
241 4.892912523759874
242 5.656261318793004
243 4.519520198149583
244 5.088398357538628
245 5.919518404169473
246 4.9348905299023595
247 5.2114110196088035
248 4.613407657137256
249 4.5867686034715005
250 4.699065248043811
251 5.274336237248518
252 4.593478660088679
253 5.816681575845603
254 4.815613083608248
255 4.514398432401917
256 5.0696471123278455
257 4.739118377773911
258 5.064598739404503
259 5.3734646084218936
260 5.863942295574067
261 4.699458723334824
262 4.581114750537631
263 5.762635827625891
264 4.737814174784173
265 4.6982399622244495
266 5.419538429173447
267 5.1637419719383315
268 4.835801424755067
269 4.522412295707527
270 4.63936538345735
271 4.714738388600961
272 5.307986897943557
273 4.543324507539702
274 5.468989440584084
275 4.812987898245442
276 4.509599151923852
277 5.456595701810944
278 5.682646599623944
279 5.547418486684603
280 5.051738443024064
281 4.743017345797654
282 4.655856449180828
283 5.897159467208274
284 4.865561320067959
285 5.156986412602091
286 4.9317950921106295
287 4.7439217973313506
288 5.546678888688886
289 5.622440615657096
290 4.874381354957443
291 5.6495123458365475
292 4.6845073510417965
293 5.134474245131756
294 5.206232460022503
295 4.915157340537869
296 5.020135240350225
297 5.307816211425847
298 4.708176905300651
299 4.426738090693525
300 4.821137874396876
301 5.462302914666595
302 5.199049337313259
303 5.162344360321537
304 5.9744021647046575
305 4.521690794155059
306 4.836127551317503
307 4.687285948927921
308 5.036400817084691
309 4.479340811158406
310 4.888222890178577
311 5.024106877978506
312 5.094883515636126
313 4.64520832290725
314 5.151707933139511
315 4.643738831902463
316 4.855697275838542
317 5.305881569918206
318 4.880620911136695
319 4.944855982041732
320 4.832555187789292
321 5.03495476792217
322 5.032721808662719
323 5.916710467310843
324 5.408167175826869
325 4.893100694926148
326 5.75006144446153
327 5.347412134348018
328 5.245541442989204
329 4.629339960492633
330 4.546747148048809
331 5.052182333835048
332 5.701163138645028
333 5.681001913484269
334 5.0467435628593815
335 4.585294743391898
336 5.532777940852217
337 5.46993056359555
338 4.665802922859347
339 4.77517651691661
340 4.305506050749345
341 5.655686527168406
342 5.371009358589998
343 5.307240005528866
344 5.453186373860671
345 4.694199777068022
346 5.338732205084051
347 4.545292184904539
348 5.323299839207578
349 5.122812288851054
350 5.476560981374456
351 5.793555471401096
352 5.913179670365552
353 4.774801802888612
354 6.100788379161133
355 5.214021395054296
356 5.789558747370798
357 5.094977059864211
358 4.6118300580637355
359 4.715587331010859
360 4.576794437953248
361 4.520015832917572
362 4.748275647333743
363 5.148388626008524
364 5.25774815268617
365 5.887573815723087
366 5.259738514021375
367 4.981873558717246
368 4.794988888127043
369 4.334116456313926
370 4.583236043250052
371 5.813617608753741
372 4.618382094096345
373 4.877530427368719
374 5.693398840814079
375 5.490930890915061
376 4.772744008260829
377 4.60851395154141
378 5.510617656346362
379 5.7538121312178445
380 5.532971339492883
381 5.111591878690305
382 4.834259667783706
383 5.372553715312341
384 5.672933655099266
385 4.884641953011102
386 6.361528058640915
387 5.2869944684978405
388 5.00318251819979
389 4.427190712620023
390 5.542376199003991
391 5.2046365344210885
392 4.334222155036381
393 5.393296583294461
394 4.761066433487206
395 5.465006906987978
396 5.087772540461926
397 4.6053222716651465
398 4.719656211853466
399 5.428507686540573
400 4.5704485041826395
401 5.390138628646524
402 4.796811461786134
403 4.7878907608804955
404 4.4399223723255465
405 5.70504755533108
406 4.91581672988632
407 4.69223531636116
408 5.136880699490382
409 4.899303129865368
410 5.602407817095206
411 4.77026475239
412 5.884668062099034
413 4.918439309756185
414 4.729476035740678
415 4.740484568671773
416 4.7999432386941585
417 4.69323234389002
418 4.898162089450346
419 4.787468520329984
420 4.959422001417271
421 4.586804320426377
422 5.405097825327413
423 5.1006234694736845
424 4.644155817938474
425 5.1461862543215595
426 4.484150340217546
427 5.355884116241561
428 4.863394585137099
429 5.6174801494053535
430 4.797328376212119
431 5.573577065013949
432 5.583998929096213
433 4.878600399496396
434 4.631855615856041
435 5.068237408906441
436 4.725308918053711
437 4.6877589433115725
438 5.424235802923322
439 5.088516488447191
440 5.0296227338607835
441 4.817283283473773
442 4.87436724394453
443 5.369172667079718
444 5.0166035241663876
445 4.6767968472611186
446 5.037155293512071
447 4.357502491161468
448 4.687536333503717
449 4.799550342716064
450 4.7325826243473115
451 4.730838807115371
452 4.148989606064075
453 4.6949238847228
454 4.5603635596173975
455 4.480624403545321
456 4.944344584068271
457 4.7077779498015895
458 5.780222048279995
459 4.6129188334737385
460 4.302357859486541
461 4.4091933759250175
462 4.730284875255977
463 4.8086021695645265
464 5.180642987135573
465 4.819611575044172
466 4.548433847235409
467 5.216890093356126
468 4.559543686569452
469 4.631097860204269
470 4.332582740056788
471 5.912645376025692
472 5.978119843679247
473 5.4510171479935625
474 5.248624115225194
475 5.653832538514523
476 4.44758119713858
477 5.06226372032791
478 6.078979527533547
479 4.647394469159454
480 5.316993222787474
481 5.229301244911056
482 5.193966466590396
483 4.7013105929594925
484 5.709669288108934
485 5.181657042931278
486 4.681074077535396
487 5.075792713115535
488 4.6491483271190015
489 5.382449158460657
490 5.021986498992626
491 5.119583998492174
492 5.502338184126196
493 4.966826401898422
494 4.603022456259257
495 5.727627173489931
496 5.983703535561143
497 5.368446432439747
498 5.052604231486662
499 5.033671411158748
500 4.900263390532969
501 4.579616287111445
502 5.967570763568913
503 5.768344097879233
504 5.2312961412475945
505 6.0247920527278644
506 4.785821153495174
507 4.602959882027748
508 4.741429013373773
509 5.2544418303019444
510 4.731062056983734
511 5.83417686497185
512 5.826796074543178
513 5.518311473333038
514 4.981461291649023
515 5.632998883616818
516 5.393432187751488
517 6.005470356699341
518 5.44609949236018
519 4.791596650154412
520 5.716292813854436
521 5.246747691322973
522 5.386672891455227
523 4.8043059604891205
524 5.430370951256662
525 5.974803814244489
526 5.951215869888191
527 5.3813544986075845
528 5.772731284510838
529 4.927422338220542
530 5.7280430766332895
531 4.582719878302631
532 5.757309466264282
533 5.487301165509472
534 5.468840406003997
535 5.197098162898446
536 4.8832670345164475
537 5.002886135443511
538 5.199194806111727
539 5.856171476912452
540 4.781571080646825
541 5.505346901759356
542 5.431484922602243
543 5.303889566041223
544 5.805056394814227
545 5.102095041843405
546 5.198522998430995
547 5.318543375938788
548 5.9102516061903385
549 5.935641152012226
550 5.550691142356599
551 5.391382473229387
552 5.290013509828424
553 4.542618001158502
554 5.105430744002909
555 4.44359011203498
556 4.5852401564726915
557 5.701865760305045
558 5.597142659160176
559 5.341637074713323
560 4.779469449526691
561 5.516654257972963
562 4.881523632240124
563 5.4325054560161465
564 5.491790581198146
565 5.066729942664324
566 5.17311349861959
567 4.78625949554883
568 5.418502232292902
569 4.767261654664738
570 5.38089684372532
571 4.716644599774398
572 4.4119180734839585
573 4.923466550701928
574 4.859135454152232
575 5.815632436573257
576 5.7580706816443055
577 4.694851555649105
578 5.452018376695196
579 5.206974801620835
580 5.6799069340989385
581 4.667938658990476
582 4.765180997415957
583 5.377479952613802
584 4.889058890230163
585 5.293004155451191
586 4.839875442980935
587 5.4296295242353
588 4.586930388153989
589 4.872726798580676
590 5.392254487107287
591 5.875381470380032
592 4.69355205848265
593 4.783970485959998
594 5.608835058924831
595 6.154743001744968
596 4.292702257754471
597 5.854933236592379
598 5.264817862927496
599 5.408290546254097
600 4.5484209806968705
601 5.691619815730258
602 5.039004663243139
603 4.973018571467043
604 4.712982496163747
605 4.750285526105725
606 5.221189723217237
607 4.94014848995337
608 4.768276960471232
609 4.857918520693127
610 4.405776272290365
611 4.746676916169723
612 5.357218580450592
613 4.442150266008898
614 5.051376767473579
615 5.562923944476513
616 5.789089502084882
617 4.705440690468158
618 4.868718565017114
619 4.970963098671045
620 5.615437130888248
621 5.58580991280685
622 4.631533563948124
623 4.698390609425053
624 5.050207774333299
625 5.185712176395049
626 6.381044343013456
627 5.115102529178287
628 5.318128950538644
629 6.036237236722485
630 5.731537451442006
631 5.168932884453712
632 5.740426853868516
633 5.740639069927658
634 5.574013570732218
635 5.4052702071828245
636 5.043703938981323
637 4.582622984135308
638 4.594791612971147
639 4.619189034571148
640 4.59340392545471
641 4.63011220128688
642 5.7464349249418465
643 5.241455348449694
644 5.1699041074153556
645 4.5406191140925865
646 5.784764977493175
647 5.661465316153354
648 5.471039026047708
649 5.146270211183645
650 4.302062017912181
651 5.654365769882293
652 4.857697596609717
653 4.737089182452226
654 4.843893975426756
655 5.510172114971683
656 4.482851877777849
657 5.744554517679746
658 5.780798987971512
659 4.910472058828983
660 5.897404480216329
661 4.569547726666416
662 5.117374102027665
663 5.413126717376308
664 5.182147081140098
665 4.845632027199726
666 5.1609675038790925
667 6.084314858712399
668 4.6043282863923185
669 5.616829491133166
670 5.936922699196957
671 5.526365446223486
672 4.401100286724023
673 4.925272459237179
674 5.1115722964601975
675 4.899712852858284
676 4.771915240561141
677 4.873108228163175
678 5.555953434483955
679 4.858983759713933
680 6.300915180025082
681 5.379283010814528
682 5.76100922323306
683 4.595305400043987
684 4.868305862136118
685 5.8771952429126
686 4.972290136884596
687 5.555915264052107
688 5.639899746026982
689 4.9522575599832175
690 4.688417902183792
691 5.8940665099172875
692 5.439562628340878
693 5.3124278486326215
694 4.552616893107425
695 4.586273770301691
696 5.8597430944773
697 5.617516773026013
698 5.668052437813269
699 4.7149016300735775
700 5.0448823537093626
701 4.415077417068583
702 4.523431714373486
703 4.673931555826164
704 4.793651769857393
705 4.724035970405569
706 5.677801213146439
707 5.180426188616923
708 5.27324111542119
709 4.702119133869599
710 5.258490729787824
711 4.718017510911058
712 4.88545053401263
713 5.219979561363121
714 4.488925285905073
715 4.749868227671105
716 5.249151916968953
717 4.755042651548109
718 5.501846504308192
719 5.543983874995956
720 5.52593373559703
721 5.612779088135296
722 5.448125285603383
723 4.675920357253652
724 5.154026012229283
725 4.351112313159261
726 5.3726754117160676
727 4.991770605311865
728 4.467007173046619
729 5.608929014479833
730 5.22041982723692
731 4.7411329586108195
732 4.697662601603804
733 5.878645871154228
734 5.260072741015578
735 4.665178509957764
736 4.7209620061438535
737 4.691250839402228
738 4.996140541966463
739 5.258693240304469
740 5.496893012797693
741 6.1901816844693105
742 5.052626395287621
743 5.664605406587999
744 4.420150301022625
745 4.772114126161246
746 4.854972499917959
747 4.846963454523995
748 5.006853617643482
749 4.720565042396276
750 4.896860539440058
751 4.821058919388107
752 4.60473606869692
753 4.599001506899061
754 4.782943541508145
755 4.456932857395012
756 5.901932223532439
757 5.586675785672424
758 5.805771315847744
759 4.516211299885396
760 4.610335616522437
761 4.486411740321829
762 5.412469519396457
763 4.723185281113022
764 5.294181925710202
765 4.698400692413127
766 4.323130402614182
767 4.669329329948359
768 5.566037757912143
769 5.252612856326507
770 5.2970400310283265
771 5.500308513896613
772 5.28454673764988
773 5.718906135432747
774 4.839268749959139
775 4.565412726711656
776 5.005842307279703
777 4.775074332328674
778 4.994884900475353
779 4.736426682486926
780 4.387888652857978
781 4.645268211930123
782 4.813533667707863
783 5.113672586303817
784 5.096152267282093
785 5.865934387803223
786 5.3937419246220095
787 4.751429192160115
788 5.092255940305174
789 4.658299259476801
790 4.780558312284651
791 5.246157246374246
792 5.2721377252859325
793 4.971069311377283
794 6.105078951569833
795 4.632485264649677
796 5.017075880759429
797 4.982801447665099
798 4.705774178202857
799 5.011627052500827
800 4.592774073115763
801 4.71857232660892
802 4.720674341692293
803 4.614196604365981
804 5.4544161233470065
805 4.980729761982636
806 5.390538445668377
807 5.543677518257674
808 4.985112701578056
809 5.520877712570404
810 5.616347597519506
811 4.64668339575204
812 4.535025102331351
813 4.585739699471588
814 4.933068038710171
815 5.31562641142888
816 5.627192218521837
817 5.242970481222016
818 5.297178346458094
819 5.953035479307515
820 4.8021337638264106
821 5.705884105438179
822 4.884768461343497
823 4.981733271873527
824 5.615056975406469
825 5.10731949768851
826 4.737074249411998
827 5.593250923968853
828 4.789722383676063
829 5.668307529991627
830 5.634051031586143
831 4.956600526403052
832 4.5845594867915915
833 4.931632357065156
834 5.739978417629709
835 4.681439747554315
836 4.694373266795932
837 4.308334903785825
838 4.630262957503922
839 5.627947348784627
840 4.904642541238966
841 4.477428764775856
842 4.848260715732561
843 4.984476582997329
844 4.458222654447302
845 4.304229148219593
846 5.5780897482946115
847 5.478559696128255
848 6.128072418894239
849 5.719635477727092
850 5.441444008797692
851 4.426704418600717
852 4.744765732795231
853 5.438360298318981
854 5.972712810042068
855 4.757205109764129
856 5.586015743519308
857 4.455726120589573
858 4.549954239939458
859 5.125001708321649
860 5.47138861705803
861 5.867745753767862
862 4.565738550292809
863 4.488116552451173
864 4.756017266030477
865 6.386117549552781
866 4.658144810854877
867 5.5799187831184485
868 5.242712127468282
869 4.820435738193192
870 4.211318401208687
871 4.702784054134682
872 4.684344327572876
873 5.559060298361145
874 4.672360874752944
875 5.515655443332999
876 5.105384494368997
877 4.505771476476336
878 4.912893191925022
879 4.522579813814562
880 4.540170852096744
881 5.706618681652416
882 4.577130753830608
883 4.76884531752615
884 4.922815306078297
885 4.749367083914934
886 4.862970693079853
887 5.393176383107372
888 5.21896277771476
889 4.728231265514612
890 5.051093061312434
891 4.760354726452395
892 4.526881125739638
893 4.530412654255889
894 5.848391871024169
895 4.567205619813055
896 4.910631436768478
897 4.799971582925802
898 5.249188596473213
899 5.624057420401088
900 4.640467630808811
901 4.7311201479265055
902 5.496190827418324
903 4.650360888862689
904 4.530442664826914
905 4.601140879560325
906 4.9080362438711616
907 5.468382202568247
908 4.862197537451749
909 5.243491843929584
910 5.331110145372889
911 5.3028521715632
912 4.468575766226262
913 5.5579977090516035
914 5.7666734508148
915 4.5905042477808164
916 5.266086556501607
917 4.764354833308753
918 4.833238183484443
919 4.868973271205885
920 4.946418842309844
921 5.3494447209272025
922 4.601915277617331
923 4.650328529333903
924 5.060402275762617
925 5.752559227225411
926 5.833122083395186
927 5.529517032990303
928 4.714744723563444
929 4.820529221644448
930 4.900434059154224
931 4.79224059448212
932 5.447756697517889
933 5.382149408169726
934 5.960277772716786
935 5.323325810047632
936 5.897602250071472
937 5.340044891911754
938 4.871478964583152
939 4.560715257770406
940 4.712983593752042
941 4.426627053786315
942 5.465101696532269
943 5.0754245201913495
944 5.179319835200481
945 5.952114327729324
946 5.2932322794293745
947 5.229135209666103
948 5.145288975214189
949 4.649554907366411
950 5.763425653413332
951 4.5839634839481995
952 5.482918719535863
953 4.81860929281653
954 5.548784626056128
955 4.6653536651804295
956 5.673071194933148
957 5.737561302068407
958 5.772135303363528
959 5.537537947711093
960 5.460887500869044
961 5.517179462250485
962 5.457083726427184
963 5.460037600105839
964 5.669401794898856
965 4.8596805917975265
966 4.890712084861755
967 4.932981443757613
968 4.9419654316142125
969 4.601910692218963
970 4.620034389255272
971 4.469562273415111
972 5.613595748039078
973 6.201637070519134
974 4.678342518799667
975 5.3358899644205735
976 4.7358281659618395
977 4.68354292744525
978 4.364598157319447
979 4.8367273262357
980 4.40124540570673
981 4.8168837411740535
982 5.354885603689087
983 5.48128583492971
984 5.618963118111139
985 4.648410100893672
986 4.674695014545049
987 5.323877904904587
988 5.449770314515357
989 5.80218629122565
990 4.466032473296755
991 5.308343666919205
992 5.635232592876679
993 5.887031841504264
994 4.55507525371453
995 5.931466890946271
996 5.791209855831611
997 4.615244822796865
998 6.2566310445409705
999 4.84920757127984
1000 4.6541081525296715
1001 4.5209326397739025
1002 4.737252370500333
1003 4.5976738703837166
1004 5.598420218536479
1005 6.090961575836955
1006 5.806830742855899
1007 6.0247330654231845
1008 4.670395993946466
1009 5.074989640912136
1010 4.877658498886345
1011 4.986722789827214
1012 5.843137809620569
1013 4.603079745208397
1014 4.788597317369778
1015 5.502249518263809
1016 5.190778291700926
1017 5.21063432199096
1018 4.918563875150409
1019 5.3899093115972505
1020 5.282641833750037
1021 5.449247073528177
1022 5.629212052144153
1023 5.68625696028276
1024 5.785534521022404
1025 5.450520636383679
1026 5.199121839052352
1027 5.786462578617716
1028 5.701916801041305
1029 5.8286688005902265
1030 5.89419058557859
1031 5.608694310989835
1032 5.5092987493809735
1033 5.202723664136849
1034 5.104577508148234
1035 5.339928353424486
1036 5.132259221329415
1037 5.50620672726441
1038 6.239179644885749
1039 4.75830148729341
1040 4.5239739137124175
1041 6.306814158129079
1042 5.652129935432312
1043 4.798677540746339
1044 5.45405420765627
1045 5.850113741464789
1046 5.341553081542543
1047 4.686002289646093
1048 5.046310100024319
1049 4.274400127050284
1050 4.6862714903576155
1051 4.662976055489775
1052 5.785816179215591
1053 5.297279253419498
1054 5.561560424060847
1055 5.875435184134452
1056 4.628594251283995
1057 5.5962201220401315
1058 4.707110158627857
1059 5.249416382180821
1060 5.725676279568927
1061 4.679636849247463
1062 5.790634531783033
1063 4.754491981360861
1064 4.507480704812284
1065 5.018990498248717
1066 4.293087027230337
1067 4.523340254671
1068 5.1848210701197
1069 4.697874480525541
1070 5.219102662780803
1071 4.3434901408915225
1072 5.016925724010062
1073 5.562449287083997
1074 5.274997231556885
1075 5.3124576878051775
1076 5.8044188972077295
1077 4.500635396135607
1078 5.4423395883134384
1079 5.878422825151374
1080 5.755689805483281
1081 5.396122065097557
1082 5.5766775011318295
1083 5.2709458196176
1084 5.836658267065147
1085 5.917918934850485
1086 5.870088043490105
1087 5.365917218689541
1088 5.5424332515772186
1089 5.672439000060687
1090 5.580828274160828
1091 5.3208916804758815
1092 5.230574402904097
1093 4.7508220314984495
1094 5.803676216896791
1095 5.167282389256682
1096 4.759032208750641
1097 4.515297098208468
1098 5.368125600319524
1099 5.593028671937571
1100 4.314412431956883
1101 4.802914831762787
1102 4.584088826086327
1103 5.901932805955126
1104 5.418543893345809
1105 5.53476864064046
1106 5.321379784307231
1107 4.627704193491556
1108 4.359725039706363
1109 5.70130663617971
1110 6.0990750411706
1111 5.524086727197313
1112 6.041373600869783
1113 5.4531008623005865
1114 4.966077772537796
1115 5.216471949219336
1116 5.215691569298382
1117 4.795941760044714
1118 4.9337694700745836
1119 5.5334709029010964
1120 5.178273986230158
1121 4.867976051330625
1122 6.140850614239152
1123 4.9116147049263414
1124 4.5757361943265655
1125 5.679581094400069
1126 5.7386675408951255
1127 4.722260125562888
1128 4.727836007323832
1129 4.828087141140444
1130 4.7730184551669845
1131 5.293630011800956
1132 5.7364285452016
1133 5.967754244293303
1134 6.102708879775263
1135 6.123429759691642
1136 5.5768877062796
1137 5.032626319345824
1138 6.470634186979201
1139 6.247545982783252
1140 5.884149983785879
1141 6.284351611514702
1142 5.288538874560676
1143 6.092242681533837
1144 4.704381252484167
1145 4.700698903211693
1146 5.578001977108587
1147 6.083432759161817
1148 6.131075137247978
1149 6.219132448973402
1150 5.952581209155801
1151 5.857260432656502
1152 4.602280499515807
1153 5.688130409671823
1154 5.365440732290641
1155 5.098552385084521
1156 5.156682194483301
1157 5.929517480853381
1158 5.3743944690651455
1159 4.960762963891344
1160 4.741286799105676
1161 4.6606167282914654
1162 4.589538012153658
1163 4.8084779318880075
1164 5.04681820868225
1165 5.177904857720138
1166 4.8898993123380246
1167 5.207150668192452
1168 5.638661453263493
1169 4.54815280355504
1170 5.309139421009575
1171 4.873952361997566
1172 5.175398983819448
1173 5.379633452928467
1174 5.72579755888292
1175 5.584659993589276
1176 5.154183602062304
1177 5.717372204137642
1178 4.674222389046746
1179 4.683706738489121
1180 4.8958414822834415
1181 5.426316671140708
1182 5.497128716580616
1183 4.501674319944276
1184 4.717524750765917
1185 5.322477796366091
1186 4.580803908168746
1187 4.63789495600185
1188 5.737759996089573
1189 4.933819213450502
1190 4.880491676868193
1191 5.0789330843685665
1192 5.542370170897015
1193 5.714372397807958
1194 4.729511523887913
1195 4.77003010105438
1196 4.642181927355465
1197 4.645097516983822
1198 5.485822662771694
1199 5.763266369751232
1200 4.777857106213352
1201 5.426894815409362
1202 4.933911728078889
1203 5.754878920880429
1204 4.563545640052777
1205 5.366273578205437
1206 4.61423434989377
1207 5.824203119960068
1208 5.330476565036724
1209 5.749073009405039
1210 6.086065180819805
1211 5.813997575380698
1212 5.640796994247065
1213 5.5431520474022555
1214 5.878468415697356
1215 5.69307011025769
1216 5.707618480986132
1217 6.287410556780129
1218 6.161514436290126
1219 5.89947556973816
1220 5.776967975322233
1221 4.740780045527879
1222 5.3581505748191685
1223 5.240910484356602
1224 6.498377240198064
1225 5.646249297952293
1226 4.751220050093108
1227 4.588092863215677
1228 4.940505692068989
1229 5.7964457317500395
1230 5.214605522265464
1231 5.7991701464582155
1232 6.120507101723382
1233 6.35391338407459
1234 6.1503507188461946
1235 6.052420554961543
1236 6.181644829736526
1237 6.403355567234248
1238 5.4301116753611325
1239 6.4406432528956525
1240 6.033301689736076
1241 5.757975555632373
1242 6.184768241303865
1243 5.638709764203713
1244 5.637449819220842
1245 5.734943809546086
1246 6.328136458090275
1247 6.408159249279273
1248 6.417326124624204
1249 5.9252454240881764
1250 6.3528968390823115
1251 5.1904354575364025
1252 5.464647707932517
1253 5.1061311638215985
1254 6.640982495495419
1255 6.119269560665241
1256 5.755089664267933
1257 6.313281706517552
1258 6.235605383262504
1259 6.114632944740303
1260 5.6036307938785
1261 5.312918824418784
1262 6.155739689736445
1263 6.537070785175296
1264 6.045265846057751
1265 6.262939199903808
1266 6.230767035280564
1267 5.983594307049999
1268 5.9157311123977045
1269 5.6864768509662
1270 6.384859166550613
1271 4.852636970864633
1272 6.280731452971026
1273 6.126498726136802
1274 6.184340090281459
1275 6.093320990653426
1276 6.2522320153207165
1277 6.002683962312282
1278 6.249545398017267
1279 5.794064760585404
1280 5.38233308749886
1281 4.673547646232802
1282 5.9711018683939505
1283 5.4555447387761
1284 5.317807200049064
1285 5.8888217636089255
1286 5.83504994516281
1287 6.255915109591011
1288 6.550769736652681
1289 5.526699474947757
1290 5.4570785391320324
1291 5.614806158291151
1292 6.163766891140769
1293 5.431955789890993
1294 5.7563381520719865
1295 4.916782764115722
1296 4.653609539328165
1297 5.926705999450752
1298 6.829235427442734
1299 5.863990839844243
1300 6.464758790179493
1301 5.726505519689399
1302 6.324639996064744
1303 5.519484162472028
1304 5.814046837038198
1305 6.009852323122308
1306 6.208486722847146
1307 7.159499202382053
1308 6.144489100391335
1309 4.789805844629525
1310 5.347284445022257
1311 4.841595271115603
1312 5.877183174665366
1313 5.58804576837034
1314 5.769175255336201
1315 5.740632951524727
1316 5.128621258468664
1317 5.702936879465635
1318 5.626517498724289
1319 6.254940764691205
1320 5.386072617496342
1321 5.8333318532806135
1322 5.427604691853125
1323 6.418014784131285
1324 5.991945228184877
1325 6.469737464635901
1326 5.031271478988166
1327 5.585497346107164
1328 5.04055186411587
1329 4.681147338541587
1330 4.68254361222378
1331 5.1309489163653055
1332 5.705847201407734
1333 4.50212575700069
1334 4.659242524311818
1335 5.10434914476989
1336 5.273313634473543
1337 5.437893718453419
1338 5.295609146507875
1339 5.926816978435182
1340 4.382575393191044
1341 5.861251493051328
1342 4.959583951534119
1343 5.804575585143557
1344 5.43489000518121
1345 5.59783331457059
1346 6.037507983498074
1347 5.450858359797816
1348 5.683576808377192
1349 5.740463413481874
1350 5.785201077985286
1351 5.150660714480395
1352 5.971064557547182
1353 4.3972724493500825
1354 5.453154451989929
1355 5.562538414244949
1356 4.793902497539914
1357 4.844084844380472
1358 5.4396920421195585
1359 5.547029235220515
1360 5.964054924867657
1361 5.2452237293391475
1362 4.6878464591501
1363 5.865312328772201
1364 5.136478257609111
1365 6.000484536702793
1366 5.118285519218602
1367 5.3210731635070205
1368 5.382015856748321
1369 4.42763432797446
1370 4.559970207651575
1371 5.749024754724969
1372 5.648864288774454
1373 5.54125677293695
1374 5.645053520376047
1375 5.88183508284791
1376 6.1562905267506505
1377 5.760981503179244
1378 4.995235274025223
1379 5.42897834354153
1380 4.679985445618432
1381 4.332643203777334
1382 5.798868409225586
1383 5.849625517643591
1384 5.636260124724103
1385 6.276856954622558
1386 5.980679310519547
1387 5.276760453272173
1388 5.743066794110138
1389 5.369299829564445
1390 5.922636212230409
1391 5.758939733036326
1392 5.880535154927523
1393 6.168647460973879
1394 6.109460431532684
1395 5.9575979289379
1396 5.809326024509296
1397 5.648373960511191
1398 5.9211863406887355
1399 5.296062441972383
1400 5.56158672497767
1401 5.920230100309654
1402 6.14684716542841
1403 4.845449971122656
1404 6.107932707113743
1405 6.501834433741279
1406 6.434809767417907
1407 5.603402550804784
1408 5.633298068636288
1409 5.747064148916364
1410 5.067136403624098
1411 6.260735816220423
1412 6.1102698086034355
1413 6.207562630053735
1414 6.033664678676006
1415 5.635376524562607
1416 5.775704554246453
1417 4.744458344674825
1418 6.041391639341539
1419 6.022467619467201
1420 6.349016587836064
1421 6.044278140038947
1422 4.15164591555448
1423 4.5197734661114115
1424 4.74454643068365
1425 5.536130695559766
1426 5.742356588751017
1427 4.853251114515596
1428 4.91197463210556
1429 4.407335079429154
1430 5.812395145677754
1431 6.964789523434843
1432 6.56250189793835
1433 6.317543975216384
1434 5.823482252225412
1435 5.212036848897463
1436 5.57953480773224
1437 6.08977172380696
1438 6.362761766721278
1439 5.978040145414569
1440 5.847974185621357
1441 6.3992100621324575
1442 5.928920895965669
1443 5.9842734774476245
1444 5.736733032750841
1445 5.625808463692909
1446 5.4235411763796115
1447 5.255858500843885
1448 5.216076503886302
1449 4.72730899245627
1450 4.764255319856036
1451 6.3322622834648765
1452 5.338076434780138
1453 4.653434071010167
1454 5.581289961965225
1455 5.766935752858665
1456 5.963956392186376
1457 5.288517514440112
1458 5.543805607173978
1459 6.179588964228154
1460 4.8266423528946865
1461 4.78839432213179
1462 5.307214138804298
1463 5.714792621560322
1464 5.1437295374337575
1465 5.045066617237271
1466 4.948178901128228
1467 4.763887944022606
1468 4.976585483318528
1469 5.131008195956148
1470 5.517234472572592
1471 5.387183421368515
1472 4.864025779337764
1473 5.55677198859165
1474 6.025379507464123
1475 4.73612591654683
1476 5.372908503353833
1477 5.594304305929099
1478 5.775253119449102
1479 5.406334832878494
1480 4.597362518866974
1481 5.56718865304058
1482 5.084503419036338
1483 5.6434502072140384
1484 5.994807559749092
1485 5.735622406909152
1486 5.817716357641953
1487 5.665929934137034
1488 6.107653544095538
1489 5.81005650956862
1490 5.710864083847443
1491 5.742718842130005
1492 5.989504300046443
1493 5.917067173750977
1494 5.95725479667137
1495 4.867847039600123
1496 5.61484201660642
1497 4.664815806193514
1498 5.274610427600381
1499 5.424527098785869
1500 6.260264957741132
1501 5.539648326169488
1502 4.452686767226251
1503 4.576929356380099
1504 5.248428934701891
1505 5.363113772040245
1506 5.494936703931225
1507 5.742003177309069
1508 5.195123110397266
1509 4.718069490654462
1510 4.5703891782141675
1511 6.054558748775427
1512 4.7262867659640415
1513 4.6072043550012705
1514 4.650741071852909
1515 4.986435765005332
1516 4.571691576703442
1517 5.40733756254693
1518 4.587296049503611
1519 4.8695406906004175
1520 4.819945307441407
1521 5.427815770129306
1522 5.349328274976778
1523 5.150022960902926
1524 5.09006116338062
1525 5.659831226831946
1526 5.718179180600924
1527 5.786304408980039
1528 4.8096904671112295
1529 5.7393317277126
1530 5.53156765584268
1531 5.579326674033158
1532 4.567013236298642
1533 4.818113628041689
1534 5.300750131509226
1535 5.847094982010717
1536 5.414555065866132
1537 5.604603091610836
1538 4.420545262404978
1539 5.333820036110407
1540 5.425632249985827
1541 5.669701424897095
1542 5.361671384379411
1543 4.768516133935135
1544 4.5692389402688605
1545 4.580482579999067
1546 5.536503354184097
1547 6.147483181318767
1548 5.557842188396111
1549 5.68500887091799
1550 5.238365412736277
1551 5.153436709181235
1552 5.894027779628787
1553 5.757179447356134
1554 4.674772452103421
1555 4.415280982914585
1556 5.432140674104904
1557 5.4397665482830195
1558 5.2847547812141284
1559 5.204112898554754
1560 5.452340079368647
1561 5.493446077365944
1562 5.147206914973891
1563 5.576415829812832
1564 5.553715725400753
1565 6.220789397713221
1566 6.055033545331296
1567 5.694197389028315
1568 5.732452206408365
1569 4.957231245156376
1570 5.399395319320854
1571 4.284434113402272
1572 5.28814647737875
1573 4.666547542472867
1574 5.116426608901074
1575 6.09943872316002
1576 5.876844022560855
1577 5.472641949974434
1578 5.567124174209081
1579 4.6336866099380485
1580 5.309223026415926
1581 4.801631857643305
1582 5.698877022201491
1583 5.407919234629537
1584 5.543591133620519
1585 4.8116096204290475
1586 5.205289962134713
1587 5.13441771158321
1588 5.572792453826356
1589 5.198728452953988
1590 5.925725239439778
1591 5.890876995370756
1592 5.443354731998895
1593 4.841895495905743
1594 4.821991689604642
1595 5.408528817849439
1596 5.3599216353591785
1597 4.888176281798878
1598 4.623657355014206
1599 4.407685865985626
1600 5.212766922145775
1601 5.605776217738289
1602 5.091685853690621
1603 4.92821092750375
1604 5.700333227530723
1605 4.798679557986624
1606 4.840285016013797
1607 5.449743284223218
1608 5.257294885395469
1609 5.3667666453938425
1610 5.610473760374139
1611 5.367542085964159
1612 4.905221547699652
1613 5.4434349526744805
1614 4.5970289691353345
1615 4.558436404029139
1616 4.994387109643438
1617 5.110344840652745
1618 4.342493240770543
1619 4.941572795523462
1620 5.018275563340542
1621 4.429326919166002
1622 5.412546429033648
1623 5.224030426598783
1624 4.497419847045345
1625 5.713994410304261
1626 4.335516841931551
1627 6.121536119878383
1628 5.500127601622425
1629 5.404033685680116
1630 4.9838102817136365
1631 5.150339707361238
1632 5.969921280994582
1633 5.309635835295985
1634 5.4926618056519265
1635 5.470534500612314
1636 5.417193653815236
1637 4.973918424926397
1638 5.26566631970411
1639 4.76835031855755
1640 5.418028947507111
1641 4.810222837164361
1642 4.976517531239056
1643 5.961953373703255
1644 4.77222445968236
1645 5.26176392476834
1646 6.007617716621259
1647 4.985213653745241
1648 4.996085353712835
1649 5.409740152012097
1650 5.3959054039449335
1651 4.695707972070858
1652 4.834255422875143
1653 5.566035744706777
1654 5.5471059994512295
1655 5.438524355009542
1656 5.393831628293094
1657 4.845641311449023
1658 4.783742884381467
1659 4.784017660116726
1660 4.666919608743541
1661 5.41671829716236
1662 5.752410966291928
1663 5.664661893353017
1664 4.811914871837215
1665 4.835679777603855
1666 5.334434156186491
1667 5.24573573316697
1668 5.54881909468935
1669 5.250191009978268
1670 5.873407567800855
1671 4.868311957070906
1672 5.83165852739604
1673 5.117904919920965
1674 4.949868895158549
1675 5.010175521263013
1676 4.967750937660494
1677 5.0892962884288515
1678 5.594383780542365
1679 5.619767775025313
1680 5.769789923360703
1681 5.733432307492203
1682 5.067268833542843
1683 5.022965608634037
1684 6.0261597259143
1685 5.3606642976447905
1686 5.317649415395358
1687 4.741518076711651
1688 6.15520413008329
1689 5.677987769227874
1690 5.5276975569238065
1691 5.496929840793948
1692 4.498331158558519
1693 4.550884964739285
1694 4.88168377227418
1695 5.517502968731925
1696 5.414357756384859
1697 5.427113586010132
1698 5.446983192564013
1699 5.401652537357425
1700 5.460327790768321
1701 4.795951005761084
1702 4.793635890131154
1703 5.616790628315418
1704 4.600940088669264
1705 4.684061229149683
1706 5.505686855401425
1707 5.54373975972418
1708 5.972014708886497
1709 5.10311105972977
1710 5.033535269054845
1711 5.688278875450032
1712 4.542780241225372
1713 5.801206755135682
1714 5.271054186499897
1715 5.452808822851282
1716 5.307412871390634
1717 5.532495974753869
1718 5.55648454656332
1719 4.737575399755392
1720 4.69876456666178
1721 5.3379367839103695
1722 5.849476539722684
1723 5.523723196473879
1724 5.631504908850681
1725 5.527258290168525
1726 5.301998374537083
1727 5.818643484583599
1728 5.577855244769382
1729 5.619109654182054
1730 5.716109911395486
1731 4.900319641643045
1732 5.515704253138303
1733 5.867516259966382
1734 5.5276611859811915
1735 5.4851071854845825
1736 5.248561131648374
1737 5.07047814129993
1738 4.838176611426846
1739 5.42111966590136
1740 5.789295235720035
1741 5.571392666563616
1742 4.916698006608099
1743 5.044083502857494
1744 4.42938713882331
1745 5.035920400609631
1746 5.345876376151083
1747 5.541293698075286
1748 5.400192935732902
1749 5.870977139780803
1750 5.52702396825078
1751 5.677246702807228
1752 5.9105766737255365
1753 5.305230734072798
1754 5.982128335867311
1755 5.435132509320483
1756 5.949437164193615
1757 5.855446715046697
1758 5.941007183629412
1759 6.161331706165706
1760 4.791762853559987
1761 4.543731088132729
1762 5.471073106043923
1763 5.231351986732052
1764 5.876853071091921
1765 5.5403987226343085
1766 5.5516626424335795
1767 5.452050199655573
1768 5.521660300163164
1769 6.635674672940283
1770 6.282848739538246
1771 5.747785522889122
1772 6.092372231279169
1773 5.35937355637695
1774 5.718386777210667
1775 5.820804179095911
1776 5.56953259985956
1777 5.793950499082529
1778 5.807759667616549
1779 5.893181818255454
1780 5.673173272072615
1781 5.83419863075451
1782 6.011600215690169
1783 5.9527672293694565
1784 5.887313262823867
1785 5.415446617334146
1786 5.871767125479982
1787 6.434672261527333
1788 6.1737696701527245
1789 6.074599294147179
1790 5.984698346643301
1791 5.647995866926828
1792 5.442840677091417
1793 5.623842809825972
1794 5.897325584501662
1795 6.265428839284839
1796 5.595886940843534
1797 6.5641675972626645
1798 6.697371637972198
1799 5.938066050590093
1800 6.056281348089672
1801 5.988809834242592
1802 6.016205714418953
1803 5.981483453700926
1804 6.08296670981766
1805 5.840101313034769
1806 6.212497678026433
1807 6.268409231575617
1808 5.771744614092728
1809 5.702546801115863
1810 5.799208810678579
1811 5.876815887257099
1812 5.8207402365500505
1813 6.14021014556897
1814 6.36494052392145
1815 6.224783230220633
1816 5.820842763549183
1817 6.566226461666647
1818 5.909627479928531
1819 5.866317523381218
1820 5.84036579779576
1821 5.643376416379157
1822 6.195206067097976
1823 5.976079366414604
1824 5.7657487198887
1825 5.646872104118927
1826 5.939760228609193
1827 5.687912881927861
1828 5.3890360424405825
1829 6.128788817438131
1830 6.656478068811055
1831 6.023370204172053
1832 5.808673503806299
1833 5.754474889461748
1834 5.771190879057353
1835 6.265619754257157
1836 5.635608812151814
1837 5.497363180091595
1838 6.266747208955999
1839 6.2362510869485215
1840 5.7437535773288255
1841 5.678619777620368
1842 6.051140654839909
1843 6.031525318583212
1844 5.165340426575051
1845 6.0577386112865526
1846 5.0004752532448595
1847 5.885741456156044
1848 6.348785916805317
1849 5.5198426084999985
1850 6.079512507698262
1851 5.399095122582971
1852 5.83165060745901
1853 5.755573174791374
1854 6.251443787333503
1855 5.728307723110178
1856 6.043885850308188
1857 5.5108037383919894
1858 6.0024110572308285
1859 5.767054064255901
1860 6.0710862256900695
1861 5.785595636250757
1862 5.9439553876227444
1863 5.780488372952584
1864 5.851559736696542
1865 5.796518332249079
1866 5.419999882512239
1867 5.514279467122841
1868 6.329223531229022
1869 5.548158151173243
1870 5.722712982980424
1871 6.004639525268478
1872 5.9309269309457715
1873 5.95152312369737
1874 5.724205096153785
1875 5.08079943156083
1876 5.606144897050147
1877 4.605615482859865
1878 5.6090712493604595
1879 5.736044870286112
1880 6.115213444974664
1881 6.278458345684698
1882 5.619501351569264
1883 5.610682860857164
1884 5.469402253497787
1885 5.72645771611073
1886 6.026819229105401
1887 5.8131282251753085
1888 5.810854201590519
1889 6.0760009408980595
1890 6.463922394025447
1891 5.756205361853772
1892 5.638001965258555
1893 4.7452710139801475
1894 4.936504981601795
1895 5.571836030068521
1896 5.227170882032115
1897 5.749454276503611
1898 4.812928688907206
1899 4.759098337314467
1900 5.675058674726488
1901 5.9694236023048575
1902 5.846588669547618
1903 6.147920630803121
1904 5.729502945957221
1905 4.944694546113948
1906 5.756145145817718
1907 5.874458184530163
1908 5.496715452830653
1909 6.079142090509224
1910 5.5967018181526
1911 5.5306864497844375
1912 5.5866265042827035
1913 5.742094125543681
1914 5.317874639839502
1915 6.063418968920269
1916 5.789669583475933
1917 6.522941217240139
1918 5.692133858643277
1919 5.805944380649059
1920 5.131145935986373
1921 5.247446339513816
1922 5.75702979020621
1923 5.413137566979281
1924 6.415549137276758
1925 6.010316861319421
1926 6.190202823612981
1927 5.1200484933046795
1928 5.61472497324351
1929 5.775485180314037
1930 5.981895109920921
1931 5.733353242846746
1932 5.921837260330815
1933 6.101663475235368
1934 5.965080330586968
1935 5.520035410614143
1936 5.991317238319931
1937 5.7517895021117225
1938 4.782861513626653
1939 4.489275957506951
1940 6.5105483006426805
1941 6.112153611555632
1942 5.526307474803988
1943 4.784502210804706
1944 4.431234973094245
1945 4.574757329154483
1946 4.742217008712603
1947 4.7721020278177715
1948 5.077021066397374
1949 6.275089842012565
1950 6.178608866800903
1951 6.158848558616555
1952 6.298252743688219
1953 6.453535589409344
1954 6.102305618807585
1955 5.786711601624066
1956 5.706775633222553
1957 5.214038647744313
1958 6.128288967255798
1959 5.907189531676122
1960 5.025976900567377
1961 5.464786641582615
1962 5.3818827514066605
1963 5.8517093291334
1964 5.14986112021832
1965 5.276911478951614
1966 5.692762252417834
1967 6.0821366705013835
1968 6.190847743205638
1969 6.023120390954808
1970 5.579093020057412
1971 7.014717413653377
1972 7.035230982690221
1973 6.160147685741758
1974 6.078509435694846
1975 6.386392453733527
1976 6.130402459037855
1977 6.063373379949402
1978 4.761308181847943
1979 5.9727646120507085
1980 4.9329804096994545
1981 5.951660962406407
1982 5.845834864658511
1983 6.14482243045663
1984 6.317610526771892
1985 5.0147662820013865
1986 6.078659409941995
1987 6.072650249956717
1988 6.439032159301489
1989 6.156305823458364
1990 6.154543717008863
1991 5.874597040644477
1992 6.420939951053898
1993 6.648853024449838
1994 6.229283510000073
1995 6.047284918101075
1996 5.710131094478616
1997 5.845222292824155
1998 6.100958470693903
1999 6.278110293099876
2000 5.197760573489137
2001 6.199444406416638
2002 6.504405098368677
2003 6.189372314359351
2004 5.266090006638748
2005 5.762443976995414
2006 5.616627701670315
2007 6.281587988190131
2008 5.969664457689245
2009 5.188628160589327
2010 5.249450204121277
2011 5.792472027979299
2012 5.839067526940936
2013 6.207637919366853
2014 4.461444653937124
2015 5.067961171282353
2016 4.617996483532742
2017 4.6795284197447975
2018 6.068619003521575
2019 5.748724684347589
2020 4.565048201686635
2021 4.676437200889066
2022 6.1731274059820045
2023 5.527686541290087
2024 6.030912734363672
2025 6.869294012187192
2026 6.395867159154918
2027 6.006000255945772
2028 6.185643334010835
2029 6.3623315525824315
2030 5.765995610816166
2031 6.462139613611293
2032 5.749504814107801
2033 6.3055291860049625
2034 6.017189646480624
2035 5.504017014375563
2036 5.45271165797798
2037 6.207751417845302
2038 5.525055510867078
2039 5.740361407976487
2040 6.2626502240289685
2041 5.752005969928793
2042 5.7577618545710285
2043 6.382875361432567
2044 6.448871430562866
2045 4.80632545003024
2046 4.800966985134842
2047 5.599892305007025
2048 5.48332702726152
2049 4.5242248722811915
2050 6.01329099923898
2051 6.204529139092277
2052 5.890735673843104
2053 5.747245671395423
2054 5.252106028066705
2055 5.7859388646656855
2056 5.768277454111951
2057 4.680196600293315
2058 4.803154368383085
2059 6.09900200984277
2060 4.55528026673533
2061 5.320744758934062
2062 5.429604908833009
2063 6.072373381960525
2064 5.702023541019157
2065 4.805028378309266
2066 4.447394984632989
2067 4.70153142086354
2068 4.550539824443067
2069 5.66461780196574
2070 4.9354794261903265
2071 5.64771822928076
2072 6.262978393867378
2073 5.942504055582216
2074 5.721510733763171
2075 6.001564489555513
2076 6.09896676720445
2077 5.638402088809678
2078 5.931949799465458
2079 6.165002670848926
2080 5.823604034632536
2081 5.66304058980789
2082 6.049145345272487
2083 6.138318275533872
2084 6.051744331690902
2085 5.6467645814884735
2086 5.678296247916179
2087 6.655155598576614
2088 5.846746501310354
2089 5.6769104527056795
2090 4.725150226262786
2091 4.395391065943339
2092 4.671607815448903
2093 4.470383755671649
2094 4.678017246696178
2095 5.051343827292907
2096 5.3265674975993775
2097 4.524259713430237
2098 5.012118887707116
2099 5.497874967772906
2100 5.609900461895864
2101 5.904520606113103
2102 6.0301770435663995
2103 5.683414341049718
2104 5.703038272428535
2105 5.65266590726758
2106 5.643176347823264
2107 4.734597500077097
2108 5.988344194232831
2109 5.597636328831265
2110 5.964994262794893
2111 5.777578861915088
2112 5.715418464251336
2113 6.467633022653453
2114 5.26787309109246
2115 6.366689814619401
2116 5.923156915326874
2117 6.060696847753885
2118 5.281499809421809
2119 6.593546099342694
2120 5.689122405268092
2121 5.736125166370665
2122 5.592427376188433
2123 5.934984228468505
2124 4.534130937705714
2125 5.564104275794329
2126 5.60981044608167
2127 6.3001038045261755
2128 5.346317544676872
2129 5.399905723180511
2130 4.75515930767888
2131 5.910071649319367
2132 6.198587006321499
2133 5.38896475297533
2134 5.789375398413515
2135 5.274831496161857
2136 6.209022776466637
2137 6.224426507216939
2138 5.645419529807663
2139 6.2707399033449285
2140 5.675242904362996
2141 5.835767168941102
2142 5.871220893354564
