0 5.147782889017469
1 6.1171091907338155
2 6.373533891433001
3 6.03002917514276
4 6.01094305491257
5 6.3840801111803565
6 5.9248415716959535
7 5.565535394072747
8 6.716390576239199
9 6.093601749403228
10 5.963324611432531
11 5.8741100953401
12 6.121365677581999
13 6.191766095275044
14 6.0766959091183805
15 6.342930587055457
16 6.026834147501183
17 5.9493230151984315
18 5.7915681899788005
19 6.074432676840612
20 5.914166840199495
21 6.677211817921492
22 5.9581548513971105
23 6.517583691310574
24 5.735675695980804
25 6.355152488586365
26 5.972178797638271
27 5.974773705342203
28 6.21825369804203
29 5.909823580331194
30 5.773446896077316
31 6.352419321359215
32 6.324946043246016
33 6.227270671377336
34 5.63886277733358
35 6.524662015794206
36 6.19957235526129
37 5.995266043626911
38 6.582714794185802
39 5.764019802998377
40 6.262395868127952
41 6.434589674237141
42 6.617686357167764
43 6.238921616482272
44 6.4315459688732535
45 5.960142855719918
46 6.572643755124067
47 5.903577258155977
48 5.972765253981493
49 5.93162571771998
50 5.93399980543247
51 6.206339753043877
52 5.68434816762823
53 6.5308919697257855
54 5.723002783692049
55 5.654859923764511
56 6.0503296497004495
57 5.926468753275703
58 6.07289683760228
59 5.614963747408933
60 6.010096519142841
61 6.3631808942918315
62 6.182767877153186
63 6.779728634725427
64 5.529220423337099
65 6.272148517862519
66 5.900939960207539
67 5.861706660680549
68 5.719323898386705
69 6.449727964219995
70 5.714763701080855
71 6.504295546919603
72 5.965400357203468
73 6.418285145383617
74 6.529213505508466
75 6.37353559225823
76 6.3796401275963674
77 6.250124359496495
78 5.832718543089369
79 6.079822900244346
80 6.425096871478579
81 6.414598181215444
82 5.78870992248071
83 5.855179372565102
84 5.939932040661536
85 5.6351664960892265
86 6.261771165032241
87 6.121946450039536
88 6.624952545601238
89 5.907455404261309
90 6.024710763857176
91 6.03040421403284
92 6.306379938646958
93 6.353464154412728
94 5.781131755026037
95 6.457360808161779
96 6.178960146499672
97 5.533445043612081
98 6.332040641049949
99 6.2644680160557
100 6.235016058574284
101 5.515441890809649
102 5.730757753050438
103 6.2874732771021105
104 6.272927652862717
105 6.006062090876169
106 5.851650563805636
107 6.315426943659304
108 6.171576070606569
109 6.064992682361791
110 6.434328674382567
111 5.9819375154700225
112 5.978787239216868
113 5.960044998816384
114 5.691446862313292
115 5.611918300413457
116 6.55031106867157
117 5.999970304823626
118 5.384933962702688
119 6.175699491844501
120 5.950298642904419
121 5.652832510336753
122 6.307124440684183
123 5.953049722863865
124 6.764454952281186
125 5.825880926230643
126 6.162109913495874
127 6.532281920421308
128 6.091463654448388
129 6.097933940038691
130 6.281973365839811
131 6.315503999778172
132 6.000528756856504
133 5.657022206216704
134 6.163005458233473
135 5.722257950443451
136 6.152678229463275
137 6.121863187194347
138 6.442071988988775
139 6.223819327240626
140 6.485104844005703
141 5.746359578395138
142 6.106692783707444
143 5.811363227104122
144 6.362304092913625
145 4.997604133750724
146 5.783846387796075
147 6.009134081555182
148 6.639296484456238
149 6.065178494921445
150 5.8109675188209255
151 6.36806427343209
152 6.246211078524102
153 6.112557732426438
154 6.2124050377220605
155 5.833458781430027
156 5.990094680835496
157 5.758328099130056
158 6.621119905719394
159 6.095288219635194
160 6.080028432809896
161 6.217680377244478
162 5.93475997991298
163 6.7568644678134
164 6.018343886630895
165 5.667232332284366
166 6.100043803486063
167 6.054241941215352
168 6.048438517844173
169 5.953450418638609
170 6.2285813930637195
171 5.985547093121965
172 6.744257878715632
173 6.2314828328685055
174 6.609485571678393
175 5.833374566503016
176 5.498634957767943
177 6.5231888473690045
178 6.098984264766349
179 6.254218095642271
180 6.028894385220017
181 6.095257608864768
182 6.7262120372315914
183 6.127098949883857
184 6.057244806535688
185 5.726795982176519
186 6.153992989938023
187 6.074285168412014
188 6.579503274863826
189 6.187745229013956
190 6.301732180100703
191 6.01408430651094
192 6.1202604904930915
193 5.729364310861597
194 5.791197821721801
195 5.61474463474788
196 6.018930229190838
197 6.62328521586209
198 5.976673485277899
199 6.339022983880703
200 6.468950452639884
201 5.573464163828786
202 5.650457412903585
203 6.294440478360962
204 6.1253752241700035
205 6.41985131670493
206 6.418911634146844
207 6.280636710096731
208 5.84488911050526
209 5.810305265180703
210 6.191597395019729
211 6.182394229901065
212 5.930925271151851
213 5.7923456027173525
214 5.715701892322344
215 5.936765895243061
216 6.023281007320094
217 6.3715459104867795
218 6.030966355934423
219 5.898715298503577
220 5.623411207227976
221 6.0771599818577124
222 5.8467369160360905
223 5.1805451188985066
224 6.171861483264227
225 6.507369131507806
226 5.855040092962467
227 6.070694315516597
228 5.96732282486414
229 5.868658578828507
230 5.476513020884449
231 5.9728532202231035
232 5.7054198627967905
233 5.976826621875012
234 6.337879059997869
235 6.106694757650225
236 5.618707625172427
237 6.046231658053746
238 6.156342458989829
239 6.084706599049447
240 6.389526896596829
241 5.727543244413297
242 5.991229947006207
243 6.260210605771774
244 6.221355491539973
245 6.013796215164166
246 6.5285425894078335
247 6.019204989758659
248 6.238821121309514
249 5.976324170466668
250 5.670789740025905
251 5.625327586959884
252 5.689851972749876
253 6.021018215107177
254 6.029779071115062
255 6.505176611838155
256 5.9059308500291365
257 5.7593329152177075
258 5.901009874053752
259 5.863756818720015
260 6.689007863048625
261 5.443441951725243
262 6.026027524129324
263 5.827833085869932
264 6.010782144832992
265 5.912766294798981
266 6.348617178843507
267 5.873596266365847
268 5.962388898816183
269 5.4528767114305925
270 6.2287652853009465
271 6.22179208883885
272 5.457737466672945
273 6.1693083778549305
274 5.666375493535071
275 6.240238016614967
276 6.842519151224825
277 6.090022695812658
278 5.706755933807246
279 5.899501548136277
280 5.728000764649108
281 6.03923425960285
282 5.367399181260476
283 6.0139161158042755
284 5.628996676519512
285 5.681883647137837
286 6.120480721022342
287 5.745144342012053
288 6.071258347576766
289 6.119633741833552
290 6.076028731213497
291 6.406863285074341
292 5.799412158447544
293 6.14215840620481
294 6.07677251623048
295 6.079438958160138
296 5.861852053394924
297 5.6889719496841105
298 5.900433458319026
299 6.686935583321749
300 6.090576815019823
301 6.017609380423708
302 6.37614664063399
303 5.758021965120084
304 5.936510015139805
305 5.6861444349311885
306 5.892280877148895
307 6.201092435429161
308 5.944227815679956
309 6.240225864656187
310 5.946099938742018
311 5.650763316243546
312 5.940867857081427
313 5.60279813121953
314 5.714745042671526
315 6.262686216466036
316 5.767058598883862
317 6.044207194810602
318 5.609762309518901
319 6.127271858862515
320 6.401406032262149
321 5.742903902227827
322 5.899645180391532
323 6.660077210347452
324 6.59242666293257
325 6.047467500882012
326 5.789004867578033
327 6.046784973899727
328 5.97023319988843
329 5.704590686338129
330 5.541359518637011
331 5.8510134104925235
332 5.741305414077936
333 5.863094123836066
334 6.459831575890134
335 6.3125980871046385
336 6.301697273813973
337 6.267458895319078
338 6.105889464167331
339 6.308377090024266
340 6.459085908490317
341 6.201980895055595
342 6.199833737716821
343 6.367843619279603
344 6.138604031012193
345 6.065441754280557
346 6.127423189307548
347 6.602872375079697
348 5.68966895363778
349 6.440612195608734
350 6.631416551994499
351 6.197258888704128
352 6.478022914847616
353 5.6344466163052696
354 6.704805347679335
355 5.559828085857356
356 5.906006514401598
357 6.543520107721945
358 5.879380818603891
359 6.686854772037527
360 6.21067867555297
361 6.3452191845380606
362 6.395944904922432
363 6.3305286943772145
364 6.109618705194749
365 6.535472383965901
366 6.014237786708886
367 6.271214870919955
368 6.38740194667924
369 6.134110409741393
370 5.728947542900135
371 6.299277768872741
372 5.9489270340452345
373 6.388888989355764
374 5.990991426474876
375 5.9089564532017445
376 5.165097855426319
377 5.884101339318859
378 6.6097730478854615
379 6.787992161161064
380 6.571360861064981
381 6.203328176169663
382 6.319153260460309
383 5.774596876220136
384 6.273667601229272
385 6.100963691140611
386 6.308929750789187
387 6.467210542767863
388 6.485037313923546
389 6.176459850784664
390 6.477642871423847
391 5.571946813488924
392 5.722005311143899
393 6.428528923627256
394 5.711817929561035
395 6.209549415607272
396 6.187779927508104
397 6.058531061363632
398 6.345066474439493
399 6.016079434389724
400 6.95679641784231
401 5.659889215056395
402 6.160885180826291
403 6.375910925046443
404 6.063450815084923
405 5.854609026084987
406 6.161542577463093
407 6.0592743117063534
408 6.5121632326968735
409 6.618770494449262
410 6.107752327546858
411 6.21645257146414
412 6.219268370916791
413 5.931195394687391
414 6.75628993591869
415 6.026191356189758
416 6.035719195612016
417 6.551275029635664
418 6.200822326354938
419 6.579428679206823
420 5.867279030875937
421 6.36541661441096
422 6.111253857481962
423 5.943352275663277
424 5.734252846118889
425 6.419165066441837
426 5.83973427929153
427 5.939747080743698
428 5.630153991229204
429 6.393498899265057
430 5.835868631165449
431 6.289303985912742
432 6.096621654930088
433 5.743979202024956
434 6.064675770304706
435 5.950279152502666
436 6.058493557457579
437 6.766586165104608
438 6.721668343090065
439 6.3729296785402125
440 6.695783661419896
441 5.920670421484535
442 6.333064073265825
443 6.1762788535684985
444 6.138818453681845
445 5.779439256766231
446 6.758980441540953
447 6.689747729025842
448 6.0352270300202955
449 5.632867813689516
450 5.746539062336078
451 6.18420058483689
452 5.8431691331149285
453 6.05170178643059
454 5.854624931115671
455 5.189554019134349
456 5.578406563962615
457 6.118472774637586
458 6.026434161323404
459 5.830327825769706
460 5.889976423774678
461 6.60364051721202
462 6.016998389227495
463 6.129611490756135
464 5.855868303100604
465 5.451351314457801
466 6.212129116526923
467 6.032447845138852
468 6.169813838650709
469 6.25853175935489
470 6.103488296248122
471 6.370265826190852
472 6.3118945741367565
473 5.752316137545221
474 6.05651522590967
475 6.329812604862925
476 5.802936413619846
477 6.062702929856264
478 5.5594450543580605
479 5.890442296807993
480 6.067680055254439
481 6.247966055462458
482 6.035292913697613
483 5.794475784360435
484 5.913620557992242
485 6.182229591346038
486 6.037935812614427
487 6.155372153377672
488 5.521929008724524
489 5.784239824504256
490 6.239778184048763
491 5.947501915670361
492 6.113740926344658
493 5.976195431086639
494 5.786673078334491
495 6.425205422105936
496 6.430797724072192
497 6.08847982127586
498 6.095136728106021
499 5.668030060014532
500 6.7340691304034115
501 5.893889460975025
502 6.351911192212805
503 6.405715261915068
504 5.873489444260053
505 6.453340881094544
506 6.657773205430576
507 6.059144390604007
508 5.948460991734933
509 5.976014987202249
510 5.849097110062215
511 6.217781914059488
512 6.377313161666823
513 6.094533979899637
514 6.622255710522574
515 5.762153064288122
516 6.074441693306104
517 6.115314320781203
518 5.852329802815943
519 5.772451747707914
520 5.829918357034883
521 5.8044458787645095
522 5.829907218083388
523 6.2313326328485426
524 5.82081153825582
525 5.89519091983026
526 5.844307050704765
527 6.410765414830762
528 5.805366732277476
529 5.844469465537401
530 6.232002521885521
531 5.957395739594325
532 6.595270792475641
533 5.7812930353469065
534 5.612292368771339
535 5.524629706284818
536 5.872933317027698
537 6.1135091861334905
538 6.298038831506973
539 6.00102005115452
540 5.9444551456734676
541 6.304100379861008
542 6.2130764976372665
543 6.1900676185909
544 6.40638084395754
545 5.869503205278997
546 5.864865487727601
547 5.986166170608173
548 5.867639246402089
549 6.552764766900728
550 6.565831944887204
551 5.862564732595122
552 6.789143736507199
553 6.499171834113276
554 6.174145076973039
555 5.761431870118397
556 6.430303454769094
557 5.803896188755197
558 6.1822497996753
559 6.071533739999665
560 5.863393267603825
561 6.7480341437729665
562 5.818796377055026
563 6.039052501688997
564 5.965983982205851
565 6.2857539677868655
566 6.257711486012068
567 6.508479561615836
568 5.661579723664648
569 6.139873293605577
570 5.7121826156916855
571 5.901747808393732
572 6.140831576470762
573 5.947142066069944
574 6.418917892145937
575 5.909702601761415
576 5.815558726886892
577 5.867025655497465
578 5.917370207261211
579 6.28777235589157
580 6.224302710612173
581 6.673945734445982
582 5.8496038363838565
583 5.687342666295446
584 5.598593177234717
585 6.0725652352687
586 6.20664598502176
587 6.02979009720761
588 6.459554674311739
589 5.091263735060663
590 5.828144446224314
591 6.100136629815344
592 6.033227389437608
593 6.196004772785952
594 6.424276884664343
595 6.3724884979589165
596 6.161935200254811
597 6.373695582082908
598 6.314112012951659
599 6.420163847489035
600 6.214264318787386
601 6.673360389671217
602 6.007200309307974
603 6.007026544156006
604 6.088520306306126
605 6.338731786880068
606 6.550567924308012
607 6.302815861887844
608 6.539143218733737
609 5.657432984217582
610 5.918684184952307
611 6.534866531458624
612 5.7109852252818145
613 6.108854141398271
614 5.663573472520236
615 6.505239034457704
616 7.141199939538851
617 6.307571934451018
618 5.903667112338195
619 6.440560567831949
620 6.479209451349993
621 6.104546141334391
622 6.372547735430478
623 6.406155969166735
624 6.407495777021079
625 6.299722709423556
626 6.11541227732626
627 6.71984303085542
628 5.615549356149551
629 6.458825708434192
630 6.285690127210982
631 6.395903615657295
632 6.730528642721881
633 6.082704799321968
634 6.155212157805508
635 6.157235896964246
636 6.221880267062528
637 5.696542169602332
638 5.903425347443496
639 6.669750300911391
640 6.417570037532058
641 6.188721142090115
642 6.4506320362621565
643 6.045271838449548
644 6.255544005789517
645 6.0742015846400665
646 6.309836534165131
647 6.0085870955464715
648 6.10987067504799
649 5.970523656601807
650 5.899440730589163
651 6.082234902306429
652 6.288917105560401
653 5.609576605014074
654 6.112875415895252
655 6.473277510212677
656 6.290829703694286
657 6.884691764595969
658 6.132950178904248
659 6.088408898110348
660 6.074823633746695
661 5.932956754972042
662 6.583087003113463
663 6.372639253561464
664 6.275528632500211
665 6.2179415772155195
666 6.109836574497879
667 6.154323145469794
668 5.828234927141977
669 6.761341199873798
670 6.216421199144433
671 6.461082024789761
672 5.984764920058336
673 5.644388466716898
674 6.007962584851829
675 5.846797914404927
676 5.422751595642446
677 5.8629488359033335
678 6.9164423336258025
679 5.970276005494373
680 6.310484168547084
681 6.424401604061361
682 6.711941677420855
683 6.509492511108823
684 5.880398971676816
685 6.368684879421278
686 6.6335361268127855
687 6.034803547083042
688 6.316808295871913
689 6.496478174452036
690 7.071231064140996
691 6.361247413637948
692 5.714966529549757
693 5.888599994492526
694 5.950965830854521
695 6.47600726030028
696 6.769570489348023
697 6.659133389087407
698 6.257198979342393
699 6.246670335441012
700 5.786308900960794
701 6.52858692608866
702 6.834201034534277
703 6.027853213612975
704 6.031000359926017
705 5.864191787276775
706 6.677016265981756
707 6.110772651338732
708 6.112004230246761
709 5.914828036525202
710 6.409266261514647
711 6.633497198430506
712 6.411510801636322
713 5.688465972918426
714 5.911862718078864
715 5.980087574085409
716 6.711442237404044
717 6.590752695994487
718 6.520355342007925
719 6.305565990134955
720 6.8738601885996164
721 5.809343958528673
722 6.039742537314623
723 6.784887069386439
724 5.92968978694049
725 6.048571911289405
726 5.74063703867679
727 6.010500204927478
728 6.3666861827986745
729 5.4231872410456985
730 5.909909224339598
731 6.453782903420776
732 6.5567771967778095
733 6.40356523740794
734 6.322482597104574
735 6.0733812147796975
736 6.09688613196264
737 6.312903342053955
738 6.349258766133408
739 6.020335244962245
740 5.917757359475923
741 6.0550953155773
742 6.036042919356338
743 6.26877459143002
744 6.549632065657379
745 6.284408714142154
746 6.282005760120898
747 6.152409479830145
748 6.26223239867752
749 6.43355154287
750 6.351156544295419
751 6.211749707576637
752 6.250448767108864
753 6.181104775633269
754 6.141532389557142
755 6.540850713070138
756 6.012046535027564
757 6.450785988071242
758 6.001063898058082
759 6.186693997248177
760 6.416563099963678
761 5.807207460437161
762 6.324942797850425
763 6.490118383671206
764 6.487459779189733
765 6.642383960403787
766 5.7816711919814985
767 6.041454956069643
768 6.348970106968891
769 6.506945704428618
770 6.128952978785208
771 6.670035864425895
772 6.137794028235414
773 6.087679757843445
774 6.276167962465593
775 6.242982320077563
776 6.080572226680626
777 6.855200529367128
778 6.006691418682752
779 6.163806859304728
780 6.112172295443807
781 6.529830206585255
782 5.936266952413226
783 6.813374750229695
784 5.976573770137753
785 6.276034727031975
786 6.165235665420743
787 5.187269872456766
788 5.704232684458853
789 5.655571280940151
790 5.947556235235207
791 5.780521735560537
792 6.179098558777912
793 6.715601940501751
794 6.426474699129419
795 6.115888854350036
796 6.464109607421793
797 5.993331312794374
798 6.453574857332431
799 5.957270345630028
800 5.758985315507426
801 6.036017744497801
802 5.669369532883087
803 6.547264727775547
804 5.9840225754796705
805 6.123963552456256
806 6.708244674097915
807 6.061727344694695
808 5.7853844076657355
809 6.315149270696429
810 6.3191450556552216
811 5.746500842400616
812 5.9899832780915565
813 5.759215744728838
814 6.1713314550587235
815 6.462397519838154
816 6.34151832370422
817 5.947392395226758
818 6.640752029023227
819 6.0906490462782825
820 5.890460336786274
821 6.075610212817751
822 6.318515471327805
823 6.008741879627717
824 5.884899750486689
825 6.079562976954528
826 5.9429552116141595
827 5.771539261430799
828 5.617779674689544
829 5.865746219042005
830 5.4423489974043155
831 5.978796444651876
832 5.918788982831477
833 6.180864374549353
834 6.353613531094732
835 6.202453128236568
836 6.001689519196167
837 6.129699385450955
838 6.142116579496694
839 6.065168885845063
840 6.064604994341116
841 6.247826702447481
842 6.309460143961616
843 5.801107701933315
844 6.045582491025251
845 5.624748078189885
846 6.5266444898415825
847 6.582913511242043
848 6.45443730307742
849 6.068801899933037
850 6.390508355996946
851 6.086703128806518
852 6.474980933390251
853 6.175401664075883
854 6.451785969152643
855 6.475625679213319
856 5.845119773533297
857 6.234451785787608
858 6.261215497656076
859 6.009625228547347
860 5.482470623109275
861 6.52725778634592
862 6.336402567716408
863 6.383674915394832
864 6.574205232288209
865 5.531030547635152
866 5.919310142953603
867 5.754114815150245
868 6.101459667544239
869 6.002956630805909
870 6.957619121862558
871 6.517769647954316
872 5.530075878314677
873 6.526739895425873
874 6.2005127420278985
875 6.050286717389562
876 6.1699957629368525
877 6.762790635718827
878 5.94155256848201
879 6.805712981677836
880 6.905218027161916
881 6.567345835840053
882 6.071355603146009
883 6.601205403200383
884 6.542310617184092
885 7.006867089380019
886 6.973346076837957
887 7.006991561625165
888 5.673742084303583
889 6.026688210632762
890 6.172685003364538
891 6.504658069860272
892 6.518456252031816
893 6.06919871408948
894 6.03039829811692
895 6.246563817987294
896 5.742718924501355
897 6.065252579122335
898 6.661808690421667
899 6.501283412283988
900 6.107713501643112
901 6.47379916448876
902 6.3914289367227255
903 6.812810708563398
904 6.163514845518874
905 6.672894369285765
906 6.075404465920663
907 6.53761316283654
908 5.983484895872312
909 6.337323974731552
910 5.9593259609868126
911 6.216016761611402
912 6.411368514086829
913 5.980640584742072
914 6.759680435673451
915 6.49453274498629
916 5.783077139603762
917 6.704789162609126
918 6.638415612603062
919 6.117423394627092
920 6.071739019870347
921 6.1887593208746425
922 6.453442505137582
923 6.794312613421674
924 5.932056842165096
925 6.555981113324551
926 5.953443173270904
927 6.095579436785857
928 6.444421571573698
929 6.435678705695007
930 7.246422719441194
931 6.696119558731645
932 5.946748505437598
933 5.958591489041253
934 5.454610679950249
935 6.315057415780675
936 6.166331343988709
937 6.481076527753375
938 6.410374661023081
939 6.104942623272092
940 5.598343392983268
941 6.086271963240137
942 5.953879999915178
943 5.86663233316458
944 6.474039000464745
945 5.926659811931153
946 6.010845839945288
947 6.376511832787074
948 6.086854619904641
949 6.563304464339495
950 6.272751956162753
951 5.9915748396352075
952 6.253810588434721
953 6.0927256398136755
954 6.487944564597181
955 5.588672763144573
956 6.394079603267125
957 6.346921725329395
958 6.177768251272946
959 6.30223824236845
960 6.679039119388116
961 6.241852277196147
962 5.994178423199915
963 6.1208603097493395
964 6.165258615041799
965 5.759195836373077
966 6.245762955906412
967 6.2108552848660565
968 5.964731929529437
969 6.3663934644485725
970 6.404880519020572
971 6.795346092588322
972 5.550351909905295
973 7.0419436227763414
974 6.12639797496208
975 6.101825872750567
976 6.435615976751254
977 6.285934010986211
978 6.889645835363511
979 6.520856761287397
980 5.859626675493769
981 6.1056545258619215
982 6.152008638698371
983 5.853993641114837
984 6.465293600119901
985 5.901933024866552
986 6.5542806137281575
987 6.138146268400824
988 6.069145561808193
989 5.681699555678566
990 5.972325013106061
991 6.119157298164983
992 6.211487694452681
993 6.0714847496524325
994 6.435136154641126
995 6.684874472406961
996 6.351561824813167
997 5.713477411206808
998 6.111364182577023
999 6.12009588982446
1000 6.459023809022063
1001 6.134182480729876
1002 6.645849078391423
1003 6.407365709799111
1004 6.71024526221354
1005 6.2931062910291224
1006 6.28891676335287
1007 6.5017314366944
1008 6.2311636008303015
1009 6.142690949429662
1010 6.268080636683358
1011 6.070217326465396
1012 6.770708117837195
1013 6.4508276124396025
1014 6.496244553287887
1015 6.195592278904756
1016 5.768738752321182
1017 6.088601273792002
1018 6.255249203833806
1019 5.76024283357254
1020 6.480670963971647
1021 6.09303957984729
1022 6.2406259842913485
1023 6.266486339180173
1024 6.4382677827964265
1025 6.186171158731694
1026 6.618881121385369
1027 6.228789189215431
1028 6.355216696558835
1029 6.374471452197169
1030 6.277885333141291
1031 6.13033411895825
1032 6.493323926995673
1033 6.257770891195596
1034 6.288810023457117
1035 6.552064165745876
1036 6.242415383373668
1037 6.659342700775278
1038 6.518481509109306
1039 6.439340142738935
1040 6.3765202924851
1041 6.7903369271073215
1042 6.68302247134759
1043 5.5331968942438525
1044 6.939235587741334
1045 6.712079618062985
1046 5.386570575276807
1047 6.162908864815978
1048 6.549785541679681
1049 6.673978546779634
1050 5.979570290266784
1051 6.355448652143818
1052 6.456464478933202
1053 6.310282544981316
1054 6.256196787175653
1055 6.058774081912303
1056 6.308601994867543
1057 5.893964387876646
1058 5.991740350975358
1059 5.84246044558899
1060 6.680533864413008
1061 6.929646372796712
1062 6.0199030483954035
1063 6.625644604011213
1064 6.033256990278768
1065 6.535370279242653
1066 6.470663206240975
1067 6.429604053264924
1068 6.5685175020929805
1069 6.379868099548278
1070 5.7202548278915755
1071 6.39626758091748
1072 6.41790794322825
1073 6.617252616898608
1074 6.662292545267475
1075 6.4052729985815855
1076 6.5083736748173795
1077 6.003495847966259
1078 6.780943780531044
1079 5.683498590522294
1080 7.078959862438191
1081 6.017242250767395
1082 6.389481104283552
1083 6.23343631066356
1084 6.121969282082499
1085 6.0478191126465495
1086 5.930078638064774
1087 5.79286673705021
1088 6.408906591662996
1089 6.403949112614664
1090 7.049099967591646
1091 6.185985701481589
1092 6.154918582048638
1093 6.495547976527163
1094 6.361502973686238
1095 6.312504436813531
1096 6.34543083257412
1097 6.153070190198991
1098 5.563390706871184
1099 5.558775235130547
1100 6.895285609742888
1101 6.529391164160068
1102 6.497184886239211
1103 6.144695262583729
1104 5.680910376633359
1105 6.415005572629542
1106 6.437847663325989
1107 6.5902742228463875
1108 6.670953538850768
1109 6.632386901393113
1110 6.09564978599681
1111 6.060001240740769
1112 6.003555899737646
1113 5.239049771953962
1114 6.2496127411124265
1115 5.812654412344877
1116 6.1512886549338255
1117 6.280335480805941
1118 5.7440019987302575
1119 5.818073229613552
1120 5.737069522271279
1121 5.908854382293924
1122 6.006908872387313
1123 6.382257812852189
1124 6.314227456175601
1125 5.799306442954283
1126 5.688576963526911
1127 6.039738553901825
1128 6.347591173196043
1129 6.31503579649769
1130 5.821475145157359
1131 6.551364093857
1132 5.6784469490205325
1133 6.009743192492834
1134 6.3007991305017415
1135 6.9504423134526565
1136 5.754957583752137
1137 6.336096145855434
1138 6.463251633853443
1139 6.536873154228158
1140 6.558088826098664
1141 6.560083319950761
1142 6.91804316691414
1143 5.914902357066784
1144 6.608319416843962
1145 6.640891500143839
1146 6.149941217052823
1147 6.457761340591073
1148 6.052372229480807
1149 6.093930332998618
1150 6.483341231581846
1151 6.724621024433232
1152 6.140698103241141
1153 6.366414585013542
1154 5.909239065480505
1155 5.943173407640726
1156 6.31850382297244
1157 7.193745530871049
1158 6.1721721414890265
1159 5.742579565650501
1160 6.02985183636834
1161 6.070139607011175
1162 6.207464109152104
1163 5.309218783380326
1164 5.9665612525789005
1165 6.320217659294279
1166 5.993804017863523
1167 5.74950452022138
1168 6.265076952379294
1169 6.37595856773293
1170 5.688861976691161
1171 6.411139605595285
1172 6.211230602643308
1173 5.7446875333930985
1174 6.092180089548394
1175 6.109082606095647
1176 5.883015673154286
1177 6.250921628763012
1178 6.440680082140497
1179 6.24863364893905
1180 5.768886516637566
1181 6.41427108241509
1182 6.3772722028914295
1183 6.531380182315079
1184 5.7953452301229875
1185 6.89323231019632
1186 6.506475435495635
1187 6.133547622968199
1188 6.4381016327844955
1189 6.430138200360023
1190 6.330885199187011
1191 6.4773389788453635
1192 6.5516017492603495
1193 6.446997496816058
1194 5.439511744371151
1195 6.175928694881293
1196 5.633400135707054
1197 6.439491769407792
1198 6.320132731189514
1199 6.466484243696116
1200 5.818097356462338
1201 6.523468808099488
1202 6.112201654688523
1203 6.549742530321671
1204 5.911702145007446
1205 6.511522701290774
1206 6.162400975169511
1207 6.578438684000777
1208 6.175516462060668
1209 6.362970411069773
1210 6.57182636785841
1211 6.156422637583803
1212 5.944576502594985
1213 6.2434830135985315
1214 5.4462877098326565
1215 6.263199522113892
1216 6.096282826180706
1217 6.331544283055832
1218 6.075714442736089
1219 6.367083387842198
1220 5.406364608153868
1221 6.48617161710009
1222 6.587800718492772
1223 6.787503575690168
1224 6.852828748054712
1225 6.5961911917773355
1226 5.944273076312281
1227 6.49663875249561
1228 6.06604447068269
1229 5.84072910333571
1230 5.822213021639129
1231 6.230239772843586
1232 5.990031941357953
1233 6.217964267432632
1234 6.518757287836702
1235 7.414943987158003
1236 6.573084567764168
1237 6.550631645500857
1238 6.837323410478913
1239 7.753444119956757
1240 6.60910309628789
1241 7.430574344079065
1242 6.507966145212346
1243 6.179692654130679
1244 6.302382384580237
1245 6.041787550011498
1246 6.298202803038198
1247 7.0051557781520195
1248 6.433243135421257
1249 6.754872656367465
1250 6.1459422972086974
1251 6.135526188001971
1252 6.007217144532857
1253 5.835512984847202
1254 6.3023751336452225
1255 6.719305563778701
1256 6.653988841218126
1257 6.313605418496137
1258 6.079619013578704
1259 6.8017171071665645
1260 6.392485304103265
1261 6.4847087731042095
1262 5.950363229925879
1263 6.516800273232228
1264 6.742810992631607
1265 6.622359352653974
1266 7.321905418327513
1267 6.664288410059165
1268 6.642394523159264
1269 6.53661070626877
1270 6.232344520665408
1271 6.022756723393683
1272 6.172510555113055
1273 6.8981749642704795
1274 5.977961364457258
1275 6.276839414983549
1276 7.584691306002353
1277 7.188062861105658
1278 6.595007662608405
1279 6.512676231278543
1280 6.038867426279312
1281 5.868847297397341
1282 6.807530802736337
1283 6.070897123324919
1284 5.800518122122149
1285 5.778059249960185
1286 6.274656598768945
1287 6.802486065488948
1288 6.73635410412847
1289 6.652196667824888
1290 6.41388129345095
1291 6.525593442808141
1292 6.3005417643094335
1293 6.046989786795209
1294 6.204731876923499
1295 6.143288160711252
1296 6.082805807557782
1297 6.487995604592374
1298 5.704322339948351
1299 6.959602916539191
1300 6.491726747817999
1301 6.422135377166468
1302 6.794564693747982
1303 6.412805132530536
1304 6.546343820568925
1305 6.796627485669264
1306 6.875065676685788
1307 6.656206109410206
1308 6.2792989310850205
1309 5.347588018463166
1310 5.9602350586413095
1311 6.124561727181845
1312 5.478161030438877
1313 6.00422033337766
1314 6.08194317350419
1315 6.078567776580464
1316 6.019170872499644
1317 5.668141541799564
1318 6.384150120442111
1319 6.593860312281316
1320 6.440657679957107
1321 6.258014007627252
1322 6.256954154995402
1323 6.458436051054251
1324 6.007648274726873
1325 5.83105186672236
1326 6.299971131684838
1327 6.137734672031178
1328 6.15523738195192
1329 6.177742281300668
1330 6.331901831056634
1331 5.631627422597664
1332 6.5675776404987705
1333 5.907604113776467
1334 5.658604491341954
1335 6.422854818264284
1336 6.428175203648578
1337 6.388043595604767
1338 6.199610061739743
1339 6.0050238601159815
1340 6.5165766690428235
1341 6.089814433608758
1342 6.418852036957869
1343 5.97698672602364
1344 6.633229697207577
1345 6.038796166820786
1346 6.496132515719881
1347 5.943733181894574
1348 6.312716140605431
1349 6.756020697123146
1350 5.954671928746127
1351 6.3421416329562295
1352 7.197994098758044
1353 6.529790180803939
1354 6.402108313017995
1355 6.472368357992164
1356 6.094162318563815
1357 6.319743391471212
1358 6.282116281537132
1359 6.0155082887709685
1360 7.254377051747419
1361 6.541111494406984
1362 5.974436788252838
1363 6.454439885363717
1364 6.92737738846399
1365 6.324712796738601
1366 6.756732463683661
1367 5.902570416217387
1368 7.269473250665831
1369 6.705340683240425
1370 6.416147764201298
1371 6.561835061221921
1372 6.642947702404683
1373 6.759163829864095
1374 7.206985919184201
1375 6.1572403432760625
1376 6.4979656559620524
1377 6.375557708750132
1378 6.513908370433069
1379 5.963427494205884
1380 6.542484815034468
1381 6.782098251124321
1382 7.666506169767243
1383 7.15912910973014
1384 6.522819390600881
1385 6.156945639662659
1386 6.333667858228109
1387 6.02412499204636
1388 6.278127985292399
1389 6.805572731464171
1390 6.442404008237935
1391 7.057614205975323
1392 6.365257968343632
1393 6.838826421421386
1394 6.104143232857909
1395 6.4102679180079525
1396 6.022081296051054
1397 5.891189382374863
1398 6.6906451424070905
1399 6.024668292865078
1400 6.585274568202891
1401 7.02503747736914
1402 6.889077568298174
1403 6.349505167471468
1404 6.937075864144284
1405 6.470506486070947
1406 6.719203911736761
1407 5.977218837863976
1408 6.238325922220934
1409 6.415336046529348
1410 6.047641738417502
1411 6.755056430873905
1412 6.387516911804262
1413 5.919573996189017
1414 6.5072529965135715
1415 6.778873253956513
1416 6.39828890718296
1417 5.457809822120309
1418 6.076613617423958
1419 5.5153407129084195
1420 6.0885587935691685
1421 6.102656323195646
1422 6.8482336422236605
1423 6.150500488884013
1424 6.4354935436242435
1425 6.026831903709743
1426 6.386771503876785
1427 5.68085799500191
1428 6.210124511652937
1429 5.897374756908079
1430 6.35392315111738
1431 6.366915723208197
1432 6.1409644369966285
1433 6.139774628189016
1434 6.365558954150431
1435 6.330750842981276
1436 5.875518592647258
1437 6.136263587328205
1438 6.508262744386117
1439 5.958067857154348
1440 6.941998027377054
1441 6.786852470058333
1442 6.864807751672925
1443 6.057432518589283
1444 6.6226963997348385
1445 6.146053508150871
1446 6.68092635171957
1447 6.2476796216230355
1448 6.235368218806929
1449 5.953034468608217
1450 6.116386433651712
1451 6.524532472175896
1452 6.195664209145745
1453 6.279252414015169
1454 5.983581362533337
1455 6.056719905020944
1456 6.493413700855353
1457 5.7366898603093714
1458 6.072881523862837
1459 6.165410941883383
1460 5.411968515046704
1461 6.619558560651956
1462 6.3559909161820505
1463 6.146319648488263
1464 5.96683506810751
1465 5.937327978001082
1466 6.1039005786984895
1467 6.28995992164998
1468 6.1073040844256825
1469 6.511701939586233
1470 6.319442234319051
1471 6.17052201191119
1472 6.003300478339534
1473 6.560140804063758
1474 6.391418237034165
1475 6.48811346615201
1476 6.001218770325113
1477 6.209464274592824
1478 6.914557885898666
1479 6.426249488802502
1480 6.278547869894122
1481 6.540925029236708
1482 5.542093117812678
1483 6.3006003292270325
1484 6.648702159520225
1485 6.832036147309764
1486 6.326927289094356
1487 6.228056582333859
1488 6.36334865659328
1489 5.843606760375042
1490 5.994479955479591
1491 6.496561116919442
1492 6.655610784324467
1493 5.710536472400571
1494 6.422444158205885
1495 6.597996879704776
1496 5.839616645920374
1497 6.154199550920295
1498 6.167898857075011
1499 6.344797184285342
1500 5.7857696752456205
1501 5.421466310824103
1502 6.2036067986901235
1503 6.568610801965147
1504 6.339746209767882
1505 6.346058290786355
1506 6.027784576159184
1507 6.011168359937621
1508 6.066711712637705
1509 6.0002683366263705
1510 6.20794210413718
1511 6.514855757162798
1512 6.252592860384476
1513 6.343642237809669
1514 5.816918154352051
1515 6.637222277236284
1516 7.02558016425075
1517 6.411567402074655
1518 5.862711350397541
1519 6.151454463420967
1520 5.844340195987467
1521 6.324159795265203
1522 6.128619780621207
1523 5.795417583691786
1524 6.368398468964369
1525 6.426267251283868
1526 6.456992464941675
1527 6.090753857543751
1528 5.791575754895094
1529 6.352822823365738
1530 6.345619636936032
1531 7.05300948182608
1532 6.227152052700562
1533 6.342756134815082
1534 5.870769307439421
1535 6.055977181494263
1536 5.874490162766286
1537 6.112081346114919
1538 6.296457038591748
1539 6.619684600572797
1540 6.592294764543778
1541 5.680439250429012
1542 6.29238548950553
1543 5.937883178176239
1544 6.122739849319671
1545 6.031479949048041
1546 6.125575305846169
1547 6.781367318693195
1548 6.242329013942403
1549 5.955496056802577
1550 5.924572938984915
1551 6.356960587176855
1552 6.500382953100212
1553 5.9074501712862055
1554 5.171828827773197
1555 6.466153760540461
1556 6.416012745743632
1557 6.287649866668792
1558 6.068474255833295
1559 6.422378252917783
1560 5.990651126865826
1561 6.038146840617549
1562 5.7626711730577656
1563 6.528497673486999
1564 6.1271717420197715
1565 6.566501802030294
1566 7.227518814856741
1567 6.327733677119475
1568 5.689709778236023
1569 6.032980181619856
1570 5.80212581462289
1571 6.574589386733438
1572 6.344417210731281
1573 6.240842522149398
1574 5.9805209254297225
1575 5.398935074801028
1576 5.971243894515875
1577 5.727106118861947
1578 6.297874194987787
1579 6.312901816710678
1580 6.068767279471132
1581 5.937545412846249
1582 6.701723136271182
1583 6.252067799687112
1584 6.003991872604079
1585 6.171171057377347
1586 6.211963109576687
1587 6.745768585974526
1588 6.460870741048212
1589 6.479097206465255
1590 6.257754010171784
1591 6.203027672594174
1592 6.429941397170398
1593 6.143966412633011
1594 5.922340375018137
1595 6.417097693550196
1596 6.1475028610137255
1597 5.909109409895144
1598 6.496859106919088
1599 6.086679282597314
1600 5.944026786316957
1601 6.0847686343572684
1602 6.557842124323499
1603 6.713965101390613
1604 6.225346371419642
1605 6.316558482140969
1606 6.31904408553545
1607 6.2936616111886865
1608 6.693644129496786
1609 5.935194328751256
1610 6.412936705287913
1611 6.532143104109473
1612 6.373199752093769
1613 6.6077774392326045
1614 6.155305703440008
1615 5.861671449885921
1616 5.948416758273077
1617 5.713559820949651
1618 6.137809622881188
1619 6.461812328870757
1620 6.35619304157152
1621 6.610065913984303
1622 5.96901295311071
1623 6.560775051919265
1624 6.647145141398928
1625 5.7993094040626305
1626 6.673857089200131
1627 5.5250173634641895
1628 6.112631339223818
1629 6.466496983444237
1630 6.081027870634111
1631 6.027790708233854
1632 6.452496680639961
1633 5.999609260244242
1634 5.597951605919134
1635 6.208677326267277
1636 6.233769026699721
1637 6.230576377370983
1638 6.224617284792794
1639 5.928997677709858
1640 6.173156621328515
1641 6.434726171433967
1642 6.8653904582268055
1643 6.629559696664755
1644 5.875554026713387
1645 6.441209414455619
1646 6.875093187873913
1647 6.299585216392523
1648 6.208804604782494
1649 5.474218223013212
1650 6.014311561165451
1651 5.996397336323188
1652 6.484202111012709
1653 6.322778711846731
1654 5.946854937626013
1655 6.231089009147947
1656 6.33306476388631
1657 6.174702451091965
1658 6.52815787122742
1659 5.80003053691723
1660 6.073980227439799
1661 6.568535210911003
1662 6.66051237399439
1663 6.3988521099495435
1664 5.83339240831638
1665 5.5779399280236595
1666 6.600699440407854
1667 5.960746541570356
1668 6.03097880147185
1669 6.0508312070881285
1670 6.064166495394545
1671 5.905628078528748
1672 6.000733094162211
1673 5.770612965627424
1674 6.0494261757528
1675 6.200145757361742
1676 6.196048117949439
1677 6.3367106763828005
1678 6.507854082361018
1679 6.164516055103197
1680 6.524765912442685
1681 6.2668195877175235
1682 5.9051344281260985
1683 5.545747121037224
1684 6.0403383123667655
1685 6.036749951236986
1686 6.143049636403776
1687 6.912819539057463
1688 6.581667383736664
1689 5.909437769138724
1690 6.338681848184422
1691 6.543467305252089
1692 6.642825834790249
1693 6.08560595687061
1694 5.946355795334281
1695 5.513717938268421
1696 6.1653162136431385
1697 5.98918047830828
1698 5.838515676103723
1699 6.400873238788594
1700 6.31237682426129
1701 5.944619203629026
1702 5.6129961575198895
1703 6.251670141848873
1704 5.4287330834087175
1705 6.366651723999797
1706 6.540438957722336
1707 6.513975917857037
1708 5.929320012630254
1709 6.040806986903175
1710 5.790269728630036
1711 6.2606858340699025
1712 5.9976787643152765
1713 6.255972966248805
1714 6.196045100403914
1715 5.841513432838863
1716 6.329557310215196
1717 6.9433948176355855
1718 5.980561216585706
1719 5.855382306702261
1720 6.175120257172408
1721 5.955860391268703
1722 6.249644106603518
1723 5.538184671616764
1724 5.821695932945684
1725 6.1782161360994685
1726 6.061179883174495
1727 6.585242887006861
1728 6.083193165209816
1729 6.124082134490289
1730 6.0406775124569965
1731 6.502245199244414
1732 6.602768818276458
1733 6.668203803098081
1734 6.085728333558289
1735 6.35190996257992
1736 6.6920063178050055
1737 5.935892722755879
1738 6.074616956652111
1739 6.508502216222782
1740 6.470967527324846
1741 6.191932660625479
1742 6.256144177286817
1743 5.80806997877859
1744 6.101442971015964
1745 6.1861899088464565
1746 6.315302557031743
1747 6.312924314060158
1748 6.05990951193658
1749 5.550589769673601
1750 6.880425639390881
1751 6.308288626475233
1752 6.30159273920261
1753 6.4487860711233544
1754 6.212190395450754
1755 6.423514445753865
1756 6.72657257072419
1757 6.975477098970638
1758 6.063738637870437
1759 6.66384279217574
1760 6.7168008547106846
1761 6.748572256097046
1762 6.329089999742752
1763 6.304548610561474
1764 6.723234202001245
1765 6.740330097084643
1766 5.921793680076118
1767 6.315868985421614
1768 6.799931086914853
1769 6.4568712156315415
1770 6.407273999420754
1771 6.9330412186699535
1772 6.245549909092439
1773 6.539954758233963
1774 6.096772955956552
1775 6.595452084402838
1776 6.624776554376069
1777 5.896098375930469
1778 6.143063608159616
1779 7.08744713135732
1780 6.525513353593884
1781 6.49247057067367
1782 7.253986324657211
1783 7.336205608678956
1784 6.379974520189506
1785 6.552075284972322
1786 6.07702044048045
1787 6.373413965656817
1788 6.256865841889835
1789 6.1396056500378435
1790 6.124132268456821
1791 6.062603268268078
1792 6.390354876629757
1793 6.690312396684595
1794 6.888617542685649
1795 6.999955420398348
1796 6.278811425911455
1797 6.057000704146169
1798 7.102997649258075
1799 6.772748857150868
1800 5.484636030523996
1801 6.406031949981752
1802 6.2303887176223816
1803 6.11587332821028
1804 6.269155114169214
1805 6.4973116353365015
1806 6.539395105298917
1807 6.82304483189024
1808 7.0656856754852635
1809 6.591423357455788
1810 6.986342492080467
1811 6.541202251124691
1812 6.32235291885736
1813 7.1523327943652
1814 7.59612086564892
1815 6.5958609692430175
1816 6.807466797623017
1817 6.653236866572819
1818 6.878897028620956
1819 5.977988522011747
1820 6.4548469952934715
1821 5.60665648542019
1822 6.5833046792232155
1823 6.384784942642235
1824 5.386987615309841
1825 4.945536117257755
1826 5.885278093697258
1827 6.11473095340995
1828 5.967636365134014
1829 5.789954463269022
1830 6.230895757678614
1831 6.065933231839167
1832 6.792019529221967
1833 6.992515624058598
1834 6.990883732144443
1835 6.743817995239932
1836 6.538122170062818
1837 6.322858858396688
1838 7.118064853994072
1839 6.774852404875463
1840 6.508851620544347
1841 6.150189821066034
1842 6.8706993763702435
1843 5.84584439976456
1844 6.494197224640797
1845 6.372193309296184
1846 6.344598307829991
1847 6.490142739172238
1848 6.454508170045119
1849 6.426139989617122
1850 6.533920414994049
1851 6.017252197629749
1852 6.2367972954202155
1853 6.479999601401897
1854 6.860785690752768
1855 6.51350385463133
1856 7.065717094825717
1857 6.521142824530993
1858 6.503700621971526
1859 6.7077421182333845
1860 6.806940764557345
1861 6.495812891604414
1862 6.7737770852768335
1863 6.7747413635673315
1864 6.617533497841169
1865 6.419520820697722
1866 6.685035364688299
1867 6.21615972555877
1868 6.650598695547479
1869 6.176943902588655
1870 6.194331237840513
1871 6.323216893932639
1872 6.746545533744575
1873 6.428258405480591
1874 6.136627091233583
1875 6.616044284602894
1876 6.028433570610944
1877 6.591284888667867
1878 6.530534484751707
1879 6.6065203034247055
1880 6.162856986795376
1881 7.03868076547381
1882 6.073537479157608
1883 6.150094143360112
1884 5.968664525900661
1885 5.793241521798452
1886 5.543957871656271
1887 6.350049163077627
1888 5.4001119799292665
1889 5.492836412632454
1890 5.945875242410139
1891 6.631552776211427
1892 6.292623128144561
1893 6.339169010193848
1894 6.4936794742840975
1895 5.9373793381853135
1896 5.701828954096777
1897 6.457015585550605
1898 6.258838689215305
1899 5.769385342080551
1900 6.249014533366396
1901 6.390440331366062
1902 6.550981774520488
1903 6.182299965970759
1904 6.340661103299218
1905 6.04618290623078
1906 6.168874868971171
1907 6.548044160784158
1908 6.365639382935719
1909 6.2042558833287735
1910 6.512338303375461
1911 6.67902277206387
1912 5.8726057628007915
1913 6.187926435026153
1914 6.583667389108397
1915 6.531983359120365
1916 5.754157631743975
1917 6.796834525656671
1918 6.382448148950785
1919 6.835826914747276
1920 6.243693311147451
1921 7.350863227703219
1922 6.6950159502653745
1923 6.309468188663422
1924 5.979188987710829
1925 5.675584595760642
1926 5.819294016856846
1927 5.958696363202734
1928 5.988409294147405
1929 6.801239573168342
1930 6.741557641793688
1931 6.08462452828764
1932 6.370687397198721
1933 6.116363245780803
1934 5.689855384689961
1935 6.108380905630827
1936 6.395001850548838
1937 5.793879557788376
1938 5.893370721733425
1939 6.39652158599948
1940 5.918799189609149
1941 5.982261173361664
1942 5.764803512697947
1943 5.5091703448044775
1944 6.235596898317279
1945 6.14850968959518
1946 5.586883209627185
1947 5.82119403438274
1948 6.106970034376884
1949 5.5134290642958685
1950 5.651345530169089
1951 5.870613573536305
1952 5.550602639299887
1953 5.676050355498501
1954 4.790573729176158
1955 5.983247319367629
1956 6.179824226448865
1957 6.337207025951197
1958 6.675521761993913
1959 6.106819829703028
1960 5.5455927848597995
1961 6.129895983306601
1962 6.3668507363051665
1963 6.443673006134293
1964 6.263429502027557
1965 6.102968436677062
1966 6.52773390977919
1967 6.155960419134686
1968 5.110345101806397
1969 6.468640112231691
1970 5.1182055432902365
1971 5.98182869442879
1972 6.461145497992951
1973 6.644224062087737
1974 6.2216711037875
1975 5.826716575836125
1976 6.351835221040008
1977 6.455160629163096
1978 6.099138153396657
1979 6.097530027039451
1980 6.373452706016455
1981 6.74832286087017
1982 6.1178294101258865
1983 6.531776818306971
1984 5.549288350951284
1985 5.914859151395899
1986 6.519269059091593
1987 6.604994281393698
1988 6.474266765792003
1989 5.736987883919775
1990 5.584630831777042
1991 6.634059853176883
1992 6.691654345486967
1993 6.247836504126055
1994 5.516539928770026
1995 5.950046061910396
1996 6.291104398378062
1997 6.085152350633609
1998 7.428442673004499
1999 7.4638491675110945
2000 6.0080757780228335
2001 6.278810275293101
2002 6.516102396582441
2003 6.3786495354829205
2004 6.285828701180709
2005 6.290727534190942
2006 6.863538879935521
2007 5.754181585033466
2008 6.191786062995554
2009 6.394970112878441
2010 6.750189816145527
2011 6.187045140590791
2012 6.121946677717392
2013 5.963112895487451
2014 6.023140772319619
2015 6.798496470686217
2016 6.348667068920214
2017 5.715895917880593
2018 5.170817604078499
2019 6.112354400553048
2020 6.1150960408888055
2021 5.571796281653254
2022 5.704280967675717
2023 6.595512610739563
2024 5.911711724926757
2025 6.62958529248359
2026 6.922949050911159
2027 5.740043642792575
2028 6.715217815139086
2029 6.285532945224878
2030 6.191518437348162
2031 6.424196233756356
2032 6.2769675416621284
2033 6.705709129842463
2034 6.662472185604794
2035 6.321012158833131
2036 6.0873284396383385
2037 6.57353124095391
2038 5.553949530107503
2039 6.5590479866863935
2040 5.751328122439927
2041 5.853492756628608
2042 5.884093575609959
2043 5.1029025907910315
2044 6.192655370025084
2045 6.212778352387411
2046 6.958752967379713
2047 5.915938801275716
2048 5.571191033116403
2049 7.146510098903069
2050 6.7182493341737315
2051 6.404413365251039
2052 6.3879570251053375
2053 7.000323297452187
2054 6.26521169351753
2055 6.750553328398862
2056 6.643512910743122
2057 5.951003046981696
2058 6.454176506678178
2059 6.2128961706393255
2060 6.478844136543234
2061 6.262456447854048
2062 6.408977747319552
2063 6.523115584602693
2064 6.325098815229907
2065 6.011728737074039
2066 6.402926752184425
2067 6.569312690865138
2068 6.624996070587311
2069 6.186555928747475
2070 6.589524053122234
2071 6.0459356116247935
2072 6.675527705526801
2073 6.564928098175712
2074 6.592338059355504
2075 6.119615907637486
2076 6.674368235710508
2077 6.171297006646736
2078 6.537242310020687
2079 6.631032604313633
2080 6.099941168217208
2081 5.801218439817523
2082 6.690613357528899
2083 6.589541371914052
2084 6.405281510791822
2085 6.339193884521505
2086 6.5044800408960946
2087 6.311197415665319
2088 5.6809891991539185
2089 6.7732198901958895
2090 6.112281476453601
2091 6.350484310684404
2092 6.006410220410289
2093 6.258533213561414
2094 6.063248879907062
2095 5.738489474140602
2096 6.160110945939193
2097 6.992552736876597
2098 6.240369920290046
2099 7.116768112790076
2100 6.280767098492799
2101 6.5104203866064285
2102 6.490860984274039
2103 6.274273681343191
2104 6.642282971284264
2105 6.810359188146895
2106 5.965607744665535
2107 6.0975347640218125
2108 6.247084268792592
2109 6.8617949522771475
2110 6.083453491592276
2111 6.374303407775294
2112 6.6810234497043
2113 5.914815806730551
2114 6.292480049670171
2115 6.712535305487651
2116 6.407518993811844
2117 6.52307454422437
2118 6.174526294585058
2119 6.801439100921384
2120 6.5441572022414904
2121 5.98714419276561
2122 6.480354537276237
2123 6.147361917504508
2124 6.84690453981795
2125 6.205514233113428
2126 6.23222510014247
2127 5.974544024293324
2128 6.287224016447357
2129 6.507630717724612
2130 6.8217395386694575
2131 6.743073732591127
2132 5.591277054540802
2133 6.421026566477164
2134 6.384576581849288
2135 6.453853620608257
2136 6.241858261483221
2137 7.078417926334505
2138 6.232648852923474
2139 6.9575576928575735
2140 6.216847587983599
2141 6.087029284857973
2142 5.931793605570858
