0 8.44614608310545
1 9.006492277335106
2 8.745864858545541
3 8.50668066549951
4 9.268822335471002
5 8.9115193382372
6 8.384638834174847
7 8.027180208954999
8 8.511866094327843
9 8.026882407496844
10 8.713853032576354
11 8.770021679532153
12 8.678993319654577
13 8.984831727927595
14 7.9750704727696435
15 7.726239852175695
16 6.5042641591397805
17 6.483435184856696
18 6.624214974343518
19 8.28520654221435
20 8.369273627253198
21 7.981341442536163
22 8.527542880548982
23 7.982216305898861
24 8.43684604624256
25 7.654916676603269
26 9.218601858841582
27 9.255332925226384
28 8.657277177735454
29 8.520808637989266
30 8.85467480002238
31 9.257251028398985
32 9.554406394899617
33 8.604758202575837
34 7.819010257798952
35 8.415950034602938
36 8.911268538212623
37 9.231357848573829
38 8.592440494949436
39 8.250103227689193
40 8.493346666018367
41 8.233319923403075
42 7.951945510516907
43 7.907818384009071
44 8.901805702218647
45 9.020365078503001
46 9.298445304067265
47 9.620339612592785
48 9.688873653785055
49 9.546733095121517
50 8.60933593753819
51 8.39437909560049
52 8.203204522758142
53 7.948043313847446
54 8.581472466785376
55 8.353870217378425
56 7.408995787145619
57 7.332878805763393
58 7.770569455558221
59 8.061144121397817
60 7.9013056382054785
61 7.25496423839018
62 7.009528655894498
63 7.3108868736222705
64 7.669113110135874
65 7.763559319977649
66 7.675131506333782
67 6.965650843884963
68 6.744323925826566
69 6.625757132689305
70 6.970065823049988
71 7.459587788489066
72 6.895506106454978
73 7.726612771928391
74 7.847169046557467
75 6.896446764482654
76 6.98420546450816
77 7.298660907160513
78 7.318592267879215
79 6.4068992585895534
80 7.725034704454887
81 6.448245312930285
82 7.129810433976302
83 7.4035068536791035
84 7.277662717556772
85 7.634642391336029
86 7.010840254915406
87 7.2730579329395315
88 6.824814978943838
89 6.562586442161523
90 6.395095653271154
91 6.164002547391355
92 7.555272722371879
93 6.9914556286810505
94 7.194744074765684
95 7.559599618734012
96 7.756977022871451
97 7.224584637386174
98 7.137161235536675
99 7.737555476692857
100 9.154602360212273
101 8.331416176934836
102 6.6534914189712415
103 7.092135425787977
104 7.668256283649864
105 7.0820193149081065
106 7.706276676473011
107 7.974908913508202
108 7.97746702174652
109 7.994601921171428
110 8.419458131846064
111 9.45312551012029
112 9.274455034440397
113 6.855619030638987
114 6.700603416612539
115 8.744317482296351
116 9.127529799979408
117 9.049210781341783
118 9.283032284503928
119 9.988974135151665
120 9.501985158038648
121 9.639914547831518
122 9.575390776051808
123 9.260820816785506
124 9.941027689614218
125 9.42006586490225
126 9.603952580270358
127 9.595978798807133
128 10.826513847024358
129 10.315121074587088
130 11.253936719910827
131 8.724720463429346
132 8.543499744999053
133 8.387757314297662
134 8.989392290339294
135 8.634891884656744
136 10.063838217783504
137 9.4811271339183
138 9.808813012912175
139 9.999633503084363
140 10.37552645567106
141 9.794975932549224
142 9.544740325293462
143 9.871403623028073
144 10.073500318048922
145 9.339301017007417
146 9.469844887000425
147 10.172670273083492
148 10.112115040266074
149 10.37648508872743
150 10.291302118083662
151 10.309857039002853
152 9.719803412737308
153 10.522369245487706
154 9.698509516781186
155 9.048880427631449
156 10.081778650421981
157 9.703653491655642
158 9.188550529546836
159 9.796828813909691
160 9.403476248683848
161 9.568323144109085
162 9.638066366280329
163 9.212281746462674
164 9.175342054582448
165 8.579176640370315
166 8.094147450761165
167 8.300868933814657
168 7.1036494974643345
169 7.184300122055668
170 8.411856393060246
171 8.855410199715243
172 9.989587542308874
173 9.935020809807911
174 9.97471026787441
175 10.266725183692085
176 7.558471497459314
177 9.17335482265134
178 8.32292880163481
179 8.268640519135362
180 8.094108797482807
181 7.335625408344158
182 7.642348878710633
183 7.571259163517402
184 7.0839829518905875
185 7.390471071614313
186 7.68876736319931
187 7.917872676097684
188 8.59376307005835
189 8.874587383358968
190 8.0835513396475
191 9.439603450211195
192 9.502067458233268
193 8.25615144293304
194 7.420508210905975
195 7.315158897536204
196 8.471241452915512
197 9.711340674154897
198 9.577417173807893
199 10.08740398770624
200 9.896380129870733
201 9.690503604136623
202 8.619937445582767
203 8.880160426065295
204 7.010182203553209
205 8.538759989083477
206 9.003118404297288
207 9.686910581113057
208 9.777141164483243
209 10.172476650800721
210 9.492183931951674
211 10.331039673669688
212 9.560485272812423
213 8.050698399830138
214 9.28906906490184
215 10.230212317927387
216 9.51109217272985
217 8.730994219591336
218 8.0450729023707
219 7.069137149740315
220 9.0134513241984
221 8.42004956804072
222 9.06305148594476
223 9.713527041875784
224 7.9327499139882525
225 8.850328603117319
226 8.819102916943985
227 6.749857027172296
228 7.8223865718162005
229 8.662879428668415
230 8.01866825080351
231 6.199127031950781
232 7.785212257426826
233 9.256064232118336
234 10.310554891679237
235 10.131410256622098
236 9.137274700726337
237 10.225177570081495
238 10.242611663663538
239 10.399487647105124
240 9.335506407830371
241 10.415229785154244
242 10.51381090541747
243 10.754680710653359
244 10.102201220365448
245 9.357750439975497
246 7.902592091031786
247 7.788100538280701
248 7.866727711862787
249 7.803953589908096
250 7.577199195025377
251 6.118583127282932
252 7.291641682063082
253 6.487929206487217
254 5.890035988120769
255 6.393160793170883
256 6.227197556616092
257 6.229731287876798
258 6.0676072518856285
259 6.6056738404457755
260 6.6094044693975285
261 6.095407337686357
262 6.189039918269996
263 5.710284373146211
264 6.488067993404177
265 5.9129745017282636
266 7.646030086669861
267 7.432522130483272
268 8.103644530872073
269 7.8297754514265305
270 7.116194196708865
271 7.614316752630363
272 7.4295029977509515
273 7.183493467417725
274 6.9170552372414225
275 8.339409535254797
276 7.152452280570495
277 7.949912631737931
278 7.365073657147125
279 7.034557075059975
280 7.263884165793171
281 8.371253972259316
282 7.126802614540791
283 6.581558990900899
284 6.213288818153414
285 7.484402084681814
286 6.618100986730568
287 7.407884606746076
288 7.6360827255553065
289 7.831961391327321
290 8.058671659026711
291 8.390161802773967
292 7.59373546302967
293 7.67301650746516
294 7.23768002757909
295 7.299824527887988
296 6.7910279739882995
297 8.468572672902669
298 8.252356748220919
299 8.491288916106514
300 7.4811261808088805
301 8.271656650171888
302 6.929099626155246
303 6.421694606834737
304 6.551842644714989
305 8.564312794324652
306 8.142367785037203
307 7.206059331197037
308 8.548647777792128
309 7.357519901854534
310 8.348819103211488
311 6.118027728402234
312 7.97328405543923
313 6.972210254567482
314 7.770294524303315
315 7.372357069120332
316 6.551440297065579
317 7.761773389830772
318 7.312878513757581
319 8.774023950068868
320 7.622835517068568
321 7.8918751388531305
322 6.999648596843711
323 8.10185825313184
324 6.01707634154307
325 7.198911462512233
326 7.089841127997012
327 7.62194761499656
328 7.4842674393701145
329 7.585946759742879
330 7.524381284015231
331 7.3039493585850686
332 6.956726635374263
333 7.59140869070579
334 7.717348931917467
335 7.888039751724258
336 7.518283621957007
337 6.476704781675417
338 6.1005210904075815
339 7.598800927613984
340 7.167064460689322
341 6.096752731557282
342 8.16915768532394
343 7.716422796554041
344 7.819026324941725
345 6.205022857025901
346 6.907851028917922
347 6.803686540476432
348 6.836378800827924
349 8.410694390893363
350 8.021780803439395
351 6.745520341980121
352 6.270043594306537
353 6.774097498477793
354 6.724977046505596
355 7.527338761305248
356 7.961108013070062
357 7.440038155931043
358 7.253719556617439
359 7.006770502755766
360 6.115185572290439
361 6.338592879402077
362 8.011974987158995
363 6.46777600090442
364 7.474723357889802
365 6.503814422010374
366 6.925435373114037
367 6.88201581974384
368 9.015257677474516
369 8.265683107683714
370 7.322503630749253
371 7.630729456093112
372 5.830405600706811
373 6.258389516657845
374 8.197839107110156
375 6.613562247269511
376 7.174108629012133
377 6.665599119388186
378 7.405654487025816
379 8.17568635546435
380 7.306932747128069
381 6.960612813782713
382 7.839328550594128
383 7.009346783834692
384 8.17174006650048
385 7.638200809341143
386 6.217732177690781
387 8.011889344737769
388 7.40510942019302
389 8.20202955488719
390 7.780105523771458
391 7.542957674890072
392 7.260113188039756
393 8.020886212165136
394 8.544296655413678
395 7.755620030176234
396 7.254927331780829
397 7.835418505489996
398 7.0231718616961665
399 7.358631708633788
400 7.105351551938331
401 7.3987231102179525
402 6.9269823717636125
403 8.279427406231282
404 6.865776734270301
405 6.690606538161126
406 7.253803628461115
407 6.719931535767427
408 7.026230115399109
409 7.256902011663971
410 7.078579041219268
411 7.0978093941508975
412 6.6741440599505255
413 7.369688610989668
414 7.174526973522379
415 8.2137116426638
416 9.477991771369348
417 8.977808876557843
418 7.300045736592652
419 7.059209282480053
420 7.789606082691101
421 7.259332656968153
422 7.171770654995815
423 8.926753425632011
424 7.860198754340408
425 8.28894313811857
426 8.480774969099715
427 6.436268689375034
428 6.2966570515924
429 7.702323339614631
430 7.537646008417875
431 7.613849100589777
432 9.52286125552354
433 10.496858172332162
434 10.27282908037533
435 9.927788092830786
436 10.019558047906823
437 9.636453094523882
438 10.169004777431532
439 9.096333122977734
440 9.814423244918935
441 9.057713928451294
442 9.198795202975099
443 9.44026798244331
444 9.187051635375443
445 9.591719356395378
446 9.98142439547696
447 10.139511835090032
448 9.681784894786732
449 10.041849920941234
450 9.462190788361704
451 10.520492226205494
452 9.431961443291934
453 9.362719230696362
454 8.546878889631973
455 7.363782202455072
456 9.084763831211172
457 9.530414061742736
458 9.649446913933119
459 8.395707227802939
460 8.93166631829517
461 9.375503039347564
462 8.684236140186542
463 7.903053946728527
464 9.350471859531277
465 9.305803808771483
466 10.09600440489296
467 9.656875200942793
468 9.648388541921967
469 11.542595692438107
470 9.918685811114559
471 9.768321070553005
472 9.38057679324438
473 10.103769119858736
474 10.141818630189304
475 9.40832434670481
476 9.601106104381298
477 9.869529511020936
478 9.94280581045626
479 9.813535836083064
480 10.454206330481309
481 9.17532907464345
482 10.506784746246364
483 7.605348454922845
484 9.719534439823056
485 9.221706970934614
486 8.765540335940875
487 9.43345789276717
488 10.250446318406242
489 10.473215286770081
490 8.974221290037244
491 9.247098459762533
492 9.721605220193908
493 10.038645741924995
494 9.193412864300617
495 8.642836032008205
496 9.040563710378592
497 7.250724244105419
498 8.36895730237857
499 7.862275256351176
500 8.692511683410775
501 9.555802770801636
502 9.978341986095966
503 9.690771872208316
504 9.9011183644552
505 9.762036513446182
506 10.864964012126148
507 10.206999495852495
508 10.147919047240242
509 9.452505579528612
510 10.14049695448183
511 9.8718053941272
512 10.047634797199557
513 8.919858794828805
514 9.928877922596751
515 9.687373966710876
516 10.022819152118226
517 9.971370623475115
518 8.982245789035863
519 10.00897291365292
520 10.319647847402791
521 9.67598673890893
522 9.834059236578769
523 10.717438210423142
524 10.901868328896603
525 8.752077389954268
526 9.774499043258672
527 10.40926904023873
528 10.12775659604038
529 9.935372147549078
530 10.031431362921714
531 9.73695064720341
532 10.57627351433145
533 9.173879577630652
534 9.663900191080245
535 9.526087110132988
536 10.224901930433512
537 9.973253588501324
538 9.483627261923841
539 10.466960823380052
540 10.115416590861987
541 10.059953293748748
542 9.821559891163268
543 10.404849967962669
544 8.397017467604796
545 9.983560731359535
546 9.623221593979702
547 10.084256409527056
548 10.498200479742438
549 9.919567911104684
550 8.976217071074174
551 9.727589694217016
552 10.343308850918028
553 9.051649345965508
554 7.849046072437083
555 8.141957359914201
556 7.681623886438793
557 7.990288557653773
558 7.970243435349543
559 8.986733933632276
560 9.786673612257642
561 9.637419674700778
562 10.279791483736497
563 9.399786304789767
564 7.843019222871821
565 8.230235975054269
566 9.393989082421223
567 10.30681322089047
568 9.557881504318129
569 9.411381353109848
570 9.819871203042139
571 8.500063068666467
572 9.50529401649905
573 10.791040023141216
574 9.762642618479653
575 9.851688370967736
576 9.996259662638787
577 10.031663461325822
578 9.751484555472192
579 10.079666808441175
580 9.8492903545022
581 9.941248745161653
582 8.693140737135957
583 8.72088748745499
584 8.113550299730312
585 7.484898342358928
586 8.730064235869719
587 9.57245425239456
588 9.02651398053272
589 9.400102216347184
590 9.819199791456747
591 9.43019311078995
592 9.303128170052398
593 9.186911813969378
594 9.464218711892403
595 9.596735390515784
596 10.073166916405158
597 10.685141402976189
598 9.626930971382151
599 9.57082039059536
600 10.980412654740977
601 10.284819269554927
602 10.536262130421786
603 11.258091387210273
604 10.34959721760599
605 11.16732283056815
606 10.107763278654325
607 10.364810419556223
608 10.819978847052848
609 10.474520141651828
610 10.355053786230979
611 9.990776587437372
612 10.085715574197563
613 10.358189731101794
614 9.753055606912362
615 9.9583401614173
616 9.762538103463113
617 10.092309486615026
618 9.470168369087059
619 9.760395721216941
620 9.551506517777675
621 7.967761217390855
622 8.794153399477302
623 10.247308259589015
624 9.24572654142032
625 10.043863248570045
626 9.673148354937467
627 9.853964314951748
628 9.862087888791205
629 9.61132206485494
630 8.944640962937992
631 9.014912978204242
632 10.24580443822312
633 9.470968980340416
634 9.463342278561148
635 9.715243494492219
636 10.219680774538702
637 9.782523875673755
638 9.95606020304659
639 9.341002163276253
640 9.398275497604734
641 9.593491528113107
642 8.276071783853437
643 8.736729826250293
644 8.859526330004101
645 9.12182663237558
646 7.159314108756172
647 8.132075013827158
648 9.901315745711484
649 9.421535770879505
650 9.444223154626263
651 10.105642016229053
652 9.352121574128521
653 9.577830277208792
654 9.847737463115667
655 9.958084157595701
656 9.469594488658156
657 10.331949993615947
658 10.539175576188692
659 9.865342101460925
660 9.75183939599825
661 10.173047767553268
662 9.563228388246344
663 8.787645711830764
664 9.434530630436875
665 9.788781386009871
666 10.47498015870445
667 10.342651369001612
668 9.174844804316425
669 8.757041902459148
670 7.7643612501143195
671 9.557060789914107
672 10.171900381609799
673 10.224517596204288
674 8.258816396359325
675 8.37367855570444
676 9.983997209263995
677 9.795496743009707
678 8.846765345802407
679 8.849865941437711
680 8.799453333012076
681 11.186663703659375
682 10.69191933917109
683 6.080676425726182
684 6.105954122916591
685 4.916434059135773
686 6.1993361796169415
687 6.390228121806792
688 6.237312582152701
689 6.086225655222136
690 6.7069352955949135
691 5.681995482398948
692 5.942495248575517
693 5.567525439997206
694 5.608103460468429
695 5.52492950346677
696 6.00484723723906
697 5.594376059428146
698 5.775006730047406
699 5.6071636743313
700 6.268226112674523
701 5.792428794272466
702 5.31083759183738
703 5.991879031007415
704 5.216394950095613
705 6.496043303682509
706 6.723066095022052
707 6.097844941282631
708 6.782942056896785
709 6.555347090552043
710 6.21950372770837
711 6.2122597060027855
712 6.186527141861737
713 6.163885052877361
714 6.7192623424484275
715 6.060320716815521
716 7.372568760866967
717 6.6824301922778195
718 7.278630932385949
719 6.903565904346126
720 5.936450026685342
721 6.801377902417787
722 6.592110317489188
723 6.366803959438983
724 6.486636476946852
725 6.588896796170967
726 7.093738847544025
727 7.423442304807518
728 7.1698364729163355
729 6.652447964506459
730 6.31284872476341
731 6.846207076011498
732 6.363994676467515
733 6.596519055725689
734 6.598961150661615
735 6.3477206485716
736 7.001715614744848
737 6.548232677215243
738 6.919559261288358
739 6.0500833502051306
740 6.572618691465744
741 6.4822362610508115
742 6.848605313570309
743 6.376616737386898
744 6.633129872104006
745 6.434110544958416
746 6.86998533980084
747 6.330765323626054
748 6.690768033531059
749 5.517250215228494
750 6.80854505934896
751 6.082023462959866
752 5.387499095061676
753 6.142859816603693
754 6.931211255105835
755 6.2644630753441914
756 7.648846799860875
757 6.3353035228539385
758 5.82047501188783
759 6.894441709902606
760 6.347056519460498
761 6.16348935412716
762 5.660448142095138
763 7.0223061415553785
764 6.235841521381492
765 6.01398895518088
766 6.009871823776672
767 6.235769682335262
768 6.039396966291987
769 6.059158070812599
770 6.669260516966634
771 6.380522890731389
772 7.3034479599914235
773 5.709122402756776
774 6.078115332587109
775 5.940078930189001
776 7.086453576538448
777 6.757308596258413
778 6.1750740504933175
779 6.335194284759235
780 6.107855364097468
781 6.335064851510788
782 5.7946083291558494
783 6.260788039340376
784 6.2205988019512155
785 5.985469505087118
786 5.747142707214697
787 6.37119546524745
788 6.408308866138433
789 6.7086011371481495
790 7.070038745323773
791 6.876803899424714
792 6.081906590907022
793 5.922246563614715
794 6.085244572188534
795 6.661003899912379
796 6.554162096871378
797 6.500253522507341
798 6.078242970611191
799 7.473333256354227
800 6.333338577345465
801 6.4465428911004725
802 6.273689341049776
803 5.973827198591925
804 5.765804951265534
805 6.212156812008539
806 6.472824646256118
807 7.987616493127599
808 7.252872536915202
809 6.217870970149327
810 5.542347290666485
811 6.720299808391633
812 5.820866382271069
813 6.56753510820087
814 6.7033577693959705
815 6.144799645514524
816 6.199398869176677
817 6.295178693401158
818 6.585412136191195
819 5.977084986342682
820 6.303902204577509
821 6.26443747428146
822 6.012708932683749
823 5.677648439969033
824 5.992038233141435
825 6.147769543368704
826 5.8887236652675226
827 6.0392419733509985
828 6.144209278342421
829 6.158620039683033
830 6.681214579009842
831 5.983189008901927
832 6.4634783677223915
833 5.986332154670186
834 6.254235603763325
835 6.1764979776207385
836 6.1231229862207295
837 5.82103050791585
838 6.321203698643867
839 5.9554290944260195
840 5.806500303884579
841 5.95461234212589
842 5.9128923719788276
843 5.672928419244998
844 6.096650166503461
845 6.046962977624158
846 6.3337811247960545
847 6.6491954079960545
848 6.542715185267511
849 6.209940339552166
850 6.418247287352199
851 6.357770137751383
852 6.256304291813205
853 6.284726266686298
854 6.4321461252497
855 6.6571897326763265
856 5.840190866217492
857 6.653040218257983
858 6.0171429251540225
859 6.95216659010539
860 5.733755624655877
861 6.332506280274217
862 6.124788815712634
863 6.214734731488313
864 6.091395022408262
865 6.492407685466052
866 6.932543307064644
867 6.539742655275101
868 6.6176075224622535
869 6.742111881157901
870 6.573437229419075
871 5.984007368016854
872 6.481505007271775
873 6.172544378986499
874 6.254309241243422
875 6.170608225541301
876 6.421341662969066
877 6.496945100337086
878 6.499708933471326
879 6.717760865360423
880 6.034568869815064
881 6.1169011408973395
882 5.849549327349818
883 6.621649674709255
884 6.266798678145577
885 6.398281537070232
886 5.686176476478515
887 5.975909902094673
888 6.824687419701181
889 6.175346683205771
890 6.610820487843185
891 6.2456180065196625
892 6.745190660370203
893 6.429465526177439
894 6.8735420312078785
895 7.656567303113545
896 6.5178217366866775
897 6.587982182374901
898 6.1925135944246
899 6.492425613735327
900 7.1676959106407026
901 6.6660771393913025
902 6.915746078591434
903 5.779941169037964
904 6.9186501252184955
905 6.155921183934242
906 6.39192974005821
907 6.062928370950453
908 7.3996783067895215
909 6.077830103974538
910 7.596088405524296
911 6.587730797074438
912 6.436670027137273
913 6.161450546594019
914 6.146223133830674
915 6.419438630478573
916 6.264433727738166
917 6.727475735088983
918 6.465245061038438
919 7.251663800756297
920 6.183902478592882
921 6.079418660881854
922 6.153678877468869
923 6.0613633428590825
924 6.3097283780061035
925 6.227494246502429
926 6.190048361305541
927 5.816990565056865
928 6.480830839857318
929 6.225771601085259
930 5.898444309609036
931 6.602661835102586
932 6.89230547593005
933 5.954018933238364
934 6.41095692531532
935 5.947070109931444
936 6.199121734845162
937 6.631251437580915
938 6.249432602701849
939 6.1130190679119
940 6.330169845124129
941 6.31395249964171
942 6.408945635269267
943 6.289812613773145
944 6.20084786339512
945 6.145987404825306
946 6.150762579839721
947 6.100561785532584
948 6.609230507918767
949 6.139358591371491
950 5.8688003509105
951 5.84418791799401
952 5.97567967773306
953 5.64979026208227
954 6.150375482746111
955 5.936613424201894
956 6.59321638310291
957 5.830701129869272
958 6.168584405422097
959 6.787134539579367
960 5.885915890888437
961 5.959550851639918
962 5.8021778593658375
963 6.5635742088675055
964 6.3512231350653146
965 6.362615494540584
966 7.375291747589634
967 5.895439674678628
968 5.728648366353013
969 5.7814634948657835
970 6.5334041073408535
971 6.255633028300499
972 6.65420866924691
973 6.2430240453446135
974 6.629662256600083
975 6.524328078376574
976 6.431782193346752
977 6.278670432783767
978 6.151181813327225
979 6.806689850773583
980 6.325306925026063
981 6.908768619229695
982 6.835566288372311
983 6.41454808721867
984 6.67984967483734
985 6.588406187960346
986 5.88282458118996
987 5.870009186084028
988 5.704123781062646
989 5.690223014611473
990 6.41639575896585
991 5.944574594398995
992 5.411174601581261
993 6.112043336815196
994 6.4551196226356025
995 5.587838887446314
996 5.517199090722325
997 5.851774735231892
998 6.162868951510731
999 4.683499242472103
1000 5.561201667496093
1001 5.787232438278179
1002 5.94467028101274
1003 4.771133816370491
1004 6.640793862642524
1005 5.1180217789354225
1006 5.0046317985067
1007 3.4815772008227572
1008 3.417296430973303
1009 3.374842862041837
1010 3.285949934868538
1011 3.310806451613315
1012 3.404687372291543
1013 3.2222617090134107
1014 3.476133115041233
1015 3.2747628435566316
1016 3.4628775818252056
1017 3.481943226020907
1018 3.6718804390004105
1019 3.305739939155967
1020 3.323544652073937
1021 3.3038119225198783
1022 3.282264334328703
1023 3.271400601498457
1024 3.282479160424245
1025 3.303413832346578
1026 3.295870817804454
1027 3.4889453252939915
1028 3.3871790284974663
1029 3.3369193323616155
1030 3.2882925026064367
1031 3.3254681232666803
1032 3.6214773960711377
1033 3.3537984593211023
1034 3.480357780380389
1035 3.406070090970618
1036 3.2182825368161123
1037 3.4411913519085577
1038 3.266121794039116
1039 3.257524951932369
1040 3.337085907932387
1041 3.333902831759709
1042 3.3330068952575376
1043 3.2679068113326104
1044 3.267347793615229
1045 3.4880117826948043
1046 3.456368970516269
1047 3.3502823340501635
1048 3.3751397993228367
1049 3.294064099469241
1050 3.2886754633226896
1051 3.44250360012114
1052 3.335552739764763
1053 3.415661659848158
1054 3.432345060450217
1055 3.2469885411082324
1056 3.5145297147400947
1057 3.3297524387511097
1058 3.2234915394636596
1059 3.636667512293353
1060 3.360989328239959
1061 3.484926028267766
1062 3.3078821485313927
1063 3.361358345348626
1064 3.2838619544989283
1065 3.363337417367964
1066 3.26274146341473
1067 3.4170342184587077
1068 3.366077218818658
1069 3.2962415482400194
1070 3.2773340565441647
1071 3.4164236901336724
1072 3.3556485305678434
1073 3.269352447966769
1074 3.3898406859322483
1075 3.425598000092429
1076 3.2933163853864027
1077 3.309691232482565
1078 3.3551514930975364
1079 3.4375800206600444
1080 3.433935120957156
1081 3.247263340850903
1082 3.3139675457179516
1083 3.2636876274385984
1084 3.380302632907967
1085 3.4354810317591453
1086 3.264161279552517
1087 3.377904583928919
1088 3.384125063099967
1089 3.3544429106935763
1090 3.4340314093564683
1091 3.449219220047137
1092 3.4516416587923144
1093 3.2983392928195636
1094 3.399847433971563
1095 3.342523494228909
1096 3.41818379828069
1097 3.4408465253684706
1098 3.2091212807432568
1099 3.2837299025642444
1100 3.2671351708566942
1101 3.299145338107771
1102 3.424927971430214
1103 3.453229196277297
1104 3.2547787572416382
1105 3.6139657979062
1106 3.244015507533067
1107 3.416606279013342
1108 3.4242241105478
1109 3.317388701238345
1110 3.384273748956308
1111 3.3326066247798223
1112 3.419449136101506
1113 3.363723514824741
1114 3.3068815502385647
1115 3.3465441087400825
1116 3.384374164153836
1117 3.375207165247302
1118 3.338193895796686
1119 3.2902729026279705
1120 3.530818738567809
1121 3.276393540075311
1122 3.264393356253449
1123 3.3095970392741636
1124 3.307723070217272
1125 3.4022687675938683
1126 3.288391633711237
1127 3.3876288171244178
1128 3.3507375025577297
1129 3.54117571338456
1130 3.42332840352839
1131 3.3812860944358105
1132 3.372898784404645
1133 3.264366063889127
1134 3.2961501206289445
1135 3.24725193018506
1136 3.388271655526621
1137 3.564820724264523
1138 3.483644999005414
1139 3.404213828633219
1140 3.2527546750881524
1141 3.266627184274028
1142 3.3451747374418472
1143 3.3876638224946567
1144 3.6741884314239273
1145 3.296490562760642
1146 3.183354063756048
1147 3.3643913532451277
1148 3.1972394702833933
1149 3.333138492727013
1150 3.3431121408995046
1151 3.3363786316410664
1152 3.287929628152773
1153 3.4167061417767166
1154 3.1292814034124796
1155 3.362605616973285
1156 3.235499734208854
1157 3.3975970615853064
1158 3.349654795194367
1159 3.356552820380833
1160 3.256617795777775
1161 3.3122094529781196
1162 3.274612726454817
1163 3.386719857419476
1164 3.4910339247160413
1165 3.367588830314081
1166 3.4853777863356123
1167 3.2307186298482766
1168 3.19003701250309
1169 3.323879412865559
1170 3.3179170528732955
1171 3.234679715719899
1172 3.2982483803181304
1173 3.4210683402316064
1174 3.325417433925261
1175 3.2465795313106525
1176 3.3117816501704236
1177 3.4074402032721554
1178 3.2750422946016786
1179 3.3354607633751643
1180 3.297321536144846
1181 3.155042315308132
1182 3.510375929761447
1183 3.214106259148765
1184 3.3477494879021985
1185 3.2840023070147906
1186 3.2420447439039877
1187 3.3349404164405647
1188 3.304384231141079
1189 3.337773449263056
1190 3.3528011539180227
1191 3.4703118229735033
1192 3.2403155459981847
1193 3.320592942070326
1194 3.3383525650806005
1195 3.3358467401453384
1196 3.4001375896201447
1197 3.2080377426183606
1198 3.199234369552255
1199 3.2689724645331237
1200 3.437435160066645
1201 3.3529640942569783
1202 3.307700719739777
1203 3.5135156343387464
1204 3.4010594388396655
1205 3.2103655384884076
1206 3.2922889650532103
1207 3.3649889140581433
1208 3.53631539015558
1209 3.362730538615409
1210 3.331387475495549
1211 3.2615183925261935
1212 3.278631153718758
1213 3.3906646309452317
1214 3.3628126239655365
1215 3.2490289430486503
1216 3.4364312506269097
1217 3.2409408817795184
1218 3.351486856053382
1219 3.465291965279233
1220 3.364762041253749
1221 3.462454438810485
1222 3.3505840390773867
1223 3.44280719904195
1224 3.240152253526448
1225 3.296215324480355
1226 3.5577523054653573
1227 3.465964673741521
1228 3.3404353919942134
1229 3.3163164571063186
1230 3.331714239841063
1231 3.352139064885285
1232 3.381231757976969
1233 3.4453394854911203
1234 3.3090470591944103
1235 3.2998150463219207
1236 3.2449688955962905
1237 3.3522127642925725
1238 3.4305252869176437
1239 3.377848147320327
1240 3.3058359612558497
1241 3.317640489931171
1242 3.1928680975902872
1243 3.405104571852884
1244 3.2566441190420994
1245 3.487099633193258
1246 3.2600897459380653
1247 3.35549570589416
1248 3.3732429886120436
1249 3.330459601964109
1250 3.375973667324977
1251 3.3313531190295516
1252 3.281551730339434
1253 3.362085853477919
1254 3.5302621340064313
1255 3.3280405401179767
1256 3.4562030691677834
1257 3.268020452041874
1258 3.369575779768243
1259 3.442507022144641
1260 3.405203047526121
1261 3.450613582368439
1262 3.3855904455345374
1263 3.32625413597333
1264 3.260283085718636
1265 3.3706031351207026
1266 3.3603291376764686
1267 3.3558351456631237
1268 3.334439184444495
1269 3.2880169093831597
1270 3.3943666726328683
1271 3.2069588081007794
1272 3.3783378472142815
1273 3.390324513865318
1274 3.3736077742200092
1275 3.252435992770427
1276 3.296757335300293
1277 3.2826179594615237
1278 3.2822738711342634
1279 3.2444984759549675
1280 3.2282826787861776
1281 3.333519140277278
1282 3.295463225800442
1283 3.497182360772135
1284 3.269496600182196
1285 3.3038426253733917
1286 3.4101452358602713
1287 3.2618279795984573
1288 3.324846364186336
1289 3.2762982821120907
1290 3.396031874679407
1291 3.3790650557752206
1292 3.200214223595897
1293 3.343844073664218
1294 3.3533923296950596
1295 3.3244791911288183
1296 3.3350854627006092
1297 3.4562477520716226
1298 3.452208502822072
1299 3.395232617280388
1300 3.335847579629545
1301 3.3186725390964424
1302 3.32028346311845
1303 3.3581091350294456
1304 3.265064173271519
1305 3.2552158127624735
1306 3.2994321149196435
1307 3.308564961035907
1308 3.317318462021126
1309 3.375666552712313
1310 3.286464744083918
1311 3.3254389470336236
1312 3.404204666415321
1313 3.3540377446065137
1314 3.2028341930271895
1315 3.2951508376192513
1316 3.3641735836356026
1317 3.196851775285142
1318 3.408396099473382
1319 3.308823128950476
1320 3.2885825120849277
1321 3.4262821755665023
1322 3.38514094084175
1323 3.3919354987622463
1324 3.3886305093701212
1325 3.249358545431517
1326 3.296622282939604
1327 3.4542268343877316
1328 3.581219637798088
1329 3.291678977124628
1330 3.3238594156272945
1331 3.4059312077050543
1332 3.4228449395139977
1333 3.301208324503063
1334 3.296503641079891
1335 3.3544473457689192
1336 3.2317951030692678
1337 3.357199073774555
1338 3.2674641850794295
1339 3.4020711464290714
1340 3.4414513063350447
1341 3.48577006203773
1342 3.2039667417384092
1343 3.3771208352197872
1344 3.4139720053290965
1345 3.187236809785727
1346 3.4621690826253695
1347 3.329248465414199
1348 3.201972434138792
1349 3.4784975944773193
1350 3.4458345925850353
1351 3.32556251261285
1352 3.3971200334445903
1353 3.3873991430912276
1354 3.328202058161471
1355 3.3612596401584622
1356 3.2872669505829437
1357 3.2693594495179052
1358 3.2979187296328996
1359 3.4094007754968385
1360 3.278592548448973
1361 3.326443332687744
1362 3.2266901865480326
1363 3.3874491340674027
1364 3.3811514092993615
1365 3.353875078104262
1366 3.4118816791050928
1367 3.2908726286164143
1368 3.483957373667252
1369 3.367735219079224
1370 3.3454690803021445
1371 3.3258524988383362
1372 3.2906765541009486
1373 3.288481163276257
1374 3.5011887788946816
1375 3.38835494092996
1376 3.3688866284838666
1377 3.540918421838532
1378 3.3437780110897
1379 3.3049795836145663
1380 3.1870576667968096
1381 3.4266613512199253
1382 3.3574666466677483
1383 3.4138971945811423
1384 3.239508961746744
1385 3.4041660342829516
1386 3.389422048672329
1387 3.2979720469696767
1388 3.4611922252336784
1389 3.3202635268963108
1390 3.3632996103798436
1391 3.41294795867189
1392 3.471672071174151
1393 3.3476099342007233
1394 3.4144445861859123
1395 3.33249927145989
1396 3.271673095250796
1397 3.4138467274421176
1398 3.192511224745839
1399 3.464185712783263
1400 3.3514026044865886
1401 3.3586927772719353
1402 3.2948221874641597
1403 3.4131393635929306
1404 3.231663626279065
1405 3.5007619189380086
1406 3.363719428093886
1407 3.1450928134407916
1408 3.376439770887463
1409 3.3690924502787536
1410 3.3080317688379575
1411 3.517524713478532
1412 3.35849523775077
1413 3.2406301171849092
1414 3.4619859340633607
1415 3.379513493038088
1416 3.338541266664096
1417 3.3105361421184454
1418 3.311300877693044
1419 3.2154956817482043
1420 3.4794687890671896
1421 3.4227925307628526
1422 3.454941987371734
1423 3.226177078241702
1424 3.3037544677164075
1425 3.2175397212661867
1426 3.33021279065874
1427 3.3971291347898878
1428 3.3344223182237442
1429 3.3040514119211393
1430 3.4028483745008
1431 3.4720007022989035
1432 3.3456953051924097
1433 3.3908718491771257
1434 3.418103663772119
1435 3.3685445441159367
1436 3.386256373890867
1437 3.3301267537517756
1438 3.320096198395755
1439 3.2752928075638157
1440 3.3788584566532167
1441 3.204366556046998
1442 3.5638734211550895
1443 3.2698379228330468
1444 3.303628528027203
1445 3.306088407737274
1446 3.344285177810805
1447 3.405747165275382
1448 3.1989443364272927
1449 3.2956874940583494
1450 3.3529180604740723
1451 3.233240380358413
1452 3.3704545970702835
1453 3.5263037789652607
1454 3.401070076536126
1455 3.41388916841374
1456 3.384124597628342
1457 3.3740453387224703
1458 3.3661135216817986
1459 3.1790619094256622
1460 3.338237672293065
1461 3.459888396313236
1462 3.336106609028856
1463 3.3331802220338673
1464 3.3419111465352263
1465 3.365270753936791
1466 3.3691681215705067
1467 3.516191410009504
1468 3.3323850753146647
1469 3.3299796854955166
1470 3.302706636326937
1471 3.2514746123368807
1472 3.342957615017525
1473 3.1570076759954206
1474 3.384650514512201
1475 3.339725689931874
1476 3.253871998173574
1477 3.4595943203415476
1478 3.300086788876944
1479 3.331997753949362
1480 3.3616669631690423
1481 3.3593429167704443
1482 3.276532673990069
1483 3.3031930315669213
1484 3.341899786758883
1485 3.3805161006250235
1486 3.3698120393797506
1487 3.243944474735062
1488 3.286359453406422
1489 3.5467096259344406
1490 3.29317255236331
1491 3.2889734302846283
1492 3.2851942148751556
1493 3.2630982000574544
1494 3.256465558585255
1495 3.3105503330497164
1496 3.3709285804004114
1497 3.4733751931749666
1498 3.2189221296061605
1499 3.2158956414528497
1500 3.2427027355352234
1501 3.253246365231359
1502 3.355013845131073
1503 3.4412038367166775
1504 3.3115005050855957
1505 3.329254449374526
1506 3.261439084046173
1507 3.349316717076188
1508 3.4980605448499844
1509 3.425229525140011
1510 3.2912760403106343
1511 3.42520873211289
1512 3.3073222010154795
1513 3.323692847115317
1514 3.30955700107301
1515 3.3604601044282485
1516 3.503170935279479
1517 3.271202053559983
1518 3.429194297586484
1519 3.3348797816473623
1520 3.298087118558031
1521 3.2251219388043793
1522 3.5855624706772384
1523 3.339563933667519
1524 3.43799443429854
1525 3.2371968995311846
1526 3.4493052977107843
1527 3.190992494697585
1528 3.3163411581741538
1529 3.429249591373784
1530 3.2665092905385764
1531 3.3797846557222715
1532 3.2579313970341195
1533 3.4481032738275177
1534 3.434749890197475
1535 3.260446572102078
1536 3.264640553904349
1537 3.4371818092359794
1538 3.2716342741621394
1539 3.2363778212624217
1540 3.3173144992688184
1541 3.311988018070342
1542 3.3983860862757087
1543 3.2861641653193776
1544 3.3196128448677946
1545 3.3258306355003073
1546 3.2446645513435883
1547 3.2315486390226096
1548 3.396613685652677
1549 3.359947272793175
1550 3.3306472469266146
1551 3.3847788910566754
1552 3.299351199124193
1553 3.264021037217737
1554 3.446545284519323
1555 3.3918964578935027
1556 3.339581964128836
1557 3.3649286715633644
1558 3.2771071930233444
1559 3.3460722283575763
1560 3.4203599925207504
1561 3.295274390690833
1562 3.311751845694841
1563 3.5496902441130027
1564 3.246080439114399
1565 3.3333831929663003
1566 3.212644531214655
1567 3.400387250223719
1568 3.311924436817765
1569 3.5831014072571246
1570 3.1605609239849937
1571 3.2627852318837114
1572 3.7037765664277478
1573 3.4113480830243947
1574 3.3555299516287036
1575 3.290484193464972
1576 3.3398403064425892
1577 3.4928700047297583
1578 3.5488526712047945
1579 3.244009934579807
1580 3.3001441917851375
1581 3.241557742837258
1582 3.3072502242246995
1583 3.2806109211701853
1584 3.4075406594413407
1585 3.3794228184676762
1586 3.412667354457739
1587 3.4642769697747147
1588 3.3451901302005314
1589 3.414640933707174
1590 3.624795010517946
1591 3.3772094044846885
1592 3.307576237789
1593 3.501948735610206
1594 3.7305424777381546
1595 3.402005761674636
1596 3.4082476268405237
1597 3.396321246468966
1598 3.3447347656472406
1599 3.240129345001792
1600 3.349977133414568
1601 3.3310463314627623
1602 3.4038735405795673
1603 3.2834624741097227
1604 3.24748099529766
1605 3.288610447237074
1606 3.3792257589752914
1607 3.2889313831101488
1608 3.370738195964749
1609 3.4882403695275452
1610 3.445646812787755
1611 3.282283160468987
1612 3.2917129024656844
1613 3.5385714383624682
1614 3.431914010721291
1615 3.4494303117395146
1616 3.463238962874777
1617 3.5964791708862998
1618 3.3881459327949752
1619 3.5169896343278557
1620 3.29653164816898
1621 3.3878340123814166
1622 3.400599759765586
1623 3.384024364894026
1624 3.338568085121083
1625 3.391670865652766
1626 3.4583763248066726
1627 3.3360531117690044
1628 3.4843456587840196
1629 3.3033184923791645
1630 3.401688700636884
1631 3.3248884913285557
1632 3.430013301916006
1633 3.451452454308354
1634 3.313714061217026
1635 3.327749441806737
1636 3.4111628563641037
1637 3.375419140221496
1638 3.3148465208416877
1639 3.3553628460807547
1640 3.4126899357525593
1641 3.426077115275271
1642 3.321475714750605
1643 3.2275241657357423
1644 3.549005226000002
1645 3.4110395859731897
1646 3.4189607580963557
1647 3.418696611524787
1648 3.3131226135457257
1649 3.410246463829442
1650 3.2968032375713343
1651 3.3365721069986876
1652 3.4450293871021707
1653 3.4112556507593297
1654 3.3295803370074317
1655 3.4352497070338477
1656 3.3189779980414693
1657 3.5371702550800683
1658 3.4712344727074895
1659 3.518234589923689
1660 3.336321165980776
1661 3.472908340589274
1662 3.3572483209815758
1663 3.401691790219655
1664 3.317638607808278
1665 3.280586255069344
1666 3.414715690435081
1667 3.2870933633637973
1668 3.3705367358203344
1669 3.3228670541299388
1670 3.3335131613904934
1671 3.3347156537973386
1672 3.447433465339004
1673 3.390408283054209
1674 3.3374097560548446
1675 3.4047628500772955
1676 3.4232030135305473
1677 3.3042485941697533
1678 3.309070938054013
1679 3.325691215554632
1680 3.464128088972604
1681 3.352315299969194
1682 3.31036134019756
1683 3.170471798872096
1684 3.5433874245401733
1685 3.3546223228420065
1686 3.420165701642438
1687 3.4770382077800472
1688 3.4648368188863548
1689 3.271372918558055
1690 3.322840593041356
1691 3.468142052499679
1692 3.3778486638791625
1693 3.2705564388461785
1694 3.425140904832157
1695 3.2134707810223326
1696 3.1755414745527255
1697 3.3326566674405766
1698 3.4357259768865007
1699 3.2724647605706374
1700 3.533591370066026
1701 3.1922125042318115
1702 3.2675610407520805
1703 3.3786492459829716
1704 3.330454580001373
1705 3.341622474490724
1706 3.387415209591308
1707 3.3555871122141028
1708 3.352184999751572
1709 3.361781933358919
1710 3.2668500078342007
1711 3.5375004712341895
1712 3.373942360980702
1713 3.375690946912189
1714 3.4556162696447625
1715 3.4220212842245
1716 3.3669186365048267
1717 3.2917612562656178
1718 3.3776985076044146
1719 3.47667928630773
1720 3.3233971319275404
1721 3.3061880952019176
1722 3.2658095347674223
1723 3.354229716791009
1724 3.3325031392538307
1725 3.3062573903695514
1726 3.478178631041012
1727 3.4304566173981246
1728 3.2999661733278374
1729 3.4077750486150893
1730 3.3425812010369427
1731 3.301937067330294
1732 3.302835546028257
1733 3.4350413475432924
1734 3.360301625444323
1735 3.3673396639133606
1736 3.390899669499387
1737 3.325021968660874
1738 3.428403433519205
1739 3.287384072608341
1740 3.379013454880509
1741 3.2968168503309676
1742 3.392704913971421
1743 3.2376414400462896
1744 3.3646828434510434
1745 3.306329578019216
1746 3.2765145355773626
1747 3.350071630919235
1748 3.5494380723625936
1749 3.275455678663049
1750 3.4525058498177637
1751 3.341426403303369
1752 3.23833115780898
1753 3.3016180283417578
1754 3.5815321332821366
1755 3.398374620369499
1756 3.3769472824677
1757 3.3497388902813037
1758 3.463050249762262
1759 3.3073947329218383
1760 3.32234977234136
1761 3.2695515046290238
1762 3.37201802202561
1763 3.3160332512840163
1764 3.2163711853202197
1765 3.395062157078153
1766 3.3610017842612216
1767 3.2838231152450383
1768 3.3237077636449808
1769 3.37134871198619
1770 3.447229845427929
1771 3.412832427819667
1772 3.341366118621318
1773 3.334039397043917
1774 3.7218679418493825
1775 3.240953362408823
1776 3.3521965097889685
1777 3.3054330662393334
1778 3.31610939120529
1779 3.3019734513018477
1780 3.394162587356194
1781 3.3500993493086844
1782 3.3226426162342215
1783 3.2882204626662035
1784 3.464944998842125
1785 3.3676294012845163
1786 3.4154540306464387
1787 3.353592455849995
1788 3.3729815206548777
1789 3.5058078241114523
1790 3.4619923931347416
1791 3.396506472466049
1792 3.35898978524662
1793 3.337620887318889
1794 3.3703015478933165
1795 3.144413781122228
1796 3.3502023864799915
1797 3.422206706632711
1798 3.26143289298519
1799 3.2742244964516
1800 3.3696177112343357
1801 3.2833242209225104
1802 3.363671061415647
1803 3.277888722668775
1804 3.380319455578405
1805 3.370304568354172
1806 3.36857401595259
1807 3.378340920902172
1808 3.478968758430148
1809 3.6215603996591534
1810 3.4648985043182776
1811 3.3023049337163104
1812 3.3204398069036376
1813 3.3348467889469418
1814 3.3924710122356174
1815 3.3338621408154485
1816 3.2833340534547593
1817 3.4576374184909118
1818 3.3002210261911595
1819 3.374967331236138
1820 3.353252288138925
1821 3.312619881623063
1822 3.269509822420991
1823 3.4632105767905634
1824 3.257899416320877
1825 3.316476943507431
1826 3.57430111336755
1827 3.279805391204913
1828 3.2826537938059883
1829 3.315133511591085
1830 3.17168307857993
1831 3.2777024091160425
1832 3.3509961336871488
1833 3.361712179798395
1834 3.3464060820519896
1835 3.3098833125893843
1836 3.5095794117304955
1837 3.3447675877301433
1838 3.5998207451584476
1839 3.263737719543213
1840 3.381544859107908
1841 3.4012365503242235
1842 3.339892545007155
1843 3.344993130058483
1844 3.299279755643966
1845 3.3620346553386775
1846 3.2841753984602615
1847 3.535986658082476
1848 3.391861529408305
1849 3.4099711783985525
1850 3.570321239842436
1851 3.2064453900179144
1852 3.4640076664289787
1853 3.3479878399928253
1854 3.268035476338135
1855 3.3410986875436675
1856 3.3548631212219906
1857 3.3598964157283095
1858 3.403848152724742
1859 3.2675820333691377
1860 3.4123841296564574
1861 3.271095160040164
1862 3.3397399148420948
1863 3.3540074175511077
1864 3.3362811832724906
1865 3.275017455156852
1866 3.439943903040355
1867 3.5062911133914714
1868 3.230638057434222
1869 3.333931346762888
1870 3.277156682227401
1871 3.211601043085203
1872 3.287771931013491
1873 3.525376533301967
1874 3.2849013761019514
1875 3.423248502355595
1876 3.517433643179403
1877 3.308091541846968
1878 3.3651810657923407
1879 3.337749963009651
1880 3.488514016993414
1881 3.2301699536655764
1882 3.3000821695326144
1883 3.4848538850137336
1884 3.441986388482901
1885 3.278448520777025
1886 3.359807690177565
1887 3.2703763591478014
1888 3.596769081180676
1889 3.3598882445792837
1890 3.312669394659456
1891 3.412137277919453
1892 3.350384028731409
1893 3.315056296109669
1894 3.4435860382125743
1895 3.268876641172262
1896 3.2495827999208853
1897 3.4139658577933307
1898 3.4780902098553756
1899 3.338264110784324
1900 3.532788897361652
1901 3.4243514434570734
1902 3.323721080842613
1903 3.3981730327303312
1904 3.2656469871043226
1905 3.44358915910146
1906 3.321359160738969
1907 3.3580360585740845
1908 3.396146187126225
1909 3.347104811624306
1910 3.4181037743212
1911 3.281332339239686
1912 3.325021418751437
1913 3.305652006610006
1914 3.3983891996587494
1915 3.274014613747886
1916 3.4286680730962287
1917 3.281385603033401
1918 3.434679605573067
1919 3.35791259875256
1920 3.381138661429837
1921 3.2587828899266293
1922 3.4333279793066063
1923 3.4226366466148916
1924 3.389952847052653
1925 3.3760499075665975
1926 3.3445570915650884
1927 3.355645499631949
1928 3.5345712702018326
1929 3.373475300274582
1930 3.378564459512505
1931 3.2851394943596155
1932 3.2446600150580287
1933 3.3337443405719656
1934 3.4231464116399097
1935 3.4723960468956516
1936 3.274759388000657
1937 3.343194819232033
1938 3.37208161821884
1939 3.322738436509184
1940 3.368817221810014
1941 3.4194734748560234
1942 3.3207313171298947
1943 3.3398275672282027
1944 3.4577023289850155
1945 3.3728048956190335
1946 3.2446204472095523
1947 3.3187399484183784
1948 3.301244420235288
1949 3.2433837397434275
1950 3.256505435955149
1951 3.573432863193462
1952 3.326169341380484
1953 3.405767590212101
1954 3.4412766676259143
1955 3.4018317912572114
1956 3.430644121190855
1957 3.3240646856066722
1958 3.4206878461702845
1959 3.2891314007657804
1960 3.494163841726562
1961 3.314561858819325
1962 3.509486714097111
1963 3.377356761863674
1964 3.361102701568662
1965 3.214894816592697
1966 3.2602156012503762
1967 3.224133380302087
1968 3.509933040806777
1969 3.3921375029259417
1970 3.2472697045741605
1971 3.306980875737831
1972 3.2717029136383147
1973 3.4073978534185625
1974 3.3140396844373163
1975 3.299588369193943
1976 3.3800259697425314
1977 3.3739731130951696
1978 3.417748740274078
1979 3.3204760344271405
1980 3.267827854000088
1981 3.333454964613964
1982 3.289444982156849
1983 3.403988407985057
1984 3.3397174271111627
1985 3.3333675261075104
1986 3.229688919870706
1987 3.3135625708865493
1988 3.4785334650538164
1989 3.320801267407517
1990 3.3679634582395575
1991 3.353598004884499
1992 3.446950233910773
1993 3.3493153046856983
1994 3.3846971760167763
1995 3.413647130044727
1996 3.525175956742914
1997 3.3776843640950207
1998 3.3707140139878984
1999 3.5897599980316635
2000 3.3550307391058043
2001 3.2929728831082383
2002 3.3386978245572947
2003 3.356785467926259
2004 3.2326477521215153
2005 3.2674260854985384
2006 3.425434405029935
2007 3.249835723101427
2008 3.464280565570062
2009 3.522020112755481
2010 3.276738671441233
2011 3.359722494134774
2012 3.213742386632851
2013 3.3121426166409025
2014 3.417901680627731
2015 3.3369598989749893
2016 3.3711663602055175
2017 3.3855986378050282
2018 3.42639197897571
2019 3.3907289407614467
2020 3.4890899616916773
2021 3.3670808822337794
2022 3.409584615786665
2023 3.314454407995695
2024 3.4006373112930253
2025 3.3286661166469416
2026 3.4320782193805868
2027 3.1945883761793
2028 3.429725450603466
2029 3.368123455016755
2030 3.2996316483253145
2031 3.239534835180487
2032 3.2897726398625458
2033 3.347037660250532
2034 3.351941993608184
2035 3.3211591419650057
2036 3.345375133135034
2037 3.336640035982608
2038 3.3173147706115635
2039 3.390542967014774
2040 3.22279508876983
2041 3.2462019367894226
2042 3.20199815248197
2043 3.2725883235295172
2044 3.4399594075526383
2045 3.3550271724436835
2046 3.295128376305317
2047 3.2921281950310606
2048 3.321107163408683
2049 3.3585913565882706
2050 3.4016633282488753
2051 3.3626587988709886
2052 3.5301698474111487
2053 3.3081596807922957
2054 3.2710798168375352
2055 3.3650722498518246
2056 3.432625589190057
2057 3.5357891708755673
2058 3.4155554801075683
2059 3.234705820558812
2060 3.325359090827086
2061 3.1889689789084605
2062 3.204414754742087
2063 3.413970594602838
2064 3.3156729626318318
2065 3.403228228190494
2066 3.4154065854449573
2067 3.319253239404434
2068 3.392471383797564
2069 3.4085413759184826
2070 3.3505992767093753
2071 3.234556978262
2072 3.2594482015432016
2073 3.6371989168682393
2074 3.440706224780786
2075 3.4713520244709435
2076 3.479551622016299
2077 3.3073483156802146
2078 3.265777320376293
2079 3.3477077869115246
2080 3.244647787973045
2081 3.3875760237925974
2082 3.2588116218104624
2083 3.3292821311233447
2084 3.277938936567812
2085 3.3614252250301604
2086 3.3260404735168727
2087 3.2868686263585962
2088 3.4801817128737387
2089 3.354171532243097
2090 3.3923939736583537
2091 3.2973151660841062
2092 3.266914871478918
2093 3.3291644191504366
2094 3.6606045481570653
2095 3.4082876327248783
2096 3.2738739125909264
2097 3.288002762621272
2098 3.239722833458184
2099 3.404306295351647
2100 3.3138875138542163
2101 3.3466407998769974
2102 3.2776792545386333
2103 3.2668937172583585
2104 3.3213699917579955
2105 3.2741640616025354
2106 3.302709412137224
2107 3.3707375923142915
2108 3.3128711524714767
2109 3.240808271132556
2110 3.4906856034392164
2111 3.2586824660377403
2112 3.34043560722432
2113 3.365472217799506
2114 3.347291608597607
2115 3.322181193120127
2116 3.3990408638194327
2117 3.5079106416357
2118 3.419143272184526
2119 3.3542680860496192
2120 3.4691173717659303
2121 3.2620759745747083
2122 3.3315317758240712
2123 3.449035597804398
2124 3.246672077932733
2125 3.310511671798736
2126 3.4245457076025376
2127 3.3117029506222515
2128 3.3082459137243334
2129 3.344146161970906
2130 3.3860142851872075
2131 3.3449196107697916
2132 3.3606982864919184
2133 3.2834154631416115
2134 3.3176342464183137
2135 3.303652521279384
2136 3.357012676176913
2137 3.4412976105873216
2138 3.2731332576638033
2139 3.368483859253618
2140 3.304209259038799
2141 3.423810322564426
2142 3.405515365952266
