0 3.290515604707899
1 3.362500492804057
2 3.5342311581219463
3 3.341785274173721
4 3.371605866118522
5 3.234565222642305
6 3.3947416423847043
7 3.3946836548955677
8 3.3823475537200425
9 3.3775584040818964
10 3.3872823427008485
11 3.4095943704212877
12 3.6460049078260823
13 3.3612362325286096
14 3.2699328783333086
15 3.4463427837855516
16 3.392473006499629
17 3.472316502582783
18 3.2783849490014925
19 3.389977129480596
20 3.4339357433398985
21 3.4163429880860776
22 3.2809914361427537
23 3.57873107090989
24 3.9189979076866908
25 3.4578759078843784
26 3.8630333950304148
27 3.3731505161351105
28 3.5179649179809327
29 3.340351987756752
30 3.4731197111377785
31 3.511448306161908
32 3.60593211035613
33 3.4055558835947077
34 3.2933226878617208
35 3.694704539811797
36 3.39249393652932
37 3.3352603487400407
38 3.347659457804895
39 3.4111265805599644
40 3.424054129606097
41 3.389254759383222
42 3.4833186815135355
43 3.360858232785163
44 3.463799958282521
45 3.400776401945219
46 3.6313150382278314
47 3.266928595299023
48 3.3893502251596535
49 3.3222703723525213
50 3.2201209174399836
51 3.3240458065887806
52 3.479212309823088
53 3.3414399514127906
54 3.256075774795203
55 3.3464926744548804
56 3.3670111924569492
57 3.4169607757083544
58 3.4814912257498185
59 3.4359304318096564
60 3.5574958540545234
61 3.34855590996234
62 3.376454181222087
63 3.4875390757370344
64 3.6026267113379418
65 3.372869441408775
66 3.4196114646230176
67 3.596685966967101
68 3.6463780723628516
69 3.4196076054536837
70 3.3889122518106043
71 3.565084856941018
72 3.383018823395854
73 3.2840560186839522
74 3.3457501156322946
75 3.497424802238109
76 3.397949076921038
77 3.5454299641362987
78 3.4999577238481345
79 3.414626634949775
80 3.3748158948077496
81 3.3652907104789636
82 3.36722275238166
83 3.4560444412387152
84 3.3867226621820627
85 3.3467134982557183
86 3.3608984569431875
87 3.33652264290965
88 3.495220981420516
89 3.43199263685918
90 3.3276822724205855
91 3.6258004369697745
92 3.5536222269704747
93 3.279051572605251
94 3.3836541594480747
95 3.7907937256221302
96 3.419240114248575
97 3.4693109728021527
98 3.3909356341129437
99 3.2780328854209917
100 3.594685782707714
101 3.449532361098114
102 3.440983870189322
103 3.4616161438953448
104 3.387395427028275
105 3.740049501705437
106 3.710483404379073
107 3.390635458279608
108 3.3470651665428077
109 3.40171646062741
110 3.331779886429327
111 3.3660411905861394
112 3.3906317241623385
113 3.2843795476349538
114 3.3496969775319996
115 3.29226521705046
116 3.3555869837173558
117 3.5182767926691305
118 3.364035546974003
119 3.2785850753409753
120 3.3078270982242888
121 3.272452671131843
122 3.498393080109623
123 3.3686766779142734
124 3.3582718596644603
125 3.3299865926956076
126 3.3735142813503365
127 3.3178952018559653
128 3.454060437790311
129 3.4017775382703412
130 3.4657570378174816
131 3.344544980197459
132 3.433231546512755
133 3.4086410215362233
134 3.3848800601788134
135 3.390333400865252
136 3.3323445416047695
137 3.336434141152554
138 3.3382200968520177
139 3.350125730925524
140 3.362512586541344
141 3.2648763565593653
142 3.400720755991314
143 3.499696167855903
144 3.437561863661612
145 3.355382413974646
146 3.488787035421438
147 3.3726975228498577
148 3.4029906464213346
149 3.3452215398297205
150 3.5820631130459493
151 3.3348905648035125
152 3.2778530725373
153 3.298645522593531
154 3.3315035756240268
155 3.2922875114425936
156 3.2941504758363496
157 3.4944130490334304
158 3.606415529828314
159 3.415511779373549
160 3.3866406641923157
161 3.356357565640973
162 3.370211247834338
163 3.4418695747599175
164 3.342838554347189
165 3.3366670037104855
166 3.3724965488038907
167 3.377068573789205
168 3.426806953488302
169 3.575659308940748
170 3.315167897942332
171 3.3882502928001914
172 3.635976818545816
173 3.3424446856583754
174 3.4464775269934873
175 3.410014827198794
176 3.3617743576874752
177 3.7134504443988536
178 3.3855798092420524
179 3.3170543633172924
180 3.4088531591014974
181 3.325787623019134
182 3.2643103747053783
183 3.368789052909589
184 3.2952717346846714
185 3.435284057751156
186 3.5369325421091795
187 3.5164833280911068
188 3.382039158438238
189 3.310280016834863
190 3.278076861882681
191 3.3364293248765406
192 3.3165896397864256
193 3.4015600798447516
194 3.3728433484076543
195 3.526536081957987
196 3.6420846828075004
197 3.43679393142485
198 3.3331784955236134
199 3.222414902411955
200 3.3056100154191332
201 3.284377079683158
202 3.500006396782641
203 3.632019922331003
204 3.38269762816364
205 3.6346717399374437
206 3.284779461018806
207 3.537896704852782
208 3.4548991748641136
209 3.5079147971602263
210 3.2829918704724292
211 3.4622934660748887
212 3.418490619526301
213 3.538585365478529
214 3.3480125911169742
215 3.351828984822739
216 3.4225451724431712
217 3.4111423998206636
218 3.4170623142714223
219 3.2831673295298867
220 3.4826485226059156
221 3.320551416552988
222 3.3461645724472153
223 3.4049322697142013
224 3.637778631866036
225 3.3492924954809253
226 3.3841818184373293
227 3.3684748656498944
228 3.310221703817402
229 3.6372732980019755
230 3.3864915717969297
231 3.1866417942466394
232 3.3706008519591695
233 3.495110255016982
234 3.4741796906910483
235 3.3241827024113624
236 3.418813646219277
237 3.2641633153429868
238 3.4057865158382916
239 3.510384342638926
240 3.53531409240584
241 3.497715211260959
242 3.2979333069369283
243 3.38490893825155
244 3.3674157041860724
245 3.388791223218262
246 3.3886561357951153
247 3.3540124321620364
248 3.333255725523502
249 3.412871352573194
250 3.59129654959811
251 3.462976295970216
252 3.3504966118877286
253 3.333308492353712
254 3.3758966313169685
255 3.633340604105066
256 3.2688571446048966
257 3.3990478904608454
258 3.4012088484000644
259 3.5409606420965454
260 3.4868034854087915
261 3.2684360408137887
262 3.4542633952798805
263 3.396426551607652
264 3.5070354159220942
265 3.4213448016017507
266 3.3054112706755907
267 3.33039953840061
268 3.341580882578144
269 3.4622687529732556
270 3.2832159308934306
271 3.430693112209048
272 3.3016824634655295
273 3.379569410388964
274 3.362455389243474
275 3.5217901838739456
276 3.411489184644143
277 3.5493068642473924
278 3.3313745646456896
279 3.2834146455904625
280 3.35585519376831
281 3.478634820077727
282 3.378564959506047
283 3.3545218704862436
284 3.3099433568684473
285 3.4001940373526693
286 3.4308220624403583
287 3.437844475474249
288 3.389407278976119
289 3.3437410850128275
290 3.2725267763304244
291 3.352859766927338
292 3.408963974628024
293 3.2824487438533905
294 3.249431879321689
295 3.359785903586541
296 3.598845481775641
297 3.419887330441293
298 3.3233287794795014
299 3.8128694003419943
300 3.3065246837385476
301 3.3375581381100954
302 3.4094628017765065
303 3.3135088064824014
304 3.3663771705331973
305 3.3783467819373056
306 3.415434511122313
307 3.259151171070426
308 3.4261960595770447
309 3.3976749431860807
310 3.4922402528880827
311 3.3282101746499273
312 3.4512879210504788
313 3.415994386377857
314 3.3883885272819754
315 3.720780051154758
316 3.331326765353989
317 3.359465363295466
318 3.4201340731803955
319 3.3485806748842184
320 3.520935045990907
321 3.4259713626987214
322 3.3352784659489187
323 3.324532364853726
324 3.347878901087325
325 3.435768161482522
326 3.429613746848943
327 3.3162890381762287
328 3.340308966030038
329 3.4014400161341825
330 3.444514015632916
331 3.36439012242725
332 3.3886071773195843
333 3.35462625381024
334 3.4053530016831197
335 3.483588524226298
336 3.479395520877149
337 3.3103172453080485
338 3.5086392196906746
339 3.5958505265815766
340 3.680926442601457
341 3.3111639728057165
342 3.2351054906917764
343 3.2924202727677163
344 3.261193082982495
345 3.4699323431674722
346 3.4335549571755823
347 3.521742463805038
348 3.358207676339512
349 3.6305558917346703
350 3.3888813594552536
351 3.4192375134630946
352 3.325541445573329
353 3.414672172848846
354 3.740551884130113
355 3.417852776322372
356 3.4174457134039797
357 3.3024511502908527
358 3.2035276180727683
359 3.3459614860550917
360 3.4180097964752636
361 3.4531102175800292
362 3.449230349341229
363 3.2694250241754257
364 3.371596602994581
365 3.3152239656214406
366 3.3992745905974715
367 3.3557198508758117
368 3.637353651707317
369 3.4649889692077567
370 3.5869638106699364
371 3.2667117871343763
372 3.3460312394753053
373 3.548686919999036
374 3.3987045128436875
375 3.359422679629159
376 3.395772972340907
377 3.551231266810091
378 3.3512367017049742
379 3.399236651973605
380 3.2513343960544456
381 3.3635376408284356
382 3.344047656245975
383 3.8408050400672327
384 3.3357474022352127
385 3.4405483546305162
386 3.2685705616022545
387 3.4288668508159796
388 3.437326672248992
389 3.4636343690526283
390 3.3879860147294343
391 3.428062191214587
392 3.425061194285609
393 3.2116188669299017
394 3.3034898945513724
395 3.363510401487551
396 3.358329539118552
397 3.610322687940818
398 3.509715411188032
399 3.311213790121741
400 3.8672529170092984
401 3.2506403359459086
402 3.5734722938557377
403 3.4770906480195167
404 3.408469727332968
405 3.3756454996870646
406 3.313524354051018
407 3.3921220298412775
408 3.4843252960901663
409 3.4804603376415075
410 3.3218294041740273
411 3.759246760171336
412 3.3575292528723466
413 3.636026614172394
414 3.382471073407107
415 3.298479907916658
416 3.442006810979665
417 3.380392244305638
418 3.2395700574799173
419 3.7067307390919115
420 3.3745503303733533
421 3.514185578955886
422 3.289832481463081
423 3.41408765276831
424 3.45996974518726
425 3.3614277488807036
426 3.2953571206900847
427 3.2665697215304914
428 3.47381954778578
429 3.207344104329873
430 3.511954162733808
431 3.4249571887554593
432 3.2979204648243408
433 3.5213513508805656
434 3.5577379417358967
435 3.2967024284419235
436 3.3193032208540987
437 3.67567427307156
438 3.3118934881370627
439 3.2520797750660297
440 3.438930069520912
441 3.570109208407007
442 3.36870704329352
443 3.368725536189326
444 3.343801597777641
445 3.5611408122203887
446 3.4288995234404873
447 3.3425201626488286
448 3.458034554463755
449 3.3546845039890782
450 3.475148353525199
451 3.4799884091585325
452 3.470801933610289
453 3.4299906512054923
454 3.3850474221277733
455 3.2989796034702743
456 3.2429257479367823
457 3.3157109182865376
458 3.2702619977760077
459 3.364517652043422
460 3.2924385064102024
461 3.4764953683374884
462 3.468971938123833
463 3.407782837555135
464 3.4255246355613203
465 3.607396136954564
466 3.4416424883438492
467 3.3912229142248718
468 3.368065924086325
469 3.508368534731479
470 3.485506865256984
471 3.319383717220947
472 3.455471132979419
473 3.3558676303228663
474 3.3251977231197083
475 3.386356931727763
476 3.358953055556404
477 3.360287126743209
478 3.452583481103756
479 3.4273850518110933
480 3.3497176699051394
481 3.5074747228092096
482 3.385239998353073
483 3.279785526424428
484 3.297994790251595
485 3.2997731341877197
486 3.3448980297450386
487 3.344626611274151
488 3.330835259062326
489 3.365103400389604
490 3.412182131739618
491 3.3725352628418532
492 3.2962701385700894
493 3.3735084654079857
494 3.305018983952368
495 3.3618970269496247
496 3.4709787282083657
497 3.3826401642855406
498 3.275391137622924
499 3.211671184322112
500 3.5870568119609487
501 3.586294088230804
502 3.344536327005687
503 3.289720170430497
504 3.4477168259647697
505 3.31782067363094
506 3.7362421056408506
507 3.473212340440682
508 3.4252926272963595
509 3.3425434603408863
510 3.529195439071475
511 3.3769750618421472
512 3.256560022000631
513 3.2966258936198494
514 3.338462590495223
515 3.307477072592391
516 3.349242130028806
517 3.395179438623349
518 3.305343570685768
519 3.3834567263386286
520 3.4332058307264717
521 3.3381987315942268
522 3.334262118793637
523 3.5123387575977807
524 3.248510179863427
525 3.3485765731186485
526 3.411409707878633
527 3.4681902205808015
528 3.2837531229767785
529 3.388853243176158
530 3.4262878200951654
531 3.5198858694918056
532 3.335704093678796
533 3.515603821057311
534 3.3281962376416376
535 3.31241615130033
536 3.394367320897254
537 3.628838969364597
538 3.3451584729250206
539 3.4371348149125915
540 3.476363418626895
541 3.2928787823254617
542 3.3745375163383207
543 3.389497026542137
544 3.3875418570323355
545 3.2597853842957503
546 3.3720218542727234
547 3.3327343848666304
548 3.389261831506582
549 3.347220380252889
550 3.3692086752727612
551 3.359021447302459
552 3.3892447848915985
553 3.4709526090662424
554 3.362265597839813
555 3.333453337347919
556 3.602118610051026
557 3.418383819374029
558 3.396656590245117
559 3.4047889793580084
560 3.371103692749835
561 3.264180745670338
562 3.496476815545912
563 3.4381407095426457
564 3.420772344145728
565 3.313873493777603
566 3.469190484450139
567 3.5182167749147775
568 3.166765154392212
569 3.423445646592249
570 3.3696617325646687
571 3.3326983755479063
572 3.3018043479777166
573 3.48539374162342
574 3.4905483615347346
575 3.3222846641394197
576 3.266378461446495
577 3.402982066016543
578 3.3290272406581853
579 3.3851550610068317
580 3.3139271217947717
581 3.640246785114801
582 3.391517937199591
583 3.4209507035591966
584 3.497535109245177
585 3.2982527457630257
586 3.388940564413624
587 3.401355105871877
588 3.3774084966287727
589 3.301220833096816
590 3.2427692360199525
591 3.332415644030794
592 3.4207799354776105
593 3.345692182751427
594 3.4847038634267786
595 3.367284428191198
596 3.4888101077636553
597 3.5895429833629944
598 3.4205287953915957
599 3.2803085800449336
600 3.5052546048382514
601 3.5436077525549354
602 3.3638413231000674
603 3.341163406977417
604 3.3685326527225365
605 3.5187992885680917
606 3.489352550051526
607 3.388596612945198
608 3.6133222693793843
609 3.4383746408253333
610 3.528386657557022
611 3.3359171132181156
612 3.396201711929361
613 3.473832393916126
614 3.386804452942479
615 3.366418374863192
616 3.440665288998589
617 3.5191044266263
618 3.4485411136361175
619 3.443876721258766
620 3.351755756477138
621 3.358397608590038
622 3.640121679421582
623 3.4525748838971726
624 3.423223897731161
625 3.25360961228541
626 3.25256258187589
627 3.331963977850454
628 3.2279167728287335
629 3.4280600488199173
630 3.4025957508586027
631 3.446627536711249
632 3.2992001354190466
633 3.3671322537308326
634 3.3217837822042444
635 3.4475572062183963
636 3.4226610448946224
637 3.470334896945995
638 3.306936755147461
639 3.615508979152408
640 3.809397469911128
641 3.6148506943950616
642 3.341149639106221
643 3.489720834712555
644 3.5273200350495695
645 3.2800736377175133
646 3.327131768532951
647 3.372424156183227
648 3.3177815319573423
649 3.4279754708654333
650 3.3336264336805206
651 3.4544011952530975
652 3.3687093917830486
653 3.5327446474121986
654 3.8964282082019848
655 3.4479038794748296
656 3.5549149221583742
657 3.3846784036656326
658 3.3131826627860708
659 3.3950303456248716
660 3.467631335566402
661 3.8326049290048907
662 3.5851716939180855
663 3.387909439953862
664 3.374508685433302
665 3.440186527756803
666 3.6439105889556305
667 3.3991318026466426
668 3.4965435673320933
669 3.322395720426214
670 3.2710285303627313
671 3.357434272151329
672 3.4031642607954113
673 3.3377698756478207
674 3.3954426078878863
675 3.3446494241585736
676 3.258212171031168
677 3.3687543886399838
678 3.2951260669536966
679 3.326700333467342
680 3.351362388509463
681 3.4725551703106685
682 3.3181463646192673
683 3.4568750225235356
684 3.4064759840293886
685 3.458268512290155
686 3.4139156908883384
687 3.299515635174079
688 3.341905631379615
689 3.800323181073107
690 4.241712909671596
691 3.24673223666623
692 3.329000405556213
693 3.375763561421935
694 3.5338272155518267
695 3.643416313744355
696 3.3348499260808886
697 3.4527334701383015
698 3.494386649455782
699 3.368726064109706
700 3.2736936459212
701 3.4425466952772528
702 3.490579773928834
703 3.4482862821951024
704 3.5492133631949856
705 3.4040353020994885
706 3.2437633317077337
707 3.3498743652794376
708 3.3311919334349627
709 3.2644895053643554
710 3.3871303301466904
711 3.4340259314328945
712 3.554427210692347
713 3.3287436389394847
714 3.3950159336063166
715 3.628843634317802
716 3.2990429813137103
717 3.6707495278248143
718 3.221092787987944
719 3.3596206532198916
720 3.374323815321852
721 3.3892112312880833
722 3.4692761096586393
723 3.9418135572556334
724 3.5382544250776835
725 3.5629645748085017
726 3.3820668583978852
727 3.4536189448609016
728 3.354053035961611
729 3.44052612939221
730 3.346256892347387
731 3.3398550718065643
732 3.5789025718829492
733 3.3386825814666348
734 3.361738229415846
735 3.463457472607436
736 3.538906384770995
737 3.3808052083664686
738 3.499456252125059
739 3.3034605925083422
740 3.4893144694552367
741 3.396051785900972
742 3.3736688228811595
743 3.311407073994334
744 3.3201942083064067
745 3.3068427247891443
746 3.72245306357524
747 3.396329940873867
748 3.4084167873032634
749 3.235612480391848
750 3.5098993979107096
751 3.514204909483941
752 3.5513452901149214
753 3.7257557683523403
754 3.488003331926093
755 3.652041615089492
756 3.403337086040822
757 3.35886186485419
758 3.49261926277323
759 3.3819087819734546
760 3.7272598448102237
761 3.3587979001533177
762 3.3697781566401224
763 3.719171136909272
764 3.4960650382761966
765 3.775329360207857
766 3.2826706620820354
767 3.530008448416421
768 3.3223125559245683
769 3.436075621810171
770 3.3505635494621306
771 3.425690866889696
772 3.433170440595724
773 3.3272196794689926
774 3.7942916030596345
775 3.3443847924543784
776 3.4533718070665405
777 3.674103095880574
778 3.9335246253500054
779 3.5722856981422106
780 3.5511164171893177
781 3.9673352689311847
782 3.35845090317383
783 3.4351156740065947
784 3.3261542412780947
785 3.425042547156055
786 3.3340419306645526
787 3.2712203270630407
788 3.482605224769021
789 3.47136069364221
790 3.4105381139191646
791 3.3029683131965744
792 3.4908777330003598
793 3.488115646964989
794 3.355461446330335
795 3.3096018206062823
796 3.387071215345092
797 3.2272213748233924
798 3.6297356012323547
799 3.3928958348059446
800 3.4085366554375174
801 3.615213434725008
802 3.430643174016986
803 3.306599523347965
804 3.2687140827742898
805 3.52126121057759
806 3.3523039954818423
807 3.2794030056899435
808 3.5685260328097512
809 3.3838223280345203
810 3.2748133204198986
811 3.315953440014774
812 3.420581150693
813 3.43105881392471
814 3.501804461503912
815 3.4126595074759885
816 3.361499043630833
817 3.3558285727136106
818 3.4427290653764517
819 3.340901081500265
820 3.474340745037709
821 3.413252443041509
822 3.297003494641842
823 3.3321381562053634
824 3.3252052023990033
825 3.3495507025370297
826 3.430790689599147
827 3.4523690132025107
828 3.437704954940284
829 3.3342190337902675
830 3.3455731155015065
831 3.3806386037704224
832 3.4012783105786277
833 3.438947904638614
834 3.4642398436192723
835 3.3592657781358315
836 3.2841644246407093
837 3.2943858185342414
838 3.499377218104415
839 3.3509665987931614
840 3.304992103956845
841 3.3742783619334693
842 3.4479495666502507
843 3.401527785074386
844 3.535278440525401
845 3.5778871914217634
846 3.3738165985945616
847 3.3970335471074216
848 3.3036741138745174
849 3.367901199191634
850 3.4470020600917533
851 3.332258927382359
852 3.8000041174244346
853 3.4420273843860265
854 3.2860179576398183
855 3.5471463553687532
856 3.412296174733597
857 3.406101544373058
858 3.4221658178187053
859 3.470436997089176
860 3.275112525851343
861 3.3624103335143865
862 3.6373114063585654
863 3.5561272506438653
864 3.4564073760330123
865 3.315146069937287
866 3.3508312179267383
867 3.473741516259694
868 3.436181267599306
869 3.428610685294666
870 3.5274986725144153
871 3.3241228608265603
872 3.5644407304164694
873 3.405204192869737
874 3.341091869298341
875 3.4186599461998943
876 3.364112658315945
877 3.6491100510192376
878 3.356210302522138
879 3.864928781737128
880 3.5595783997192103
881 3.392300465884343
882 3.43509278062882
883 3.5402157585659224
884 3.5942072230859208
885 4.157366501062266
886 3.9702652118518746
887 3.313591881929958
888 3.3157783866758685
889 3.3218422878424017
890 3.368737660903495
891 3.372849084186102
892 3.469455894633875
893 3.4421224157744708
894 3.370669747359296
895 3.455868504479276
896 3.69881278907284
897 3.7977233591796895
898 3.353901966025638
899 3.3154251985331586
900 3.569262052811284
901 3.421927540092979
902 3.2875979910876287
903 3.4893332307835414
904 3.321314368731198
905 3.476975892603209
906 3.366991064109739
907 3.462204087564105
908 3.401575765598952
909 3.31925105834599
910 3.300345272802591
911 3.4111926618667603
912 3.539055935766585
913 3.3108592704233364
914 3.3799153508287896
915 3.483031109607015
916 3.2663392878569164
917 3.3559489627693853
918 3.7046030299045265
919 3.356743470535784
920 3.564880837680318
921 3.352044187116789
922 3.7175137214863256
923 3.454517050608711
924 3.3580648978845766
925 3.3136723962785886
926 3.2595434965327996
927 3.3107622836594124
928 3.5290761533337256
929 3.6450881584983033
930 3.346821734793545
931 3.56377476749689
932 3.297099321806888
933 3.3190229857557405
934 3.3653599991850043
935 3.422576071901183
936 3.3131319050657897
937 3.2936841164170523
938 3.388298462245618
939 3.3765641457727935
940 4.313288385025601
941 3.4951097251472114
942 3.3132587217638774
943 3.367610342993169
944 3.452287801420488
945 3.342762365314373
946 3.3575244545231353
947 3.4426651599111375
948 3.51273977795494
949 3.458387387472284
950 3.29624962523195
951 3.3889363037069837
952 3.291881305154347
953 3.3495923261844665
954 3.4271871244700423
955 3.4471073182914953
956 3.404402654126358
957 3.276858795207177
958 3.222699542380342
959 3.3764031765017815
960 3.273370434757204
961 3.450542983539085
962 3.363530016556006
963 3.4105301505428223
964 3.3847870632712223
965 3.537928731264386
966 3.586302415104977
967 3.5743014383588108
968 3.360916385046285
969 3.7420772580677717
970 3.6886362574141334
971 3.5124345310972984
972 3.2911007032514674
973 3.4053553286263805
974 3.402881734873481
975 3.2957249655720724
976 3.7418809753017483
977 3.5441972690900707
978 3.5522620662336974
979 3.444707198782225
980 3.530194045039535
981 3.5657747185280773
982 3.4647422616122228
983 3.2710815940043507
984 3.5805877102349677
985 3.298223230880968
986 3.3615649511146524
987 3.3273597163882944
988 3.2547942365645115
989 3.308491118023912
990 3.4192233530462626
991 3.440615426852464
992 3.376934702273177
993 3.2707357683330986
994 3.60962425994251
995 3.4569069218471014
996 3.2605966555768053
997 3.389349577584702
998 3.3359021851618116
999 3.3924945102921003
1000 3.4169294998259545
1001 3.345293059578987
1002 3.3955809254092078
1003 3.505483599839132
1004 3.3852988969107747
1005 3.4114497376701562
1006 3.445212287732291
1007 3.3666393423571903
1008 3.4705685458554565
1009 3.307605469840107
1010 3.406656127006048
1011 3.2806641895865005
1012 3.4112151656235934
1013 3.4476210076346305
1014 3.4311394105208652
1015 3.420981122353083
1016 3.4079651099873414
1017 3.2570711177468388
1018 3.437422867760203
1019 3.311984574478928
1020 3.369347686269271
1021 3.2977711828788436
1022 3.2905707653992686
1023 3.4666071018170435
1024 3.379118268505654
1025 3.302007363627565
1026 3.291927981596041
1027 3.2511887815958036
1028 3.368079317279167
1029 3.2674247838124244
1030 3.2918450980596328
1031 3.336515736735767
1032 3.327133584659118
1033 3.308658724992034
1034 3.351326350133246
1035 3.329467297744904
1036 3.3961691393025366
1037 3.3846047451435997
1038 3.403082222622211
1039 3.6846160715997978
1040 3.456969177550984
1041 3.303888603153485
1042 3.346575749422605
1043 3.43331454902462
1044 3.3699634846521067
1045 3.266648018382459
1046 3.3763895163669644
1047 3.3669914586240113
1048 3.427376364737212
1049 3.5616185418759265
1050 3.3489008851096056
1051 3.9055319209298487
1052 3.4280892600890094
1053 3.4180223036705923
1054 3.298069987574976
1055 3.3843466647311438
1056 3.3323588731794196
1057 3.3192014175420965
1058 3.4473030474614985
1059 3.4601856272371703
1060 3.309193472225012
1061 3.42215528684431
1062 3.445478813565435
1063 3.3548017672064487
1064 3.5169390069959343
1065 3.8164806452958446
1066 3.6606120972263687
1067 3.7246630572306425
1068 3.5417412932765346
1069 3.560863859616861
1070 3.5818530324258027
1071 3.526210001655631
1072 3.3378127100785036
1073 3.5036200140044644
1074 3.398675480805213
1075 3.19704778610701
1076 3.4681228957163466
1077 3.343069700881031
1078 3.255537248803026
1079 3.263971844805222
1080 3.377611522527745
1081 3.3540798660024898
1082 3.4562928798934776
1083 3.458382521107589
1084 3.339456963677738
1085 3.3958925689450905
1086 3.4847531835921495
1087 3.41667332796496
1088 3.3170330078728667
1089 3.317713424747469
1090 3.371827118559982
1091 3.308090218978656
1092 3.3671837951114068
1093 3.4979901207633097
1094 3.3761861453303994
1095 3.3808084617528524
1096 3.6362658325049684
1097 3.3579947655420166
1098 3.258588848561232
1099 3.397787821703951
1100 3.756453508733514
1101 3.5000249244261994
1102 3.620666765664136
1103 3.482008948303611
1104 3.3748292842430097
1105 3.3050027861487554
1106 3.3933357873984686
1107 3.4590437694841913
1108 3.623708227071006
1109 3.4036852489655223
1110 3.4893361117508594
1111 3.4382204761536865
1112 3.4408220614917693
1113 3.381433290658983
1114 3.339449547938553
1115 3.3604372254950468
1116 3.3781338944512918
1117 3.228044660707051
1118 3.3491481204479943
1119 3.4565270012508584
1120 3.426724433356821
1121 3.436220264183024
1122 3.316247073875841
1123 3.3735347081007556
1124 3.4604331995447746
1125 3.3892224572890277
1126 3.2938917795872165
1127 3.4368648466031297
1128 3.414868433627226
1129 3.6569281351220027
1130 3.3965664803866797
1131 3.360842876691049
1132 3.322126326355854
1133 3.463106015829542
1134 3.4790383751768372
1135 3.3697310861698737
1136 3.3915566206997734
1137 3.5356948140719853
1138 3.2606221090815253
1139 3.29432422381414
1140 3.3478806788230666
1141 3.392527326560943
1142 3.4968545668286573
1143 3.392730056460855
1144 3.6028918705460953
1145 3.4162433088609574
1146 3.5617593368288203
1147 3.2961374253872315
1148 3.273721360000682
1149 3.4778150176686453
1150 3.262382451937028
1151 3.295242860996514
1152 3.3127620352160356
1153 3.3231520022697625
1154 3.4270274992830125
1155 3.3243406894950702
1156 3.3003200252435754
1157 3.3363850956940277
1158 3.3883568890273246
1159 3.2683299756615454
1160 3.3838212186985785
1161 3.5774543194023516
1162 3.606288522748091
1163 3.3423492205237877
1164 3.32460670521379
1165 3.3979677332535614
1166 3.3294713275284957
1167 3.404134617331991
1168 3.28312544975125
1169 3.6299671994388487
1170 3.416118108498764
1171 3.3395851871518087
1172 3.338369191731596
1173 3.313949239603869
1174 3.361160846068056
1175 3.356357581181487
1176 3.3189611801285768
1177 3.370699734357787
1178 3.521878458510164
1179 3.4706329248103893
1180 3.5987420638365624
1181 3.2825701049160902
1182 3.3395249029783693
1183 3.4896638720157407
1184 3.570643128437555
1185 3.374607916471869
1186 3.5786224397213946
1187 3.4752694704884686
1188 3.2690420206661246
1189 3.3254064749702357
1190 3.42752783794024
1191 3.6187497237651662
1192 3.357145614197751
1193 3.281127935210504
1194 3.4307913782038924
1195 3.482138291560838
1196 3.484756820004478
1197 3.4166707025442014
1198 3.5287731093885792
1199 3.2808599765403033
1200 3.3033243803235464
1201 3.368231869892917
1202 3.361692897537393
1203 3.3673764094266
1204 3.3819019104226413
1205 3.487573326444662
1206 3.4015686271042584
1207 3.5971081010175565
1208 3.3567401559071453
1209 3.372917692276919
1210 3.412350292146467
1211 3.4358879872822414
1212 3.465349118151656
1213 3.311234226706558
1214 3.3737540510483726
1215 3.3469998786956987
1216 3.364746761012758
1217 3.2810893196719135
1218 3.338894957231176
1219 3.38224119226541
1220 3.242496416050247
1221 3.6391741661088974
1222 3.4411587384375797
1223 3.548415922788592
1224 3.3507598313418265
1225 3.288228754425866
1226 3.4374458872392237
1227 3.5025442585505293
1228 3.501410173334009
1229 3.4192398269846582
1230 3.306066872583221
1231 3.3425783481988103
1232 3.3494216823305627
1233 3.299465944938129
1234 3.456135315606651
1235 3.3169910709326422
1236 3.2466764597115403
1237 3.323714524166499
1238 3.3742650540467545
1239 3.4159648662044586
1240 3.2971393810368683
1241 3.292618746680698
1242 3.346838817038291
1243 3.361598026879223
1244 3.3548452623902665
1245 3.3726251382364514
1246 3.5011460999842656
1247 3.2664208507281596
1248 3.4073515140387225
1249 3.4609508402124716
1250 3.242187845000715
1251 3.429996964135058
1252 3.4221327615394683
1253 3.3150849777071802
1254 3.3425652257122263
1255 3.361242643307306
1256 3.6302910553809555
1257 3.2439176397719156
1258 3.385281460670194
1259 3.39409592527667
1260 3.3570462507854373
1261 3.387431194929585
1262 3.350816913371888
1263 3.2801120092627345
1264 3.3456160087765476
1265 3.4379108833574787
1266 3.3111121926288627
1267 3.368995532138408
1268 3.346583063460108
1269 3.3685735334509888
1270 3.3201582700205914
1271 3.484935464369615
1272 3.2546685152571433
1273 3.38283790945113
1274 3.3185326956400294
1275 3.4024028284743406
1276 3.40596694438251
1277 3.2496468057357513
1278 3.314328747205444
1279 3.3273135392161346
1280 3.3886779129976405
1281 3.40459790975803
1282 3.362335916010331
1283 3.339532792914659
1284 3.3605515096392873
1285 3.4797194083451237
1286 3.2553853199169946
1287 3.360251200841338
1288 3.2614680804044425
1289 3.287343062063561
1290 3.2499049352624163
1291 3.388587343344987
1292 3.3402745521698614
1293 3.4373890438726447
1294 3.3444839467191305
1295 3.3022645160221824
1296 3.50923455701317
1297 3.3771466670309707
1298 3.5266848212163504
1299 3.527912018104516
1300 3.3619608521362894
1301 3.3940883780733007
1302 3.3611956280671844
1303 3.3993603046978826
1304 3.3342515492155718
1305 3.220840831042657
1306 3.318898732863649
1307 3.3945195486387085
1308 3.343503189314615
1309 3.49727066994003
1310 3.5151730947360473
1311 3.608611250088326
1312 3.231787198617396
1313 3.431651747682971
1314 3.3119806568807855
1315 3.4862010829684476
1316 3.376026582715713
1317 3.337747340034359
1318 3.414930836604085
1319 3.3613525854618924
1320 3.3782150365380845
1321 3.3245347194965347
1322 3.2998723751536865
1323 3.4101136210923864
1324 3.3761067976888146
1325 3.2489901675491617
1326 3.4711373051533108
1327 3.377695296803957
1328 3.5365548938131255
1329 3.374719390532929
1330 3.6616256145563857
1331 3.5179147376906443
1332 3.367094632744118
1333 3.4101196750908027
1334 3.344180710887568
1335 3.248473381976696
1336 3.358171829389515
1337 3.3784334728535144
1338 3.331580258229866
1339 3.3428194377099305
1340 3.421478623797702
1341 3.4262031557598887
1342 3.3720031258170504
1343 3.436675167466546
1344 3.4373800931537573
1345 3.2709084667857127
1346 3.387535182556305
1347 3.2356590609380977
1348 3.3510875936073385
1349 3.409190804649568
1350 3.3586954398380295
1351 3.4535202830462306
1352 3.505737855525699
1353 3.5072173297260534
1354 3.4571154991877435
1355 3.351725577783855
1356 3.39366612314677
1357 3.261556731267869
1358 3.4344021788741865
1359 3.334307101913204
1360 3.336790143144395
1361 3.2474241147543945
1362 3.3576012586394373
1363 3.346462043887849
1364 3.3994948362555637
1365 3.2255551286054644
1366 3.334581706614248
1367 3.246007139516084
1368 3.3719288551451934
1369 3.5881706928013943
1370 3.5111486523734534
1371 3.5521717289090873
1372 3.323971250109535
1373 3.3707664053635913
1374 3.5552503208523167
1375 3.212820526301084
1376 3.242135412195337
1377 3.498383936263997
1378 3.3497379132972456
1379 3.4445676747681917
1380 3.42114861888365
1381 3.5351931662681846
1382 3.437463434782818
1383 3.3481304097802953
1384 3.3938869497719852
1385 3.4036373764078243
1386 3.3892029331117706
1387 3.431490236536389
1388 3.2599346928090185
1389 3.4388073471424416
1390 3.380060728170349
1391 3.447960163497334
1392 3.263880835376844
1393 3.4029140797257984
1394 3.322628254104874
1395 3.289752754044635
1396 3.2895381226088922
1397 3.3531704058669884
1398 3.413317320053429
1399 3.443575255026331
1400 3.315778966157055
1401 3.287486362919945
1402 3.338536085944925
1403 3.7810544255224916
1404 3.2957981269448564
1405 3.404677731407644
1406 3.4426479035872144
1407 3.2696241237969645
1408 3.3227184903133766
1409 3.3381272814467233
1410 3.350657588725625
1411 3.3245407910145026
1412 3.3295533314845285
1413 3.3693259006947835
1414 3.243549336154464
1415 3.451843621054088
1416 3.426007957099945
1417 4.193063169491071
1418 3.2862782826014234
1419 3.4325866071204
1420 3.351810358089456
1421 3.348382578563136
1422 3.4571151116725267
1423 3.562849997955409
1424 3.388084871384715
1425 3.432143041950995
1426 3.404409489010164
1427 3.478113201804832
1428 3.6881520864996697
1429 3.3772669020688504
1430 3.2765002432209114
1431 3.355874531958279
1432 3.307489243178914
1433 3.381391246198732
1434 3.378934163762452
1435 3.499476762839662
1436 3.302410587400195
1437 3.378331625285857
1438 3.4281017922977943
1439 3.28923909209955
1440 3.3510955178140995
1441 3.359218869620715
1442 3.3064945650865916
1443 3.3830917947373447
1444 3.313230603047732
1445 3.2663867643201074
1446 3.323582107531032
1447 3.3213331557358083
1448 3.319843578492602
1449 3.355170648053772
1450 3.636993719629091
1451 3.274677430664117
1452 3.3695039036056067
1453 3.7275479198684454
1454 3.3593930667500587
1455 3.291082477916952
1456 3.3668835001813577
1457 3.3842922008117466
1458 3.3307444847041507
1459 3.4271689449826903
1460 3.767061430521651
1461 3.5865325064598705
1462 3.465469302938496
1463 3.4052571354214347
1464 3.45438290673801
1465 3.4352743455347534
1466 3.3296792516783618
1467 3.386467636838876
1468 3.3914354941196136
1469 3.255012507811297
1470 3.3356348430316864
1471 3.298005558607521
1472 3.4825794928203937
1473 3.3830746422488627
1474 3.365301693067429
1475 3.74173243734987
1476 3.2806064794014476
1477 3.318385841218834
1478 3.427995414803898
1479 3.324863617414417
1480 3.5257178840253207
1481 3.3083146886441095
1482 3.3703953999475273
1483 3.3951976320744746
1484 3.2671861389808177
1485 3.3672110865507787
1486 3.3352860131333744
1487 3.2516151377415046
1488 3.2960132381345293
1489 3.2923268168227082
1490 3.364087266921677
1491 3.3168637025298304
1492 3.4030888960906864
1493 3.3788943146716637
1494 3.2778209462679118
1495 3.4905865860535252
1496 3.354086778843887
1497 3.605714699120467
1498 3.464048409254309
1499 3.2561031430861727
1500 3.3031201714914036
1501 3.6092500221286867
1502 3.3717086206128206
1503 3.554217786684895
1504 3.5496630051530076
1505 3.378372069486677
1506 3.322832737560363
1507 3.2882986885044643
1508 3.377096037323018
1509 3.3900906390053707
1510 3.397098827776945
1511 3.4637096225019337
1512 3.3320133284563638
1513 3.3905682580773226
1514 3.6351864012511914
1515 3.304029363443471
1516 3.589316863257924
1517 3.305761438243811
1518 3.6085731988555017
1519 3.360306904335396
1520 3.5348079382372872
1521 3.3081981864854697
1522 3.477547090929918
1523 3.351597789696294
1524 3.275312100696137
1525 3.343465158192728
1526 3.3866285360500923
1527 3.3548273501621786
1528 3.287110329053375
1529 3.323963293252938
1530 3.3549700922140993
1531 3.3605717272141424
1532 3.4379071723560903
1533 3.4036628399319198
1534 3.2980536250995622
1535 3.43046755615923
1536 3.4083670082523247
1537 3.30070928460944
1538 3.320569772080259
1539 3.3852356490024893
1540 3.331792158955631
1541 3.3973621683132227
1542 3.3333327318906933
1543 3.595419368575728
1544 3.460399545205217
1545 3.414402057862793
1546 3.311551745182472
1547 3.356383099724753
1548 3.2997715943150987
1549 3.340875289261446
1550 3.323172544480211
1551 3.2429755678992556
1552 3.27700785407053
1553 3.3391261533451817
1554 3.5601031140611323
1555 3.634085963459257
1556 3.285231860016264
1557 3.2877169162687174
1558 3.307846056490789
1559 3.5867933574472435
1560 3.2043337754412526
1561 3.3087541955347164
1562 3.551936496182955
1563 3.1924833312025145
1564 3.316031920280227
1565 3.286943535410748
1566 3.4446770890476226
1567 3.4149778942912734
1568 3.3863141716887806
1569 3.3721963069606242
1570 3.335609331342266
1571 3.664176369894156
1572 3.3648743431395562
1573 3.529408520333211
1574 3.321359669537679
1575 3.2829647629168686
1576 3.4043799116678244
1577 3.5352662969893283
1578 3.3184597644538214
1579 3.548273264331053
1580 3.2559588839095235
1581 3.3949319279329235
1582 3.2828866830824013
1583 3.414469045030411
1584 3.3120540278656883
1585 3.5671973655828118
1586 3.425214582969116
1587 3.3486338818815375
1588 3.30929567636135
1589 3.277408027129582
1590 3.3809587255713494
1591 3.4322668185320735
1592 3.4299385747880757
1593 3.417247123911536
1594 3.4752300768436197
1595 3.347337350820542
1596 3.416787871700892
1597 3.3527554982720797
1598 3.534698162059802
1599 3.624164076257161
1600 3.2473961101913935
1601 3.4075978213269256
1602 3.474316900510241
1603 3.7824846431742314
1604 3.217188266037836
1605 3.2999473796828354
1606 3.450770043871
1607 3.3083596513020535
1608 3.4621619656196927
1609 3.4315800989168928
1610 3.3956378679668164
1611 3.4670625788751352
1612 3.468290359043931
1613 3.3794457660941912
1614 3.6262627966435392
1615 3.454342775503446
1616 3.400398733106199
1617 3.348670555639848
1618 3.547314149252722
1619 3.4290819784240854
1620 3.373821497746066
1621 3.456167955465038
1622 3.5140676917155638
1623 3.274330807289362
1624 3.443540114697107
1625 3.378349216064516
1626 3.595572461550195
1627 3.333190755675295
1628 3.2490521389418943
1629 3.406602023519833
1630 3.4399638166716957
1631 3.441378352000405
1632 3.3738645511959673
1633 3.3549023591520895
1634 3.3558450204430232
1635 3.3636871480305004
1636 3.422261334387863
1637 3.5214207296070605
1638 3.4107076730815957
1639 3.611511217755003
1640 3.397841284612276
1641 3.4125969175713333
1642 3.3544874247143617
1643 3.2397097896283236
1644 3.5113203498592322
1645 3.2725104042396347
1646 3.4062603019704865
1647 3.6653369611859232
1648 3.344056239652162
1649 3.477266907752814
1650 3.2931400148897736
1651 3.3577363338911796
1652 3.475352365145741
1653 3.39079625057959
1654 3.3852038447558095
1655 3.3437756487528603
1656 3.2997982335657814
1657 3.645618554088807
1658 3.3409069153107827
1659 3.4120128185316276
1660 3.649158654321439
1661 3.367967126070755
1662 3.393177228595825
1663 3.387459529599151
1664 3.5730141453582474
1665 3.316856794061496
1666 3.378761601533617
1667 3.466784162000287
1668 3.433134379971294
1669 3.4099910620841847
1670 3.27254952808479
1671 3.333550456302989
1672 3.34453736683
1673 3.4314064873497063
1674 3.385762954164727
1675 3.341235658550088
1676 3.5446895959723506
1677 3.2942108421154424
1678 3.5340710839325036
1679 3.3645008512238013
1680 3.4821798905764645
1681 3.4495204365471035
1682 3.462505902846685
1683 3.415200416361311
1684 3.3301465601335076
1685 3.2458826566533854
1686 3.407983108830579
1687 3.6164849737667915
1688 3.49979238643681
1689 3.3623759032234983
1690 3.4991709794615726
1691 3.2651137421234617
1692 3.798673161899691
1693 3.6037472480950963
1694 3.3752219148293943
1695 3.3926511062768516
1696 3.4317278943604443
1697 3.427912348253788
1698 3.3156242294384137
1699 3.269180021432434
1700 3.297473404250091
1701 3.5126074300295835
1702 3.2640131898636056
1703 3.3543249801117834
1704 3.360664555828997
1705 3.7237712078100813
1706 3.3500242443633166
1707 3.487735830841898
1708 3.4529484164782245
1709 3.331653821187757
1710 3.4732692164382617
1711 3.2709103867306477
1712 3.4660399952258456
1713 3.2821702766087943
1714 3.421950306869172
1715 3.384801179726697
1716 3.489572122368348
1717 3.5957406997401473
1718 3.3058797003024614
1719 3.3141771998444716
1720 3.3287164279819494
1721 3.433672534572761
1722 3.382998343529732
1723 3.3111708378936417
1724 3.33593644612246
1725 3.366723103029859
1726 3.318549330394732
1727 3.276228156660868
1728 3.424493979413684
1729 3.32737153045142
1730 3.3301682183297068
1731 3.3940747183424356
1732 3.4019796311178654
1733 3.366920149293198
1734 3.4308309906737793
1735 3.389339656776535
1736 3.3657844303470377
1737 3.391736407752767
1738 3.530132574371657
1739 3.3623838881819235
1740 3.313380146877424
1741 3.286034603654972
1742 3.710132160102968
1743 3.360660381057212
1744 3.353627975379663
1745 3.4264495967140913
1746 3.4773562968801635
1747 3.363912917969696
1748 3.2933332802013586
1749 3.3410745694438098
1750 3.483632206977736
1751 3.507513445883216
1752 3.3486935094847476
1753 3.2935005767235155
1754 3.4996308046910047
1755 3.4531753883984377
1756 3.45382013936096
1757 3.3356425069054794
1758 3.37462842246961
1759 3.4926506590279733
1760 3.73528162019501
1761 3.983197346541048
1762 3.3666129929962785
1763 3.3914090984709637
1764 3.2838932286109292
1765 3.336839805518536
1766 3.427468933890965
1767 3.273749934755654
1768 3.3166081724799144
1769 3.3863157766856538
1770 3.383959851251967
1771 3.3104199037754274
1772 3.387320698443017
1773 3.410011996772765
1774 3.2976209651862662
1775 3.3119186051853187
1776 3.290816949061676
1777 3.436959824796984
1778 3.3964646117163784
1779 3.300232820523582
1780 3.327460860931206
1781 3.337733006007827
1782 3.3512371366902385
1783 3.2761445644168736
1784 3.412779959449391
1785 3.2995609343378316
1786 3.40636882750082
1787 3.4575625788564786
1788 3.2978527811066822
1789 3.2697847082395044
1790 3.3163665903433244
1791 3.3230515508524134
1792 3.3797508324734804
1793 3.3243387255319825
1794 3.2902697901234625
1795 3.4204176220110507
1796 3.6414687895971922
1797 3.2221533170794143
1798 3.3813875217244345
1799 3.4667658137111896
1800 3.3971598130072826
1801 3.3441524343137496
1802 3.289934741145712
1803 3.3441647115854276
1804 3.381830309894349
1805 3.476798541116264
1806 3.2833382142906995
1807 3.3578092109358697
1808 3.271859086495198
1809 3.3713494401861053
1810 3.325355836442172
1811 3.3516943147564517
1812 3.3796391736404905
1813 3.4100686793060495
1814 3.3161924349025
1815 3.378947719713997
1816 3.3646255382978127
1817 3.427351077923349
1818 3.3391562362384173
1819 3.3900242565919876
1820 3.3109536413126817
1821 3.2706558561908166
1822 3.273730726389458
1823 3.317254835724432
1824 3.4801820327286204
1825 3.282594879082947
1826 3.265412296301067
1827 3.3339813144071853
1828 3.476820067724454
1829 3.319899107376477
1830 3.392468232454242
1831 3.39021981357964
1832 3.405033514005444
1833 3.344967232276944
1834 3.395287489464885
1835 3.5337364877901485
1836 3.503373079802577
1837 3.3091846567467096
1838 3.399887288331503
1839 3.4062418300714548
1840 3.28339796665136
1841 3.3352833474612313
1842 3.435281298935591
1843 3.492642429603765
1844 3.3567882707472094
1845 3.269422464554789
1846 3.469940262075882
1847 3.5851411747569215
1848 3.3656084316567134
1849 3.3198334365172477
1850 3.3117662104705823
1851 3.3305900337184626
1852 3.218280298315554
1853 3.515398409484638
1854 3.34608471059505
1855 3.5642584502563577
1856 3.324003113916055
1857 3.5646714883217934
1858 3.2741177785648174
1859 3.4485825512633044
1860 3.403312092992056
1861 3.4537317573940522
1862 3.4474641569488824
1863 3.367396025524618
1864 3.3739705333590835
1865 3.3493628016058588
1866 3.3133799198238076
1867 3.417326230151304
1868 3.4366095263328136
1869 3.3156508880226427
1870 3.4538421988123584
1871 3.3478985544364335
1872 3.3454948867978254
1873 3.2909526462343326
1874 3.392393003817029
1875 3.381179935822631
1876 3.42674740763643
1877 3.7662732863573067
1878 3.260253811755872
1879 3.449544741813799
1880 3.3491196952805367
1881 3.2784243754323095
1882 3.5125631902782977
1883 3.6003880916349527
1884 3.366507556997252
1885 3.326178083940283
1886 3.5279139311476206
1887 3.4043918602989782
1888 3.4231156073555344
1889 3.3729105756070985
1890 3.4209820903211896
1891 3.3787347530807583
1892 3.3272869005591192
1893 3.365393814899207
1894 3.2313703004914003
1895 3.31421765782972
1896 3.426415369487535
1897 3.344282509201619
1898 3.296084109185293
1899 3.2847542113425456
1900 3.317895060002653
1901 3.392157850755782
1902 3.422137519817869
1903 3.3495071351430172
1904 3.603908675275677
1905 3.3817925209429123
1906 3.27549487502006
1907 3.3417551337194937
1908 3.397380431927005
1909 3.309026294515719
1910 3.348726855355475
1911 3.3238550413672283
1912 3.4005395714986983
1913 3.3852545161566168
1914 3.3909181249232425
1915 3.429965038645608
1916 3.3842331084316366
1917 3.3853333383443798
1918 3.328455687044589
1919 3.2841188505269447
1920 3.51766798186998
1921 3.4865354576763066
1922 3.3547736094241793
1923 3.4391807540264776
1924 3.3671097885086607
1925 3.27794384720512
1926 3.644976904605549
1927 4.375477687161678
1928 3.3882016790150815
1929 3.4256786536488444
1930 3.3365111801298104
1931 3.47181541760677
1932 3.285550579290219
1933 3.38619348584289
1934 3.4159335053773603
1935 3.3263680478406026
1936 3.401575256055429
1937 3.314109242676874
1938 3.839513530495937
1939 3.705735496058356
1940 3.567396832226825
1941 3.692953403340185
1942 4.136877399701136
1943 4.329926111491925
1944 4.876459863007377
1945 4.449035722434192
1946 4.695744960795357
1947 4.370094789311685
1948 4.657682523327119
1949 3.52305381525505
1950 3.321849245068068
1951 3.446746826349724
1952 3.3682812980320525
1953 3.569683159372161
1954 3.422958234484845
1955 3.3920972740736
1956 3.4517565570125766
1957 3.6214088853354682
1958 3.3378604462691883
1959 3.314305266976707
1960 3.5223726733001284
1961 3.4522167658055123
1962 3.4154432750129473
1963 3.4205145708409486
1964 3.354248320991035
1965 3.3505037282983223
1966 3.333674111152859
1967 3.33345212451807
1968 3.4464553362047714
1969 3.4023507106629514
1970 3.3512381462168985
1971 3.4029662319702414
1972 3.384078066667459
1973 3.6127782316479937
1974 3.358306848639026
1975 3.4204391152198346
1976 3.759287917734788
1977 3.2802031793478608
1978 4.428530299806884
1979 4.095896464834359
1980 3.972593238038626
1981 3.3950878586323787
1982 3.218771107725843
1983 3.554444193663407
1984 3.4228451424271586
1985 3.4774716352161157
1986 3.3926174001627167
1987 3.3081175490688057
1988 3.3969110018471644
1989 3.3902191405901565
1990 3.4389687917899816
1991 3.396580544931791
1992 3.508525347956505
1993 3.345869607329702
1994 3.2824776726298084
1995 3.4557904474873866
1996 3.199686004086127
1997 3.238944590960192
1998 3.425921523180059
1999 3.430266315570067
2000 3.4971409206242963
2001 3.405455144514715
2002 3.4824722440786577
2003 3.3751275509217837
2004 3.2337242348095936
2005 3.477521194494096
2006 3.9342375331748523
2007 3.2758921022911283
2008 3.4504210796825863
2009 3.3309889985417134
2010 3.357374945014051
2011 3.3324839057763156
2012 3.2879544585844567
2013 3.514936864744764
2014 3.8382679328134572
2015 4.026397706718261
2016 4.078476557046689
2017 4.078515901578983
2018 3.343228537670441
2019 3.278445674082009
2020 3.9619813749256028
2021 3.9702931521849347
2022 3.41703667082688
2023 3.334332399869377
2024 3.2708520045903926
2025 3.3172437142855875
2026 3.3853946118760025
2027 3.2819837563658276
2028 3.3901812901590422
2029 3.3999199501126838
2030 3.3671970138167033
2031 3.3978494490092395
2032 3.360031220640308
2033 3.2890714708071545
2034 3.2895003833836554
2035 3.388527140999415
2036 3.410365714107895
2037 3.287414521098168
2038 3.3193149486135276
2039 3.497069284927648
2040 3.3566287414934144
2041 3.468353601361436
2042 3.4530978222665896
2043 3.2814497627830415
2044 3.4646093695953204
2045 4.252197001459945
2046 4.505816242916041
2047 4.108733092878566
2048 4.049370894112266
2049 3.9315507408985253
2050 3.309005861970968
2051 3.35446665691341
2052 3.3438978145113656
2053 3.402781480649417
2054 3.316852954907238
2055 3.3476105149924678
2056 3.3929128510969715
2057 3.4152259816438004
2058 3.485959088675673
2059 3.315027231390776
2060 3.465485223384614
2061 3.3350280510558297
2062 3.311186516435703
2063 3.3721572470281496
2064 3.221723112346658
2065 3.4701373885545554
2066 3.5095598527066576
2067 3.3603525709663
2068 3.7857897861130976
2069 3.284616081734481
2070 3.562591557187051
2071 3.329003863130882
2072 3.350590648510363
2073 3.394483907054414
2074 3.427121485238577
2075 3.3342641963312567
2076 3.3588995058739983
2077 3.517918331902758
2078 3.4661506537204803
2079 3.498337557464378
2080 3.4114065458563014
2081 3.3889896275714415
2082 3.3527363977715234
2083 3.4008914258650185
2084 3.438702888201755
2085 3.351266287034719
2086 3.438312965827141
2087 3.3453368336106375
2088 3.4565127131126645
2089 3.364721852272787
2090 3.39051865122565
2091 3.4210864689764278
2092 3.6419798740570535
2093 3.5109751253498214
2094 3.371325984151863
2095 3.516932848451254
2096 3.2555579193932482
2097 3.367956666593767
2098 3.3762367990761653
2099 3.3642763881851674
2100 3.43905308146849
2101 3.5248287141542405
2102 3.4918037172010035
2103 3.3322972701666145
2104 3.3385500029430433
2105 3.2801827682897833
2106 3.4954650349435266
2107 3.2717839105751283
2108 3.270367594283639
2109 3.4743670402749043
2110 3.2973293887964865
2111 3.2715256899514937
2112 3.4107284869633396
2113 3.3878661703063346
2114 3.46829999624828
2115 3.27934464429197
2116 3.33847352478202
2117 3.311174625270812
2118 3.316530424657591
2119 3.3224769685828726
2120 3.3380136624956727
2121 3.3365749802886278
2122 3.334578808630989
2123 3.2744520340264938
2124 3.469885939431447
2125 3.423780940470034
2126 3.564317152676939
2127 3.337296551037615
2128 3.2730619178223272
2129 3.3270334811886113
2130 3.4803262172277254
2131 3.36778896696111
2132 3.374343440605522
2133 3.3998653803821024
2134 3.285906073347448
2135 3.378296534570973
2136 3.269619833859518
2137 3.2907517790072833
2138 3.3336120366677653
2139 3.21431760034855
2140 3.377766920128758
2141 3.4585951638208905
2142 3.3241765019696565
