0 6.837862804605941
1 6.555912430806092
2 7.136970889340505
3 6.990682315658593
4 7.004810321856036
5 7.13510358109762
6 7.757636709974174
7 7.372162105579801
8 7.790675301269225
9 8.097514395867462
10 7.561802870578284
11 7.405193362291813
12 8.01817280017559
13 7.688033449315772
14 7.71635431162162
15 7.219443344539547
16 7.591311155477088
17 7.39860948512177
18 7.486241997125671
19 8.069901095416528
20 7.370239415651553
21 7.843729095758757
22 7.829404553617874
23 7.545415804401298
24 8.064109224846296
25 7.933984153526876
26 7.722858049720641
27 7.518308698786835
28 7.120412717280148
29 7.05237388558929
30 7.141424288532555
31 7.3645190976932495
32 7.706720763695477
33 7.91934101723117
34 7.504927732034983
35 7.71780769303117
36 7.973091562708334
37 7.51480377023518
38 7.730072101327519
39 7.287555126179259
40 7.790368516144988
41 7.957561357808312
42 7.405588890632142
43 7.561087848097789
44 7.2778189900627845
45 8.23499330780332
46 8.502334315855657
47 7.567392552995303
48 6.929717893733011
49 8.024184151592557
50 8.236577955550647
51 7.5098032425080925
52 8.013715461983796
53 7.46806039818817
54 7.545339338343459
55 7.843310970958659
56 7.628821826417407
57 7.689216466867996
58 7.894023266880132
59 7.731812771852325
60 7.86429555489066
61 7.214105396726311
62 7.31244101333897
63 7.487061407174123
64 8.321783893856471
65 7.094065050848798
66 7.195127667892091
67 6.386285377018442
68 6.576883416331958
69 7.431015995888166
70 6.599594408314186
71 6.396888919247295
72 6.738771675547651
73 6.646625431651619
74 6.761402619781627
75 6.916450960823567
76 6.51493391805531
77 7.334499748882595
78 7.791754372895848
79 7.7941780745836216
80 8.10073055242872
81 7.842592994275663
82 7.843242925067733
83 8.335597777822304
84 8.534637686805059
85 8.395406186700622
86 7.9181459761997735
87 8.028060528237164
88 8.448065625468159
89 8.124344856384576
90 7.450472716836918
91 7.765343550413261
92 7.7780647357880985
93 8.175176674018214
94 7.510487893932908
95 8.56028722107947
96 7.918062065554763
97 7.850845312499858
98 6.309473052555018
99 8.248589030869676
100 8.281201946500483
101 8.10982963757942
102 7.70807225569032
103 7.779662615081107
104 8.323984205655425
105 7.120553601257351
106 7.994215404149809
107 7.614885920744288
108 7.877919572321355
109 7.914586090130054
110 7.691078815065005
111 7.5016744135271285
112 8.00779541926383
113 7.067620373355004
114 7.695801549361771
115 8.355078164891108
116 7.921582758522498
117 7.196318676144599
118 7.754545995241454
119 7.934233319435843
120 7.748193125700694
121 7.283919284387926
122 6.3842139218897485
123 6.713896985586747
124 7.12463914458617
125 7.0368431924173285
126 6.282797676356078
127 6.163582451138361
128 6.332354478921411
129 5.771218932230111
130 6.343046550105251
131 5.2469039012474425
132 5.222500505763455
133 5.980181369281986
134 5.954695199486415
135 6.179564190953958
136 5.57111515877569
137 5.653244990056778
138 6.195540904499749
139 4.523093236754981
140 5.7916809297315615
141 5.498498617791176
142 5.818630612741854
143 5.023230196578532
144 5.777980011779447
145 5.77424102271375
146 5.389182808468866
147 6.041883525026556
148 5.364054822053286
149 5.513165444195993
150 5.692531706794742
151 5.457806566664521
152 5.3432870842422435
153 5.497291724812857
154 5.416086687529261
155 5.7446217673774065
156 5.400910781205994
157 5.684993970086146
158 5.069312317367379
159 3.604795663543187
160 4.0547728605452615
161 3.9221850225975214
162 4.129416396832042
163 3.884052587153102
164 4.233006509778276
165 4.174378948027695
166 4.2589770248076215
167 4.114578888528116
168 4.140049597971012
169 4.380183166354506
170 4.300875236840815
171 3.824395854071982
172 4.4502667798018125
173 4.009175976107212
174 4.009571780361853
175 4.422623274796324
176 5.184546000041108
177 3.9683555645410578
178 4.05667886988734
179 4.103183562125387
180 4.36473562752321
181 3.993328290751363
182 4.128547509933619
183 4.224846678965724
184 4.32370110127572
185 3.962489937272599
186 4.132549228191895
187 4.289095619187398
188 3.960054074096049
189 4.1790443720329
190 4.24982016644659
191 4.033940167041491
192 4.449632505391643
193 4.251485139353802
194 4.840545612576653
195 5.853195002886027
196 6.12929843434708
197 5.986921787423945
198 5.9345859168620585
199 5.237069944077068
200 6.138132090779844
201 5.241008188211551
202 6.138429646700653
203 4.5349063357907795
204 4.40679818740396
205 4.032893038842603
206 4.100434154426217
207 4.261375653271946
208 4.46361615340515
209 4.369139354600884
210 4.306671262198111
211 4.168517859129106
212 3.9678126917442555
213 3.9161444520158653
214 4.132046041428692
215 3.98611991140104
216 3.7927118495754457
217 4.41507362364981
218 4.024110700542249
219 4.280777182876098
220 4.345324222484094
221 4.349749894092306
222 4.021180882144796
223 4.1519772445679575
224 4.18954479254655
225 4.413300858917225
226 4.140354401014531
227 4.193239259540916
228 4.044772400512116
229 3.7461762216949013
230 3.3917425163956927
231 3.1933379198166936
232 3.7916355583952237
233 3.3904815599077143
234 4.1485128222764756
235 4.174899846874175
236 4.302771890409823
237 3.8849496949530695
238 4.3213097977194455
239 4.113822690559239
240 4.430211944327206
241 4.603510037179132
242 4.409055436419681
243 4.333501392722825
244 4.200337963040614
245 4.167631240381568
246 4.308346347158734
247 4.425823821172053
248 4.428811112032892
249 4.279025553840681
250 4.410876783173377
251 4.068689198008726
252 4.460907368155071
253 3.902574323794985
254 4.407321518006492
255 4.191546348451123
256 4.327659187605596
257 4.452306588121325
258 4.445633773135264
259 4.211869703624591
260 4.29683936808068
261 4.104248189574963
262 4.323472287056854
263 4.369530151702648
264 4.3914874846772305
265 4.247417341141867
266 3.964821752208387
267 3.7775495531656738
268 3.6924635393877723
269 3.8417445146609595
270 4.008498040152879
271 3.829019707050573
272 3.9888188314244863
273 4.2197047702364765
274 3.851516666538714
275 3.9168135734077594
276 4.0401529414628445
277 3.8528546640418546
278 3.8921191565502977
279 4.112017593467959
280 4.182947971176832
281 4.000443412861458
282 4.221614616029045
283 3.8498786173506185
284 3.994756234674673
285 4.2688878243825314
286 4.206747606343854
287 4.024587216169876
288 4.224941747447869
289 4.222300082483665
290 4.351334317228568
291 4.292210347266809
292 4.506187062540533
293 4.233445711742697
294 4.533413833811506
295 4.053143100101299
296 4.205131632486228
297 4.435769303021861
298 4.15769222233714
299 4.323568309144105
300 3.882050663823521
301 4.444173376418519
302 4.148768942737647
303 4.236203067135021
304 4.085953184616105
305 3.9579227317037033
306 4.21409616746902
307 4.301028064120002
308 4.381857454242117
309 4.032616464163128
310 3.8647587479713086
311 4.306393777435153
312 4.140078354558084
313 4.267679782075036
314 4.2226866005174255
315 4.088268844548171
316 4.139960489961247
317 4.152399623308043
318 3.999075892127954
319 3.857842315622867
320 4.194200510220298
321 3.9306400704885
322 4.180242692768536
323 4.045352865852618
324 4.22402009438538
325 4.2813125980129945
326 4.362850263207766
327 4.142587922585169
328 4.369529284165327
329 4.495038026509498
330 3.9937535578795305
331 4.492918554043311
332 4.1571752471074355
333 4.073972766471581
334 3.692523036889205
335 3.976381899886195
336 4.161257640534925
337 3.938540263533811
338 4.080119926673697
339 4.23403360396376
340 4.120128914869614
341 4.173781665940681
342 4.000649724206466
343 4.102137454174334
344 4.286448238241216
345 4.330266120084779
346 4.4357920877854715
347 4.231370550910554
348 4.218209534437309
349 4.247996026508086
350 4.4900186598847185
351 4.572217367997925
352 4.485533398147631
353 4.185586674751713
354 4.328539257540742
355 4.369193944227943
356 4.017466867372073
357 4.184712478235364
358 4.19744906106561
359 4.1110106410662
360 4.227343035412786
361 4.310637690793149
362 4.284772377809428
363 4.158708165130972
364 4.507299965740011
365 4.372064970090201
366 4.3939656298450265
367 4.763817658323119
368 4.147160361757897
369 4.0727535619466115
370 4.281695897808006
371 4.519893419600437
372 4.314710752348453
373 4.2758476653034245
374 4.133908542552744
375 4.011612660013367
376 4.276616779809165
377 4.155059304370887
378 4.219855769593723
379 4.1472223611406385
380 4.3393135065884225
381 4.543270856863981
382 4.439159358199536
383 4.401442138159085
384 4.21562241804348
385 4.419443175000281
386 4.29925435764091
387 4.551810873751724
388 4.4029873668173325
389 4.2646566873191505
390 4.203361372548462
391 4.220407309791182
392 4.126283483993492
393 4.1241446350404045
394 4.363712736340917
395 3.8321091429879512
396 4.111213956595817
397 4.3073394363115485
398 4.218526890805835
399 4.454603893957132
400 4.157421912886379
401 4.302302974402332
402 4.205019613706475
403 4.089547560631546
404 4.366003141779946
405 4.544595598442635
406 4.376230621431525
407 4.604990357104098
408 4.102556046617362
409 4.136853414446652
410 4.210969416290396
411 4.299559490520904
412 4.016167469803504
413 4.27495153129925
414 4.377968286786135
415 4.1267285857469655
416 4.377605550114013
417 4.101779480338443
418 4.251501332491324
419 4.325861683784059
420 4.480792867263778
421 4.0136128886212425
422 4.131400457697582
423 4.4023534949883425
424 3.9849305060678524
425 4.105975855517041
426 3.715777809892083
427 3.713673892373167
428 3.319555274913089
429 3.4085299964656595
430 3.366710331044723
431 3.354647630546014
432 3.2626824997727435
433 3.4399895319134397
434 3.336864488530498
435 3.3551484394099598
436 3.3899600596446717
437 3.2710306543210357
438 3.2857934440013876
439 3.297777544699578
440 3.3292553365713706
441 3.387809482712559
442 3.3239322776912377
443 3.233173984329561
444 3.4550143777584394
445 3.247935953353967
446 3.41214517347246
447 3.306912787907474
448 3.406410222766039
449 3.338892641638773
450 3.3053515677447787
451 3.2959878569791856
452 3.390679136815213
453 3.2716520873714514
454 3.287120356206853
455 3.516490212091264
456 3.451192636008751
457 3.4646714905087626
458 3.326253335655422
459 3.3211902336954875
460 3.3871251433027147
461 3.3839066338139023
462 3.1999872953378388
463 3.3932463083109035
464 3.4481826591644618
465 3.3807837037991906
466 3.2076186258525485
467 3.3978621092519217
468 3.2237871271447536
469 3.3397928777132138
470 3.4138256497271944
471 3.396247055557565
472 3.4253464853636473
473 3.319297417356736
474 3.3508129181575432
475 3.3534468125521
476 3.36158303189827
477 3.3994171830259843
478 3.298174248280386
479 3.307677267628439
480 3.3512181780070365
481 3.2835540195471196
482 3.401254265754728
483 3.243763074642889
484 3.3317963633706014
485 3.2941660251325615
486 3.2734006406545966
487 3.3430264102585663
488 3.409091350520814
489 3.2937243450582305
490 3.2643464043916586
491 3.323679661074837
492 3.2838748490639507
493 3.201577883144685
494 3.3249212229127036
495 3.241015080831794
496 3.3629640769288813
497 3.2884826582928306
498 3.2641326612390786
499 3.2579112427860815
500 3.2729662857391877
501 3.312736330808934
502 3.1508173238765083
503 3.461144960299675
504 3.2078184696941823
505 3.2824975543125223
506 3.8391123711667587
507 3.4070275730245636
508 3.3792526201592175
509 3.3008736251158015
510 3.7115169508384365
511 3.282215233082447
512 3.2829021343550377
513 3.2508750902658523
514 3.3100203192793707
515 3.214160972559178
516 3.2943035325763206
517 3.3510302098112854
518 3.360453962910715
519 3.360835123404728
520 3.290995962286992
521 3.38852589587576
522 3.3862464582713927
523 3.3457010299801824
524 3.294370604052244
525 3.2607197068337075
526 3.358952091487081
527 3.2966338104992166
528 3.3165821226953303
529 3.2795609651944
530 3.2964585561462467
531 3.4836644581027514
532 3.6690870401192712
533 3.5315220459755317
534 3.382170840409319
535 3.3292083601323514
536 3.756683673086422
537 3.272577681352571
538 3.5703846654236466
539 3.3938525372081623
540 3.3551347501942503
541 3.487538637173472
542 3.245496570848406
543 3.413520334577387
544 3.4334028780439025
545 3.4050539595332863
546 3.363559291227934
547 3.2777361981587516
548 3.444876473510185
549 3.7695345078194733
550 3.327537092140952
551 3.6076090604477224
552 3.371733211243427
553 3.401416691297918
554 3.2864311352206625
555 3.4794814970001826
556 3.3743226779908406
557 3.29796477404702
558 3.231258852962259
559 3.499910162377328
560 3.396919377342646
561 3.405112623177957
562 3.236097749728458
563 3.323870570370515
564 3.320758213931458
565 3.2690251880369408
566 3.3642807489755793
567 3.395827832862799
568 3.145206187573106
569 3.289274942778507
570 3.334595939909561
571 3.3416824830755214
572 3.3485073943004653
573 3.4133858321397583
574 3.305801721775594
575 3.3855630807812966
576 3.382316174235641
577 3.3155512082564447
578 3.329083326840553
579 3.3393895225733545
580 3.27002832200722
581 3.251791322970752
582 3.3106570473757695
583 3.313723874728206
584 3.3188115354746803
585 3.3348501933371697
586 3.425688717257239
587 3.383414576916525
588 3.2683264026890657
589 3.3687922063823286
590 3.3229177582854357
591 3.2829869921150063
592 3.6238197379465493
593 3.3155336599413623
594 3.4256960196511894
595 3.400230178906457
596 3.2014830947684008
597 3.4277325706961053
598 3.362839510769254
599 3.4331126247921095
600 3.234486421380294
601 3.489952818208163
602 3.448487821435773
603 3.3812138262478837
604 3.2878239195837904
605 3.5366004773753823
606 3.351469014380673
607 3.3464229166873882
608 3.3097384436013395
609 3.3560085852860335
610 3.590157102167039
611 3.3266410176957475
612 3.4918615261997714
613 3.197806671966007
614 3.3435092999187406
615 3.303216045943075
616 3.7953481193344643
617 3.325748880453422
618 3.241035794320459
619 3.4209755996844753
620 3.2916952553168537
621 3.502845886795745
622 3.287317805172239
623 3.3097049772823857
624 3.4658905277814527
625 3.358205334747535
626 3.5016988294225904
627 3.38324772662866
628 3.4095023083048765
629 3.324927290137542
630 3.8867688102798184
631 3.2198248836013397
632 3.3524755740225656
633 3.368338541381391
634 3.2377322523838696
635 3.4513525255046993
636 3.1042761711602775
637 3.365885931617535
638 3.4034582516370073
639 3.3986087220092314
640 3.323581407734978
641 3.43846311385072
642 3.3419531638296927
643 3.2641305629083144
644 3.302354912903501
645 3.2586434575581813
646 3.3423152406463728
647 3.2773219246472243
648 3.255924047626306
649 3.315990844147473
650 3.3102587084746773
651 3.347315726875691
652 3.586339387652459
653 3.346170036899456
654 3.359391420030824
655 3.3085214451282785
656 3.3179742847334635
657 3.250269081775181
658 3.2066830683027763
659 3.466151842319516
660 3.242010204242304
661 3.387716558735206
662 3.4087345258221986
663 3.383999347955237
664 3.221013638500376
665 3.361142458403747
666 3.2875162421004336
667 3.457223973516729
668 3.321648379526247
669 3.264745075868389
670 3.611090414539394
671 3.2961104829866583
672 3.4179367457599463
673 3.329434837694136
674 3.257129775443375
675 3.417543070820156
676 3.255634861393888
677 3.526690913517924
678 3.2228628185009733
679 3.249336146653345
680 3.312662283414934
681 3.335312274557926
682 3.272493675621302
683 3.4776261452025423
684 3.356481806593068
685 3.3736220507646997
686 3.2817820519284533
687 3.3995052928856895
688 3.382984074538427
689 3.5176626501642065
690 3.4772252900101335
691 3.5366216980170293
692 3.4289321127970465
693 3.401036979763175
694 3.324049533697331
695 3.2949113419763427
696 3.308694347533652
697 3.278822963475574
698 3.200521879675276
699 3.226966303014141
700 3.329212467494452
701 3.369378662235284
702 3.371422145249878
703 3.407097151146242
704 3.472720213759218
705 3.327633393295305
706 3.193156950497101
707 3.256548730382388
708 3.3451594594323275
709 3.4296318208762497
710 3.3743900868006356
711 3.33451113241217
712 3.428121156834165
713 3.382649234436011
714 3.3447731706159494
715 3.3870396836143417
716 3.3802111160531574
717 3.4616132334102594
718 3.3512192030052583
719 3.3622647293149908
720 3.351615923919627
721 3.496718189411057
722 3.2898976683116876
723 3.4092110631360684
724 3.416853888995256
725 3.4243152408618824
726 3.3992361919239045
727 3.308621127453902
728 3.4788540078482644
729 3.4144293747263714
730 3.3004570473444965
731 3.39098866026301
732 3.34058998445252
733 3.4193166880599795
734 3.7808248518189345
735 3.6394476068254744
736 3.34843118954397
737 3.419026411831841
738 3.3430683164715385
739 3.1617610182181735
740 3.34059258743226
741 3.6365662944369124
742 3.2943460192723752
743 3.3598152929566716
744 3.6359053386973055
745 3.3310549460579417
746 3.371092781954525
747 3.4730462964107747
748 3.4207724969986275
749 3.6875891741465887
750 3.578231833807863
751 3.366525254938356
752 3.4317503429156715
753 3.422076166116984
754 3.5710582683839656
755 3.2342697245982137
756 3.2561545327622277
757 3.2957147677504133
758 3.230847888778662
759 3.182470626885101
760 3.307422825894121
761 3.3406375929637955
762 3.359646652917543
763 3.2540589135312885
764 3.2536982932098177
765 3.3481778236636126
766 3.3361223216669402
767 3.5095868069002796
768 3.539633182168044
769 3.4895216014677817
770 3.2583594106869254
771 3.236859717555038
772 3.6101672628508332
773 3.605895235531515
774 5.528281527329097
775 4.1218894327417255
776 4.438329652022136
777 4.424338219103214
778 4.1631049423189435
779 4.260989991255032
780 4.305415498613381
781 4.178881459025302
782 4.414347211224456
783 4.276714507236152
784 4.36394478950025
785 4.398725415470061
786 4.267112560468102
787 4.209152754883405
788 4.415213032816349
789 4.532361045581679
790 4.416460611043751
791 4.268107291681186
792 4.42370048261188
793 4.305615328443168
794 4.5261637089173625
795 4.371016516875611
796 4.383103353388542
797 4.350368146313656
798 4.4552453845622155
799 4.384545700818764
800 4.486043182341044
801 4.3252432113561134
802 4.524056649918683
803 4.542820674860546
804 4.316897663785764
805 4.120841866602605
806 4.533126683762504
807 4.342175770750515
808 4.716889635369839
809 4.291737776071018
810 4.434880148879721
811 4.441897362234323
812 4.343066491477807
813 4.751138144776087
814 4.690623395570927
815 4.395825385867039
816 4.516353207942943
817 4.383699667049509
818 5.0610757750966116
819 4.372350855926546
820 4.366144191581941
821 4.378970040258611
822 4.151965499098032
823 4.246049597549423
824 4.337285168704166
825 4.643878939548598
826 4.673996874413147
827 4.487176468883798
828 4.2394839035856275
829 4.471552892681841
830 4.346905423785569
831 4.270447075085733
832 4.5533850708653585
833 4.399943037722028
834 4.325545566779172
835 4.447724457981106
836 4.3223458807142485
837 4.353329812739335
838 4.461489892690898
839 4.171984784924386
840 4.197003287581512
841 4.300075542805183
842 4.535292724943799
843 4.297262787368123
844 4.680914616430195
845 4.29192930776996
846 4.376876394361701
847 4.333389036903814
848 4.592169587375505
849 4.574960284597494
850 4.203811863708937
851 4.358805669645741
852 4.407404639113495
853 4.383284613184453
854 4.343670991224334
855 4.28458673744258
856 4.349307991521897
857 4.592277635069148
858 4.558248349401416
859 4.382862315664337
860 4.175183222700173
861 4.476178132034719
862 4.406004527212326
863 4.279767501367749
864 4.416468994634013
865 4.087719880622537
866 4.299444484647314
867 4.492527004862832
868 4.3749656885400405
869 4.435514519790593
870 3.923417720986096
871 3.5636032804259776
872 3.63126588818481
873 4.392238886669933
874 4.514642499368155
875 4.526870490025503
876 4.230172484644649
877 5.370839160561946
878 4.292801663513338
879 3.994926077927092
880 4.466611235471202
881 4.675336364190036
882 4.251488576585518
883 4.287307676699127
884 4.458068862396504
885 4.526751760364032
886 4.36135258962005
887 4.517771168519432
888 4.404568044151969
889 4.607185096879003
890 4.178684775867465
891 4.635371440795938
892 4.529215488497871
893 4.19957831141678
894 4.409856638027616
895 4.228028161255352
896 4.626349803428989
897 4.122772392106621
898 4.216800406138805
899 4.448735479046085
900 4.345832633958714
901 4.184271833520065
902 4.43867954670715
903 4.765803602995467
904 4.476429029581385
905 4.120366733787253
906 4.253281155776224
907 4.194621274962634
908 4.137070951935157
909 4.599265230760431
910 4.406574529357813
911 4.496196119257566
912 4.330315890690507
913 4.354230609625329
914 4.522072886034672
915 4.279076425708079
916 3.98634346529608
917 4.2004413304528665
918 4.156806288531664
919 4.397304993166495
920 4.526096671323961
921 4.371653229625612
922 4.326728528883942
923 5.118706443053468
924 4.544879769513391
925 4.247074697787799
926 4.8576148150145375
927 4.420944116543448
928 4.48503414576415
929 4.476386222186687
930 4.291063999397074
931 4.196277341582431
932 4.515445009099576
933 4.116580015631765
934 4.353029383458164
935 4.484236380705853
936 4.380693150210583
937 4.333878530000423
938 4.0994973185634445
939 4.899538483062511
940 4.288489304765562
941 4.446918223024234
942 4.6489388191082215
943 4.460729630844075
944 4.0628292475363175
945 4.724226348330789
946 4.191710481399766
947 4.365200297281968
948 4.354519839027575
949 4.3155980449411775
950 4.224943263501626
951 4.299960021944255
952 4.27476065408019
953 4.3660596286504445
954 4.1683924550420866
955 4.237482216857955
956 4.359023928906059
957 4.662605220825418
958 4.473702068792971
959 4.464844436541999
960 4.394156048846069
961 4.200612094555676
962 4.451613135142888
963 4.487966715322388
964 4.484100216287145
965 4.295104269969409
966 4.4836698340200005
967 4.430681193043074
968 4.443552019803784
969 4.317032734497372
970 4.434887274571096
971 6.982026554929314
972 4.460061228331122
973 4.680392342050576
974 4.6222811184051205
975 4.3151146354088485
976 4.60192858800608
977 4.5085394491507795
978 4.384254574453948
979 4.032829614358647
980 4.400231391298801
981 4.362677972379039
982 4.21021675494652
983 4.254887282412305
984 4.331374435455455
985 4.422049558220498
986 4.372137582029236
987 4.422413533189108
988 4.906412878121174
989 4.4297449280363725
990 4.453225054188853
991 4.251954387760077
992 4.448901537627362
993 4.453415116429696
994 4.433386924299544
995 4.343021145676883
996 4.77257687716969
997 4.5294710321276215
998 4.325850172638499
999 4.373952764799263
1000 4.438719757296826
1001 4.790016838189149
1002 4.623106725676287
1003 4.36036783708462
1004 4.324327431316547
1005 4.6949095352080406
1006 4.534293875040229
1007 4.151889086818021
1008 4.351766243348879
1009 4.565289955856851
1010 4.4536610941072174
1011 4.330777073133412
1012 4.398890341940475
1013 4.241979384833001
1014 4.387210843070265
1015 4.408354844456309
1016 5.330268272012665
1017 4.551692437476449
1018 4.46762805604143
1019 4.492023841586398
1020 4.626271392802101
1021 4.661854730131661
1022 6.820922089362224
1023 7.153791853439417
1024 6.433535327496538
1025 7.849652402024733
1026 6.3936462728393275
1027 6.23200947668877
1028 6.309997188761876
1029 5.825304838387056
1030 6.013266273531265
1031 6.232108477806097
1032 7.205136004559671
1033 6.345843302774961
1034 6.845414597250164
1035 6.20917874846697
1036 5.816162337236006
1037 5.7495969157578175
1038 5.7056642192579945
1039 5.902373941585844
1040 5.56778074706195
1041 5.954317507140094
1042 5.646717407234973
1043 5.977435180683024
1044 6.144241316224945
1045 5.796501877546864
1046 6.386416782536133
1047 5.871521914874196
1048 5.77011769927211
1049 5.898798770914439
1050 5.839656959635637
1051 5.688194104594893
1052 5.858049609636284
1053 6.064524516545242
1054 6.7365357909208585
1055 6.268945622233763
1056 5.481126289314524
1057 6.395283835540879
1058 5.882238807556713
1059 6.037609694047892
1060 7.74891951278171
1061 8.485844047889877
1062 10.01769187568852
1063 10.476003301661306
1064 12.071077482944938
1065 10.946332144681651
1066 11.223059065333445
1067 9.168264484932418
1068 8.560118386806327
1069 7.7732152896493885
1070 8.76280780014487
1071 7.894542425002245
1072 8.179171639763503
1073 8.25786943058719
1074 8.38087799712902
1075 8.528712930132283
1076 9.381028885709522
1077 8.438475034108281
1078 8.403615087162947
1079 9.380805586376502
1080 7.659275981276698
1081 8.56904517775781
1082 9.807463360581773
1083 7.896874664407867
1084 8.48316814242166
1085 6.798558046995031
1086 6.601818203642583
1087 5.537802286058242
1088 7.042445330073845
1089 6.527769273728171
1090 5.590278490447662
1091 5.612876501463502
1092 6.0381972861951825
1093 6.34359073171639
1094 6.3882867736267634
1095 3.7700396595117396
1096 5.742292206785147
1097 3.8619670614156787
1098 4.953433577433697
1099 5.439824465863216
1100 5.228041529416167
1101 5.240588367860446
1102 5.4399807297257565
1103 5.816868264855372
1104 5.663272469877062
1105 5.833333173709342
1106 5.667680254197184
1107 5.448518900377836
1108 5.560669728961561
1109 5.284458663033298
1110 5.655667893869471
1111 5.768723347313229
1112 7.609877037153125
1113 8.478087036516913
1114 8.076846294486181
1115 7.053261189400636
1116 6.461991858975361
1117 6.135931840409996
1118 5.516078655591784
1119 5.5713728263728886
1120 3.953914660049624
1121 4.10003321465095
1122 4.050083635492927
1123 3.9415101749023975
1124 4.248102680205799
1125 4.183888414249735
1126 4.020824970720487
1127 4.3489081741733155
1128 3.834377879333201
1129 3.982364042873661
1130 4.0200304312094195
1131 4.167343788568285
1132 4.2250612778952314
1133 4.048846340985842
1134 3.8692361621064593
1135 4.313243941958157
1136 4.216644384790492
1137 4.173163732419856
1138 4.114189853733924
1139 4.125328031433014
1140 4.23337629220378
1141 3.96338951549691
1142 4.005979674098718
1143 4.340269184086443
1144 3.967165224004068
1145 4.133137953482495
1146 4.479667731510812
1147 4.271564549786346
1148 6.18836072610912
1149 7.131678522843727
1150 7.2940647094980005
1151 8.046686730202719
1152 8.985855089111983
1153 9.504623069698452
1154 8.368438571071497
1155 8.566938361178488
1156 8.000113473894226
1157 8.154531266530743
1158 8.028940326018853
1159 8.442565151056074
1160 8.83976850859651
1161 8.417503270083408
1162 7.1126613980956925
1163 6.774340815711583
1164 7.6458210644095965
1165 7.988619819660846
1166 7.47659506117698
1167 8.399793197828672
1168 7.079055069956888
1169 6.409006379726784
1170 8.393198264672463
1171 7.389092568709702
1172 8.588714001475687
1173 8.372142688116249
1174 5.945205708637102
1175 5.958067120524248
1176 6.603466223758233
1177 6.1388951625630614
1178 7.009844143908516
1179 6.758303557609367
1180 7.649170334000374
1181 8.398954484484799
1182 6.730402779060837
1183 8.462088130671425
1184 7.935644789354475
1185 8.419719113501092
1186 8.802677064803527
1187 8.381977823512957
1188 7.2460974223867245
1189 7.7025493803088985
1190 4.735733094052552
1191 9.23234199643764
1192 7.307713841804969
1193 6.703907532652675
1194 6.715100090004058
1195 6.115003499210241
1196 6.13493215228707
1197 5.778897976782275
1198 6.399875571539752
1199 6.396483524873725
1200 6.562277344870009
1201 6.789088785097574
1202 6.914008746807149
1203 7.693462569884194
1204 8.410254389770502
1205 8.616108250207375
1206 7.792048687466812
1207 7.581943846510023
1208 6.159515887960544
1209 6.482702549655185
1210 6.394095932139203
1211 6.1164568465562335
1212 7.077588127197129
1213 8.860774719887093
1214 7.80927979175658
1215 7.33321002291903
1216 6.798406249540202
1217 7.408432463822273
1218 7.7056109598978635
1219 6.19415183613941
1220 7.255787932815489
1221 6.673300909958055
1222 7.553333252576524
1223 7.522354656156488
1224 9.654274583849098
1225 8.05012423139184
1226 10.043109828047433
1227 8.669276028592437
1228 8.264355522549735
1229 8.16117709135172
1230 8.251460282622308
1231 8.376488692563644
1232 8.01660988167312
1233 9.726874799531654
1234 9.994816702303329
1235 7.864642959939025
1236 7.423399620008325
1237 6.532447593136828
1238 6.351000299588626
1239 7.215199850147985
1240 8.053826062035856
1241 8.497132105187813
1242 9.285757640184162
1243 9.55067140323584
1244 9.960771634328221
1245 9.70643642997927
1246 6.651689615030207
1247 6.772200405211509
1248 5.36055640963828
1249 4.34689439436306
1250 3.5043971014732156
1251 3.787468777469005
1252 4.497191128780968
1253 5.538314452592071
1254 6.796799030368335
1255 6.474050656100883
1256 7.023586432523581
1257 6.224569323977342
1258 6.074643769106731
1259 6.305650749530566
1260 6.497575737059978
1261 5.914971200743936
1262 6.656528691344344
1263 6.546521084439069
1264 5.90387230680365
1265 6.636545028201806
1266 6.875882111579456
1267 7.015430637266673
1268 7.051723944581053
1269 8.328830938255475
1270 7.426183194698348
1271 7.934813141898416
1272 6.744512603126944
1273 6.209457719350867
1274 5.580475764089863
1275 6.829531478547339
1276 7.885202112033067
1277 7.83434699733474
1278 9.761295062810778
1279 7.949438561698409
1280 8.307344393733075
1281 7.596391961810334
1282 8.029073909073084
1283 6.910911278580737
1284 7.158568471296938
1285 7.333658711616115
1286 8.028917180418548
1287 8.718023331351889
1288 9.654483217335644
1289 8.856397465672142
1290 9.194025875241682
1291 7.916230164401722
1292 8.63148722409612
1293 8.571139202430809
1294 7.915968153223303
1295 8.004672031886429
1296 8.315546348879824
1297 5.600770208072042
1298 5.952567232192857
1299 8.093757778875062
1300 7.983646558926208
1301 8.182417078042294
1302 9.995940438223059
1303 9.838246653816023
1304 9.253644135959012
1305 8.114526840063888
1306 9.901961692920084
1307 8.770157161319336
1308 7.8857988947979205
1309 10.769381982504388
1310 8.11726284523454
1311 7.8959858114853905
1312 8.273135698331222
1313 7.121226596926752
1314 6.788091884234409
1315 6.94591297127329
1316 5.746422837245764
1317 7.439785574812981
1318 7.21124288264926
1319 7.602542494207646
1320 6.8422934397745605
1321 5.81523564550939
1322 6.369905319923062
1323 6.565500174804248
1324 6.910244426385536
1325 6.257730010125774
1326 6.497093967870977
1327 6.5127769579545
1328 6.505932177067142
1329 6.141666428685227
1330 5.810893322469324
1331 5.753384720855152
1332 6.385768211015073
1333 6.163977210553429
1334 6.324617537435272
1335 5.810965844521736
1336 5.714801870548709
1337 5.988722934476295
1338 5.724165076001611
1339 6.764358137604276
1340 5.721499822054739
1341 5.506540835594421
1342 6.033849838335544
1343 6.1751533417643625
1344 7.803042959714949
1345 7.615071107317866
1346 6.044705448872231
1347 6.200762380208113
1348 6.96999613289147
1349 7.41300579981772
1350 6.186268131396515
1351 6.703328768532453
1352 6.0211619225299895
1353 6.194575491227831
1354 6.05943999901078
1355 6.775241093544482
1356 7.023596519169879
1357 6.658550193030477
1358 6.508899676931381
1359 6.825538030898304
1360 6.15975959344093
1361 5.343160209982122
1362 6.213083188514304
1363 6.0332512396412294
1364 5.614397695654585
1365 6.5472509293299535
1366 5.844665816920429
1367 5.663194973196732
1368 6.3591535419744405
1369 6.141545092397671
1370 5.920036911005412
1371 6.322094312670199
1372 5.636624261302884
1373 5.787717242876715
1374 6.900812657826034
1375 6.711378689264936
1376 5.8817828670492975
1377 5.699395073024222
1378 6.212864329201714
1379 5.932971013258198
1380 6.020652482395225
1381 5.746266005791191
1382 6.334627250876591
1383 6.531115958792731
1384 6.278750971367395
1385 6.923211623858975
1386 6.470951891374635
1387 5.438370479108343
1388 6.4389481529115455
1389 6.693235585358672
1390 6.811327709624486
1391 6.151999129769401
1392 6.044151047762716
1393 6.358809129167081
1394 5.886442519717478
1395 5.856338640336853
1396 5.579667374377832
1397 6.233603248900934
1398 7.228937848489377
1399 6.070908603752627
1400 5.870075477220889
1401 5.462263800445241
1402 5.231939302433417
1403 6.26363516959212
1404 6.626612392198625
1405 5.895195724513571
1406 6.4276511635519675
1407 6.274325622165744
1408 6.153880691281554
1409 7.357620294189116
1410 6.569110650903933
1411 5.745232557221417
1412 5.276874794121559
1413 7.394914580941457
1414 5.4275416396807
1415 6.251974767083083
1416 6.027666975327166
1417 5.953721446868073
1418 5.173326800509411
1419 5.71260959791238
1420 6.006576347013423
1421 6.411730520654376
1422 6.371567284939103
1423 6.541895467622137
1424 5.519229001873636
1425 5.657314721214069
1426 6.2814320892777005
1427 6.358547502416569
1428 6.486702964646229
1429 6.186715616996936
1430 5.0010165789556975
1431 5.497527712933074
1432 4.750561066833609
1433 5.385653785690468
1434 5.843271648954355
1435 5.451183029037577
1436 6.130886195388223
1437 6.233323405399989
1438 5.936541525460252
1439 4.142787203012984
1440 5.577996127065581
1441 5.878717285426312
1442 5.268148838482527
1443 5.725437009740558
1444 5.364105754126527
1445 6.263869180818457
1446 6.688090058463806
1447 6.433130330188422
1448 5.121185802922333
1449 6.863924146852235
1450 6.424853068807663
1451 5.884052037476264
1452 5.919624698376096
1453 5.998116625216908
1454 5.312199477409887
1455 5.31202738802937
1456 5.924641802494118
1457 6.018056579377757
1458 6.769166141968243
1459 5.769885861705598
1460 6.448190347806776
1461 6.573600274339791
1462 7.5735697833930455
1463 7.681607066176417
1464 7.301385325415612
1465 6.931164215444933
1466 6.986360161477689
1467 7.391957110267763
1468 6.158197996008261
1469 5.712176812245401
1470 6.315799879478085
1471 5.8613498162419715
1472 5.625728165527322
1473 5.733484560892979
1474 5.315270049481571
1475 6.114442588627399
1476 6.143934481645448
1477 5.5867184409904365
1478 5.660198580900729
1479 5.623350988485431
1480 6.002515451194466
1481 6.322889898451818
1482 6.237802167506617
1483 5.634258920931694
1484 5.090936379605242
1485 5.694796330183797
1486 5.429616144077624
1487 7.095257843952435
1488 5.341150911747938
1489 6.031137414813333
1490 6.315860979576093
1491 6.484260180486354
1492 6.489243433050987
1493 6.484856315907458
1494 6.183345606101668
1495 5.671057045741177
1496 5.391459610905814
1497 5.57081207533297
1498 6.2556809931977835
1499 6.090875012233005
1500 5.408582913578495
1501 5.107077549646137
1502 5.580006498521822
1503 5.385973102458569
1504 5.923964942866359
1505 5.359246052968064
1506 5.535461306003105
1507 5.148195372827097
1508 5.654951339153919
1509 5.770958569732596
1510 5.1898246791476055
1511 5.029123665676581
1512 5.132110517484743
1513 5.267142856499701
1514 5.3138745543494865
1515 5.829015761591548
1516 5.543471511257808
1517 6.135421689408842
1518 5.807445508302041
1519 6.280348121190129
1520 5.075111364787133
1521 5.832456993321206
1522 5.825499952513484
1523 6.1584771896493695
1524 5.900060633605242
1525 5.9768889956896265
1526 5.732073746346701
1527 5.752776158058543
1528 5.913457190620833
1529 5.261161490381433
1530 4.831140791462458
1531 5.932572454849283
1532 4.769775450363446
1533 5.79442947164045
1534 5.975028313323412
1535 6.983215178924482
1536 5.070591558958685
1537 5.223432612961582
1538 4.990814266824274
1539 5.355929229210924
1540 5.119861467300857
1541 5.0684348016014535
1542 4.812948518826295
1543 5.283346706469444
1544 5.464744284157514
1545 4.98393607611489
1546 6.262439847122665
1547 5.532622863353273
1548 5.564466758029142
1549 5.386858529179888
1550 5.858441890198929
1551 5.3513867917788644
1552 5.090029599917249
1553 5.030300205936536
1554 5.2275866610464226
1555 5.285882316313855
1556 5.011978157784782
1557 4.548263267388591
1558 5.311558789150208
1559 5.055804275936749
1560 4.688065290203473
1561 5.0737822825979615
1562 5.534649835653988
1563 5.274680436453401
1564 4.823350436675043
1565 4.739428478759939
1566 5.160138309723883
1567 5.168350149219686
1568 5.334908002715418
1569 4.560376348105375
1570 5.295475250261289
1571 4.868532249375545
1572 5.0382902535301115
1573 5.189852251517222
1574 5.350808742529507
1575 5.812643919206129
1576 5.805268814640838
1577 5.714733765593891
1578 5.983654402749878
1579 5.38249024942228
1580 5.879113945354831
1581 4.955520818054768
1582 5.063474269007978
1583 5.899095138596706
1584 5.216906166362666
1585 5.520999248072663
1586 5.131802595421941
1587 5.19978571742848
1588 4.770950751190554
1589 5.155383851587562
1590 5.014914450289598
1591 5.237177223157483
1592 5.210426056802825
1593 5.714792127339119
1594 6.210311349830007
1595 6.107019045354215
1596 6.1522989862335775
1597 5.767928834359195
1598 5.786228522555778
1599 5.590197381311168
1600 5.831805560179199
1601 6.041718611644304
1602 5.041596493468677
1603 5.0858333523718375
1604 5.531891645353652
1605 4.660632663600346
1606 5.2885796201567965
1607 4.928397580307647
1608 5.0480898776681995
1609 5.261709808374357
1610 5.447815638256706
1611 5.260218339285961
1612 5.360720837006043
1613 4.7686986571334655
1614 4.985361124243975
1615 5.214873744424923
1616 4.757255307111934
1617 5.182957822998949
1618 4.781352057823201
1619 5.509652671806447
1620 5.705918568719459
1621 6.32284483540917
1622 5.91914234851694
1623 5.742159949620348
1624 5.848854640815752
1625 5.851780563520354
1626 6.5554297002745985
1627 4.747590389656401
1628 5.0200958569203
1629 5.430463458502114
1630 4.4914564432308115
1631 5.078325798269273
1632 5.742521629246254
1633 5.517536066451209
1634 4.677565077246853
1635 5.56491997529958
1636 6.031726526276959
1637 5.119564895474302
1638 5.652976476395692
1639 5.993935891761606
1640 5.455518913625737
1641 6.160195810867163
1642 5.349274907301843
1643 5.3663442806540225
1644 5.400132030156827
1645 4.855396010614808
1646 4.980473335704409
1647 4.91550217111949
1648 5.388367069728583
1649 4.906086481817468
1650 5.440912526311898
1651 5.313699092265671
1652 5.393341318043352
1653 4.863192117866751
1654 5.053753343298862
1655 5.2087422346600585
1656 5.444883082897456
1657 5.206356445483833
1658 5.377191636950705
1659 5.209322962310689
1660 4.995104528472875
1661 5.063692611494652
1662 4.289239633155007
1663 4.589125954644483
1664 5.486402197705908
1665 4.6652178283401975
1666 4.824835899057161
1667 5.029769346368905
1668 5.765176166294427
1669 5.428171038122172
1670 5.288094602001472
1671 5.2259812661258565
1672 5.268168989328017
1673 5.577319166777063
1674 6.231294065920267
1675 5.228652298423833
1676 5.29140670080943
1677 5.385484484489234
1678 5.2784772731752945
1679 5.231897240910649
1680 5.125436011557228
1681 4.947687105175267
1682 4.589144194639423
1683 5.379312209975506
1684 4.626745097494787
1685 5.04425435762486
1686 5.23123011276236
1687 5.8992142536567105
1688 5.376376506621625
1689 5.548948199949423
1690 5.274339461481342
1691 5.3507618126385035
1692 5.036297839262151
1693 5.0679630500103325
1694 5.179480579739862
1695 5.2080479123232
1696 5.2126532307742055
1697 5.0912027513778195
1698 4.757504807746076
1699 4.878042064120246
1700 5.005868071920873
1701 5.4971228198603495
1702 4.894581860272986
1703 5.622028145315066
1704 5.521823437297526
1705 4.991647670913653
1706 4.690281248003857
1707 4.65252319072572
1708 5.712169379816636
1709 5.8880197240260355
1710 5.600866652690233
1711 5.813822502947761
1712 5.112622800077483
1713 5.983989164467045
1714 5.818761252955034
1715 5.533632101259396
1716 5.534748723477241
1717 5.600560810424067
1718 5.699341549854425
1719 5.219166486630338
1720 5.0791967293718825
1721 5.244432121740105
1722 4.416501841039037
1723 5.044943181170231
1724 5.92171044464776
1725 4.795799430356144
1726 5.0236763646391
1727 4.579271214475744
1728 4.944797553870039
1729 4.6960552930530675
1730 5.0289362878445845
1731 4.686440209634331
1732 4.881693610278664
1733 5.125630074172222
1734 5.211955615243407
1735 5.135150346466598
1736 5.918687747118731
1737 5.382023681125892
1738 5.27125036598622
1739 5.242718165872587
1740 5.296606374348082
1741 5.012305764334244
1742 5.404530663331209
1743 5.156214145162813
1744 5.724006599628003
1745 5.180249540517183
1746 5.189454823716282
1747 4.7247223731168395
1748 5.121509594683922
1749 5.413170052754296
1750 5.28743449841778
1751 5.352123469664451
1752 5.127578363794348
1753 5.480749669647405
1754 5.507338331570087
1755 5.178337566339572
1756 4.882493278738278
1757 5.337741638016015
1758 5.2804429978983825
1759 4.7107360993266685
1760 5.236750406132551
1761 5.071485263862612
1762 5.3628114827483735
1763 5.334331429722397
1764 5.180798160114087
1765 5.412947313136768
1766 5.122847380944213
1767 5.224864525405984
1768 5.415672531367478
1769 4.856426695302447
1770 4.98130672713699
1771 4.875166870694132
1772 5.721527824840313
1773 5.370801472593869
1774 4.784119056023343
1775 4.79422935345961
1776 4.6563966292984205
1777 5.433285289075976
1778 5.83380857812581
1779 5.094262243542097
1780 5.361848902795252
1781 5.364262071725678
1782 4.393392620358433
1783 5.107059841389077
1784 5.276015271477006
1785 5.481730110432362
1786 5.568846560459954
1787 5.006822812822503
1788 5.376178980580976
1789 4.926654997750652
1790 5.2261858812890125
1791 5.369636083935198
1792 5.386463452462198
1793 5.321422289582021
1794 5.604915652349998
1795 5.257142283515308
1796 5.341595319475275
1797 4.5346096640867355
1798 5.379630785255593
1799 5.151660919983791
1800 5.114147274707941
1801 4.866503057123578
1802 5.560875509874601
1803 4.927884505996763
1804 4.452494294303173
1805 5.3283470006923945
1806 5.207484609940968
1807 5.067015475137259
1808 4.827282080507349
1809 6.152127882913869
1810 6.019500221834544
1811 5.280188143226505
1812 4.9842033408837105
1813 5.783526108040269
1814 5.608921541537797
1815 4.789569180485658
1816 5.444566702506236
1817 6.18187493419057
1818 5.527824975440051
1819 5.742432571113752
1820 5.726985201716342
1821 5.884019126917604
1822 6.194052494242715
1823 6.049600536357242
1824 4.965004201429865
1825 5.350731821882649
1826 5.541706910022924
1827 5.253791588399037
1828 5.143189730940295
1829 5.179630274545655
1830 4.915707575990313
1831 6.042965417823627
1832 4.727635128048596
1833 5.078351668571675
1834 4.865516370908136
1835 4.762516119709586
1836 5.111162554425026
1837 4.795515337185787
1838 4.358836671549242
1839 5.147542453536116
1840 5.151452158704895
1841 5.981154690209194
1842 4.78201561321295
1843 5.221125829083003
1844 5.081319081288734
1845 4.680462354499446
1846 4.265427466680357
1847 5.256132878117923
1848 5.343696991177049
1849 5.166610954536177
1850 5.367381093696919
1851 4.606045671276156
1852 5.211931161378227
1853 4.224072143340673
1854 4.804765662764678
1855 4.703022370707752
1856 4.511731841448712
1857 4.550386458318846
1858 4.053387011023569
1859 4.1181182784543005
1860 4.487843501899445
1861 4.588745251573909
1862 4.6995192275706525
1863 4.731271103342434
1864 4.531597066060962
1865 3.8749950834056994
1866 4.610712598586278
1867 5.0064909032281175
1868 4.921489687881201
1869 4.127680650676713
1870 4.972495883354024
1871 5.806498040830667
1872 5.307950927868124
1873 5.867233870980638
1874 5.300568402475975
1875 5.466464126657758
1876 5.650301591202093
1877 4.8516100358008325
1878 4.9188106512855
1879 5.184610295002054
1880 5.113863201142071
1881 4.776705170243207
1882 4.883001378085334
1883 4.575198706525491
1884 5.859200872289719
1885 5.200687447730431
1886 5.283083595669764
1887 5.37377092427427
1888 5.2805935707671265
1889 5.522183768354997
1890 5.4189317315039345
1891 4.685643718029271
1892 4.491137062216989
1893 5.333465783340239
1894 4.724982072374264
1895 6.051589993390727
1896 5.130029429903886
1897 4.846937020375099
1898 5.30297674735172
1899 5.661389198625871
1900 4.634098717207884
1901 4.315997044038053
1902 5.451322432211042
1903 5.7389744728039
1904 4.984389740961425
1905 4.896463443835095
1906 5.292981520492935
1907 5.489577490473303
1908 5.970660239006925
1909 5.139706137246247
1910 5.50600795072372
1911 4.958434325239805
1912 4.638842139295756
1913 5.178068545276389
1914 5.17097113970242
1915 5.222687434582129
1916 5.092759978361342
1917 4.8062157435741355
1918 5.625570455813058
1919 5.340058931565056
1920 5.606235682183221
1921 5.256738987885958
1922 5.62384010867266
1923 4.752959968613449
1924 5.044662795024033
1925 5.216146916754341
1926 4.779917270883134
1927 5.5948040070406995
1928 5.087497482698744
1929 5.511317054139056
1930 5.402844842365452
1931 5.087472216551508
1932 5.323423463805686
1933 4.607751186939951
1934 5.281209108496786
1935 5.007585871404229
1936 5.791576483372292
1937 5.118363473270007
1938 4.817781923714785
1939 5.579586623598745
1940 5.4097675059152595
1941 4.8489417876780045
1942 5.779752118540503
1943 4.068631376584562
1944 5.298454068620196
1945 5.602859095699252
1946 4.488500928874841
1947 4.988563910903771
1948 5.247921920887831
1949 4.3700485184459055
1950 4.428362815336467
1951 5.273921073887908
1952 5.268592790405272
1953 5.695064487038028
1954 4.969541745249797
1955 4.729136797670532
1956 5.522382271565321
1957 5.67258456468346
1958 6.285318058941498
1959 5.676098158106946
1960 5.706207976716003
1961 5.347681452571311
1962 5.537830603536295
1963 4.796476794774249
1964 5.194272406640244
1965 4.415508277687282
1966 5.263064563725786
1967 4.715392165637904
1968 5.6046295952186815
1969 5.092880857698408
1970 4.384370375518204
1971 4.888999398423642
1972 5.5719902900133205
1973 4.995595531283305
1974 5.105027159442467
1975 5.208095392872078
1976 5.2990948012575165
1977 5.089486573667805
1978 5.263802143204328
1979 5.023480678224041
1980 5.150084722976109
1981 5.051070377444387
1982 4.054607167755869
1983 4.8707579239160115
1984 5.18344940283925
1985 4.812147793160095
1986 5.385998938960859
1987 4.983780703561708
1988 5.90241352145102
1989 5.6696778670062615
1990 4.928576110933528
1991 6.203968018900384
1992 5.900727649139175
1993 5.889566148928984
1994 5.112986805864347
1995 4.883858470560234
1996 4.861151934408886
1997 4.9763900037549975
1998 4.700879207644378
1999 5.110666023039958
2000 4.895262392091144
2001 5.630791323518109
2002 5.139388351757559
2003 5.225020592476676
2004 4.697222585997745
2005 4.883315872360966
2006 5.360875858909079
2007 4.833392131781038
2008 5.085552092106302
2009 4.713676618920366
2010 4.597053581342606
2011 5.525130668312365
2012 5.929188068289854
2013 5.661115141992566
2014 5.217216465395964
2015 5.729341122279641
2016 4.762131935993144
2017 4.5589304001428275
2018 4.781273299240715
2019 5.163241104214588
2020 4.713728182884063
2021 4.88762622808684
2022 5.50404062686799
2023 4.9980273326574025
2024 4.873065764423668
2025 5.636182864070073
2026 4.596722445922381
2027 5.395098830296655
2028 4.2081187242927225
2029 5.057249247853456
2030 4.780123455720977
2031 4.626729957213569
2032 4.374518079436192
2033 5.296791259588383
2034 5.78671103129223
2035 5.501586587394412
2036 5.730752404342403
2037 4.72584853778223
2038 4.834560094063566
2039 5.2090602423167764
2040 5.365078279612765
2041 4.8328206494978385
2042 4.487641327467172
2043 4.907899191723769
2044 5.278680542601754
2045 5.459341873582633
2046 5.1197912297619625
2047 5.474388712881335
2048 4.993995363828744
2049 4.928247983690515
2050 5.021089559248555
2051 5.380530443926988
2052 5.56935620181112
2053 4.620809353626955
2054 5.471277900723935
2055 5.065136836257353
2056 5.366213148573161
2057 5.070241197298919
2058 5.33141369737163
2059 4.939967182833593
2060 5.3835671794464455
2061 4.835497238002882
2062 5.401839436275587
2063 5.229975340375669
2064 5.0393691459189744
2065 4.992089535351767
2066 5.1821642354777335
2067 4.709827540175302
2068 4.941877049698152
2069 4.137269701679323
2070 4.194744060504388
2071 4.080776388731989
2072 3.497244999729559
2073 5.486557275995498
2074 5.864994758530144
2075 4.918689914383668
2076 5.402251559314988
2077 5.093600682940862
2078 5.3413062005647305
2079 5.237245606917942
2080 4.86885147953797
2081 5.134522707565492
2082 4.804749954663017
2083 4.603571146349598
2084 4.430209464873911
2085 5.016693497320205
2086 5.441683254433065
2087 5.1766049628493676
2088 5.131392180397458
2089 5.543427278916844
2090 5.539896586901244
2091 5.267341518413935
2092 5.010845151548921
2093 5.265596463975088
2094 4.8392105670848595
2095 4.021978925472073
2096 5.359124177304978
2097 5.0522676241896844
2098 4.898708737374172
2099 5.081365235969632
2100 5.109713141064434
2101 5.697044932611414
2102 5.143083893416844
2103 4.53692043277687
2104 4.871626523283022
2105 4.83343418856709
2106 5.205478154572688
2107 4.188745231478767
2108 4.750710591899954
2109 4.942610645210155
2110 4.874157233795591
2111 4.305427223818496
2112 5.131758761969576
2113 5.33756680723149
2114 5.228093323567042
2115 5.32412194779576
2116 4.7544340842168555
2117 3.9401861261728928
2118 4.712685355243397
2119 5.200903612728474
2120 4.736043922870581
2121 4.301893816940453
2122 4.927819082251114
2123 4.768382795289935
2124 4.492567977853594
2125 4.468152832783943
2126 5.05667386110818
2127 4.980532284137306
2128 4.307896776168397
2129 4.9940709351384625
2130 4.423763395475571
2131 4.850160195883335
2132 4.85741928709874
2133 5.4235100157191205
2134 4.940841538770668
2135 4.680712766495115
2136 4.394600570100824
2137 4.966715865903704
2138 4.470526982638738
2139 4.479871909768236
2140 5.438525433042841
2141 4.606611809391677
2142 5.1086036124209
