0 4.759756192512828
1 4.832329019859333
2 4.790790757716294
3 4.936022570862922
4 4.670810039435039
5 4.930215293540602
6 5.099037294527594
7 5.0039776295515725
8 5.036442283678858
9 4.486298731781053
10 4.793331523501355
11 4.668325165239552
12 4.874156833952351
13 4.992149300168435
14 4.664284799013307
15 4.898706192919327
16 5.150508386113393
17 4.796274134222634
18 4.796101789991487
19 4.83900037416121
20 4.851479509606118
21 4.85354057401813
22 4.719697406944612
23 4.6498191898653465
24 4.86784934634025
25 4.900908212010826
26 4.6418286968932145
27 4.54561496714666
28 4.706524900095114
29 4.775003301589304
30 4.736966517645098
31 5.013724638493425
32 5.155020716041534
33 4.914608277346603
34 4.956815958915653
35 4.8820877794895186
36 5.005458779947614
37 4.808095946630539
38 4.863279277312457
39 4.734200403521919
40 4.846463823152571
41 4.8598029828147515
42 4.760112675880588
43 4.577136506241056
44 4.635947966228032
45 4.660597919796151
46 4.841430112546729
47 4.902978552774508
48 4.742414936312946
49 4.4823396197766
50 4.915897089125968
51 4.707658594605087
52 4.616511341739492
53 4.821646469808096
54 4.598153945509679
55 4.6486439615214366
56 4.82764942286888
57 4.929490123005377
58 4.5792784680807115
59 4.563288263353268
60 4.6932936846937725
61 4.85898434270764
62 4.896293318133043
63 4.829667481575748
64 4.6171690636628755
65 4.819100751536617
66 4.812544581016253
67 4.779685919076695
68 4.766742446206253
69 4.695152415028588
70 4.85758901197884
71 4.649280597849742
72 4.552750674469228
73 4.7081411211714945
74 4.733674803386212
75 5.007844259560948
76 4.773541506631977
77 4.659070545389554
78 4.518128676971854
79 4.783496359226865
80 4.499153246756045
81 4.587955210983946
82 4.809127252848567
83 4.948388995810595
84 4.789239280598197
85 4.794231479525381
86 4.701533097603663
87 4.53974730675415
88 4.3746246364414185
89 4.511255677266975
90 4.73142938063954
91 4.76817380691996
92 4.5773550072430185
93 4.586530388027881
94 4.333111338244039
95 4.95259644261081
96 4.7662358654956645
97 4.370707652061539
98 4.742253339100024
99 4.8011679334293165
100 4.5910332737399235
101 4.641688971091015
102 4.577659381133678
103 4.777964860688439
104 4.781737281862737
105 4.823783643581677
106 4.688361331164617
107 4.606370997295058
108 4.400083350244434
109 4.4832598674694
110 6.187404357319831
111 4.735980671446333
112 4.806194134636076
113 4.8827461572075705
114 4.7829640162111975
115 5.1930118959481275
116 4.860126278160329
117 4.93089767515044
118 4.883824877768224
119 4.651112898942343
120 4.5692602325386975
121 4.67074733509183
122 4.568684823227528
123 4.507964796925769
124 4.8224066073137895
125 4.555232985535042
126 4.699214657639315
127 4.665902307014087
128 4.772827106159085
129 4.509131398473229
130 4.5508495838338545
131 4.445180778235876
132 4.6516056538195905
133 4.704932814557329
134 4.589835807313653
135 4.743733723727005
136 4.886046587397255
137 5.050154649323047
138 4.4114573212567985
139 4.628947879653943
140 4.75316374422093
141 4.159678539395841
142 4.588408102634843
143 4.579272427239038
144 4.460073178004737
145 4.630340254908532
146 4.7973682816801055
147 4.642482048785701
148 4.410277253589276
149 4.328105360030634
150 4.882776920749168
151 4.533012295647464
152 4.649538978322659
153 5.513274985096552
154 6.369875992168057
155 6.765946698048398
156 6.687672101866798
157 5.868999989722877
158 6.576664033950859
159 6.706204829368506
160 6.234241096373503
161 5.9397061937293705
162 6.17146038661872
163 5.457044466430151
164 5.501276305717033
165 6.385701101726499
166 5.609956608785065
167 5.465017171939212
168 6.678322495185351
169 6.235584422288714
170 6.0992157441500865
171 6.595348103885134
172 7.407280472435897
173 6.538489935277265
174 5.974464071725856
175 6.066862865498836
176 5.479154227969216
177 6.6306045897670005
178 4.619405989397723
179 4.728906739104954
180 4.785715654860301
181 4.877459778159621
182 4.385288350785356
183 4.716978984575536
184 4.465705759923774
185 4.276443325303925
186 5.099352773222956
187 4.5500395157590585
188 4.456010439456398
189 4.62100196863291
190 4.4329195489828495
191 5.13597076992357
192 4.734023040694633
193 4.488727877260032
194 4.809371359868386
195 4.489250087151711
196 5.1772028781185355
197 4.67207959182747
198 4.5704536157058335
199 4.8096872042939305
200 4.70787381262333
201 4.413567454639309
202 4.570354033749761
203 4.852076076998613
204 4.687703479526751
205 4.6975917254319555
206 4.63289907016786
207 4.714624163424341
208 4.988672566345917
209 4.881654492955953
210 4.762511157966445
211 4.738242138457301
212 4.519893257259649
213 4.942632303566278
214 4.218794306189636
215 4.6109482996919455
216 4.917475470305986
217 4.87172241048203
218 4.557877161741817
219 4.60273457803382
220 4.754312291726141
221 4.706839052149366
222 4.647837360868445
223 4.797369164548313
224 4.527828718824569
225 4.354243959267625
226 4.878743550275632
227 4.705021351651038
228 4.856720494442922
229 4.6338981031460165
230 4.793632329468059
231 4.64694871585028
232 4.866611802612837
233 4.691750408995138
234 4.456438683927453
235 4.536340443957648
236 4.246127813998736
237 4.505309971900363
238 4.75170087317164
239 4.657937552133062
240 4.833989981838622
241 4.865822596820503
242 4.758702944681228
243 4.5227624414127465
244 4.815770764563139
245 4.413811135927556
246 4.9187118490887745
247 4.824388559602986
248 4.414268117502989
249 6.863792073057427
250 6.40769741682133
251 4.621201725138949
252 4.814018332972956
253 4.522684490954168
254 4.818073694856451
255 4.78556033361828
256 4.490382462627451
257 4.740794277006298
258 4.519550235280737
259 4.718017263300049
260 4.70669316743448
261 5.506069088939904
262 4.423494943758682
263 4.670894369400441
264 4.70207382328695
265 4.864531174443105
266 4.540715697245572
267 4.569539543253138
268 4.702436646287028
269 4.96513682290535
270 4.7645565661707465
271 4.484687347721516
272 4.564204071605282
273 4.752876525920675
274 4.633409573885499
275 4.533257361802259
276 4.90513061103469
277 4.632594804761056
278 4.2982784728312255
279 4.486694196218526
280 4.629075830991868
281 4.621163651121139
282 4.617663440363852
283 4.5194877164740825
284 4.863147037522928
285 4.815981421940613
286 4.422141322118418
287 4.357065877142581
288 4.144120711584341
289 4.342872099574347
290 4.591431872475628
291 4.39824534169256
292 4.528152873917769
293 4.659916700793915
294 4.80775202386881
295 4.82014148076967
296 5.361018048961755
297 5.545425208390788
298 6.482662485247311
299 5.707621434440802
300 5.853046607510116
301 7.340074278725718
302 6.051527318060193
303 6.566558845598048
304 6.704867380304618
305 4.8920643564213595
306 4.691804721303993
307 5.74776198891174
308 4.435087051323816
309 4.167947088983938
310 4.629913313852698
311 4.873084887489628
312 5.107846585091005
313 4.81141102287835
314 4.717429003889478
315 4.672102755940686
316 4.542611714405761
317 5.095068090953463
318 4.9762648510202725
319 4.9021756655385245
320 4.50103694030289
321 5.038108757761959
322 4.337385132792184
323 4.521820177281226
324 4.6318095266260135
325 4.724075809260916
326 4.653283960488909
327 4.9627201646913655
328 4.873429054414924
329 4.904207026990876
330 4.589862236116194
331 4.750285791902348
332 4.964233336063749
333 4.645281793900797
334 4.701296304402137
335 4.772089655684688
336 4.692091171915258
337 4.610570425237566
338 4.732238578828749
339 4.660660566648373
340 4.6463253964901785
341 4.716413970802777
342 4.816192393166556
343 4.734117392184747
344 5.002920897712542
345 4.715493740367859
346 4.738647611405586
347 4.841220191501325
348 4.458924223960274
349 4.701714031921855
350 4.581919652223787
351 4.6273368846711325
352 4.773009096924252
353 4.5231459911792635
354 4.6191672220911695
355 4.854070218431891
356 4.60310878135225
357 4.707407654092031
358 4.8157028885133215
359 4.747790456268561
360 4.75737337139889
361 4.771643830196883
362 4.955399501406049
363 4.390462694915581
364 4.61236685296219
365 4.7334624502255505
366 4.8058944187472035
367 4.750573397855019
368 4.696242273476258
369 4.782243434621686
370 4.908119095146698
371 4.625792728511497
372 4.504692666080703
373 4.926216477719103
374 4.855007586564859
375 4.786444151180611
376 4.886342275454818
377 4.985769295031018
378 4.64248237814507
379 4.817359692597388
380 4.716399067857317
381 5.08892787851718
382 4.745416713550584
383 4.65106576460473
384 4.770776245236632
385 4.689660181053841
386 4.721928868023287
387 4.620943420363564
388 4.896165602897086
389 4.693414240522774
390 4.59528008187311
391 4.547632564562419
392 4.698050438995089
393 4.610707841953896
394 4.676242700381173
395 4.778312467235466
396 4.743913528545202
397 4.6999988674266024
398 4.691229117771853
399 4.584926245420462
400 4.435855892317193
401 4.402092005836427
402 4.596688181934469
403 4.232053224804512
404 4.330733860818162
405 4.399229825406934
406 4.345033208562438
407 4.389858577848239
408 4.558137098983965
409 4.649841635003042
410 4.482814045523992
411 4.225215327022966
412 4.7244767408824515
413 4.610093287850148
414 4.756678698980564
415 4.6028670848003985
416 4.744802039224184
417 4.119655344135301
418 4.255481619397052
419 4.307984765065636
420 4.562560673758526
421 4.634185884865861
422 4.9154167287309765
423 4.516407693219352
424 4.871199108176316
425 4.385735423133448
426 4.503566852088299
427 4.62308019151419
428 4.768914197886211
429 4.867211872434981
430 4.284102657963082
431 4.290503192035173
432 4.513566543451448
433 4.158216169063498
434 4.694545896552673
435 4.3520156586270895
436 4.606407661325697
437 4.648039723308893
438 4.657687818694579
439 4.284834226220962
440 4.36263841340315
441 4.362645623052818
442 4.477221300174815
443 4.546510730893746
444 4.423614332031862
445 4.496512287457743
446 4.375408361826203
447 4.541896401357092
448 4.404488468887276
449 4.422464243248109
450 4.735635804229071
451 4.1210607789765055
452 4.642620303860308
453 4.830698437584766
454 4.632631203292696
455 4.377759107291234
456 4.479799162626604
457 4.365295546998045
458 4.40015530853562
459 4.691990622859815
460 3.9710754240347086
461 4.504062959628156
462 4.457298205916882
463 4.550922369632713
464 3.930330510472258
465 4.558817930345734
466 4.494287664221996
467 4.618608863793859
468 4.148631376451132
469 4.5312310012753345
470 4.03913339455687
471 4.305727128655975
472 4.3420995867945456
473 4.106559606095776
474 3.9633367391311314
475 4.390476043558971
476 4.422044356052941
477 4.1481821158247705
478 4.259719478188997
479 4.073596105168423
480 4.513747308700439
481 4.15917870409974
482 4.323758117165618
483 4.527188145104117
484 4.20540941780018
485 4.447244436126779
486 4.645730187368372
487 4.558950675074748
488 4.544136677501424
489 5.101227431938387
490 4.717547685753301
491 4.683743365370994
492 4.511967100014482
493 4.561699563956074
494 4.62434458714883
495 4.054823408524988
496 4.607739437378643
497 4.414836392738623
498 4.422786447289556
499 4.445767001974329
500 4.668174026733303
501 4.548778375484174
502 4.300190051233144
503 4.520536838316751
504 4.6135857272381395
505 4.60728722513844
506 4.259119934944575
507 4.233624715658554
508 4.507501896875529
509 4.686112536303122
510 3.9318762877066313
511 4.565212040450537
512 4.2816305383298925
513 4.577024552494662
514 4.2605458343507445
515 4.28571038451192
516 4.1700843900890225
517 4.656201311353252
518 4.5167544466265
519 4.349023941917987
520 4.8632920849860914
521 4.547064748138118
522 4.489430844268837
523 4.31717925394085
524 4.140560716892435
525 4.762058542754809
526 4.659125316199249
527 4.791333604209607
528 4.49507941583901
529 4.432651244343603
530 4.521938277662977
531 4.4962598517161085
532 4.691462598817234
533 6.1783372951860445
534 4.545371285584145
535 4.3547758095327795
536 4.683595641506306
537 4.728187527679925
538 4.5177044812364775
539 4.22724955053209
540 4.237406747545395
541 4.665936241383363
542 4.552758262435054
543 4.325893323522992
544 4.38943828033681
545 4.353109535179182
546 4.346871902946758
547 4.50344343254266
548 4.748789552051487
549 4.275862372685512
550 4.5056607187542985
551 4.189800244642098
552 4.593976990541479
553 4.339714852847938
554 4.640884085709274
555 3.9792417749048976
556 4.499336975777617
557 4.679293184034204
558 4.700719985296787
559 4.5584268214910715
560 4.643516576574966
561 4.45123789281647
562 4.293786976165547
563 4.636053871232764
564 4.51682793826682
565 4.46779820726721
566 4.260187233997415
567 3.9533279634199863
568 4.139839342044381
569 4.228567518297774
570 4.186907106012491
571 4.58290893289959
572 4.44137393971848
573 3.9944773939334124
574 4.808030184583175
575 4.735308922782069
576 4.446717034325149
577 4.556979503936732
578 4.453054851575063
579 4.626624434686561
580 5.902204889932725
581 6.397331675585228
582 6.096907773486384
583 5.545956833556896
584 5.773245955509799
585 5.827799573410044
586 4.625368070823474
587 4.72519159408292
588 4.6271209592778835
589 4.764450342014366
590 4.43339858734549
591 4.509180591102192
592 4.589702344960035
593 4.629982300231625
594 4.8517867554647855
595 5.09146838905901
596 5.6026118674996175
597 6.492643551765257
598 6.020265915219875
599 5.765674216253759
600 4.292586729705509
601 4.504375960959219
602 4.6245011840609065
603 4.4134682786573105
604 4.173112784192512
605 4.383926247524394
606 4.2617836554192
607 4.362504791086359
608 4.083254189105229
609 4.132075156255588
610 4.542518680781572
611 4.266924894690891
612 4.467010261518533
613 4.003898651747166
614 4.481594037102237
615 4.828727759437417
616 4.13446848553098
617 3.7740916675447216
618 4.730779146012497
619 4.613691827420972
620 4.32980445734227
621 4.176277338008861
622 4.253249238213415
623 4.008080242927699
624 4.819674635492206
625 4.413023400411772
626 5.03867722132778
627 4.194271124555489
628 4.539900285417255
629 4.675497672910562
630 4.759917088524184
631 4.678663942606995
632 4.317478912047163
633 4.74323651431733
634 4.08399771370768
635 4.339333522499567
636 4.011193606974729
637 4.682356090760543
638 4.891952360450642
639 4.4257766194464345
640 4.557398776174708
641 4.6878304163994295
642 4.622740823494365
643 4.487630294237052
644 4.28999975484502
645 4.397128949505387
646 4.6801185874238085
647 4.408320112380023
648 4.876126375514722
649 5.003815397235617
650 4.39620006108639
651 4.351013208836624
652 4.6127978598528765
653 4.624528557668805
654 4.619303328215913
655 4.309684590473659
656 4.304085044504489
657 4.330519381712276
658 4.414723844914439
659 4.4986633044756275
660 4.2747256641523785
661 4.127695198933417
662 4.443647374033394
663 4.760528606382874
664 4.591132792329227
665 4.433533564802625
666 4.7068956204280195
667 4.539593310303161
668 4.563398014028936
669 4.26817885470231
670 4.668967468613103
671 4.75604862885261
672 4.4337496986478095
673 4.446438652444132
674 4.293591421753801
675 4.757583382517177
676 4.429576053220017
677 4.795540281947814
678 4.603298121804387
679 4.45280494044857
680 4.4017447455611025
681 4.4016823476665845
682 4.439298501249764
683 4.50576165941251
684 4.239836255621873
685 4.656502404958398
686 4.540154484430385
687 4.411072814322154
688 4.622466215973855
689 4.398002408641672
690 4.6654302835894415
691 4.603905633817742
692 4.51977369491692
693 4.653934608140231
694 4.670976173773331
695 4.638276404422827
696 4.364749883487131
697 4.599316755936578
698 4.705801785676889
699 4.622943712375627
700 4.608105592452761
701 4.769036810210337
702 4.858154071660391
703 4.743409182929932
704 4.6055562752624475
705 4.3575761175851
706 4.029766378507684
707 4.899314574894079
708 4.491752569531462
709 4.366511533086755
710 4.284662178945073
711 4.571414690683412
712 4.428433235845317
713 4.178827291323385
714 4.064709063367727
715 5.742195004397127
716 4.7743529031437575
717 5.796932562390599
718 6.543386275353348
719 5.5812387910810966
720 6.165046834121745
721 5.5960948364236724
722 6.4106431944805005
723 5.18803709022429
724 5.700730646482725
725 6.3465066216810495
726 5.851731689030275
727 4.21838970840013
728 4.118780494179893
729 3.8946708875530653
730 4.373716652480254
731 4.604154956065681
732 4.508660878608399
733 4.190901322419879
734 4.246863648189472
735 4.2724859048150625
736 4.110683219202681
737 4.546513105395068
738 4.673611295509564
739 4.755613454106157
740 4.179059509104545
741 4.436326563888793
742 4.617361589519948
743 4.473475345828089
744 4.497434611073933
745 4.510906224661921
746 4.334174083627266
747 4.60599079604256
748 4.562677056064728
749 4.664897257941714
750 4.544387302274607
751 4.708157750511087
752 4.69193963815075
753 4.625780808159381
754 4.831745078544366
755 4.5848309544369705
756 4.192679953915404
757 4.3722628108030035
758 4.44681866470231
759 4.36483919165417
760 4.324417675182014
761 4.5969535381939535
762 4.232854196348407
763 4.01908023480431
764 4.385310539267655
765 4.020360740419035
766 4.10659134096403
767 4.828086600662097
768 4.4463333724582865
769 4.6168589259815676
770 4.466421231321241
771 4.738029153793204
772 4.773852013562866
773 4.782605255964322
774 4.569671402891408
775 4.384927239863398
776 4.145936383976395
777 4.439997765131891
778 4.20515893347169
779 4.229444321986605
780 4.597717557977546
781 4.249936090281502
782 4.762667578735751
783 4.331748947950169
784 4.167218266822039
785 4.389082407602022
786 4.503594832260287
787 4.061714362343692
788 4.3995410289013055
789 4.370754047377872
790 4.528274880289971
791 4.317457610282589
792 4.590224130453432
793 4.803478165079636
794 4.6405898390013
795 4.539371236431011
796 4.314071582313696
797 4.727747938423703
798 4.596241507497955
799 3.810068792003044
800 4.228434718700534
801 4.727954579800147
802 4.375643334143264
803 4.895425555199188
804 4.416828762128987
805 4.512784216032331
806 4.451261317254355
807 4.44487496860247
808 3.9091938860413378
809 4.296991909645329
810 4.622069265536133
811 3.9400715337604004
812 4.531708813697736
813 4.364793286533024
814 4.439162736962582
815 4.477464624323727
816 5.113329095022121
817 4.593333855201603
818 4.306478527146486
819 4.439381219856066
820 4.079021195238883
821 4.187805579290186
822 4.196891128971013
823 4.2769020880383
824 4.390392005325354
825 3.9894245096474887
826 4.385390042586656
827 4.5919810671043315
828 4.6479090221139465
829 4.418167759820807
830 4.567083993451657
831 4.710704031913233
832 4.5798452559804215
833 4.631158736173076
834 4.531956477318589
835 4.498797909849338
836 4.631527504445841
837 4.314259504712454
838 4.471189683798696
839 4.139884093318501
840 4.618396798431356
841 4.255890259769637
842 4.631417857809746
843 4.333698941384424
844 4.347839832901796
845 4.834103332729549
846 4.524299375716542
847 4.059219857436454
848 4.260290695620809
849 4.406681382453005
850 4.0940895633709795
851 4.403438331081129
852 4.150213276399453
853 4.187392042794561
854 4.175371496171409
855 3.960341005224779
856 4.344252859120924
857 4.199124987408927
858 4.570231745260324
859 4.051690169907113
860 4.499297480022218
861 4.691695394775069
862 4.636871242789553
863 4.482021204279879
864 4.384540713000075
865 4.380176708561063
866 4.403097093602951
867 4.2654351227588805
868 4.092902697270166
869 4.111336989162837
870 4.094634690273464
871 4.33237623474979
872 4.5751681896270515
873 4.298248976505763
874 4.3906294211568975
875 4.529444516010733
876 4.429084485931533
877 4.606276010979566
878 4.219656065486883
879 3.9388584168540683
880 4.3210670079580895
881 4.65239807032119
882 4.621259649213542
883 4.166919369666204
884 4.541329393870891
885 4.858087513206236
886 4.466913397037557
887 4.687637600925101
888 4.0071572274612635
889 4.756748932261246
890 4.4922206784968175
891 4.234538554658787
892 4.4799944710277
893 5.364817593341995
894 6.545282224558016
895 6.5437804619739195
896 7.2166254749668655
897 6.577143026844593
898 6.5498799289009355
899 6.394764710563679
900 6.643012973418555
901 6.040446740642092
902 5.654368432585891
903 4.519485607908514
904 4.112377982754184
905 4.431676910584723
906 4.433115226944953
907 4.230213049855719
908 4.619391312465374
909 4.625167495523973
910 4.03903105877396
911 4.331849747451007
912 4.005303014405257
913 4.6372052926689
914 4.650740122093901
915 4.6454583908078915
916 4.340428664737969
917 4.273092780970276
918 4.497476761028017
919 4.191051097042999
920 4.351112030177302
921 4.484467295720297
922 4.379961751378114
923 4.668220719618619
924 4.66742937184266
925 4.274617987881112
926 4.463055863783553
927 4.397537873774049
928 4.000591565979254
929 4.346196103773127
930 4.603347581183525
931 4.6046782099868375
932 4.322740382916246
933 4.537682300702626
934 4.295638760427591
935 4.006078417543453
936 4.163212222021566
937 4.167332511401316
938 4.267008281363097
939 4.157252729982193
940 4.409263970230578
941 4.3011643633693515
942 4.290347895196476
943 4.232084580043665
944 4.208731476262528
945 4.429863229848706
946 4.493215347659504
947 4.528628343250716
948 4.232030805213661
949 4.729973087293233
950 4.610420867768895
951 4.4719945962539205
952 4.125455345755636
953 4.784691151108394
954 4.398163349506566
955 4.407564721274754
956 3.992115062160165
957 4.376086747033591
958 4.339383210174331
959 4.261732456992795
960 4.653850918707125
961 4.1518577929640506
962 4.41534030837993
963 4.247993653115269
964 4.497853153811161
965 4.075892579678682
966 4.339108394625614
967 4.751194459368437
968 4.622867785586579
969 4.474450112655469
970 3.964393347560595
971 4.296596567627753
972 4.158985740506602
973 4.176676655996921
974 4.09447414727334
975 4.103111750597721
976 4.150608083938638
977 4.31733459819442
978 4.316274940871179
979 4.220934730376776
980 4.512279573357185
981 4.182143647861287
982 4.550852511418855
983 4.515784777695577
984 4.50267303184079
985 3.8648541161774634
986 4.517202882478612
987 4.608156055141078
988 4.521872910969192
989 4.810415319145061
990 4.649625021763897
991 4.606288540791581
992 4.723769277329909
993 4.741357747179304
994 4.97739028763756
995 4.550902006408651
996 4.7318759382173665
997 4.498811111446315
998 5.051066044139104
999 4.684352017978499
1000 4.5843675400690005
1001 4.360567304691096
1002 4.40924722145017
1003 4.489592918810605
1004 4.6768080339697935
1005 4.666471365235639
1006 4.750758607922187
1007 4.47787010551687
1008 4.666828662057172
1009 4.724479388830111
1010 4.836889588764836
1011 4.5946345914023015
1012 4.528226137053995
1013 4.647989711474793
1014 4.8424370050731325
1015 4.889067064886206
1016 4.596380675393108
1017 4.582887194822561
1018 4.524020265131487
1019 4.980776156124095
1020 4.787125105119817
1021 4.75330421629333
1022 4.659574879627241
1023 4.77468188773335
1024 4.778349979676668
1025 4.758131837309658
1026 4.644262435267499
1027 4.57590572979305
1028 4.651160430133791
1029 4.706679570468409
1030 4.723968213939017
1031 4.764140804193741
1032 4.8397797736137305
1033 4.905556842630239
1034 4.717764751151623
1035 4.637122613751718
1036 4.843945279889466
1037 4.83644709261366
1038 4.896527674978603
1039 5.077836655526624
1040 5.620542800624991
1041 4.686200457314344
1042 4.868893471611361
1043 4.733817940363047
1044 4.717585868018172
1045 4.602989896360142
1046 4.683746893203278
1047 4.570551112543411
1048 4.656970090858338
1049 4.667448038712701
1050 4.77935653240593
1051 5.063945769660261
1052 4.761851727623446
1053 4.602528741289084
1054 4.751830190934454
1055 4.8257499530059125
1056 4.738924937977954
1057 4.932416015853637
1058 4.8707495913151435
1059 4.598546196225984
1060 4.84101764190565
1061 4.5415460485722665
1062 4.646999124039648
1063 4.805501350255191
1064 4.707246008021879
1065 4.704504279841756
1066 4.786480707046122
1067 4.606708193341142
1068 4.707142686681398
1069 4.664142087398413
1070 4.631582964080696
1071 4.6193796662385305
1072 4.504838940942436
1073 4.6441412614584205
1074 4.826539271507193
1075 4.829189946914936
1076 4.83838440135176
1077 4.726869550197155
1078 4.629688506916596
1079 4.687185187739126
1080 4.755414097756735
1081 4.525686437073697
1082 4.7656543327771885
1083 5.032476734510107
1084 4.832333781584172
1085 4.869075389316145
1086 6.05555914827498
1087 5.625559035272513
1088 5.828198953515444
1089 5.982653230413578
1090 4.8569692375732565
1091 4.7405519035289485
1092 4.750189624134126
1093 4.889530037865934
1094 4.7031152142882044
1095 4.915076531660405
1096 4.653207043905861
1097 4.6917206170047985
1098 4.757267466000915
1099 5.052002191281073
1100 5.119923795977821
1101 4.776810235188066
1102 4.7297166161877575
1103 4.799378995130683
1104 4.8388480797506155
1105 5.032456174405461
1106 4.796678786654111
1107 4.970929686610808
1108 6.321234633809245
1109 5.874235052201857
1110 6.010163341572017
1111 6.390735081029655
1112 6.714031120090349
1113 6.702322754172084
1114 5.823829225495687
1115 5.974875883597934
1116 4.947556297122458
1117 4.665246324518634
1118 4.873104658698383
1119 4.841408949458276
1120 4.607795381690125
1121 4.801704352362058
1122 4.723505590569671
1123 4.599311986502257
1124 4.863127685154419
1125 4.823485265525229
1126 5.027447865530406
1127 4.769149762468731
1128 5.103291871965714
1129 5.552466034466948
1130 6.537001673433592
1131 6.274201163544076
1132 6.512483876951037
1133 6.538475116742897
1134 6.281140234810165
1135 6.969547045516466
1136 6.3687155237787385
1137 6.290734555457277
1138 5.75109997698999
1139 5.784776996452312
1140 6.402258311938673
1141 6.63324383107041
1142 7.005825307605275
1143 6.212380845244216
1144 7.11998726589676
1145 6.5180619242828435
1146 6.11090068354807
1147 6.255196408404035
1148 4.819141841490334
1149 4.9811337559312765
1150 5.121489378990157
1151 4.6178254635082405
1152 4.939291550410426
1153 6.951160232768268
1154 5.557085861579538
1155 4.846092855852219
1156 4.750881134657142
1157 4.8170739127809625
1158 5.090077678402456
1159 4.7623104641634635
1160 4.634760061961859
1161 4.70304291874603
1162 4.88077803037551
1163 4.664754982259828
1164 4.754004755293359
1165 6.1488165943059165
1166 4.994384448427704
1167 4.807442492578274
1168 4.676164055071867
1169 4.6930243424438665
1170 4.636956520376344
1171 4.666411586563444
1172 4.703699830327477
1173 4.837380197098089
1174 4.88280066745313
1175 5.079267182486842
1176 5.871942480892696
1177 5.368373535584656
1178 5.820715847907761
1179 5.60106647693221
1180 5.734815838678579
1181 5.032926005490191
1182 4.678302621947946
1183 5.510995029840168
1184 5.804734780219125
1185 4.651945574361874
1186 4.479115572742999
1187 4.942014023672125
1188 4.708608572177986
1189 4.684239755024343
1190 4.689551624267857
1191 4.716932194481956
1192 4.639766813628456
1193 4.81291518473754
1194 4.639777694272363
1195 4.732765309928086
1196 4.643903008007033
1197 4.851093617737085
1198 4.592894014032186
1199 5.026667942729654
1200 4.561253820205033
1201 4.735888843360178
1202 4.724952185465249
1203 4.649466328169394
1204 4.788101214880191
1205 4.83536529750125
1206 4.741869761135756
1207 4.882155142528244
1208 4.8525561274785325
1209 4.797454455474778
1210 4.694936433495707
1211 4.674723313198847
1212 4.60357557276415
1213 4.733240732429574
1214 4.680421389400427
1215 4.850328531867587
1216 4.5390075406550565
1217 4.853046210775449
1218 4.757283788026814
1219 4.606205680864237
1220 4.808269138531186
1221 4.81706998860071
1222 4.586228818234156
1223 4.928498848389067
1224 4.624963115113839
1225 4.34699354903728
1226 4.403322700394475
1227 4.560315480894029
1228 4.818164961655728
1229 4.73097833476401
1230 5.085499095933619
1231 4.786637090205426
1232 4.989135534247145
1233 4.688544878897636
1234 4.83995151963371
1235 4.588212801863984
1236 4.547503703037498
1237 4.591179719066441
1238 4.757285271773848
1239 4.6570257168051254
1240 4.751386092115677
1241 4.675440899976677
1242 4.717349744425424
1243 4.626932099080011
1244 4.630788623650378
1245 4.806274414876367
1246 4.771144168783913
1247 4.597946341436081
1248 4.75144188971197
1249 4.572633137076893
1250 4.694809962184986
1251 4.60700990075221
1252 4.805621222172423
1253 4.81366514737352
1254 4.670448033160484
1255 4.7513955190284785
1256 4.6353571252799295
1257 4.898173198055374
1258 5.164364838216501
1259 4.448245685784572
1260 4.792634808912533
1261 4.80956676919011
1262 5.206694356802516
1263 4.772135355785094
1264 4.6051292970249404
1265 4.972696172110076
1266 4.6593303169833
1267 4.7556741251290235
1268 4.850124804211061
1269 4.776596530140864
1270 4.738060814890298
1271 4.503112253652802
1272 4.714448191393321
1273 4.893766590510645
1274 4.754440269456415
1275 4.722766308179834
1276 4.594497402225309
1277 4.693305082625587
1278 4.81073512983246
1279 4.720250065327129
1280 4.706031290466384
1281 4.748724262732423
1282 5.228745705049851
1283 4.786816840742956
1284 4.918669247198796
1285 4.608473829104659
1286 4.978660086065318
1287 4.751394487099431
1288 4.900637666240449
1289 4.77326670655483
1290 4.572895024509989
1291 4.5807138886335
1292 4.64761707108197
1293 4.6382208572141375
1294 4.641839057138603
1295 4.809340378288261
1296 4.79328147216986
1297 4.732773097662526
1298 4.445108432551552
1299 4.934700370400503
1300 4.649812180489172
1301 5.024725180685808
1302 4.7607145255163115
1303 4.765230497180827
1304 4.658589945555457
1305 4.668426642392027
1306 4.712940111232452
1307 4.757175645643284
1308 4.894742657569844
1309 4.680050220332928
1310 4.727312425945263
1311 4.789293518508914
1312 4.630526541567247
1313 5.005628812324391
1314 4.8199900347221805
1315 4.760636844517347
1316 4.56854248712261
1317 4.66656630650315
1318 4.796320367303173
1319 4.7949045703912425
1320 4.86555269636522
1321 4.752283356152535
1322 4.907218115206417
1323 4.843827456159301
1324 4.83895099316567
1325 4.796331649447018
1326 4.83275303261919
1327 4.611721002331158
1328 4.6516565299283235
1329 4.676644913085877
1330 4.656253925373773
1331 4.76114650324708
1332 4.721421005355396
1333 4.836312755789372
1334 4.552829310185255
1335 4.806386190579445
1336 4.757836143147705
1337 4.708085921246902
1338 4.867624623127065
1339 4.822624611345526
1340 4.840478370650245
1341 4.6926785938532145
1342 4.751620447753614
1343 4.576593257869438
1344 4.729508238763323
1345 4.706206471835835
1346 4.693373059036316
1347 4.776300385612881
1348 4.573606852374928
1349 4.643844915240076
1350 4.727128045523813
1351 4.894387727843478
1352 4.717090518258662
1353 4.610835649631953
1354 4.955269039936582
1355 4.797456261652213
1356 4.842418975111418
1357 5.0135623296368
1358 4.729542670029829
1359 4.60799150589437
1360 4.770759424017009
1361 4.727294670222959
1362 4.845455889586793
1363 4.758521291001644
1364 5.061063383093026
1365 5.845465688361325
1366 5.590029740111335
1367 6.260179629373646
1368 5.718242340073365
1369 5.936051639294022
1370 5.7658920369375295
1371 5.8233722618511425
1372 5.728012035769762
1373 5.890962353408097
1374 6.493386479162901
1375 6.484116926359202
1376 6.511008666332697
1377 5.760945877428733
1378 4.631032339943239
1379 4.674646758220875
1380 4.76192439741829
1381 5.677093443865715
1382 5.886048624460764
1383 5.700427362073859
1384 5.377216639534208
1385 6.155106450195856
1386 5.67918216957897
1387 6.156005172291832
1388 5.810272202887327
1389 5.501819049867278
1390 5.139581904554058
1391 4.503263814801521
1392 4.722053361889921
1393 4.801356504871393
1394 4.535593162606826
1395 4.594666906418065
1396 4.5698296698234575
1397 4.543652910616609
1398 4.760880022477933
1399 4.565613524933698
1400 4.731469026284115
1401 4.460631002067253
1402 4.869709088772543
1403 4.815569862910436
1404 4.694444625865698
1405 4.4258668782960635
1406 4.7599378460236
1407 4.8840360760178365
1408 4.815190934650188
1409 4.793646848345429
1410 4.575176049701265
1411 4.768648908929087
1412 4.7244141812661065
1413 4.741501652767748
1414 4.576036359851977
1415 4.693350637592697
1416 5.951136936765108
1417 4.611424908811527
1418 4.743565324689409
1419 4.874217777345988
1420 4.797555634168006
1421 5.034051451840884
1422 4.651871076892342
1423 4.903738796714645
1424 4.620617342412419
1425 4.907596947015058
1426 5.192287088465039
1427 4.946475137155784
1428 5.978562328002636
1429 5.853958852264571
1430 6.893167007773387
1431 5.957527300600486
1432 6.595283994367612
1433 6.3515554093184425
1434 6.3272318449100435
1435 6.069010275408747
1436 6.499200841241647
1437 4.84613988686807
1438 4.809781581100583
1439 4.69507412424873
1440 4.631088641823808
1441 4.842081040808281
1442 4.7169399895615305
1443 4.708087644851949
1444 5.056392657144032
1445 4.802229927119613
1446 4.687564919336445
1447 4.617131574938558
1448 4.737808900307448
1449 4.668118818533342
1450 4.702339726734277
1451 4.84232945923294
1452 4.736361135707431
1453 4.530093394153768
1454 4.979121040871002
1455 4.771063293271188
1456 4.742576116196813
1457 4.730526500983851
1458 5.023781131655083
1459 4.804817756762997
1460 4.6482118644790225
1461 4.833153352356637
1462 4.479605458575389
1463 4.896326555142102
1464 4.614187738950269
1465 4.681903779788924
1466 5.176207021597209
1467 4.499970143738696
1468 4.542071681309153
1469 4.704865727688551
1470 4.694577808609935
1471 4.830059272509313
1472 4.635031430625261
1473 4.471358316637857
1474 4.668826507858011
1475 4.767116603468773
1476 4.688793775284604
1477 4.89261700870109
1478 4.521929584731942
1479 4.693011868956732
1480 4.616000461383244
1481 4.6329994070127
1482 4.612038043169594
1483 4.839515264527357
1484 4.725680905629958
1485 4.616436232105609
1486 4.68725818179752
1487 4.404758238710711
1488 4.720419719243672
1489 4.419578860656175
1490 4.672686626368021
1491 4.922854453001379
1492 4.867428022445901
1493 4.466299994289114
1494 4.96085577274231
1495 4.60392826130899
1496 4.781363761616887
1497 4.791383328065398
1498 4.831886321986096
1499 4.903954888579626
1500 4.697760999681254
1501 4.443915358793153
1502 4.7407308069503555
1503 4.844881355448995
1504 4.462096596909863
1505 4.555836778541959
1506 4.943128811264085
1507 4.884500048241939
1508 4.9836137007587205
1509 4.690594332189703
1510 4.671375878260518
1511 4.53665262653613
1512 4.823318478223648
1513 4.639530587324992
1514 4.600551201528414
1515 4.770842032573644
1516 4.58021732433998
1517 4.819620483691331
1518 4.823220575861362
1519 4.68191719659207
1520 5.004021149096572
1521 4.790428388259699
1522 4.715327506954119
1523 4.791496790836523
1524 4.744659895798982
1525 4.842018793065285
1526 4.703870259362585
1527 4.786009247834407
1528 4.802249500136327
1529 4.70799969884856
1530 4.411490520349986
1531 4.6172827398000225
1532 4.779538697557732
1533 4.997723952402775
1534 4.7916083483432015
1535 4.766470265472935
1536 4.587089966454472
1537 4.7527281078999595
1538 4.7718563474995515
1539 4.984751627923585
1540 4.8299424485720275
1541 4.652325262859221
1542 4.660812672124926
1543 4.781218897055696
1544 4.78408698447155
1545 4.637606961010873
1546 4.620562383046555
1547 4.971084415181512
1548 4.7606869469163655
1549 4.687904114848524
1550 4.6012537013886385
1551 4.657872374771185
1552 4.605469542096212
1553 4.9559378180570715
1554 4.802591486297739
1555 4.851781107044278
1556 4.652926007524339
1557 4.636985114666832
1558 4.649677746047926
1559 4.815533370099243
1560 4.811930415380241
1561 6.170325987182902
1562 6.51299403467713
1563 6.637949695878275
1564 6.831138477051133
1565 6.377642583578065
1566 6.297732300993569
1567 5.745762113136354
1568 4.844017546573904
1569 4.634637030934175
1570 4.659688784015248
1571 4.966853876364991
1572 4.204390676576787
1573 4.6902883559418305
1574 4.656274333635414
1575 4.714034879466501
1576 4.791352946626161
1577 4.599022565525657
1578 4.382581398963396
1579 4.77321647100358
1580 5.394840974890889
1581 4.57141956292806
1582 4.688911293525234
1583 4.891916695764393
1584 4.7555198881137795
1585 4.86820063827686
1586 4.610956515685442
1587 4.651409939937694
1588 4.859141042159833
1589 5.007826440106939
1590 4.654661675713752
1591 4.857571177075804
1592 4.780173011570024
1593 4.297694857828701
1594 4.443727782528546
1595 4.810958361101292
1596 4.381088352958366
1597 4.666623127616053
1598 4.416719202919594
1599 5.0039906076349325
1600 4.7357173751337065
1601 4.843855320275611
1602 4.704838971185141
1603 4.965600890630422
1604 5.039666078089503
1605 4.7112864762206055
1606 4.757055623184418
1607 4.561797562832169
1608 4.60585201389977
1609 4.711518541350961
1610 4.938682567311448
1611 4.764262266949004
1612 4.543903170202433
1613 5.028154885451886
1614 4.715267536770478
1615 4.640544521325085
1616 4.739746879398956
1617 4.764312130111743
1618 4.666699064710325
1619 4.659868991627908
1620 4.8575317267551235
1621 4.617371777537705
1622 4.835533848739727
1623 4.75591787786163
1624 4.62114858656744
1625 4.801021665285342
1626 4.382142521364266
1627 4.851158523593906
1628 4.836269597812259
1629 4.476858720341671
1630 4.698048457197026
1631 4.630291537624188
1632 4.523851448746334
1633 4.768427784860644
1634 4.515657009294207
1635 4.756234620313004
1636 4.785040939775171
1637 5.409506163869618
1638 4.82455995704354
1639 4.771905499091287
1640 4.8477885112416725
1641 4.761431475578175
1642 4.8395715186975234
1643 4.718729342222531
1644 4.644648005233761
1645 4.514770540532708
1646 4.898084055984947
1647 5.164853695594915
1648 4.734768218065564
1649 5.043178256195915
1650 4.883985449534587
1651 5.05288556218268
1652 4.775912726599841
1653 4.90343029425014
1654 5.050573369553
1655 4.830451243159332
1656 4.943669175980494
1657 4.7925720102898355
1658 6.1118366076670085
1659 5.70717695213468
1660 5.94626108927348
1661 6.3760126042974195
1662 5.70715616106669
1663 5.317604121880924
1664 5.766020505438298
1665 5.879161059389778
1666 6.00685331593354
1667 5.20171053111388
1668 4.725857757172144
1669 4.649562898978075
1670 4.758826278371357
1671 4.853083601191386
1672 4.631531993709308
1673 4.959713510801075
1674 4.875072163541141
1675 4.732373137611656
1676 4.7694333916593745
1677 4.719406813881934
1678 4.775995290545248
1679 4.639350425957919
1680 4.677507337487348
1681 4.808755817908899
1682 4.459164142444384
1683 4.740604955979003
1684 4.616938682096009
1685 4.91652535172554
1686 4.940233688473836
1687 4.413677949614418
1688 4.641994776406174
1689 4.4316651568677665
1690 4.603908743890627
1691 4.773191382495995
1692 4.769028607615423
1693 4.515605608359898
1694 4.7670723047874635
1695 4.708718125339142
1696 4.684060750535281
1697 4.459008371961457
1698 4.6151843945647055
1699 4.689022619697044
1700 4.332659940773471
1701 4.706035137331149
1702 4.8590853524865345
1703 4.828092792256636
1704 4.882877972144827
1705 4.798952471645358
1706 4.44230798128051
1707 4.728294234148117
1708 4.744355679381879
1709 4.704335192935588
1710 4.631690736863602
1711 4.570369386848758
1712 4.639534667866653
1713 4.757644463179917
1714 4.910778422305278
1715 4.7470093351487215
1716 4.660478257913644
1717 4.828932447468074
1718 4.644480671325797
1719 4.652626713741843
1720 4.919022297168212
1721 4.719496807828454
1722 4.849754484691121
1723 4.612091351736329
1724 4.599922194385542
1725 4.6814500165381165
1726 4.62378621820202
1727 4.83715127011416
1728 4.743325750955241
1729 4.852217203799083
1730 4.951938515972011
1731 4.503718340040307
1732 4.83090427958232
1733 4.603425319707565
1734 4.802756736026319
1735 4.714904860413402
1736 4.6809959625461195
1737 4.780099827227624
1738 4.728131329503589
1739 4.677002775451276
1740 4.629206056748634
1741 4.794729094050941
1742 4.862310576484829
1743 4.701027079719847
1744 4.595536307043175
1745 4.593313985805
1746 4.949233724308282
1747 4.701778336792449
1748 4.591803669030744
1749 4.908448394703801
1750 4.60125407351893
1751 4.670743919229196
1752 4.628456512954012
1753 4.718030318666843
1754 4.71581055355545
1755 4.550274683859651
1756 4.588964698834067
1757 4.776175074997047
1758 4.694533713725247
1759 4.7155531338407215
1760 4.616719034308782
1761 4.674378248811123
1762 4.707711418116693
1763 4.728366103505454
1764 4.901462894989868
1765 4.569153743139149
1766 4.7312210331257045
1767 4.832658596950526
1768 4.690983246939769
1769 4.7831399893064654
1770 4.9700024103844855
1771 4.520906948250903
1772 4.5982761908841
1773 4.542304388638108
1774 4.863263903567288
1775 4.802467938310297
1776 4.7327591398520665
1777 4.613201861337601
1778 4.741146610826977
1779 4.875717844018648
1780 4.693034490891075
1781 4.566810628237594
1782 4.840644619859159
1783 4.785025532621876
1784 4.637452107271248
1785 4.632666725573693
1786 4.726411196996588
1787 4.668176308102917
1788 4.577324129728881
1789 4.3906843441050905
1790 4.691306569422724
1791 4.801337087620919
1792 4.652397771585383
1793 4.556747525852015
1794 4.574128045146241
1795 4.739150474668704
1796 4.680023679657323
1797 4.763042224160641
1798 4.832147476502376
1799 4.729006702740364
1800 4.511518094778723
1801 4.745306399701656
1802 4.638977573144628
1803 4.499352848658176
1804 4.73246319525527
1805 4.501072263190115
1806 4.7865743039646365
1807 4.810783958149146
1808 4.792134787619555
1809 4.617870255757497
1810 4.764200308235415
1811 4.741354024116354
1812 4.703523774551017
1813 4.598382699978625
1814 4.830554384339878
1815 4.782675633520924
1816 4.726284757623522
1817 4.80809571099162
1818 4.6465327752744
1819 4.795309570137199
1820 4.908965051541234
1821 5.0428431593418
1822 4.70258279761918
1823 4.737023864617224
1824 4.799871369790366
1825 4.695086730756342
1826 5.006323933621526
1827 4.727676746182525
1828 4.709887850876527
1829 4.675146383677611
1830 4.601437915910632
1831 4.790938078376864
1832 4.711026586171718
1833 4.567799430001348
1834 4.780727094903877
1835 5.08080891089832
1836 4.829353188957039
1837 4.6704342313853315
1838 4.641653869107404
1839 4.659333065818291
1840 4.474560501286107
1841 4.700107566433696
1842 5.025101668490012
1843 4.845564493064024
1844 4.839810293725804
1845 4.749214885420584
1846 4.684520437709116
1847 4.646730827817522
1848 4.752053174214852
1849 4.846570008023593
1850 4.729278123994581
1851 4.564259694451233
1852 4.518302723913073
1853 4.513337088629067
1854 4.944681568305259
1855 4.846646159164664
1856 4.577523849003906
1857 4.610036740195178
1858 4.652426511813019
1859 4.748944268466066
1860 4.526590520519024
1861 4.734172663234594
1862 4.658656112894463
1863 4.754386415794291
1864 4.7499377650962495
1865 4.808541796507366
1866 4.692731476967689
1867 4.697123181475278
1868 4.850098087520123
1869 4.9554210540034465
1870 4.8197624423556045
1871 4.735448721764978
1872 4.6666784130099535
1873 4.603403161366825
1874 4.764605145346132
1875 4.874580269911878
1876 4.537121404525308
1877 4.659992885970965
1878 4.425770580218419
1879 4.651607352536178
1880 4.64268623369871
1881 4.62797758478421
1882 4.683530481602685
1883 4.546858671721084
1884 4.608568931187027
1885 4.871738761842076
1886 4.578400008475343
1887 4.736792963060101
1888 4.742958736428382
1889 4.528558942988615
1890 4.7907877797595315
1891 4.791557316805975
1892 4.7149978720882455
1893 4.757143060588301
1894 4.469451318852034
1895 4.775623142464616
1896 4.679008981865024
1897 4.892261263828331
1898 4.536076620870457
1899 4.994792765433649
1900 6.628623285380553
1901 6.0183216077884465
1902 5.997715663100467
1903 6.906387996609766
1904 6.018605110550554
1905 5.7911218865938885
1906 6.022929559324661
1907 6.045403142568971
1908 5.98144625366457
1909 6.14245379786086
1910 6.050612254064992
1911 6.037808479096721
1912 5.724971932610477
1913 4.9304090566476475
1914 4.620066200744988
1915 4.897446766397288
1916 4.59497968251497
1917 4.865104495868023
1918 4.630231157966413
1919 4.8220762540156
1920 4.785681049261671
1921 4.807883588817747
1922 4.664499631097397
1923 4.873646995121753
1924 4.588737445543251
1925 4.603712092274023
1926 4.720149699162391
1927 4.733135409147401
1928 4.601382923403052
1929 4.709268449065767
1930 4.924868827962078
1931 4.827941412341093
1932 4.727117053822925
1933 4.62894546406007
1934 4.743202761530785
1935 4.456289867361909
1936 4.573575625802786
1937 4.6890582853918765
1938 4.731829291053766
1939 4.867510544352521
1940 4.608699046725605
1941 4.725066402271161
1942 4.568393265083293
1943 4.579975799102459
1944 4.881306411506575
1945 4.705942557347324
1946 4.551752206159474
1947 4.610115898973522
1948 4.79218327847442
1949 4.826833905916271
1950 4.765839618845071
1951 4.622832036191466
1952 4.664223383990256
1953 6.088927255460157
1954 6.23371188618438
1955 5.881491558885347
1956 5.8184836196674645
1957 4.778416778603273
1958 4.872720722979028
1959 4.757652807721868
1960 4.811912308720788
1961 4.8529565003449395
1962 4.644385103306993
1963 4.58361740815696
1964 4.64203652969563
1965 6.482644687591884
1966 5.959502383299178
1967 4.8172721665802785
1968 4.470931112771211
1969 5.075878458396735
1970 5.769218669739679
1971 5.120610742416524
1972 6.104457225149584
1973 4.87331511240829
1974 4.749118984716095
1975 4.800736642567163
1976 4.477686297102774
1977 4.866863087052469
1978 4.839159634152999
1979 4.7384836181141825
1980 4.674818286109859
1981 4.703945925424461
1982 4.650876849730643
1983 4.669023132421216
1984 4.815712687390693
1985 4.66501977714677
1986 4.8043309702236785
1987 4.693710290446769
1988 4.64399429604045
1989 4.834585671625953
1990 4.651466824043722
1991 4.658813041069782
1992 4.7240312563208215
1993 4.8394699895878714
1994 4.771538042935922
1995 4.742827371869344
1996 4.694229192220958
1997 4.8112581516828135
1998 4.67074247705203
1999 4.852461444321705
2000 4.599982148866304
2001 4.706193358374795
2002 4.694386683516927
2003 4.934692365112448
2004 4.594882778883197
2005 4.981110474649808
2006 4.694904534546645
2007 4.620750450079451
2008 4.593338918667753
2009 4.768367232841704
2010 4.795205109027261
2011 5.841302370997052
2012 6.632390903938185
2013 6.724490047016795
2014 6.472639508914947
2015 5.910895113473477
2016 6.179691245911371
2017 6.43562697532263
2018 6.783523061208201
2019 6.633574475020016
2020 5.955793259386906
2021 5.305185478528396
2022 6.070549761589129
2023 5.723515357934384
2024 6.57005864625758
2025 6.10883173216536
2026 5.01072412511129
2027 4.815281884653093
2028 4.622611525315782
2029 4.876790380494483
2030 4.622169699382579
2031 4.783653965469007
2032 4.593295442930694
2033 4.605592282125286
2034 4.705416910934013
2035 4.704859531849911
2036 4.684353105474046
2037 4.596556876208677
2038 4.576263516639649
2039 4.878526917837881
2040 4.714592803594308
2041 4.827859999825653
2042 4.610258189980963
2043 4.919560868592113
2044 4.949006021406835
2045 4.563735019309422
2046 5.09147760084362
2047 4.808563485584983
2048 4.8327249411304525
2049 5.840658879753664
2050 5.861642027643376
2051 5.9694251757507955
2052 5.9490207137743125
2053 6.451204219916738
2054 6.279581241862531
2055 5.953271204615804
2056 5.786306174128316
2057 4.526042446200238
2058 4.916448080920494
2059 5.035662716480617
2060 4.710959477630855
2061 4.474472059727616
2062 4.665437278177694
2063 4.8060448909618785
2064 4.691411103362586
2065 4.846850006664889
2066 4.95609392664301
2067 4.821920052487684
2068 4.755733286177609
2069 4.988865382886248
2070 4.58801817471365
2071 4.532063575586487
2072 4.8557573719350176
2073 4.492502103968087
2074 4.476998139489316
2075 4.53241778470287
2076 4.492966720333364
2077 4.525856820214294
2078 4.991050867701138
2079 4.815859445956508
2080 4.582698226432916
2081 4.599234674922082
2082 4.775365011590051
2083 4.5842243508620495
2084 4.667259558717209
2085 4.7849915955309665
2086 4.704494219841007
2087 4.604449725887871
2088 4.536250537186649
2089 4.594454924732556
2090 4.756514103837351
2091 4.598413088140841
2092 4.436651496590143
2093 4.6190208319296975
2094 4.611125065154783
2095 4.678276903614542
2096 4.613687298760841
2097 4.837155513756135
2098 4.8398055546387795
2099 4.729478626980327
2100 4.617345819478599
2101 4.670964782639664
2102 4.6991637169788465
2103 4.807245782231601
2104 4.790938372437597
2105 4.721385880020675
2106 4.904516934065305
2107 4.55231077056052
2108 4.407955844681497
2109 4.552047822777474
2110 4.5560738778110075
2111 4.795360278644018
2112 4.744247253684724
2113 4.648761404259104
2114 4.852680887612517
2115 4.740454030491466
2116 4.578238968896137
2117 4.580573137972717
2118 4.886116270853096
2119 4.680734979266283
2120 4.697091600009726
2121 4.464305540867713
2122 4.607548718084386
2123 4.518879919908334
2124 4.575021694303331
2125 4.5661040611151025
2126 4.385825917822591
2127 4.7653558523097
2128 4.660929024591175
2129 4.690841004648567
2130 4.783790214490735
2131 4.729741782522097
2132 4.621448341784872
2133 4.624586145811884
2134 4.455696620056724
2135 4.790977453003997
2136 4.8369847550596585
2137 4.971066870929339
2138 4.60897286557503
2139 4.587397193241018
2140 4.940863570416469
2141 4.720214277059808
2142 4.3235784313989365
