0 3.402188380427418
1 3.4321243153953334
2 3.3574896869838082
3 3.470887114200759
4 3.401632989728171
5 3.5684746455753453
6 3.525585722930142
7 3.8123366279463453
8 3.696096403068474
9 3.5427628450507465
10 3.3796894910331794
11 3.498103239890208
12 3.338464373900294
13 3.4204596651129577
14 3.6546703105106952
15 3.6219880787636427
16 3.7295996687393043
17 3.297940757909038
18 3.281779082583016
19 3.478527202958867
20 3.358007653893013
21 3.361467096628407
22 3.458230750747856
23 3.4230261431759272
24 3.3542647691966434
25 3.5934136065948943
26 3.3543525234685285
27 3.6010870357445475
28 3.6237972182145177
29 3.282643989652113
30 3.357866494137282
31 3.448778134759512
32 3.385845969772883
33 3.681635640632621
34 3.195694410103886
35 3.532107317513047
36 3.3072197328229045
37 3.29005717895548
38 3.297457904405135
39 3.2843226817985096
40 3.37873058559968
41 3.410527936504997
42 3.3072287632274
43 3.516782740855878
44 3.5077441326640657
45 3.3364732215251096
46 3.3012449032745246
47 3.4226603478165423
48 3.3918644905031745
49 3.464588433490149
50 3.2453874746449762
51 3.4031787623576
52 3.852156733868199
53 3.489019412534144
54 3.4033749711761527
55 3.346437019826162
56 3.564428989490252
57 3.379373816889034
58 3.332766786147791
59 3.2974962126932694
60 3.2753918112164477
61 3.2937873246943274
62 3.3317805578147923
63 3.421788532753211
64 3.363892136411366
65 3.4060125760251925
66 3.4420836504795056
67 3.402889301231957
68 3.3463549748358177
69 3.502376058796258
70 3.454817741841958
71 3.237497242300196
72 3.367586083688138
73 3.3376906998416995
74 3.3620353184114897
75 3.229447880554645
76 3.289039841784068
77 3.295312858844986
78 3.4021973674061616
79 3.501192517261169
80 3.464713086399701
81 3.3636107375066024
82 3.3914439612256584
83 3.37920997566804
84 3.4635082229264635
85 3.4413978763406243
86 3.478995369838698
87 3.2956911935379756
88 3.395429640603424
89 3.2764742349398404
90 3.5054758163879756
91 3.3541459581519075
92 3.3645243336431307
93 3.3910150633451814
94 3.4759815718856117
95 3.249229284204555
96 3.407163180982473
97 3.514063052997643
98 3.335091257256825
99 3.50953729679237
100 3.3323241021259564
101 3.309288658466075
102 3.3863383696956286
103 3.665944813795317
104 3.3108415321119358
105 3.3753977205293832
106 3.319898470089303
107 3.4030991350829467
108 3.416033081339068
109 3.322926894371296
110 3.493469167230813
111 3.568184663064658
112 3.532032700805665
113 3.1951574191573244
114 3.199325399059737
115 3.2977004714625786
116 3.4004355807294004
117 3.3439851946368737
118 3.4016757433135125
119 3.329511420773696
120 3.3896278358594354
121 3.4081846510400267
122 3.428864072329981
123 3.3020089244079713
124 3.5148358670359996
125 3.442533719880375
126 3.2756811650466378
127 3.2667533189358124
128 3.2102521588319055
129 3.416931985668432
130 3.303584026556952
131 3.341910709239556
132 3.372119883756989
133 3.363717976322329
134 3.354616254047419
135 3.3675276020868936
136 3.4506661395545826
137 3.379516901578568
138 3.351524329776825
139 3.3405603039965115
140 3.531209802109494
141 3.4734657843139227
142 3.331900762084072
143 3.260763513456539
144 3.398818742491177
145 3.397636700648105
146 3.6022861784095825
147 3.5001780229140556
148 3.269007241749003
149 3.2215288367677686
150 3.246902567598681
151 3.4218360747423326
152 3.439257919664523
153 3.3841418948160054
154 3.1820635190426056
155 3.3748855389958092
156 3.2746980283371054
157 3.21742274775283
158 3.556962950070062
159 3.333151103417179
160 3.3445782002975415
161 3.425439708997852
162 3.4495198769725572
163 3.6445272535426954
164 3.3229021564525345
165 3.292216258553068
166 3.340368781795758
167 3.3251760921254316
168 3.294500533698039
169 3.415267724051095
170 3.3547225763136033
171 3.4977530781462987
172 3.3576373256660617
173 3.5608750994641727
174 3.3629001465653676
175 3.2930250387828197
176 3.4261233175089987
177 3.337882961149907
178 3.5320547216554994
179 3.4707132317848894
180 3.538352452870929
181 3.4102812405864733
182 3.4617968707882136
183 3.5072248200659892
184 3.44643456959907
185 3.3732622188414303
186 3.464329466847523
187 3.356253422394359
188 3.3544587915026387
189 3.3437962443816684
190 3.42027757916123
191 3.391761266390831
192 3.3034103269418558
193 3.376191998536254
194 3.3103883557009453
195 3.3608021883727535
196 3.426075941071955
197 3.3467427792069286
198 3.404150065866863
199 3.5966416534579393
200 3.406969004414449
201 3.419576986253437
202 3.349945064626518
203 3.3887561427207777
204 3.369746631162069
205 3.3926692176483466
206 3.3059727919865147
207 3.3998781859324336
208 3.3841148552977622
209 3.289032592921557
210 3.323905863649229
211 3.2354582404575964
212 3.248652857224898
213 3.3189733751473245
214 3.3597943124583707
215 3.4604673870443836
216 3.3457724492225593
217 3.2770324263083737
218 3.303227415645172
219 3.376131923261578
220 3.1228199748689
221 3.4207580199130656
222 3.357483333294645
223 3.2341943567267655
224 3.4431177112108116
225 3.317605944762822
226 3.55692218655072
227 3.3167151213204926
228 3.4063323994554815
229 3.2240260006564467
230 3.4106424334103775
231 3.305202755957128
232 3.2471157055810447
233 3.2870132606812525
234 3.4588869670707587
235 3.4180819302899477
236 3.4305467653824486
237 3.4013205642201356
238 3.3573302739931443
239 3.3366142158416814
240 3.4237887245789507
241 3.2692726513737433
242 3.538283647595659
243 3.2647868086658405
244 3.4432002581697243
245 3.331173284569848
246 3.3969487769132067
247 3.3031717240109804
248 3.3914357069120795
249 3.3839550262589144
250 3.380260907707302
251 3.6008299031595494
252 3.5722785453737975
253 3.3928136949208936
254 3.307838696581174
255 3.352113846419914
256 3.2761668062606835
257 3.4327530263458743
258 3.3814290428152827
259 3.330385319266252
260 3.323153663953094
261 3.4857845052266296
262 3.2839654989740215
263 3.348971384198884
264 3.383912776179479
265 3.403633505656912
266 3.413662762836734
267 3.3140971708823783
268 3.2864676541265547
269 3.4030723533093368
270 3.3911002287145244
271 3.385232807476984
272 3.4749134938720516
273 3.3539415038378766
274 3.3352500375672287
275 3.439944634127255
276 3.369690801675547
277 3.2615269515053926
278 3.391814437308064
279 3.2842971585420964
280 3.469825671062429
281 3.2976845923566542
282 3.4174426772490913
283 3.3300318747735385
284 3.255597391558711
285 3.3129410992221358
286 3.308187391754034
287 3.339476849103913
288 3.394400546518576
289 3.341435579692663
290 3.5709199075786695
291 3.4918877895412233
292 3.3958533426715825
293 3.413976881497863
294 3.3887115263196668
295 3.4943260835726817
296 3.374114668599483
297 3.351664921543814
298 3.3611547738729657
299 3.3982319147747075
300 3.275602505108011
301 3.4392358511092613
302 3.3516922139270524
303 3.4045362205140672
304 3.3606020287160328
305 3.2276922190047808
306 3.415408151845899
307 3.359962455624198
308 3.3637333987475184
309 3.461751568900056
310 3.2957554142865386
311 3.3756733506049983
312 3.42422363790113
313 3.307807531545988
314 3.4409250777312956
315 3.287082398076791
316 3.389406591173223
317 3.2831598830650526
318 3.1895185409935185
319 3.420833398604827
320 3.427352509354945
321 3.3688837281590547
322 3.4664205957909666
323 3.597355551497965
324 3.4001329519691272
325 3.5131000955880953
326 3.3732031542719887
327 3.3644610040422287
328 3.37063185481448
329 3.6138472695739363
330 3.4294451873120124
331 3.37670418845235
332 3.355009153178083
333 3.260427413130376
334 3.365852829072995
335 3.381030395983326
336 3.4595355706335242
337 3.338816400605165
338 3.4054879683438553
339 3.39748501413619
340 3.3189202399931204
341 3.3018270240127596
342 3.495040210378539
343 3.3039915429920597
344 3.2685996710117204
345 3.3307291449949235
346 3.3448187886138294
347 3.2823484206748126
348 3.262944823259533
349 3.524112390568375
350 3.435693626869243
351 3.311796276795456
352 3.388703204045751
353 3.464658702832546
354 3.2873826595035744
355 3.2994775416228355
356 3.3766575423598693
357 3.436336376426346
358 3.3473498247732065
359 3.4561577044527234
360 3.4351643315084512
361 3.4318310231624793
362 3.3026050922244536
363 3.2101968966899155
364 3.414047258720358
365 3.50193505991783
366 3.259963136570864
367 3.363779381175
368 3.2905955220487106
369 3.308393237920382
370 3.322646665742314
371 3.278928648970862
372 3.388606454566057
373 3.350704774321353
374 3.2253123538389286
375 3.370979264012726
376 3.298348328118209
377 3.620001111252007
378 3.3677323988077257
379 3.2505760934140286
380 3.3088758695121987
381 3.351128737807466
382 3.427419383852666
383 3.366522369915562
384 3.3233381580569654
385 3.3610681330860164
386 3.372644024305242
387 3.2862294342811893
388 3.3808777049050907
389 3.353818433377781
390 3.545561350421405
391 3.255625125619206
392 3.3049438822762456
393 3.3216313600106675
394 3.237379741206045
395 3.3673187157341893
396 3.4330788913963657
397 3.361591823503907
398 3.452431803131429
399 3.333178552276947
400 3.4346126878523937
401 3.2676923664008006
402 3.4864878030486772
403 3.419624500299103
404 3.3704550897487966
405 3.369265075242086
406 3.313042685044162
407 3.432120270477336
408 3.2607512575572524
409 3.28066484808392
410 3.298676698263574
411 3.250935521241318
412 3.358767466482836
413 3.361770269027822
414 3.30388075043638
415 3.3805248277983497
416 3.353343949773112
417 3.3465514779538474
418 3.3587354104849214
419 3.3466161894103568
420 3.2179191706900085
421 3.2492831842617007
422 3.3207456922687655
423 3.4198288403980412
424 3.4151310992521378
425 3.411618889274886
426 3.405497066113166
427 3.3859859611663397
428 3.2644844494801744
429 3.453754197415434
430 3.3462260731054334
431 3.312036657310975
432 3.2785305107238853
433 3.3750678024615826
434 3.3004076466766943
435 3.3026546921504023
436 3.3236881256033457
437 3.3010427460686453
438 3.3582305965726316
439 3.3511045687286387
440 3.2987754598944217
441 3.456089162484342
442 3.232674659572059
443 3.3248381712075146
444 3.613673579719301
445 3.348307909968571
446 3.3411007596026843
447 3.344220907635451
448 3.377957945202877
449 3.3605470475923456
450 3.315959503037235
451 3.2789155643648344
452 3.336657830542303
453 3.5347829824353694
454 3.2554753791914917
455 3.569995138730378
456 3.483790433396829
457 3.342275330790647
458 3.3518598479379422
459 3.3494677889949367
460 3.3825637252718987
461 3.403633181642934
462 3.3502443808268265
463 3.413654531119043
464 3.370439527422587
465 3.539953660966052
466 3.272379814230406
467 3.3603911475618644
468 3.301905961634176
469 3.34258375671338
470 3.4086553374299715
471 3.423478328470123
472 3.418477187734705
473 3.353720382900246
474 3.342908206584243
475 3.402249105540574
476 3.429127206892457
477 3.483514228689253
478 3.49856363102297
479 3.311718949358431
480 3.458693197362034
481 3.203324368431049
482 3.335445020687932
483 3.268303340173636
484 3.325103789551023
485 3.2777059969364934
486 3.4056162443208065
487 3.399033139844626
488 3.417516679437543
489 3.34560120473062
490 3.2101919639362384
491 3.3371464869703313
492 3.4423774419106503
493 3.3328969777562123
494 3.414692906680506
495 3.2119219727580894
496 3.40361795360462
497 3.342790555940146
498 3.3806191008439783
499 3.330160750257666
500 3.2877118632859434
501 3.493944771111636
502 3.268242584780182
503 3.4758500619682673
504 3.2751432052069838
505 3.238262408458861
506 3.28738185545121
507 3.4077995415352054
508 3.2916527106970803
509 3.4273407169886174
510 3.3349712142517056
511 3.2023553862996263
512 3.3210875497847945
513 3.3982946260995965
514 3.4040060109341406
515 3.443685646674723
516 3.228702506376119
517 3.514929760259815
518 3.3727612350262954
519 3.3584733215118026
520 3.388489348988535
521 3.376222164868707
522 3.341821407696955
523 3.5511380096598657
524 3.441372167401048
525 3.3022669977168833
526 3.314597077011838
527 3.4747715592925674
528 3.3106185609738525
529 3.4919944993420224
530 3.4172977079329407
531 3.3165077215583754
532 3.3069876962969476
533 3.4149098390956474
534 3.572522670767812
535 3.3640065647813286
536 3.4514771738231906
537 3.5633983658579735
538 3.4793842907056343
539 3.256739972748023
540 3.439323285256712
541 3.3194656352257197
542 3.390053227513851
543 3.3384258379798766
544 3.3051261426802574
545 3.3545188950839693
546 3.3035885428741816
547 3.717382369261359
548 3.3039194656601
549 3.2692625282588805
550 3.5129459254083812
551 3.345632683079679
552 3.2617027918376422
553 3.433935349521417
554 3.473779904301406
555 3.344539389107713
556 3.3122821682781836
557 3.3185175639370823
558 3.407341412500624
559 3.414208420501117
560 3.234258009525658
561 3.3357606225017884
562 3.2265658319105652
563 3.291049464252031
564 3.357040695619194
565 3.4117041852258194
566 3.285117335902986
567 3.304876098736605
568 3.3247324061585544
569 3.340322225196902
570 3.4500146533043314
571 3.470911653606972
572 3.534367734567092
573 3.3637182367108367
574 3.253930524914455
575 3.238354910192517
576 3.3329147382205546
577 3.3370702096169538
578 3.495324581284122
579 3.401870249245583
580 3.26845811278752
581 3.473652077242719
582 3.3470621013047888
583 3.2755243212515293
584 3.4324388568448443
585 3.235490812903588
586 3.37494787587423
587 3.467887704446614
588 3.3587484811336683
589 3.3242340225860145
590 3.3247661279240415
591 3.2558985985608744
592 3.4368106997380266
593 3.3401539245809952
594 3.3495308319023755
595 3.3396567453801547
596 3.2690238156343376
597 3.3861101116078696
598 3.288379084370689
599 3.4460577441088116
600 3.5104813380395514
601 3.519056906848782
602 3.3138854179907136
603 3.3276080857262165
604 3.3545553385289195
605 3.466096188883119
606 3.3331267170842773
607 3.488575090313721
608 3.2953223842984145
609 3.4474310758580633
610 3.3420638304852384
611 3.312023287610436
612 3.2177609896580037
613 3.251847834085652
614 3.338387975390045
615 3.3284478912584943
616 3.31027223114239
617 3.463048658042434
618 3.4310078649768347
619 3.317112910360511
620 3.35202400162762
621 3.3943268067647723
622 3.5029241660989685
623 3.417439213925368
624 3.5159019720586415
625 3.429735611006469
626 3.337777160805556
627 3.547690132490655
628 3.4214277811837297
629 3.336509492304999
630 3.3235924761726388
631 3.54607356705686
632 3.5080187962428444
633 3.189088445446128
634 3.451915673965998
635 3.3141104803726367
636 3.434181402706759
637 3.469134646361031
638 3.3249962013361354
639 3.4069675325487427
640 3.2674269568904997
641 3.4812976654307075
642 3.378954713357459
643 3.5980461639794714
644 3.331884076042169
645 3.3911371447910312
646 3.4096080579494084
647 3.5945030316855613
648 3.3744878315388043
649 3.359057373366022
650 3.408342052841177
651 3.3993153696599725
652 3.4661768493493694
653 3.29313570813877
654 3.4207505530507425
655 3.4791473933507726
656 3.3015656377415823
657 3.4970432814075587
658 3.3218616258523492
659 3.4031342506489994
660 3.356323127138849
661 3.281761153952803
662 3.4599598292737443
663 3.493636252557031
664 3.256385384637506
665 3.3656538676352294
666 3.389657452299
667 3.441396499898164
668 3.400299781384908
669 3.2112754171269207
670 3.3576072403033868
671 3.398527887238331
672 3.2997514150362712
673 3.293798448434984
674 3.3554977892868947
675 3.436807263465355
676 3.29413819794383
677 3.3716063057968277
678 3.4512277071709674
679 3.337682665810251
680 3.4425108206844266
681 3.353139476725337
682 3.3872133828398625
683 3.44584248448012
684 3.4467627752728096
685 3.3637296474495284
686 3.2159123308824977
687 3.257677637963294
688 3.4132050704458043
689 3.352793398186262
690 3.4089398661633568
691 3.3202863880125415
692 3.386269721366346
693 3.464154407899374
694 3.347129536518578
695 3.481241657232556
696 3.4541284066668005
697 3.334547419689312
698 3.3167644781288583
699 3.3680373580776166
700 3.3005174267125237
701 3.2287183027255706
702 3.3693870080695496
703 3.4489792894657665
704 3.322265221271078
705 3.3486710365775316
706 3.3661634879481284
707 3.465614947861464
708 3.467679142636329
709 3.4247298297378648
710 3.2973712141912714
711 3.3855530115570467
712 3.3590431218108057
713 3.3175550079206393
714 3.4084409231210695
715 3.2746609272219147
716 3.3154038505877668
717 3.298445590623571
718 3.3900731865871934
719 3.3376244866909603
720 3.3624456023445863
721 3.5777306126470396
722 3.409925254502189
723 3.347353034917932
724 3.3218288178771203
725 3.3551259912098566
726 3.3268050318550824
727 3.3704603123114176
728 3.5323764164929803
729 3.330143301058652
730 3.2481324203409465
731 3.294381024541327
732 3.440512966849952
733 3.43037337568163
734 3.3784353482337925
735 3.315825317053416
736 3.3625203195285613
737 3.3334635299901447
738 3.46607856033697
739 3.3653347900667137
740 3.378004832780851
741 3.519300130197829
742 3.363570307560402
743 3.2469140650210124
744 3.3446053348520635
745 3.468393746268409
746 3.3505220760481564
747 3.4547146825683153
748 3.2597316208984317
749 3.241030352011966
750 3.356167274136914
751 3.329610467502631
752 3.3666879908343286
753 3.346448070865368
754 3.3817808961581894
755 3.399821367537769
756 3.4257624382321556
757 3.290348332833896
758 3.4015827299402006
759 3.4348793594841767
760 3.4921665029664504
761 3.379760364004037
762 3.3327239053053654
763 3.325087855714179
764 3.2779952993593584
765 3.475607803633905
766 3.335330555304895
767 3.361705859911569
768 3.309390211106257
769 3.369021167897582
770 3.3134753863894764
771 3.2669162728106076
772 3.3210484185353084
773 3.4100553253718733
774 3.3428596275927904
775 3.380360494979922
776 3.2019669185149535
777 3.294218423069895
778 3.351262315195658
779 3.4282216497085907
780 3.4249570557844997
781 3.4323514175808696
782 3.4194524496615695
783 3.402866589678232
784 3.3492961647737305
785 3.3111749140788644
786 3.365027845351027
787 3.4102898510377346
788 3.6176367498294826
789 3.3450993664120734
790 3.4732241967708486
791 3.3991192529039305
792 3.470914844969197
793 3.389498362942791
794 3.3308679444997287
795 3.4171442885537604
796 3.2902781151727307
797 3.3514176895858037
798 3.3272230127710736
799 3.4340193900878084
800 3.441385906893952
801 3.555371612307725
802 3.365969972808991
803 3.3568096834091876
804 3.3146614890487713
805 3.287225474369873
806 3.4134461423514177
807 3.3145014417873284
808 3.4354352526915197
809 3.3635930184657665
810 3.375907631918507
811 3.419651164976368
812 3.356922181919617
813 3.38768034868255
814 3.2742008922524755
815 3.3684439025308475
816 3.3204414457719387
817 3.4250034256462234
818 3.441823939839163
819 3.423099390216526
820 3.3824650351094294
821 3.3708305904467752
822 3.293032530380877
823 3.371054339099261
824 3.368416878264644
825 3.321702137442474
826 3.4075015682211673
827 3.3417026807049766
828 3.3953144113351463
829 3.4919228718450555
830 3.548987882595942
831 3.2957363612532635
832 3.228571018256736
833 3.3638536022583416
834 3.4148728237943056
835 3.4173377356112273
836 3.309605384914777
837 3.417017853392716
838 3.349804347002954
839 3.3240620335842426
840 3.350399587810144
841 3.3123098221941003
842 3.2796823224854372
843 3.420713749358427
844 3.3289066939921628
845 3.3861166118327923
846 3.3090620511194015
847 3.3965168694417116
848 3.434571514259716
849 3.456882959359092
850 3.4466128045369597
851 3.3611108971004255
852 3.3556047053575107
853 3.386643438949983
854 3.3908557529670214
855 3.336416300273974
856 3.424970578585857
857 3.3166236318360953
858 3.5268056904356104
859 3.2858329829542305
860 3.3484115218308816
861 3.387154378929742
862 3.4003842091488536
863 3.4050072963022306
864 3.423378310709989
865 3.262067033572988
866 3.3982177206676516
867 3.4398806537735833
868 3.339221298294794
869 3.358133396492045
870 3.354754047827354
871 3.2487701197463927
872 3.339940589234265
873 3.4909221864963675
874 3.3813194325529246
875 3.34080322394383
876 3.420580575861011
877 3.464670452768584
878 3.50439014068376
879 3.3686450198618583
880 3.4613156369386413
881 3.440436308925612
882 3.4256622951599662
883 3.3322916085272816
884 3.389786532566858
885 3.403571572341997
886 3.371037492670725
887 3.391872025538857
888 3.402602964222669
889 3.238387263845197
890 3.3494388787201297
891 3.408130749090762
892 3.3664279854519967
893 3.4059570555436838
894 3.3132497068081395
895 3.3363050974247814
896 3.3914820061581645
897 3.5016752427185875
898 3.4311267382989348
899 3.2860955189243435
900 3.3423998747711536
901 3.5086255902979087
902 3.412295661566552
903 3.4769853799663157
904 3.3167258290685746
905 3.2934917400881822
906 3.547401903050323
907 3.415025713623009
908 3.3649665515227567
909 3.4752794329216563
910 3.2450408952548186
911 3.497471422835154
912 3.3261772289778007
913 3.2601497529201255
914 3.3987062009183164
915 3.403921893730737
916 3.4591265272778497
917 3.2994122582545153
918 3.2533391126326796
919 3.241778042152196
920 3.3832447120562805
921 3.316679088285466
922 3.458074038003158
923 3.334301436954149
924 3.3762836370916354
925 3.3637333165032617
926 3.3518657115518975
927 3.519387330634224
928 3.2913807666259443
929 3.3360945069550247
930 3.4368065755932466
931 3.4831214302743754
932 3.646549341075159
933 3.3955098784034554
934 3.3520072645714243
935 3.3225353102648203
936 3.4564169989711124
937 3.4269359902907475
938 3.3495018484021646
939 3.3122743995575914
940 3.35466148195523
941 3.461831625658421
942 3.3953377290400875
943 3.430939457260787
944 3.4216772410574645
945 3.354721578781959
946 3.489179143057162
947 3.4129470257454426
948 3.5598814117667157
949 3.472851378044121
950 3.314866594327922
951 3.3191122037399934
952 3.5399853300903796
953 3.4157956434514882
954 3.338410843870411
955 3.3364813101555186
956 3.3289696483757183
957 3.3103914961328518
958 3.4514281459872103
959 3.356986712726375
960 3.2935432157471904
961 3.3950987285920426
962 3.5601201588033224
963 3.5855539414919986
964 3.442190401343315
965 3.3475673220390534
966 3.2480415789323556
967 3.400857809097109
968 3.3432411531349335
969 3.5653282728541993
970 3.3349174251691376
971 3.5257166613222655
972 3.310334631004676
973 3.5555523434053584
974 3.528864178258826
975 3.4302608155602616
976 3.3277610387047662
977 3.272617232920407
978 3.4268196882835045
979 3.6161606861957325
980 3.3586804629441938
981 3.271347208182814
982 3.3979094910589502
983 3.2169051306138594
984 3.4149868876775846
985 3.3992874304144727
986 3.378687452246889
987 3.351382148678367
988 3.269859820656557
989 3.3545662791901187
990 3.4143494893499797
991 3.4086027384174398
992 3.6002275337840643
993 3.3520846046978905
994 3.259532605218447
995 3.3021006050461548
996 3.388080453784075
997 3.3530477619923627
998 3.450875218875854
999 3.593005868377574
1000 3.420646600691941
1001 3.4383857423103996
1002 3.397034249060528
1003 3.4498041972330458
1004 3.271717719895423
1005 3.3588904092456238
1006 3.3126637042820275
1007 3.4797230586915346
1008 3.4338537719367395
1009 3.363464076193785
1010 3.4344278591263904
1011 3.419148272219502
1012 3.2576981980538706
1013 3.319287127091405
1014 3.2851179603250023
1015 3.5072530479070814
1016 3.403995517291978
1017 3.5730501615619086
1018 3.3804871218687436
1019 3.3923621726204383
1020 3.4402145966149007
1021 3.4045284755281187
1022 3.3915485042518267
1023 3.346189478949635
1024 3.3313424925578285
1025 3.388615808937411
1026 3.4282094692918106
1027 3.47734289021901
1028 3.495654476202213
1029 3.264006423087365
1030 3.423146478820894
1031 3.401048921780788
1032 3.349753639824424
1033 3.4003666426338826
1034 3.3574923093687206
1035 3.3920532553451936
1036 3.4060667688807396
1037 3.4827082750771954
1038 3.4248974946780266
1039 3.3610178191002573
1040 3.4941977311787196
1041 3.377830866609352
1042 3.5079268993765114
1043 3.3783331746063823
1044 3.430306345682386
1045 3.3686251271943997
1046 3.4082498362376814
1047 3.3653711623999425
1048 3.452563677414386
1049 3.6673311948176663
1050 3.8815294070113002
1051 3.450576461640159
1052 3.5627822193468126
1053 3.311055533692765
1054 3.2815437284776
1055 3.3403127028480415
1056 3.3079340445078964
1057 3.350145480155706
1058 3.452151289574649
1059 3.4073575475174063
1060 3.357131618880291
1061 3.5303407620543004
1062 3.496760264373025
1063 3.4065325452318502
1064 3.550719337553369
1065 3.3474933121859993
1066 3.3655142316200406
1067 3.605237331002388
1068 3.429729599026597
1069 3.4770101507426276
1070 3.487343438033394
1071 3.3729663790346645
1072 3.4488039525209833
1073 3.430547440146159
1074 3.5775333956944833
1075 3.3943906652657594
1076 3.4058250879653413
1077 3.494365259215709
1078 3.534950430260234
1079 3.326023628504468
1080 3.5737225889521818
1081 3.3542908487258773
1082 3.4546326249106465
1083 3.381421405713613
1084 3.4061216965537846
1085 3.4734504135898714
1086 3.484508976887563
1087 3.4419452613131662
1088 3.3573329342711715
1089 3.3052253865276406
1090 3.278479796579549
1091 3.2900447991414743
1092 3.2854474361074097
1093 3.3649307015885266
1094 3.3661862295936054
1095 3.291330054900356
1096 3.4148944890132613
1097 3.4740945884545793
1098 3.467012835890845
1099 3.5691355136924106
1100 3.4509581816890322
1101 3.337306300213877
1102 3.281089420303377
1103 3.2934384151512415
1104 3.3924751442897176
1105 3.432954753313364
1106 3.3221786026925284
1107 3.3298073388714444
1108 3.390165319556038
1109 3.35243298698609
1110 3.3466220416781596
1111 3.273846843788132
1112 3.5404831351791937
1113 3.358360775267599
1114 3.3127856383046264
1115 3.311071611295906
1116 3.3432371227046986
1117 3.455138204628855
1118 3.284952531481962
1119 3.4595784476383735
1120 3.3827126836103907
1121 3.2682199094185056
1122 3.381109159681187
1123 3.344140870323588
1124 3.369754874653699
1125 3.5128976228338153
1126 3.4189007001359886
1127 3.321827166718125
1128 3.436925993884167
1129 3.3500209973472903
1130 3.514000041895634
1131 3.4730717948557905
1132 3.448841830941252
1133 3.4998211212210526
1134 3.324036729406325
1135 3.274509147903253
1136 3.3487597919724896
1137 3.358628643578631
1138 3.3448610865839923
1139 3.4406709282366292
1140 3.3215504109634137
1141 3.3533427101171496
1142 3.285731468692669
1143 3.3464322552473
1144 3.2533108587799147
1145 3.396399699087759
1146 3.453024682198649
1147 3.417240112648341
1148 3.408743520799796
1149 3.5467884565970746
1150 3.334876751697943
1151 3.3685242094347125
1152 3.353388195291667
1153 3.3786477438568934
1154 3.357076419870583
1155 3.4535342566945637
1156 3.390541251213376
1157 3.3542225109984263
1158 3.446776240951529
1159 3.418013174908333
1160 3.4065846940843216
1161 3.349153564222358
1162 3.3121025236389947
1163 3.3315475140020334
1164 3.324576208790283
1165 3.3344389017695675
1166 3.273616889332164
1167 3.328080861200305
1168 3.434928082841859
1169 3.593575927800018
1170 3.2624757658101715
1171 3.361815527054609
1172 3.4586593783389197
1173 3.515781060118425
1174 3.441556413265336
1175 3.493130844823794
1176 3.4054055109794636
1177 3.360288172485284
1178 3.3272923264542467
1179 3.346300504722504
1180 3.3189391430330084
1181 3.4553627422895894
1182 3.433094597703916
1183 3.3275972185759057
1184 3.3596895167287637
1185 3.3381688848816196
1186 3.3308080905733357
1187 3.5924724290152326
1188 3.4415545365338263
1189 3.480971479801601
1190 3.374758415765699
1191 3.3939231058777075
1192 3.5018595057736133
1193 3.3792623070206984
1194 3.4407996355513357
1195 3.4802493172695455
1196 3.3884305006471642
1197 3.4864671214924514
1198 3.3353735013115426
1199 3.456456128552087
1200 3.332920121942894
1201 3.356881684717397
1202 3.395513745833013
1203 3.385829301766038
1204 3.4862306642007175
1205 3.448301895208567
1206 3.5424547455485844
1207 3.367172183516785
1208 3.3228187539174137
1209 3.423753055383643
1210 3.5384153454446223
1211 3.5151258829750263
1212 3.4648125982496736
1213 3.565710052950729
1214 3.4360294207918187
1215 3.536283639989446
1216 3.437834149056693
1217 3.435605741830626
1218 3.3417050754418294
1219 3.4802474634873515
1220 3.428791420846599
1221 3.4958530860803134
1222 3.6709410120312063
1223 3.4540927024935426
1224 3.4658013603212647
1225 3.5753001201831665
1226 3.3622346708961204
1227 3.4390231171876504
1228 3.4187646813137027
1229 3.3137241699378746
1230 3.3238225072325287
1231 3.271177239360102
1232 3.412351294631234
1233 3.334515857843784
1234 3.3484851351984517
1235 3.4442542712066455
1236 3.4195312028078604
1237 3.449270076006054
1238 3.2817692793162667
1239 3.4916662292840073
1240 3.5229494303554034
1241 3.449126405461147
1242 3.3305636854797624
1243 3.394684745292826
1244 3.3386499404378003
1245 3.6759285758932383
1246 3.5885276290517725
1247 3.4015906838103422
1248 3.4615960839158157
1249 3.653222782977902
1250 3.4349320671973045
1251 3.3705777351275716
1252 3.5977215227597164
1253 3.609135603331736
1254 3.32334445133761
1255 3.392556050513887
1256 3.256518546429027
1257 3.279946035313555
1258 3.3129633721686513
1259 3.388687158400696
1260 3.398148526013991
1261 3.2490607357150116
1262 3.4601490988611894
1263 3.5594271596717624
1264 3.5043265883598296
1265 3.365288169756156
1266 3.359014716232212
1267 3.3849132875058574
1268 3.288253827900053
1269 3.388806298512928
1270 3.3390342370813793
1271 3.34001043885369
1272 3.348914209506241
1273 3.4431858441145
1274 3.425521660786845
1275 3.2916830683387968
1276 3.389785050824167
1277 3.3753078436941184
1278 3.4726483823273155
1279 3.298378267999354
1280 3.4503763354482757
1281 3.4490519944683027
1282 3.2539253362603024
1283 3.462916977135148
1284 3.5061365674927734
1285 3.275163089675096
1286 3.5184432638991425
1287 3.3876894110915474
1288 3.455615755049014
1289 3.350231982756158
1290 3.3111936197517924
1291 3.3974057136135896
1292 3.536018563504797
1293 3.467629973059168
1294 3.383449334015541
1295 3.3925712393826264
1296 3.4231038999454184
1297 3.345520031961241
1298 3.4888283132681344
1299 3.464813980400558
1300 3.5308002831233414
1301 3.410589477498372
1302 3.490191294837331
1303 3.402398875218395
1304 3.4713866604548085
1305 3.3872413902890712
1306 3.5243119181663074
1307 3.5117311827830657
1308 3.4471318309673133
1309 3.3652525604958394
1310 3.61937790703659
1311 3.424172613205575
1312 3.3875695969261512
1313 3.474240408579139
1314 3.516909581404828
1315 3.455782570839345
1316 3.35774401887261
1317 3.512053272339734
1318 3.4025409621518263
1319 3.4646387281577207
1320 3.4363739999380467
1321 3.3336445429167667
1322 3.349220289803834
1323 3.4479005071398325
1324 3.349032373101007
1325 3.3233669534167602
1326 3.3656087901981993
1327 3.5956062751278894
1328 3.400131353281559
1329 3.3340902348799557
1330 3.377743250203835
1331 3.4551232407304506
1332 3.428402742244926
1333 3.308128015694829
1334 3.306177042537027
1335 3.5411768629041425
1336 3.432829559117655
1337 3.404475038229231
1338 3.530176768135894
1339 3.2950681581857464
1340 3.5112405196749226
1341 3.373507596136838
1342 3.3859099774212593
1343 3.587028567490416
1344 3.299250332290365
1345 3.5668605610703827
1346 3.614407533047166
1347 3.346763320143615
1348 3.5356383817816037
1349 3.3510857886985406
1350 3.416515152921228
1351 3.3357193815179205
1352 3.3151055896712314
1353 3.437958481516956
1354 3.3554068863446775
1355 3.516504882441415
1356 3.512232995070656
1357 3.355788985561566
1358 3.4519219922847064
1359 3.3281368062632657
1360 3.400277604925084
1361 3.506236200129577
1362 3.269749158375621
1363 3.346086109210766
1364 3.374890388010688
1365 3.4096540191100253
1366 3.273233010667716
1367 3.344330726123618
1368 3.437329426937987
1369 3.4049645699899576
1370 3.334065572919284
1371 3.352882342388786
1372 3.3293436178382017
1373 3.445576089173245
1374 3.398485566047811
1375 3.447434262952318
1376 3.3823012121944123
1377 3.353341341238028
1378 3.567696285458307
1379 3.372410161560999
1380 3.4970526191008253
1381 3.561509143149517
1382 3.5046812126604974
1383 3.5199879510531025
1384 3.516529748000819
1385 3.3365212492389453
1386 3.3029723277341123
1387 3.415268853716287
1388 3.7192008457542576
1389 3.4037023445291807
1390 3.301556408715363
1391 3.5207950542910713
1392 3.4098460036112113
1393 3.321997832245447
1394 3.6894473028078867
1395 3.4218822975539425
1396 3.5163494182396016
1397 3.4214672962113752
1398 3.4113746244335115
1399 3.418213511910113
1400 3.4662122098371313
1401 3.4812432981206363
1402 3.498246116795462
1403 3.4555575992786447
1404 3.712100765369302
1405 3.5050395265405925
1406 3.4151296265277757
1407 3.4355495840079175
1408 3.383385586713392
1409 3.546065487156998
1410 3.6235354279974668
1411 3.3120034224538317
1412 3.470786346383542
1413 3.620423348477816
1414 3.3660827451086206
1415 3.36231634659878
1416 3.432780871570426
1417 3.4319194790199536
1418 3.4340642362038856
1419 3.373701018677656
1420 3.3469764752482987
1421 3.511178579569761
1422 3.3096973312353493
1423 3.366094123284896
1424 3.356107329328752
1425 3.5698266431327297
1426 3.3496705434359675
1427 3.572585139826184
1428 3.379453574739852
1429 3.498074935100708
1430 3.4279645118504702
1431 3.468074976795028
1432 3.240014903443073
1433 3.515946762146203
1434 3.466874688288088
1435 3.389848042504008
1436 3.28288741695688
1437 3.3469787754946574
1438 3.3982203656119165
1439 3.4109363139276683
1440 3.344514770987926
1441 3.3422068998226617
1442 3.394909842052591
1443 3.281479542277435
1444 3.413900530252571
1445 3.5595202765962854
1446 3.4345216335307316
1447 3.296651229938589
1448 3.4379303888312216
1449 3.5105730534106425
1450 3.3926639245152055
1451 3.5355908381034946
1452 3.4952074631282883
1453 3.3557093983193527
1454 3.4369405263882022
1455 3.307844239118325
1456 3.4258638401884807
1457 3.476112311036185
1458 3.451034366547606
1459 3.4999712262894103
1460 3.431888697419508
1461 3.358335873850169
1462 3.354701626697486
1463 3.4548275443005094
1464 3.505770258868282
1465 3.4937835831517683
1466 3.572887718583034
1467 3.577330495012733
1468 3.680393386954594
1469 3.3786846811803377
1470 3.547995671136069
1471 3.2704802547432177
1472 3.43907983741705
1473 3.5259718984395056
1474 3.4164022289699494
1475 3.303802025171879
1476 3.4138245313182325
1477 3.2867334504007912
1478 3.5015489613623543
1479 3.566286608079243
1480 3.354804634540103
1481 3.5538795787885675
1482 3.449871796066998
1483 3.4944933868682755
1484 3.409999655819494
1485 3.326510873811706
1486 3.4404121205484617
1487 3.367555598739445
1488 3.386188857852547
1489 3.5446636204668494
1490 3.3725443744251584
1491 3.420319653853781
1492 3.6780737237907517
1493 3.466151396112041
1494 3.3974951341113457
1495 3.3697291674082943
1496 3.429288847151174
1497 3.4077860813502188
1498 3.2888057196844986
1499 3.331188123087648
1500 3.5780876819062257
1501 3.3888949666978747
1502 3.546072374973299
1503 3.4709393733158236
1504 3.3934374129043956
1505 3.455574702762049
1506 3.68466244010181
1507 3.432423499068478
1508 3.505101118236634
1509 3.3397636125639547
1510 3.488718392364712
1511 3.3785260379657585
1512 3.3864458382089935
1513 3.5501212754477085
1514 3.463505155545058
1515 3.3967053908353746
1516 3.4693137296217427
1517 3.3695629556277975
1518 3.395261162180088
1519 3.3832154764296782
1520 3.4370893721461946
1521 3.458386134952464
1522 3.406776879329764
1523 3.4197701203572444
1524 3.312561458558768
1525 3.4773222564412944
1526 3.365108162513354
1527 3.4576088046543494
1528 3.227202929707195
1529 3.4756277569082443
1530 3.244053603943288
1531 3.4780608330457476
1532 3.3511530912251404
1533 3.2958006499166177
1534 3.407984696494658
1535 3.4853779642347305
1536 3.3838064001961823
1537 3.4521439957731
1538 3.3237083580609177
1539 3.288418132209499
1540 3.334576804885621
1541 3.3347685605166686
1542 3.396571635731882
1543 3.259066205465474
1544 3.453589817952869
1545 3.4915450528727616
1546 3.367456524457177
1547 3.560661339003877
1548 3.251542961682428
1549 3.5295386228597145
1550 3.329311636207699
1551 3.4319486656527665
1552 3.4010242924054803
1553 3.5121327772656286
1554 3.504418511152606
1555 3.408091350524302
1556 3.4005141688117377
1557 3.3107734057037215
1558 3.2723273869155642
1559 3.3582349825130775
1560 3.2916193587291667
1561 3.3819118217390436
1562 3.2380166051762065
1563 3.405272091684916
1564 3.397006679557524
1565 3.3394609530465518
1566 3.506631004447442
1567 3.5126553457763494
1568 3.4319926521061395
1569 3.248265116874731
1570 3.404231878663023
1571 3.412862697608425
1572 3.5023050809236724
1573 3.2976747801232937
1574 3.5011428412599086
1575 3.411113069192502
1576 3.430285541484604
1577 3.3861474678839576
1578 3.478585190479264
1579 3.4425705401286417
1580 3.4552065172540574
1581 3.3090566179511804
1582 3.4081598097811154
1583 3.396919690809534
1584 3.2569215903555992
1585 3.4086627498851705
1586 3.5058081307314874
1587 3.540679584677184
1588 3.487403505256869
1589 3.356922278147754
1590 3.440231893014832
1591 3.2699010914548103
1592 3.4374392505917024
1593 3.3946904945252636
1594 3.386197952041317
1595 3.578950059003137
1596 3.3327561674885717
1597 3.5054220757777736
1598 3.432045972755698
1599 3.4089951215051757
1600 3.379194162455946
1601 3.3640618366700763
1602 3.327851125716718
1603 3.4951478112317833
1604 3.4681237187186675
1605 3.3943013993797404
1606 3.4749098946765367
1607 3.324397128454027
1608 3.490709811351321
1609 3.2764612683478838
1610 3.305505374035909
1611 3.525727059433273
1612 3.5412493209592095
1613 3.3192265881050975
1614 3.4120501049726726
1615 3.225137888430848
1616 3.437343318619451
1617 3.4627794126312406
1618 3.634122623513965
1619 3.5660833195845134
1620 3.350005405295748
1621 3.415369124589161
1622 3.392898822911383
1623 3.3441273408387193
1624 3.384909395823562
1625 3.3612786774355996
1626 3.4864431705903853
1627 3.3074848891573643
1628 3.495918158473869
1629 3.3968064688063944
1630 3.3733600067532006
1631 3.5905023141597288
1632 3.50725570094198
1633 3.39429461065772
1634 3.484006831889246
1635 3.4263934556568656
1636 3.5695005739561827
1637 3.4288382796460417
1638 3.5948183055621836
1639 3.431681812558658
1640 3.3417000389041713
1641 3.3869332347948014
1642 3.3459520394750175
1643 3.5545795249768353
1644 3.354270841349732
1645 3.2722281930993034
1646 3.317907389589994
1647 3.3483700254720152
1648 3.467118563792536
1649 3.4222983849555564
1650 3.6122879188632195
1651 3.356133477691281
1652 3.3886170471364654
1653 3.4661417356205173
1654 3.471373547325059
1655 3.44413260934834
1656 3.396367105711289
1657 3.500107917997458
1658 3.343227932544854
1659 3.317844249987793
1660 3.36111992253951
1661 3.328299693437422
1662 3.4242270061992794
1663 3.3809415690297597
1664 3.6372279562628234
1665 3.5250024364774264
1666 3.39530137254545
1667 3.4357354450455846
1668 3.4844373411071485
1669 3.5512686484066838
1670 3.377444309436777
1671 3.478917940392249
1672 3.404419485088759
1673 3.491757938498342
1674 3.394193312335511
1675 3.400413094232455
1676 3.513468854580511
1677 3.5043147049319225
1678 3.433170923516428
1679 3.3854707097598618
1680 3.460036722225328
1681 3.4595745899677826
1682 3.3312356844428197
1683 3.2784920129500943
1684 3.3588250214279514
1685 3.441265125399158
1686 3.4031046404274785
1687 3.315359589539348
1688 3.4648685765044114
1689 3.4900873561172996
1690 3.4893418921243367
1691 3.35536920710479
1692 3.2749220072258507
1693 3.2485171318331427
1694 3.446778319211532
1695 3.470299614861575
1696 3.2574134778882
1697 3.332539961084649
1698 3.5578447222079688
1699 3.2654671061592504
1700 3.3528613064953876
1701 3.357609408804263
1702 3.607955544905711
1703 3.4048872140261106
1704 3.288936436274793
1705 3.436835025673233
1706 3.2867705568664096
1707 3.3500061798011544
1708 3.3858998474062716
1709 3.306908961291699
1710 3.5058340434366344
1711 3.571224576654994
1712 3.5900745204005187
1713 3.4729247524154263
1714 3.4492258538753555
1715 3.3443514436313
1716 3.4303650238147063
1717 3.5189996049520293
1718 3.578543225888399
1719 3.669672776120895
1720 3.477762204451983
1721 3.4765532565074135
1722 3.3056827415123275
1723 3.348109155186549
1724 3.426824426967251
1725 3.4167690320452775
1726 3.412545531233932
1727 3.4835183998473327
1728 3.5430326615192893
1729 3.4493467764957133
1730 3.49355976344198
1731 3.445993171014715
1732 3.3841771077012264
1733 3.394419106558459
1734 3.455572828403866
1735 3.328942807056034
1736 3.4648565395424518
1737 3.4148040391188212
1738 3.3519654450920697
1739 3.4247049766842905
1740 3.4562756083689545
1741 3.376587906149245
1742 3.3852477159890215
1743 3.333533464919435
1744 3.3748142670362204
1745 3.4135623628376215
1746 3.351781732357954
1747 3.4582009295506393
1748 3.3493096166238727
1749 3.453561205958546
1750 3.469939300350144
1751 3.5821104832572392
1752 3.442930904021696
1753 3.4401979239622795
1754 3.3401742366407268
1755 3.3524370921338953
1756 3.391785360128363
1757 3.3270925416188217
1758 3.377730559426943
1759 3.45759312095862
1760 3.3652240759941803
1761 3.4590464142542996
1762 3.3024404232064755
1763 3.444649494535783
1764 3.3862595553113892
1765 3.3762045846290487
1766 3.4690065664204073
1767 3.5403847350385917
1768 3.407590988538819
1769 3.5408042663513397
1770 3.2777272082694573
1771 3.4180291078998146
1772 3.3291967842463164
1773 3.4869920085128268
1774 3.5181184262821605
1775 3.5243910174522615
1776 3.445453891669277
1777 3.2833318072266566
1778 3.5207737431209694
1779 3.3517658644758552
1780 3.4059858243648597
1781 3.4805942498473432
1782 3.4020014784603956
1783 3.434107718245141
1784 3.6004580768919046
1785 3.457876335955247
1786 3.344333875033352
1787 3.3675732840910584
1788 3.3204747673901824
1789 3.3949268444316054
1790 3.570896115660797
1791 3.6379208306838855
1792 3.390282850516756
1793 3.37254455329938
1794 3.409291400883547
1795 3.451413828618733
1796 3.4215315793396304
1797 3.539392623365416
1798 3.300741852387013
1799 3.3874133529601202
1800 3.322581780469777
1801 3.4442450132823743
1802 3.507332659982106
1803 3.4647515026815676
1804 3.307194571635277
1805 3.3781415450655827
1806 3.429422578764615
1807 3.3636147487740007
1808 3.509464169024106
1809 3.486379862148387
1810 3.4424587325169997
1811 3.433896003587485
1812 3.5540951027927927
1813 3.4151144370019026
1814 3.5084903460483154
1815 3.447070667908666
1816 3.4982434438008636
1817 3.441244739807517
1818 3.430433304755796
1819 3.4415507733222492
1820 3.338275753809407
1821 3.4116312016703425
1822 3.3829999910371686
1823 3.3878400047114443
1824 3.5444330863827265
1825 3.454582623982157
1826 3.479252932254399
1827 3.4475095559636197
1828 3.429384160049351
1829 3.4790632155285848
1830 3.440174427621873
1831 3.4630992944910175
1832 3.3967218583381333
1833 3.4272198365344866
1834 3.461313966919026
1835 3.509077689997921
1836 3.261174918274954
1837 3.5709509222135307
1838 3.427679776000942
1839 3.456617925186943
1840 3.3259255574324307
1841 3.658315114272906
1842 3.5183382915743797
1843 3.374855809002464
1844 3.4965084945236393
1845 3.7065628959370875
1846 3.4574907707278077
1847 3.346157323298558
1848 3.3172342833292037
1849 3.589413221924966
1850 3.566045392790148
1851 3.3982683788345125
1852 3.229491301834736
1853 3.464199399853511
1854 3.3105785144283617
1855 3.361169327809701
1856 3.319328498100541
1857 3.3816160824064303
1858 3.4170284341587593
1859 3.3693999634824547
1860 3.319061235203509
1861 3.3536687614865714
1862 3.31912551196682
1863 3.4357533824365745
1864 3.4521772126396257
1865 3.419222056074443
1866 3.309252774593495
1867 3.509671257028588
1868 3.3772574662421935
1869 3.3407918152556677
1870 3.356768442276344
1871 3.4886698793372353
1872 3.632145777579482
1873 3.384340774825805
1874 3.4879809799984125
1875 3.6353544459297495
1876 3.3887391590169074
1877 3.4845955822484056
1878 3.3809589624679544
1879 3.466216362663978
1880 3.525202738171292
1881 3.4168805904225756
1882 3.438131862090315
1883 3.291580067994128
1884 3.5681766199908758
1885 3.362511709639817
1886 3.4493768701713616
1887 3.4409641028144082
1888 3.4994121646678957
1889 3.364858998102287
1890 3.540246440439668
1891 3.2338009029720345
1892 3.524332657947018
1893 3.436239226663384
1894 3.339553596906136
1895 3.335961466345028
1896 3.5285077335497963
1897 3.3723799915378385
1898 3.4356255216893725
1899 3.614085916162079
1900 3.4460337458513655
1901 3.445107213541542
1902 3.529176790935969
1903 3.3605138181873446
1904 3.4276078451119747
1905 3.4175251568350333
1906 3.3195560131399677
1907 3.2648453263179498
1908 3.3892401292699543
1909 3.385849524165824
1910 3.4644656762321326
1911 3.417729846785533
1912 3.4366058928619574
1913 3.427849200804041
1914 3.283683680340202
1915 3.3806172511465733
1916 3.5947833006827934
1917 3.377888586099366
1918 3.36137001362896
1919 3.3777597100808823
1920 3.2861547760603527
1921 3.313170203558177
1922 3.285843530911348
1923 3.3550947169100804
1924 3.585847120524506
1925 3.4426452220912815
1926 3.4415889230122803
1927 3.362867926047495
1928 3.510594370092638
1929 3.3522246141433487
1930 3.4154834914638434
1931 3.65720555777188
1932 3.4561556650927456
1933 3.335674106681756
1934 3.3699911992801206
1935 3.461771789598412
1936 3.4646738284682876
1937 3.4491067446844332
1938 3.265967581074801
1939 3.375456786400438
1940 3.6664073729413844
1941 3.4591526280442073
1942 3.3825140044002975
1943 3.275926148829686
1944 3.4129936829711025
1945 3.4443854724947562
1946 3.389333044838566
1947 3.4248241903400807
1948 3.4107907572263585
1949 3.3715372398926977
1950 3.3854352163840096
1951 3.7170214176499488
1952 3.4275973356459613
1953 3.5332900836692653
1954 3.477016062360094
1955 3.41801844006432
1956 3.373305566556219
1957 3.3113707611168204
1958 3.4776811059977906
1959 3.425494784521877
1960 3.351095819923214
1961 3.3179179763885647
1962 3.5915133581547103
1963 3.415955443469515
1964 3.3035581000733347
1965 3.4367156373576955
1966 3.489554287606572
1967 3.2877905128897735
1968 3.3903540023394667
1969 3.3892118224487997
1970 3.4198676500452443
1971 3.3482564969889146
1972 3.5227004452044928
1973 3.368397746311229
1974 3.380148296220346
1975 3.4345039832326676
1976 3.576722142542468
1977 3.5487315108758573
1978 3.4505695574350743
1979 3.610829117573472
1980 3.487065286917373
1981 3.4997808378039714
1982 3.489576552843665
1983 3.4680477553155824
1984 3.446299980972419
1985 3.5488085481028167
1986 3.324988855918613
1987 3.4626054514174833
1988 3.4377493815081612
1989 3.3241487497055067
1990 3.339751460263245
1991 3.481414187430848
1992 3.2669242825949976
1993 3.353553241878773
1994 3.3937289974835823
1995 3.4590878088471126
1996 3.502373238977132
1997 3.6318640011998116
1998 3.3664179404346544
1999 3.3693116249793915
2000 3.4656970271369714
2001 3.4343628745962134
2002 3.312597213948224
2003 3.403059239542387
2004 3.3342768522009365
2005 3.5520962418026247
2006 3.381641247417351
2007 3.3332950281099367
2008 3.3592834044378668
2009 3.4113974852962334
2010 3.3313547617292634
2011 3.5789441599993497
2012 3.3170099571567655
2013 3.4032129128435678
2014 3.5148180833743456
2015 3.352677068009638
2016 3.373653415262443
2017 3.416581797431194
2018 3.476545792043081
2019 3.4424300630192377
2020 3.3786178772808237
2021 3.43421472078801
2022 3.3921863525633507
2023 3.5046786452142697
2024 3.5231985814141025
2025 3.5415585718630194
2026 3.402577846984945
2027 3.435921236699002
2028 3.3460400152079086
2029 3.359802627206916
2030 3.321477498346504
2031 3.372612249091097
2032 3.5668111551566626
2033 3.365173581279225
2034 3.5088682664342796
2035 3.4979614191462933
2036 3.3987397066296468
2037 3.3661004398315253
2038 3.382274284273918
2039 3.3474985112013407
2040 3.52739099339754
2041 3.3833056496164557
2042 3.4072564049045555
2043 3.5119203843938616
2044 3.42260763760918
2045 3.5568833716812693
2046 3.3641716920108533
2047 3.3197820023781546
2048 3.463433637621221
2049 3.477356805136652
2050 3.397581123192578
2051 3.4793628400372865
2052 3.4760251054040494
2053 3.4293359398667653
2054 3.467991562172554
2055 3.3991186165963225
2056 3.369002543046561
2057 3.4163268745553736
2058 3.58913529313536
2059 3.4659813662364827
2060 3.456634756231317
2061 3.6006658544909516
2062 3.384758080837449
2063 3.471721440799564
2064 3.4293581724541693
2065 3.5321381458285814
2066 3.4470463089712866
2067 3.4301874449777023
2068 3.270289014555285
2069 3.419488292575183
2070 3.412595791106309
2071 3.5060293089741497
2072 3.4502273736364963
2073 3.6602372974503923
2074 3.4611219756233957
2075 3.3576195702956024
2076 3.470465226537182
2077 3.3403437589865965
2078 3.430661892813889
2079 3.47429323421242
2080 3.431834888294733
2081 3.446881420302013
2082 3.3597040514933454
2083 3.2107739517522256
2084 3.4200015144433187
2085 3.3895276661701685
2086 3.452044438371953
2087 3.410779769938934
2088 3.429048959145071
2089 3.4894298187920465
2090 3.3550493112837887
2091 3.305854691201349
2092 3.4281515311743807
2093 3.42944734000518
2094 3.4328591544897114
2095 3.5215496435192164
2096 3.4311716236285377
2097 3.504096942344749
2098 3.4885461166241147
2099 3.3525804546760836
2100 3.4047894171259014
2101 3.4811770528998847
2102 3.371987155244581
2103 3.3853165518658304
2104 3.4120414269782655
2105 3.5361463558231194
2106 3.658940230715165
2107 3.53974057578818
2108 3.3145185906690684
2109 3.452621413655395
2110 3.425705785445448
2111 3.4152973611554773
2112 3.3235829839219417
2113 3.482646406041593
2114 3.823146949917625
2115 3.3309261660125014
2116 3.3354153573488805
2117 3.4711865215956155
2118 3.3612666345021256
2119 3.5457827839822755
2120 3.5144954899675476
2121 3.4894503347432986
2122 3.309874522462019
2123 3.361652126077902
2124 3.550518319192328
2125 3.4093051965590666
2126 3.4099274509898625
2127 3.3773994017976245
2128 3.468983400174518
2129 3.40698288629269
2130 3.373571582868817
2131 3.515433444329366
2132 3.380756319647438
2133 3.271857802347709
2134 3.580417613861766
2135 3.414787685122848
2136 3.630510526152049
2137 3.5938432899391777
2138 3.382370710990824
2139 3.4892401388678813
2140 3.3650898887246607
2141 3.296967101723414
2142 3.3691084682085837
