0 3.2137268811597326
1 3.2736972825383517
2 3.3557378915934013
3 3.3321825724521323
4 3.9288235025420963
5 3.364797982406962
6 4.149921732455972
7 3.3005688150856383
8 3.6759087819423164
9 3.3231268942088446
10 3.3663414667675373
11 3.43486325940434
12 3.371928899621994
13 3.3188505677269666
14 3.3821289574933613
15 3.361363092049906
16 3.395745004483937
17 3.374368912854714
18 3.9788174489119044
19 3.431725591841266
20 3.406434078137496
21 3.3659100037205953
22 3.2922367326778614
23 3.4800783269970146
24 3.3415866739941884
25 3.3730763953950924
26 3.2860035901153193
27 3.42719433078557
28 3.308750797326737
29 3.2230011869866697
30 4.400522092205825
31 4.119719400376502
32 5.4843310035520805
33 5.566252379521424
34 5.689765827142136
35 5.730974495955504
36 4.44922298154193
37 5.620515282000888
38 6.212061265193574
39 5.74476563279358
40 6.805016805387343
41 6.293436804958328
42 5.883674062206768
43 6.659562587851799
44 6.454758211555472
45 6.528573108216514
46 6.325362096255215
47 6.485010124132861
48 5.795678531939759
49 6.385501892748337
50 6.151289209316476
51 6.528110486303827
52 6.702752929000953
53 6.24789638508918
54 6.123244597186493
55 6.2664181357650754
56 6.765972194660116
57 6.654292832986632
58 5.808680079643923
59 5.7843385576619495
60 6.3202211947392914
61 6.38208937312711
62 6.865001609010051
63 5.921351007398378
64 6.368195812441698
65 6.523896934034168
66 5.719189517684696
67 6.230485909814956
68 6.551168032767069
69 5.82877204003499
70 6.1293791020978485
71 6.357134477711386
72 6.490042368702679
73 6.57580410731622
74 5.810231784348028
75 6.1531310929154
76 6.7229013957264465
77 6.291492262283309
78 5.259987199955009
79 6.2448806284575955
80 5.907323324277322
81 6.073549416999201
82 6.442441636088967
83 5.8664653001467295
84 6.4129621962224475
85 6.494574406492459
86 5.2980255596512045
87 8.281946924036243
88 6.572717076439754
89 5.829485942264697
90 5.959570765493678
91 5.935573185166672
92 7.182835687834824
93 6.743672769863618
94 6.482928980331895
95 5.670877438664201
96 6.566713053805951
97 6.209273025624236
98 6.125885330290887
99 6.121707533353816
100 6.844057545188524
101 6.106901314867377
102 6.193154359270277
103 6.99337884504464
104 6.483638290915529
105 6.032197725198995
106 6.346907257683058
107 6.036879312349491
108 6.9030664677340035
109 6.23828888328531
110 6.016787635689628
111 6.406851054844078
112 6.192567622662663
113 6.439078588436699
114 7.469020601149771
115 6.728240160472694
116 5.682453950841724
117 6.152025668191825
118 6.227054979282874
119 6.744293423013686
120 5.85819285986791
121 6.950752892653866
122 5.697090007850269
123 6.249339176890889
124 6.446590033033129
125 5.740232576959904
126 5.871685695117857
127 6.188074326047026
128 5.840125182521063
129 6.1932043989741015
130 6.259408425858973
131 7.437793844344524
132 6.413566210804766
133 6.2742310040774045
134 6.34212692530116
135 8.527246743927762
136 7.220026229869153
137 8.502929091087319
138 6.1782567174416005
139 6.627221105905723
140 6.922377328545401
141 6.18626712848508
142 6.5361068588348
143 7.946468489573839
144 6.138293244511599
145 6.416212891604285
146 5.959289141961369
147 6.394567652885914
148 6.500153277201045
149 5.953074824447837
150 5.897704824527365
151 6.630303469148123
152 5.9623386511702305
153 6.184513885566187
154 6.8452533567453795
155 6.681799370977206
156 6.923781474301245
157 6.226950040528312
158 6.266702791429124
159 6.498858706150806
160 6.381100718819331
161 6.717062316720622
162 6.249677233398053
163 5.945835136722317
164 6.4659504218213115
165 6.193329665786362
166 6.635960612443857
167 5.9595453918884855
168 5.593020118566864
169 6.445705807107205
170 6.750967695876355
171 6.544803808614118
172 7.077199281341825
173 7.715362765227296
174 6.241615330298612
175 6.448190107537604
176 6.1504137275819035
177 6.2114484884574015
178 7.0737013031997815
179 6.598761038228777
180 7.051157617141811
181 6.725598278330556
182 7.442357569888663
183 6.435135674141692
184 5.979414825817472
185 5.604244451758811
186 6.730979965534951
187 8.005979816681107
188 6.075186227141068
189 6.161244255473833
190 6.244761125231183
191 6.038512223843559
192 5.615627795927697
193 6.454836542126859
194 6.485488317419496
195 6.298234108939473
196 6.910486538740223
197 6.0783141256900945
198 6.309308264701269
199 6.130776501939653
200 5.875372220356623
201 6.130172444327967
202 6.369365950211892
203 6.465647993363677
204 5.577306323357842
205 5.695738702293212
206 6.398261627457223
207 6.604510800314037
208 6.127962697151305
209 6.275124460269608
210 6.686310985517327
211 5.917701454226074
212 6.044111732720386
213 5.913238240607253
214 5.6054279887873895
215 5.616613016292087
216 6.002983847533163
217 5.596860595586139
218 6.293075310333493
219 5.822285215221589
220 6.277474736474374
221 5.584199083413049
222 6.192216058733473
223 6.6599342693998365
224 6.083255406041057
225 6.354174494535158
226 6.714231101895166
227 6.045331097170949
228 5.888771001232133
229 6.2991171124121745
230 5.901286477561683
231 6.161616505514157
232 5.920722501363834
233 5.879197358537354
234 5.662517342831647
235 7.17838919229941
236 5.784402949048395
237 5.892836937753442
238 6.399883412644714
239 5.751573402084035
240 6.253840342902306
241 5.879972994563268
242 5.623564872228616
243 5.701103841147075
244 5.831194573661385
245 5.771332232646178
246 5.922142298857169
247 6.134934364570348
248 6.431680302249202
249 5.885764674826256
250 6.165492164138622
251 6.684885348729495
252 6.180253201296582
253 6.145873134806938
254 6.197112292283924
255 6.867636285248555
256 6.210513558688457
257 6.469405487119203
258 6.656468993487311
259 5.773577778613937
260 6.439650781277416
261 6.478995585501511
262 5.914455462515963
263 5.42936090961441
264 5.657515070017494
265 6.101883306117585
266 5.807324297836901
267 6.413345068640277
268 6.2247797223408075
269 6.563236846207835
270 5.477439871890409
271 6.496811439328766
272 6.1479869834062635
273 5.802135368004966
274 6.219659904226346
275 6.784108104609644
276 6.209457516749795
277 5.984188817504315
278 4.8453518759512955
279 6.254389676049353
280 6.505748311977321
281 6.308850325646412
282 5.53906101647102
283 5.650315412486039
284 5.716053662334388
285 6.402975306177383
286 6.775728538429562
287 6.180862013296458
288 5.971538774972609
289 6.286308664442964
290 6.009164300045998
291 5.528923359481677
292 5.9227534228132095
293 6.296231189335974
294 6.067127452500169
295 6.176688893561054
296 5.427105661624194
297 8.18146744523368
298 5.787782963505047
299 6.464050069248878
300 6.16970006839773
301 6.030367958591154
302 6.16283239307451
303 5.855607608109558
304 6.461229061009655
305 6.372789422811979
306 5.790284924013778
307 6.348461216402093
308 7.50142889136293
309 6.76349793203894
310 6.1092871133514235
311 5.86190338457623
312 6.56366246631594
313 6.206957149125617
314 6.930700421165194
315 7.334336079133645
316 5.9675442994355175
317 5.272162607491247
318 4.943119902036725
319 5.731983405641505
320 5.332061251472125
321 4.8969847749045945
322 6.022264965053289
323 4.644999124594803
324 5.8515485531470635
325 6.340816519560167
326 8.172775927129976
327 6.2664265819356295
328 6.0653194886818556
329 6.194171446387967
330 6.207570312407999
331 7.119095441133177
332 6.338996683877436
333 5.296328920061113
334 6.098594297038117
335 6.392594567509587
336 6.180181930928929
337 6.292333656048793
338 5.770596613625803
339 5.892398778561178
340 5.5704788816502235
341 6.407151796306846
342 5.70122008339642
343 6.296683153029919
344 7.681045256813308
345 6.959335800878627
346 6.0743046024673415
347 5.933608449385079
348 6.122207495655341
349 6.914776712426761
350 6.339825266599456
351 6.372629202409096
352 6.277298851831664
353 6.753135612699057
354 5.778185194664813
355 5.692460908853434
356 5.821363332461637
357 7.495561931973898
358 5.982481277305841
359 7.856919614765215
360 6.454778382227742
361 4.910474648519737
362 6.270806520456481
363 5.844402810492196
364 6.020647899030033
365 6.147211831697851
366 6.437370472191458
367 6.854352878774838
368 6.5847487538419385
369 6.131770853676167
370 7.074918228507729
371 6.2734304459027
372 6.097862584846323
373 6.253490479018667
374 6.401468667179079
375 6.056063253758257
376 8.184937193618842
377 6.070315883250952
378 6.325488001114141
379 6.4180039230240284
380 6.251933903401597
381 6.5064484465563535
382 5.9355712547051995
383 6.267149845514333
384 5.576796348205332
385 5.799795483537187
386 5.467295752524663
387 6.502650703228678
388 5.935915329497583
389 5.991082106675184
390 5.5547033410845925
391 5.720767030363884
392 6.000192665556264
393 6.176372685379407
394 6.341995317617985
395 6.685349514391305
396 6.709477500146665
397 6.381638173208977
398 5.748602829026719
399 6.18176598541968
400 6.7093962906325135
401 6.176494089286619
402 6.068772152474168
403 6.5891199912833605
404 5.799351123198786
405 6.1797253899716855
406 6.040154017534575
407 6.422049334645446
408 5.698710773686489
409 6.950517855567961
410 6.297872968246838
411 6.028675376680596
412 6.660223672894338
413 6.673118710572706
414 6.836062018092245
415 6.751723231602336
416 6.406606610102343
417 6.513329747736379
418 6.603398064934849
419 6.87266556985594
420 6.399490225819
421 6.475007442964996
422 6.395357454415756
423 6.148606660582682
424 6.516308732745236
425 6.541196185017239
426 5.909658750026894
427 6.332550456454491
428 6.433201159112948
429 6.4367999395506255
430 7.218963486479679
431 6.283866671331104
432 8.075944785753299
433 6.373097992695111
434 6.740339894285581
435 6.085436811036974
436 6.406540463458736
437 6.0411572032235625
438 6.267195202271445
439 6.844638362201686
440 6.425618273007305
441 6.658146502327654
442 6.841114325422464
443 7.4743387311199285
444 6.456257470800817
445 6.088523642672901
446 6.240606794942074
447 6.468189225903187
448 7.706428897526445
449 6.703158018308394
450 6.252171258683242
451 6.2620982729281085
452 6.763505900318967
453 6.276144859397947
454 5.539370897089265
455 6.540514137564986
456 6.08342148739141
457 5.596126108188018
458 5.759591092058685
459 5.958140716176746
460 6.021433404793778
461 6.108498110261939
462 6.126123684176688
463 6.531795006930951
464 6.552127834012431
465 6.277763438577687
466 6.166121789056882
467 5.803540561478319
468 6.275417182967116
469 6.4090023010198625
470 6.161755119249565
471 5.994300966143062
472 6.406244145965272
473 5.630328593671138
474 5.795862963497856
475 4.321727617244162
476 3.9360865407269454
477 3.656599197889307
478 3.403441862920247
479 3.9360391355646933
480 3.6954527752734583
481 3.785619492122552
482 3.974017115959439
483 3.719786343485271
484 4.2078731915552385
485 3.4125090430467493
486 3.755656658835261
487 3.690470718927787
488 3.5143731623898926
489 3.8754689983688
490 3.8511857942311365
491 3.887704579610432
492 3.887498130772071
493 3.5615324883701316
494 3.8077797185512234
495 3.705063426734997
496 3.789374339222249
497 3.6837214134637004
498 3.843532639418974
499 3.655868988148345
500 3.6743264447582322
501 3.577777666776767
502 3.6296750912919378
503 3.508850274302294
504 3.5717171964828967
505 3.5105782784201076
506 3.7839094946318697
507 5.874979542354408
508 5.438003363031946
509 6.421742122707008
510 6.092755329441884
511 6.451333518505743
512 6.111144992740953
513 5.818887226296398
514 5.922811318155697
515 5.752510370499603
516 6.373710174793583
517 6.187326902567303
518 5.558425642636441
519 6.127493699048947
520 6.171038632084965
521 6.3709737239555695
522 6.177330485592474
523 6.066443998418356
524 6.102182766326247
525 6.04444193642588
526 6.076657296798233
527 6.085696479572206
528 6.193158213123942
529 8.559947070808148
530 8.517893257337432
531 8.538779253418719
532 7.7015111956652245
533 5.8478454263041515
534 5.967352573525108
535 5.828578396378506
536 6.17167137039785
537 5.9026227840187975
538 5.892534676876944
539 5.95951341409486
540 6.528782945648773
541 6.305628254507675
542 5.762865918306422
543 5.573265241028591
544 6.368099794728798
545 6.108037460193717
546 6.029350761878695
547 6.065306652387113
548 5.744083868535886
549 6.05859318582753
550 6.11087241812667
551 7.542019731406512
552 6.411923665569026
553 6.956372471174598
554 5.982977299910019
555 6.008171773858893
556 5.815774605528215
557 5.367876941821984
558 5.475519465033406
559 3.445200802994697
560 3.5459039789857005
561 3.738626876462305
562 3.693346975082043
563 3.5344966383356877
564 3.4824099132265274
565 3.3704947216480083
566 3.4547388398012213
567 3.538730210357931
568 3.4477858545873983
569 3.607123432022019
570 3.743062301467598
571 3.367663442232503
572 3.5511275577459323
573 3.751184496510089
574 3.45790939951458
575 3.768079895329719
576 3.49743554256203
577 3.6765381019393746
578 3.4019787904867194
579 3.5200623973443586
580 3.910004172433232
581 3.4267953989480997
582 3.4712570759479435
583 3.833375459847032
584 3.8711151449321264
585 3.7551356097654374
586 3.578733830144603
587 3.537582037551879
588 3.785351791648884
589 3.6096787777460353
590 3.7491260462332394
591 3.6254988523659395
592 3.787047647943347
593 3.9950549095574024
594 3.6828808754504583
595 3.934937689797059
596 3.4565183173869207
597 3.5096988223846792
598 3.545222663308987
599 3.8754571063723597
600 3.7948872677499903
601 3.6656152621704297
602 5.993608516412703
603 6.778020160099923
604 6.304283338738318
605 5.8200481122508405
606 5.609056163504095
607 6.078084409795547
608 6.119006067437951
609 5.46177553134554
610 6.13094667489381
611 5.83088573131935
612 5.878267795492065
613 5.141191534454947
614 6.724028671984434
615 5.932794204130553
616 6.66181833818748
617 6.177991509736232
618 6.462975715967791
619 6.199498347810881
620 6.428837316159845
621 5.70333577664491
622 6.050172796171658
623 6.491514999592665
624 6.057440786955295
625 5.903153001991179
626 6.3662253394990405
627 5.79660898584491
628 6.3001676255808405
629 6.4877563945446415
630 6.05146989002208
631 5.302225502705811
632 5.921870863553856
633 5.822073782726123
634 6.060249425783539
635 5.945470927495523
636 6.166522583377008
637 6.321364998459631
638 6.8087381868516585
639 6.435150049338137
640 6.149930409892574
641 6.168840376976985
642 6.283887625703315
643 6.682556968490507
644 6.799673831988174
645 7.709959634891887
646 5.778766209355952
647 6.523758234119716
648 6.464143853267747
649 7.803363641027252
650 6.73070142786179
651 7.6215701223158465
652 5.9793434063968185
653 6.667581578022021
654 6.086221656002344
655 6.948463479873813
656 7.829737900598032
657 6.344300560724407
658 6.080348371025384
659 6.4980156228850285
660 6.566512673795518
661 6.186910306004818
662 6.375838594555844
663 6.100201669071199
664 5.747108417461365
665 6.149551409442879
666 6.368754466109507
667 6.1702205140068145
668 6.321493482634892
669 5.534513299199795
670 6.222985462975877
671 6.844309208712598
672 6.187091272030799
673 6.678154078300119
674 6.038390721639898
675 6.4197942503355065
676 6.553684637574288
677 7.034601584049959
678 6.446343938841468
679 6.732599184169748
680 7.175678446978285
681 6.203453156424288
682 6.63956690330591
683 5.173184571878143
684 6.188041893737601
685 6.238254081394355
686 5.827364560288879
687 6.031263923975437
688 5.873150277680018
689 5.937917062763802
690 6.347375536876776
691 6.312057271906872
692 6.41354580341748
693 6.2167675235936
694 6.2366212155208345
695 5.959285400897525
696 5.3930171303356
697 5.643270023061624
698 6.110240173384186
699 6.035938530558929
700 6.075174827104608
701 6.552226624122222
702 6.124893908510659
703 6.581638544202741
704 6.015585172110529
705 6.4541224768687036
706 5.893120053570266
707 6.157083442516526
708 6.279163848835069
709 6.341183891285196
710 6.069832272365649
711 6.108468480065578
712 7.071164408665199
713 5.754434103238931
714 6.169627918549506
715 5.537419188886244
716 6.789674038682517
717 6.097019024768425
718 6.088156908752113
719 6.219365075524275
720 5.88073491233551
721 6.030852661249675
722 6.509523962871112
723 6.1279320569905655
724 6.847858811160669
725 6.196905039936813
726 6.006252191765922
727 5.988599246630912
728 6.250319002667018
729 6.156388832231957
730 6.062145972751761
731 7.6039920069604845
732 6.311685620189193
733 6.383412084253201
734 5.945920981392615
735 6.485951594214079
736 6.548013426816471
737 6.209783975595772
738 6.724125548909599
739 5.8300822594899175
740 6.127867675697963
741 6.647333823028089
742 5.894610838454452
743 6.54821376012743
744 5.441238670930551
745 6.089776693047675
746 5.823345580113487
747 5.895053049216289
748 6.549006592905957
749 5.713149283447558
750 5.470325364510695
751 6.052548556039876
752 6.108813957845733
753 6.247172078820263
754 6.150034784407044
755 7.257702774217517
756 6.2815686578886805
757 6.3856518701855505
758 6.11812230761636
759 5.928776906103499
760 6.660868731657895
761 6.506188816454498
762 6.113104733274695
763 6.515052497616723
764 6.088193492650116
765 7.189656627319688
766 6.190657460501557
767 6.049757798585212
768 6.567013060016307
769 5.991266613007189
770 6.68007218508927
771 6.622560048889211
772 6.17703797315802
773 6.549310374689237
774 7.975788458162425
775 6.3619800534609485
776 8.648903025740605
777 8.57238437610141
778 5.320014135592583
779 6.073769363777052
780 6.338720010120808
781 6.361797350737165
782 6.7578486021172015
783 5.742450343639823
784 6.42620404756601
785 6.354765422730932
786 6.5058154988496915
787 4.466727256659147
788 5.395313305578223
789 6.883861980894372
790 6.8317577352715935
791 8.043930799682734
792 9.1370496543916
793 8.605850502272475
794 6.632358139730452
795 6.235806719371026
796 6.41352807028682
797 6.729680180150667
798 5.629632575290261
799 6.702429388714211
800 4.3282725771213535
801 3.702337772747854
802 3.567753349538139
803 3.4643471014804095
804 3.5212415027986985
805 3.870596146844456
806 3.810109912619484
807 3.8526615411359755
808 3.4650306966368345
809 3.5056215675546745
810 3.4861954971715456
811 3.9210383915980227
812 3.632612884732102
813 3.625473014354101
814 3.72388323909689
815 3.5303953817487566
816 3.61837631128034
817 3.500486852838224
818 4.477654229063189
819 3.7904365846411534
820 3.5513550082055834
821 3.8029950058296444
822 3.7319393179538207
823 4.243869511593861
824 3.5842034293891074
825 3.775412091651767
826 3.668871646908446
827 3.4899479850578583
828 3.709700439362412
829 3.602439195983337
830 3.854745017387299
831 3.860757262232991
832 3.6753821503004387
833 3.24745511166095
834 3.7398921173626567
835 4.029571373635199
836 3.646165694449873
837 4.021722987149424
838 3.628210918300396
839 3.640221878038754
840 3.829181333139425
841 3.9131611067819083
842 3.413348568306346
843 3.685628592208948
844 3.6625457839563436
845 3.6088240488742582
846 3.7194556431171524
847 3.536977112753397
848 3.633487031071441
849 3.740717252963737
850 3.911484188681879
851 3.455971377179454
852 3.5246073815760792
853 3.7844643708416728
854 4.188154470940105
855 3.628742035619132
856 3.98889930308624
857 3.5294183673510826
858 3.8349408485738117
859 3.8649760421611625
860 3.4589605294188117
861 3.8068978513358562
862 3.6320692428719132
863 3.7475926730996907
864 3.6826096631922924
865 3.670673071769793
866 3.5337597659876887
867 4.130825605927561
868 3.89807104250647
869 3.509831308966451
870 3.6853863975545793
871 3.3780688170181588
872 3.498147661000067
873 3.7048577045583455
874 3.7569005915768825
875 3.5653993999560805
876 3.588424441599256
877 3.666103328177509
878 3.508020345671262
879 3.609043459672571
880 3.3906985582275975
881 3.7183192805885352
882 3.848855440373365
883 3.9866119428683917
884 3.903351334382702
885 3.719126242283424
886 3.865201067901404
887 3.6171194717833997
888 3.4223902847482397
889 3.660497027253151
890 3.555203117834774
891 3.84131059066845
892 3.7115853358268236
893 3.9424896075838882
894 3.7296824414032677
895 3.9111242106815878
896 3.7355375670838784
897 3.6457319200439104
898 3.729545297499359
899 3.520153215483159
900 3.4992091344989857
901 3.7663001388456663
902 3.601043053932659
903 3.7062937593873175
904 3.5289113709998876
905 3.5575354417674427
906 3.4420758719650184
907 3.8978953877010007
908 3.6139568980842154
909 3.4161062362489654
910 3.898008971997453
911 3.7768776987322186
912 3.64424052559363
913 3.681736543945554
914 3.9907993525409737
915 3.665181040209312
916 3.6287046296753753
917 3.448493496088922
918 3.437305640631871
919 3.454506181468839
920 4.073963656535557
921 3.9640908898166938
922 3.6175614513154026
923 3.2948021572632435
924 3.9257854339928167
925 3.86815423375744
926 3.5948769416444026
927 3.529586651026066
928 3.4681024756043173
929 3.61878111739659
930 3.5178659832793757
931 3.8118846071041865
932 3.8439352157866242
933 3.897742911860993
934 3.6976379360301506
935 3.517411342778338
936 3.6686380448445015
937 3.681557810230522
938 3.6474290048559035
939 3.680361609774718
940 3.635425739643707
941 3.4539490178535703
942 3.630903239993038
943 3.673936513263965
944 3.6749549810403774
945 4.076724477661678
946 3.412576859791386
947 3.8460801222537917
948 3.5122488754115393
949 3.7719825553207165
950 3.835976627863341
951 3.540823238901752
952 3.681784665336819
953 3.665765681847632
954 3.5217806841219503
955 3.8066776820472117
956 3.3546735168257364
957 3.5103356640296624
958 3.803905525438937
959 3.575456941677822
960 3.8091295613622225
961 3.5527821258956465
962 3.582364321357806
963 3.916555621403411
964 3.493465372405493
965 3.3715030467084937
966 3.8072892624655066
967 3.9236342018188775
968 3.49680673827615
969 3.6022936339860214
970 3.439676378251859
971 3.77203818181468
972 3.796294612156072
973 3.7453043245083966
974 3.9780979800894594
975 3.523786130260363
976 3.747898989923441
977 3.704178469910158
978 3.636872797084601
979 3.400634794203511
980 3.6579873153625546
981 3.953528709464635
982 3.64354207585234
983 3.6196464157861543
984 3.711962488468251
985 4.03258697164541
986 3.5443959553688145
987 3.821857622373527
988 3.7043373163105686
989 3.6883698137990417
990 3.865031198650648
991 3.7214923070291843
992 3.611999657993628
993 3.9239304622906843
994 3.787631227712654
995 3.55429290107832
996 3.5381594175668263
997 3.687095182885654
998 3.5712028340728628
999 3.5738106816742223
1000 3.909640434167189
1001 3.635165266338636
1002 3.5967521264042652
1003 3.622234350400534
1004 3.7751091727471136
1005 3.6651413559266226
1006 3.6308789360149456
1007 3.8417920833518644
1008 3.7219229064581625
1009 3.56162681232075
1010 3.6613567000647893
1011 3.821084699224408
1012 3.7806286543243917
1013 3.576512032049649
1014 3.687780571701286
1015 3.731134405742586
1016 3.586799388426517
1017 3.673491581776573
1018 3.4353277800606343
1019 3.641266499738456
1020 3.6196288000082735
1021 3.3711821826572126
1022 3.677148593190985
1023 3.4781218042850743
1024 3.713274451388395
1025 3.663904808263964
1026 3.5501661857385107
1027 3.548000657387653
1028 3.407398022142628
1029 3.335035393069088
1030 3.3706475843658055
1031 3.626267727665323
1032 3.6323157174295324
1033 3.6386052920934033
1034 3.6547984722005746
1035 3.7440571597365704
1036 3.6533553240548673
1037 3.604228781211479
1038 3.7229567948399946
1039 3.789979098493425
1040 3.881598907680097
1041 3.875136269212329
1042 3.280123969272454
1043 3.560860616497538
1044 3.6439708672714106
1045 3.8161397125511094
1046 3.34601017962607
1047 3.445012900406833
1048 3.6890375412406
1049 3.5980006186864353
1050 3.5134582934167455
1051 3.7440213146069286
1052 3.475581979406276
1053 3.556076970160786
1054 3.854420715328033
1055 3.575449126686046
1056 3.5904868313474463
1057 3.525788816450361
1058 3.7981328018399476
1059 3.442521758789844
1060 3.5847813083952076
1061 3.7037008150378914
1062 3.7533965492659593
1063 3.1767884190081257
1064 3.688184722878221
1065 3.804742176073942
1066 3.4517449543639147
1067 3.655375453474504
1068 3.837789714919164
1069 3.7198922586194203
1070 3.782733520983962
1071 3.699159158160594
1072 3.7252691620467586
1073 3.5165391272862045
1074 3.821776834053821
1075 3.5673178239598187
1076 3.8335501083157904
1077 3.76039039673543
1078 3.8764043218323585
1079 3.705048330551934
1080 3.881457329229113
1081 3.658466964548985
1082 3.4839219759809334
1083 3.716099118058708
1084 3.483244935229295
1085 3.792904425533102
1086 3.5520528871540216
1087 3.75109399493247
1088 6.106483467650032
1089 5.5847848619039535
1090 5.063312274332339
1091 5.189312701613668
1092 5.938349427567527
1093 5.736820324059682
1094 6.405215016660614
1095 6.300030786955186
1096 6.3273860013928855
1097 6.61600663766886
1098 5.357490266618975
1099 5.7173278425168474
1100 5.743585408124424
1101 6.403306713441299
1102 6.097879814360152
1103 5.570165887796429
1104 5.589421956081604
1105 6.37354620921419
1106 6.288126461513876
1107 5.5081332359201705
1108 6.355711476098109
1109 5.3623800824034875
1110 5.6503356137353125
1111 6.073244819428126
1112 5.83301214223702
1113 5.996155078040503
1114 4.615971417190235
1115 6.477197828535293
1116 7.182492103074963
1117 6.358462008481916
1118 7.197675087197607
1119 6.1549111300193085
1120 6.185810591850306
1121 5.7905521761541845
1122 6.360205953681231
1123 5.671173394106522
1124 5.394294388580946
1125 5.124875481472525
1126 5.368085626495449
1127 5.2708465137936376
1128 5.496420059679725
1129 6.783507130836152
1130 6.270041487804115
1131 5.663035717508645
1132 6.2732530157760085
1133 6.680602595764643
1134 5.957328362922926
1135 6.216942140399237
1136 7.071299533876409
1137 5.776617477762062
1138 5.706017576274896
1139 5.0715074740454025
1140 5.781451806920538
1141 7.153994827599793
1142 6.213929595312343
1143 6.4277357059654125
1144 5.77654110124749
1145 6.169960405463091
1146 6.083034000391935
1147 6.247446009530962
1148 6.419416741327307
1149 5.831489132246343
1150 5.273749681406955
1151 5.821187110961597
1152 5.570487191012108
1153 5.92698650590164
1154 5.821821219945086
1155 4.811951774476533
1156 7.49180395743027
1157 6.136051627882273
1158 7.71774457519257
1159 6.889676430424298
1160 6.895694837273895
1161 6.530345323109134
1162 7.454209015308084
1163 7.953390756216489
1164 5.9216105079217956
1165 5.475688662046106
1166 5.253010154822355
1167 5.277546066367996
1168 5.482517368851296
1169 6.0664751790183
1170 5.387987825991881
1171 5.73383516571776
1172 5.528536266039539
1173 5.282058810350104
1174 5.749274938867587
1175 5.769397644213649
1176 4.769258899817311
1177 5.533689800313479
1178 6.3195410904643445
1179 7.623710466417002
1180 6.117759304953806
1181 5.744191518525019
1182 5.119083993273215
1183 5.737215441351224
1184 5.957097821378885
1185 6.170097874737506
1186 5.013850924516154
1187 4.674133697271671
1188 5.629513941160248
1189 5.286331898117581
1190 6.119936821078277
1191 5.619093566602416
1192 6.166088979891193
1193 6.753059338946863
1194 5.82150978356815
1195 6.141497988667066
1196 5.9794496028144675
1197 5.035412184214734
1198 6.197513696781834
1199 5.572462490803464
1200 5.699455538649747
1201 5.568094753273108
1202 6.456080877439285
1203 6.072716145168625
1204 6.1244624013433775
1205 5.441600429880183
1206 5.783823413690729
1207 5.15043540917075
1208 5.219971632627447
1209 5.373220432024954
1210 5.3876929178569775
1211 6.436697692333379
1212 5.414136408499381
1213 5.419754679509815
1214 5.431272429402365
1215 6.140960430591324
1216 4.575992221949154
1217 5.899091789107019
1218 5.911025224822978
1219 5.657595098787589
1220 5.782576042356042
1221 5.490176585730562
1222 6.27622300542814
1223 5.9357349781259945
1224 5.669013874109057
1225 5.691271154917745
1226 5.9434359043368215
1227 5.653456931564696
1228 6.88268819545885
1229 5.636555246573542
1230 5.320846692808686
1231 5.779362924668089
1232 5.488459524826978
1233 5.671017002418292
1234 6.003370606231679
1235 5.977575964197701
1236 5.680737810360874
1237 6.416549952051076
1238 6.22061638864178
1239 5.814580732865869
1240 6.341746106542485
1241 5.684436101214916
1242 6.2817210838122515
1243 6.778867278371902
1244 5.645192279151225
1245 6.494646186480202
1246 6.24274836562018
1247 6.032350428945398
1248 6.409275019261544
1249 5.939659918499889
1250 6.1936143791685225
1251 6.5021580367438085
1252 6.21100108934211
1253 6.239569550435585
1254 6.527809336763265
1255 5.383708001120798
1256 5.762812610774689
1257 5.796013077629678
1258 5.423168811981023
1259 7.889420072821788
1260 5.693628850043909
1261 6.629278977838829
1262 5.8450332523962665
1263 5.862458904115238
1264 5.164042588179514
1265 5.089678105975096
1266 4.805421340280089
1267 5.853692048391467
1268 5.88431673982436
1269 4.839057814195789
1270 5.881556666294225
1271 6.429704594475857
1272 5.894940495186644
1273 6.924079419275898
1274 6.2017636330908354
1275 6.218580715086095
1276 5.305540273213541
1277 5.984264712456603
1278 6.091020460035868
1279 5.999903766615305
1280 6.297539595735647
1281 5.7553360313252595
1282 5.976425293239236
1283 6.101514672034871
1284 5.874136185519472
1285 6.32882705184521
1286 5.059511592350602
1287 5.7362321007003185
1288 6.318611911973962
1289 6.273275156561217
1290 5.219673989170102
1291 5.650674800543068
1292 5.952958581004817
1293 6.108106511697662
1294 5.903678989825429
1295 5.815923548703821
1296 5.723545235898972
1297 6.467885524833602
1298 6.188427729783917
1299 6.178152988701586
1300 5.201526315717167
1301 6.012780587046175
1302 6.463229892849562
1303 7.0343122561245135
1304 5.3046086610576015
1305 5.752209000313224
1306 6.071686391447976
1307 5.248923604803108
1308 4.734520798168359
1309 5.785200843932499
1310 5.056662487043414
1311 5.962023923995368
1312 6.256177199975716
1313 6.451166056643053
1314 6.401470146824045
1315 5.756023660714131
1316 5.509370343594126
1317 5.79865788563413
1318 5.203283018810777
1319 5.302535422972374
1320 5.623538043571821
1321 6.282317434813455
1322 6.371254859920006
1323 5.694683682297151
1324 5.667327247736878
1325 6.2486573495120155
1326 5.21803205370303
1327 6.236626097933093
1328 4.497096665518806
1329 5.295355475618004
1330 5.372677527769133
1331 5.670463855229683
1332 6.175541079050614
1333 6.271709991032673
1334 6.541015111581262
1335 5.786977290548603
1336 5.908544002404244
1337 5.562665279816301
1338 4.857573830364175
1339 5.597906520095783
1340 6.818602808694491
1341 6.412495776047313
1342 6.370640738444053
1343 5.497557806528589
1344 6.158379595745861
1345 6.470494225557371
1346 6.013513832054767
1347 5.4325594216778645
1348 6.000986022951617
1349 5.026654135448094
1350 3.4195760209601556
1351 3.5884276046150543
1352 3.845119064054065
1353 3.6940842195137855
1354 3.2358496892335076
1355 3.4401528150188634
1356 3.507454438296799
1357 3.299396353129375
1358 3.3617426721602715
1359 3.712130171449204
1360 3.6568498239175025
1361 3.5386667031387313
1362 3.599399956334115
1363 3.441178464421737
1364 3.698892975294518
1365 3.681671008221565
1366 3.5713468939785
1367 5.301914016196279
1368 5.529883099895738
1369 5.369807271177985
1370 6.1430755339684735
1371 6.378335503991142
1372 6.267693363697243
1373 7.039074999004723
1374 6.24033042891669
1375 5.761800355763905
1376 5.978340059600261
1377 6.315307737183287
1378 5.849478700011739
1379 4.927851975634312
1380 5.598170476225432
1381 4.788346081951266
1382 5.629937716010393
1383 5.785126794464101
1384 5.785156196761882
1385 4.296709801719361
1386 6.143630553934166
1387 5.8115735171639376
1388 6.084039218526681
1389 6.202104924783579
1390 5.800479291454724
1391 6.275844646559619
1392 6.084485994863042
1393 6.081499465792843
1394 6.143413100198739
1395 6.747809499019382
1396 5.760303925545612
1397 6.222408562943832
1398 5.539873220853724
1399 5.710950700330389
1400 6.406011088075929
1401 5.957379401324207
1402 5.248737906978888
1403 5.034434176936127
1404 6.023561208273029
1405 5.97495671551726
1406 5.363966972652081
1407 5.452031440026471
1408 5.895708157707624
1409 6.6045162560169794
1410 5.640326367275656
1411 5.337759330215681
1412 5.774174869831637
1413 6.319385073284435
1414 6.396394218429457
1415 5.455217141026823
1416 5.62866641136487
1417 5.117600784588255
1418 6.389077882121501
1419 6.255621752274933
1420 5.249719406827779
1421 5.635833138276812
1422 5.6802099825371375
1423 6.476114034950593
1424 6.125673904839573
1425 5.77963264682972
1426 6.7082589071059635
1427 8.171121178158858
1428 6.439997677739151
1429 6.770134331475505
1430 5.84778214247708
1431 5.955173004308676
1432 5.777117434865238
1433 6.168296053014495
1434 6.230749025467431
1435 6.06623146744861
1436 6.0178933656072475
1437 5.108964192591715
1438 5.594773165086749
1439 6.2168285934147205
1440 5.777834225840533
1441 5.923474553707881
1442 6.315623701580365
1443 6.633515466567465
1444 6.836762868727146
1445 5.87461779920156
1446 6.028724760749646
1447 5.924190491826688
1448 5.935484656412543
1449 6.258017946417167
1450 6.544804720729681
1451 6.413083669350846
1452 5.888600774064561
1453 6.449568912592695
1454 6.207520079896203
1455 5.950141020849788
1456 6.063533350115419
1457 5.492379661282643
1458 6.420128083082058
1459 6.420749419492343
1460 5.975018771539815
1461 6.093095368727199
1462 6.105923665282771
1463 6.065024589977438
1464 6.640603182584532
1465 5.546569841747456
1466 6.137815430399498
1467 6.535765147880186
1468 7.495306505739311
1469 6.821341618655599
1470 6.427247448484023
1471 5.898267123785025
1472 6.201949390604001
1473 6.456042902598926
1474 5.982957893231168
1475 6.229676814758301
1476 5.386140296692361
1477 5.725013873243758
1478 5.980096512800808
1479 5.855894000606753
1480 5.7269302307412575
1481 5.946155565805187
1482 6.392202463324511
1483 6.356022814693683
1484 7.024391481897218
1485 6.319876035057622
1486 5.951062421585841
1487 5.669095376997054
1488 5.938327520301934
1489 5.5834771324476815
1490 4.808664566523514
1491 5.7237722720888415
1492 5.9878024141751105
1493 5.739027392391689
1494 5.573574245350273
1495 6.18240301256432
1496 5.472379474352337
1497 5.377840752452666
1498 6.077525524789367
1499 5.372086841946055
1500 5.458920602134787
1501 5.169543440784151
1502 5.901155618997653
1503 6.079221124156438
1504 6.292312399521313
1505 5.625930667009788
1506 5.569334626572035
1507 6.1920318021989145
1508 5.299081239148334
1509 5.5015453094279
1510 6.092624369224093
1511 5.6171017574966875
1512 5.319945259993717
1513 6.4354242169307305
1514 5.2443921186704054
1515 5.58053909315865
1516 6.205099549304532
1517 5.710949789767964
1518 6.32040377793813
1519 6.099913880078108
1520 6.411533944715268
1521 5.503431651133041
1522 5.841688658067884
1523 6.294849752746419
1524 5.772707614309522
1525 5.2677115214236165
1526 5.46328341841031
1527 5.452784032210312
1528 5.097866871480691
1529 5.593662544637092
1530 5.279958626166848
1531 4.966573352390308
1532 5.836747976209967
1533 5.253331377523792
1534 4.710280915275793
1535 6.440211083006032
1536 6.879172577784157
1537 6.701570248792512
1538 6.183262877745746
1539 6.112229764164156
1540 5.573128543254491
1541 5.809996549862059
1542 6.089890520961698
1543 5.856436340193951
1544 5.74636968071963
1545 5.802073826193089
1546 5.973794264129482
1547 5.96603456163055
1548 6.698521048205498
1549 6.232575764590925
1550 6.171767496051884
1551 6.0356319873997695
1552 6.185863188532776
1553 5.468572643053679
1554 6.026395007121975
1555 5.749723791835092
1556 6.201112704907093
1557 5.5952627447744
1558 5.826231629272621
1559 5.666892819898337
1560 5.571891138125939
1561 5.569099590187242
1562 6.617112170103521
1563 5.434387978319965
1564 6.172336189733502
1565 6.727905705074382
1566 5.554402245693928
1567 5.1972229056699355
1568 5.998674020210294
1569 5.0449096617832465
1570 5.268924160372932
1571 6.195079342890685
1572 5.214762048889403
1573 6.12514392245282
1574 5.669467008239468
1575 5.1466814472788025
1576 6.174119409243667
1577 5.540418805256189
1578 5.459092512535489
1579 5.901072749971276
1580 5.881016592199879
1581 5.6588330011933285
1582 6.623560068775985
1583 5.663087075029589
1584 6.503043304843536
1585 6.282036816277315
1586 5.94850343064101
1587 5.632313974102944
1588 5.575780604958527
1589 6.054867616800537
1590 6.102052914988417
1591 6.5247048063315045
1592 5.951761235264893
1593 6.426397285702568
1594 5.974258912616032
1595 5.969483963144187
1596 5.378011424072353
1597 6.284664383311496
1598 6.430136440729053
1599 4.552182052615243
1600 6.472217326587505
1601 6.144058545208395
1602 5.715587390370691
1603 5.967552695634069
1604 5.836591511007407
1605 5.761314428534738
1606 5.707586121792251
1607 5.932975860139704
1608 7.263550748604397
1609 6.257094740378052
1610 6.166505513632246
1611 6.164260017721187
1612 6.746005301167981
1613 5.944045155380755
1614 5.899851718334885
1615 5.560640055479708
1616 6.3646306464538505
1617 5.726697880216234
1618 5.964643093738038
1619 3.82993555297775
1620 4.031784722528249
1621 3.364330095360841
1622 3.8372083849602956
1623 3.706153889601284
1624 3.6806609646557242
1625 3.436458108166393
1626 3.6766783776035603
1627 3.6957658842235364
1628 3.3865766461071605
1629 3.808477601470457
1630 3.3855393373234675
1631 3.7936205276909067
1632 3.449878798180456
1633 3.536472280234868
1634 3.6448728147266234
1635 3.3864177799399373
1636 4.010669866370369
1637 3.5478614948258924
1638 3.8495443907994313
1639 3.683743267939856
1640 3.6496010283995366
1641 3.6201510587075405
1642 3.8669897386426566
1643 3.5157472833230496
1644 3.622068573377116
1645 3.6586441581726463
1646 3.7938613469690514
1647 3.7436020243325303
1648 3.539539349268937
1649 3.592023411392387
1650 3.5117157937963097
1651 3.56402251453498
1652 3.800180642139305
1653 3.7802858022930774
1654 3.720671431937302
1655 3.5499136258551736
1656 3.7011164168051742
1657 3.6070954781088496
1658 3.614038718500738
1659 3.8196131170129717
1660 3.5772833414348018
1661 3.393204277691013
1662 3.955863247393981
1663 3.254351789518242
1664 3.6086749254271178
1665 3.5233668950573644
1666 3.621180980043623
1667 3.8836719594892175
1668 3.488261863427995
1669 3.581147380452262
1670 3.95754603745228
1671 3.658821155980598
1672 3.974889226528609
1673 3.629500662869829
1674 3.4526502654470907
1675 3.531241377464105
1676 3.738640281762623
1677 3.652330136435934
1678 3.401074719859405
1679 3.7656547932732134
1680 3.6385581302995114
1681 3.806756142369693
1682 3.7125942474123965
1683 3.798764117864178
1684 3.721257209135077
1685 3.697721781426237
1686 3.916275075097936
1687 3.76245646196314
1688 3.8180892843649223
1689 3.6371998166833808
1690 4.156629491655652
1691 3.836567271526972
1692 3.72501196383971
1693 3.872625954596841
1694 3.5793907229594124
1695 3.4298896766570386
1696 3.4066542228300127
1697 3.481652266815246
1698 3.6336689186025333
1699 3.7071247445390196
1700 3.816858246288621
1701 3.869854917351477
1702 3.8914919227885085
1703 3.870665080679205
1704 3.5871558307365503
1705 3.445932628068874
1706 4.079227376583446
1707 3.7695490030385392
1708 3.7546182759896576
1709 3.41472465823743
1710 3.8178139025428024
1711 3.551952920621702
1712 3.516126963908029
1713 3.591551972231449
1714 3.6784737654488606
1715 3.6283778676194274
1716 3.4303858999360397
1717 3.9101289763577722
1718 3.854171037340714
1719 3.725987419150495
1720 3.668517131409926
1721 3.6632649364628964
1722 3.7341164140327057
1723 3.5281273585035353
1724 3.6375141833641
1725 3.7187188378411564
1726 3.6478588801307983
1727 3.3863957342443127
1728 3.689746645515585
1729 3.613250451354392
1730 3.4857361381003553
1731 3.8425302970496626
1732 3.4745218310825816
1733 3.6754390590363553
1734 3.4978709525740705
1735 3.7436921798650538
1736 3.5658326615077542
1737 3.521861883486513
1738 3.626088402121578
1739 3.5799353995935146
1740 3.473740960184787
1741 3.60344083773261
1742 3.575925412763038
1743 3.3979062654446195
1744 3.498980073280429
1745 3.7320744868175812
1746 3.7419674063617596
1747 3.9871691070907755
1748 3.517521870048935
1749 3.5983845427964325
1750 3.6582573667135185
1751 3.465575041309964
1752 3.7203086333092914
1753 3.4162076608206076
1754 3.596095861727192
1755 3.8319703130588443
1756 3.4984267199741783
1757 3.606140461013664
1758 3.618635214990707
1759 3.589729363373743
1760 3.9138717833351384
1761 3.7627105456269754
1762 3.5729485210760052
1763 3.6445221663143896
1764 3.9686172747644295
1765 3.7688147561837253
1766 3.781268781273126
1767 3.3784042706576782
1768 3.587604124454855
1769 3.7002066629070627
1770 3.701240008149323
1771 3.7479921954512974
1772 3.8985104432072344
1773 3.752474046795303
1774 3.5876208513300893
1775 3.6591797754231754
1776 3.7432891226446254
1777 3.52459939647935
1778 3.8084514039995785
1779 3.465940054554516
1780 3.653412632452409
1781 3.7295203844584606
1782 3.391314295692003
1783 3.451682400841401
1784 3.3164525937462637
1785 3.6185338241860014
1786 3.5610755587541063
1787 4.134151271408345
1788 3.7937408266985826
1789 3.5500626793314733
1790 3.790104407560791
1791 3.577368347976441
1792 3.686826607803528
1793 3.749619223869807
1794 3.4988740714193787
1795 3.656376262295456
1796 3.686786975259807
1797 3.7658367423936787
1798 3.6360472927475835
1799 3.3506341527573156
1800 3.530041681542161
1801 3.592287623731317
1802 3.6063131806126436
1803 3.7444491064864147
1804 3.69405041845105
1805 3.6348177616852375
1806 3.6542955413117637
1807 3.492562990366835
1808 3.442575824657862
1809 3.5851774004773773
1810 3.8117998079878603
1811 4.689131918590259
1812 6.0464249870524895
1813 5.253579968550358
1814 5.548407476898041
1815 5.812558382135294
1816 5.414096993820068
1817 5.887141929916936
1818 5.802847522811846
1819 5.462197510658971
1820 5.969889299887626
1821 5.710317783497425
1822 6.609569430931493
1823 6.1387222272922495
1824 6.024719819694709
1825 6.102997544951118
1826 6.365540644165039
1827 6.225550413239597
1828 6.255259773979551
1829 5.846957723085532
1830 6.550515296711731
1831 6.069833353341506
1832 5.193920329752503
1833 5.968523644851251
1834 6.274532304198928
1835 6.439205963783511
1836 5.885412955593789
1837 5.635030544073917
1838 6.11377656876533
1839 6.291582839720191
1840 8.07878709740466
1841 7.6316956424636775
1842 6.149837079743953
1843 6.247840707452511
1844 5.885585637329214
1845 5.036368124645345
1846 4.699484535221905
1847 5.295620043500609
1848 5.64289761360881
1849 5.5644763319097725
1850 5.272300076436344
1851 5.786071655107923
1852 4.68561187040377
1853 5.3525695754636144
1854 5.884836009998689
1855 5.109069687236036
1856 5.407282306047116
1857 5.536158757311073
1858 5.2741267770046925
1859 6.192449671437761
1860 6.174342888173947
1861 6.744750658163577
1862 7.748910709335408
1863 7.26969381242047
1864 5.184067324623837
1865 6.199607418444393
1866 5.581805077221916
1867 6.346653395880543
1868 7.221530365662335
1869 7.697314391575426
1870 8.261559100922842
1871 5.2505516454559285
1872 5.881289817553636
1873 6.480293633986182
1874 6.024422674520386
1875 5.554275788720154
1876 5.84760347765904
1877 6.32677612741278
1878 8.210819135911427
1879 7.3313553052997715
1880 7.457819883342582
1881 7.115579783734107
1882 5.579813275892784
1883 5.432414155138687
1884 5.507735440172165
1885 5.656484247491923
1886 5.726021300373438
1887 7.73943164619021
1888 6.153575860411388
1889 7.9416922525794424
1890 7.707256459416372
1891 7.3540194924269375
1892 7.426048656032425
1893 5.848216862597132
1894 5.320054871625673
1895 7.073618405647432
1896 7.151261332878968
1897 5.822108839007208
1898 6.1059033658064035
1899 5.644668049286889
1900 5.831869672280454
1901 6.28191382425306
1902 5.816156722811981
1903 5.429897715821081
1904 5.634769783260669
1905 7.066596003805007
1906 5.720440452021618
1907 5.931730616986454
1908 5.911779377248391
1909 5.943941225497972
1910 5.739532035759556
1911 5.20905304431255
1912 5.894980674823853
1913 5.787020233233423
1914 5.517294635437226
1915 5.202974292429364
1916 5.371646434914299
1917 4.308688133618369
1918 5.4596704629788
1919 5.81725639247753
1920 6.031247702548275
1921 5.64445796102951
1922 5.38024666431257
1923 5.242339012516023
1924 5.447320155406114
1925 5.543742817883458
1926 5.3152865120988615
1927 5.960645605916675
1928 5.462964443442363
1929 5.317589441470588
1930 5.607859237240238
1931 5.223400091819716
1932 5.793238667204432
1933 5.463744010763373
1934 5.238232911366747
1935 5.8513186416103675
1936 5.0860811952296405
1937 5.90380368198153
1938 5.63628639307619
1939 5.59125104128087
1940 5.5879913697478045
1941 5.407009768773134
1942 4.694932667928381
1943 4.7570881604511115
1944 5.341509135256567
1945 6.217797905323388
1946 5.18192797501111
1947 5.0121958275412455
1948 5.214673444381236
1949 4.9903476814067425
1950 5.020855168018557
1951 4.9410182166422345
1952 5.019075818177989
1953 5.216016992007745
1954 4.765546998697353
1955 4.930809985716696
1956 5.234589390760852
1957 5.112122287864966
1958 5.157999717023986
1959 4.469952668382368
1960 5.051742903105148
1961 6.291189415505402
1962 6.312702658022426
1963 5.490119035042499
1964 5.851007319674396
1965 5.916470594152454
1966 5.746815353469722
1967 5.6747808231109325
1968 5.706798889606029
1969 5.214290234505172
1970 5.114229704096668
1971 5.804793845638583
1972 5.867265300163431
1973 5.967538427378145
1974 6.189765497774118
1975 6.877300229002235
1976 7.499243413297701
1977 5.086617383016516
1978 5.181682144155131
1979 5.928360823543729
1980 5.319818701366386
1981 5.393997706020736
1982 6.346768751371041
1983 5.590971138858632
1984 5.317226560238877
1985 5.341229694013555
1986 5.254757234807816
1987 5.4724167080356345
1988 5.147464859431797
1989 6.239739224859998
1990 7.425995420681859
1991 7.190163861463897
1992 5.3075374128800945
1993 5.754228583159203
1994 5.784748041469923
1995 5.01056236446213
1996 5.206574713729895
1997 6.0094314245808995
1998 7.686361612842721
1999 7.110942982344157
2000 7.840077868204975
2001 7.643634714274446
2002 6.906081198979917
2003 5.77587978578443
2004 5.878445056480554
2005 5.886582096657309
2006 5.239371023344918
2007 5.910183311200728
2008 6.375395220154751
2009 5.959980326743873
2010 6.020997374553519
2011 5.80513030674989
2012 5.456251028062265
2013 6.083956070752813
2014 6.4529483337074165
2015 6.2245776094783025
2016 6.024818371941326
2017 5.457788640629353
2018 5.567903029206338
2019 6.257845395192062
2020 5.7947853610851885
2021 5.426586165603606
2022 5.788936032808185
2023 5.595926797244961
2024 5.080374118828881
2025 5.834740184397727
2026 5.6573474790633504
2027 6.220459663542672
2028 5.575972330386696
2029 5.652651678735799
2030 5.258132198972964
2031 5.407972806425869
2032 6.164355808112869
2033 5.607286913874009
2034 5.550519423675245
2035 5.7802908749476
2036 5.40169926242045
2037 6.437758325419044
2038 7.004904552243578
2039 6.437268842191188
2040 7.472379028467108
2041 7.49150202459957
2042 7.5808063259955345
2043 9.074856607040529
2044 7.421421048209346
2045 7.1666074102357955
2046 7.0347859354834155
2047 6.35038422798309
2048 5.743071492097125
2049 5.943050414550184
2050 5.621667663158478
2051 5.456154329595131
2052 5.777381613240965
2053 5.376997430554101
2054 5.790736962207858
2055 5.616548676781803
2056 5.474571165240651
2057 5.451990333375223
2058 5.185036864437081
2059 5.493246642533601
2060 6.047062681920311
2061 6.652987123658964
2062 7.417685780696446
2063 6.922270169358835
2064 5.719152044114108
2065 6.972890025939614
2066 9.225298688042745
2067 7.59210453680654
2068 5.6901629190408025
2069 6.106048283526131
2070 5.881989163900257
2071 6.501667591702737
2072 4.984713291146494
2073 5.222525951452841
2074 5.829587980533251
2075 5.605149754107087
2076 7.918246968560821
2077 6.96927250626771
2078 5.3152825444690786
2079 5.626307266096207
2080 6.017403644033327
2081 5.409243647631859
2082 5.508227143996588
2083 5.130772119428584
2084 5.475625041979328
2085 5.529751246435765
2086 7.00262337564367
2087 6.700492225711969
2088 9.106196870567215
2089 6.726109239843363
2090 7.431024486780974
2091 7.536414458368123
2092 6.422373237085031
2093 5.11612374346128
2094 5.39396342454101
2095 5.389459815549925
2096 5.4257345724567685
2097 7.330793200992493
2098 5.325871617600125
2099 5.330502292869407
2100 5.158570863274076
2101 5.406431362197154
2102 5.664438224545758
2103 7.896276368630175
2104 6.448816577602635
2105 7.891198951791374
2106 6.992854685451292
2107 5.5998971340960875
2108 5.812641168169604
2109 5.872742328738476
2110 5.516712631098218
2111 6.181878542527017
2112 5.682745848918798
2113 5.713936761818094
2114 5.809320454953494
2115 5.391798231712729
2116 6.428605222691835
2117 5.414933743557716
2118 5.401345661852281
2119 5.34812289551514
2120 5.3924841680514115
2121 5.213153969874504
2122 5.586557861129362
2123 5.002672614249787
2124 7.713946324101682
2125 8.101470977727057
2126 5.965925521865165
2127 5.723225093011042
2128 7.131912932563249
2129 5.785215717200314
2130 6.697728442271863
2131 7.9982154002817705
2132 6.06206790066305
2133 5.8039889046716775
2134 7.032624027390129
2135 6.933070232326405
2136 7.673502026767473
2137 5.703872139171448
2138 7.39700793723384
2139 7.154674354111369
2140 5.84916798905364
2141 5.966305047757717
2142 6.284065664221404
