Residue	RMSF
1  	  2.805039167404175
2  	  2.045856475830078
3  	  1.4070872068405151
4  	  1.338271141052246
5  	  0.8662035465240479
6  	  0.6065823435783386
7  	  0.45757368206977844
8  	  0.49054279923439026
9  	  0.48335862159729004
10  	  0.4276738166809082
11  	  0.528805136680603
12  	  0.4925295114517212
13  	  0.4712412655353546
14  	  0.44933223724365234
15  	  0.5365308523178101
16  	  1.0303698778152466
17  	  0.6107933521270752
18  	  0.5171450972557068
19  	  0.5005423426628113
20  	  0.5230686068534851
21  	  0.4668779969215393
22  	  0.37885111570358276
23  	  0.424949049949646
24  	  0.4522014558315277
25  	  0.3822966516017914
26  	  0.3682495057582855
27  	  0.4438464343547821
28  	  0.45393893122673035
29  	  0.4331650733947754
30  	  0.41388562321662903
31  	  0.4790622591972351
32  	  0.45802491903305054
33  	  0.425891637802124
34  	  0.4704211950302124
35  	  0.9498303532600403
36  	  0.6496641039848328
37  	  0.6831483244895935
38  	  0.5311557650566101
39  	  0.48489293456077576
40  	  0.5271304249763489
41  	  0.7039088010787964
42  	  0.6668315529823303
43  	  0.4851691722869873
44  	  0.4441400170326233
45  	  0.39286524057388306
46  	  0.3836511969566345
47  	  0.4320703446865082
48  	  0.5116935968399048
49  	  0.7178988456726074
50  	  0.8951417803764343
51  	  0.9094321131706238
52  	  0.612601101398468
53  	  0.657633900642395
54  	  0.5814124345779419
55  	  0.6035809516906738
56  	  0.5227385759353638
57  	  0.3703669309616089
58  	  0.33065107464790344
59  	  0.33990541100502014
60  	  0.33860212564468384
61  	  0.35600733757019043
62  	  0.38186702132225037
63  	  0.4099230468273163
64  	  0.5677374005317688
65  	  0.5382267832756042
66  	  0.6609876751899719
67  	  0.8754966259002686
68  	  0.9892446994781494
69  	  0.7948986291885376
70  	  0.5620601177215576
71  	  0.4299098551273346
72  	  0.35317328572273254
73  	  0.3429732024669647
74  	  0.32893821597099304
75  	  0.348628431558609
76  	  0.3468824028968811
77  	  0.37239405512809753
78  	  0.42162492871284485
79  	  0.4292050302028656
80  	  0.3607742488384247
81  	  0.3489592671394348
82  	  0.373129278421402
83  	  0.3787856996059418
84  	  0.42496755719184875
85  	  0.35176795721054077
86  	  0.3894248902797699
87  	  0.486680805683136
88  	  0.741656482219696
89  	  0.7326436042785645
90  	  0.4817964434623718
91  	  0.41784051060676575
92  	  0.376537024974823
93  	  0.38333702087402344
94  	  0.3828376531600952
95  	  0.4375876188278198
96  	  0.5435517430305481
97  	  0.7036035656929016
98  	  0.6898003816604614
99  	  0.7513535022735596
100  	  0.785807728767395
101  	  0.5888810157775879
102  	  0.5552695989608765
103  	  0.6567007303237915
104  	  0.6154079437255859
105  	  0.5513483285903931
106  	  0.7827782034873962
107  	  1.0035932064056396
108  	  0.6262819766998291
109  	  0.6454615592956543
110  	  0.7887003421783447
111  	  0.741577684879303
112  	  0.5805457234382629
113  	  0.6255857944488525
114  	  0.7103658318519592
115  	  0.5772690176963806
116  	  0.4568958580493927
117  	  0.4793442487716675
118  	  0.48528218269348145
119  	  0.61390620470047
120  	  0.5194159746170044
121  	  0.5073219537734985
122  	  0.5730788707733154
123  	  0.5374711155891418
124  	  0.44421276450157166
125  	  0.5065568685531616
126  	  0.47741907835006714
127  	  0.4199718236923218
128  	  0.43060559034347534
129  	  0.5414489507675171
130  	  0.5142473578453064
131  	  0.515809178352356
132  	  0.6752061247825623
133  	  0.7417593598365784
134  	  0.5457925796508789
135  	  0.49898189306259155
136  	  0.6389838457107544
137  	  0.6313580274581909
138  	  0.45982956886291504
139  	  0.3649574816226959
140  	  0.36674603819847107
141  	  0.4275799095630646
142  	  0.4080013632774353
143  	  0.4457381069660187
144  	  0.3984360694885254
145  	  0.35713014006614685
146  	  0.36183443665504456
147  	  0.3732181489467621
148  	  0.3918345868587494
149  	  0.4004068374633789
150  	  0.4300576150417328
151  	  0.4166621267795563
152  	  0.4159040153026581
153  	  0.4801270663738251
154  	  0.5322065353393555
155  	  0.5280711054801941
156  	  0.6052237153053284
157  	  0.6369392275810242
158  	  0.718811571598053
159  	  0.6366726160049438
160  	  0.6332350373268127
161  	  0.7885769605636597
162  	  0.5668031573295593
163  	  0.512066125869751
164  	  0.5023598074913025
165  	  0.43382391333580017
166  	  0.39763250946998596
167  	  0.4076990485191345
168  	  0.3500041961669922
169  	  0.3549652397632599
170  	  0.3859120011329651
171  	  0.36306554079055786
172  	  0.4552055597305298
173  	  0.5199573636054993
174  	  0.4355330765247345
175  	  0.40200966596603394
176  	  0.39573290944099426
177  	  0.3707527220249176
178  	  0.3677019476890564
179  	  0.37589895725250244
180  	  0.35871830582618713
181  	  0.331558495759964
182  	  0.35137033462524414
183  	  0.42920997738838196
184  	  0.42900359630584717
185  	  0.3851257562637329
186  	  0.37893810868263245
187  	  0.4002479016780853
188  	  0.38610193133354187
189  	  0.36969396471977234
190  	  0.3875158727169037
191  	  0.43579649925231934
192  	  0.42305824160575867
193  	  0.47982245683670044
194  	  0.5558754205703735
195  	  0.617922306060791
196  	  0.5872250199317932
197  	  0.45195630192756653
198  	  0.4157845973968506
199  	  0.4537698030471802
200  	  0.4857512414455414
201  	  0.49948570132255554
202  	  0.49881279468536377
203  	  0.5395914316177368
204  	  0.4608042240142822
205  	  0.42478787899017334
206  	  0.5038336515426636
207  	  0.4214811325073242
208  	  0.396416574716568
209  	  0.41230037808418274
210  	  0.5207179188728333
211  	  0.47744476795196533
212  	  0.40829816460609436
213  	  0.5002524852752686
214  	  0.4741974472999573
215  	  0.40708237886428833
216  	  0.41856324672698975
217  	  0.47459396719932556
218  	  0.49870723485946655
219  	  0.4241519272327423
220  	  0.43907487392425537
221  	  0.5439672470092773
222  	  0.5513273477554321
223  	  0.7756994962692261
224  	  0.9679791927337646
225  	  0.9340929388999939
226  	  0.7249017953872681
227  	  0.7060232758522034
228  	  1.1662477254867554
229  	  1.0830638408660889
230  	  0.9224550127983093
231  	  0.681378960609436
232  	  0.7074611783027649
233  	  0.5744991898536682
234  	  0.5083929896354675
235  	  0.5581368803977966
236  	  0.5721500515937805
237  	  0.7606787085533142
238  	  0.7494586706161499
239  	  0.7951861023902893
240  	  0.7716177105903625
241  	  0.8156710267066956
242  	  0.82904052734375
243  	  0.799874484539032
244  	  0.7922449707984924
245  	  0.7802077531814575
246  	  0.6705329418182373
247  	  0.7225204110145569
248  	  0.6210364699363708
249  	  0.5156377553939819
250  	  0.6540443301200867
251  	  0.6918057203292847
252  	  0.44153892993927
253  	  0.3967024087905884
254  	  0.38321951031684875
255  	  0.35074108839035034
256  	  0.385200560092926
257  	  0.4169950485229492
258  	  0.43095746636390686
259  	  0.5180846452713013
260  	  0.5900904536247253
261  	  0.7757794260978699
262  	  0.9859200716018677
263  	  1.1114782094955444
264  	  1.3086374998092651
265  	  1.5960144996643066
266  	  1.6311293840408325
267  	  2.0453267097473145
268  	  2.931953191757202
