Frame	Density (g/cm^3)
0	1.0199524900463735
1	1.0199524900463735
2	0.9471614346378785
3	0.9471668866951505
4	0.9443570865385938
5	0.9452843450790984
6	0.9459048111984699
7	0.9457474457418273
8	0.9414587103605528
9	0.9446168659870124
10	0.9529447039775908
11	0.9467504122578222
12	0.9451221238994515
13	0.9473115176147715
14	0.9547970561811702
15	0.952028360058618
16	0.949988014344763
17	0.9482352064361325
18	0.9537253297873738
19	0.9545133015446094
20	0.9474275196144235
21	0.951220008259507
22	0.9552853024202056
23	0.9600088402354794
24	0.9653562002901647
25	0.9721699807615839
26	0.977374614845011
27	0.9795304407341063
28	0.9841997886300133
29	0.9908228493810813
30	0.9901420242254545
31	0.9973797238027257
32	0.9952884533455467
33	1.0004518063516092
34	0.9965823273335594
35	1.0017647734965345
36	1.0064272877761244
37	0.9980966631130308
38	1.0002086704118285
39	1.0013283392535004
40	1.0009380607175917
41	1.0061503905955431
42	1.0045042942178402
43	1.0034536545787056
44	1.0076727175787208
45	1.0000229720297598
46	1.007499293889015
47	1.0055617313398597
48	1.0045823857319627
49	1.0083900984882754
50	1.000339128729594
51	1.0100146018078555
52	1.001943774891895
53	0.9995947681888572
54	1.003219841176074
55	1.0080743873958298
56	1.0056262861969092
57	1.0028854236550027
58	1.0028851433407002
59	0.9962847541900302
60	1.0097241244960726
61	1.007246735784979
62	1.0028519505633118
63	1.0055105849772517
64	1.0000396101337155
65	0.9982956191072999
66	1.0031862210985412
67	1.0032780018289214
68	1.00567980114428
69	1.0026244099053487
70	1.0001248223173498
71	1.003725192842794
72	1.0028851199811821
73	0.9997005004007516
74	1.0056235225218135
75	0.9996978078857445
76	1.0007969314561578
77	1.002498303253895
78	1.0004874829456443
79	1.0086057175360896
80	1.0033912645832366
81	0.9999718301659901
82	0.9962926691347009
83	1.0033835014534083
84	1.0096877703455076
85	1.003697271208525
86	1.0052387214726028
87	1.0072699067426099
88	1.0043310612789236
89	1.00223936507379
90	1.0078700837059142
91	1.0003401823256075
92	1.0047092282860313
93	1.001446496170529
94	1.0045410260287606
95	1.010508633346044
96	1.0060612649667504
97	1.0069074936854951
98	1.0032090186154907
99	0.9967380527450346
100	1.001624715872533
101	0.9969030286408155
102	1.0031167285682314
103	1.0094252946794837
104	0.9994371049665157
105	0.997133660225701
106	0.9966964904474581
107	0.9956931340352493
108	0.9957888302945223
109	1.0014560306775682
110	1.0003149043804649
111	1.0016138344989314
112	1.008608001462319
113	1.003038864745654
114	1.0004155124451386
115	0.9996285657153087
116	1.0043328495373653
117	0.99561453055966
118	0.9931308155365494
119	0.9957515689723507
120	1.0010956780544906
121	0.9963138249390578
122	1.005551507913456
123	0.9947209191174218
124	0.9908363097426826
125	0.9979230425605791
126	1.0005402508440346
127	0.9944428226978134
128	0.9896255667527111
129	0.9967674268588848
130	0.9976680803947027
131	1.0006807417978516
132	0.9950182944965746
133	1.0025383666516923
134	0.9956156432932022
135	0.9975192746012045
136	0.9965968750247616
137	1.0101896905217669
138	0.9965546863526324
139	0.9912722019886131
140	0.9988123400169628
141	0.9924613423663988
142	1.0051008974208064
143	0.9936610059841767
144	1.0027976773587803
145	1.006297878702385
146	0.9975731397299312
147	1.0058796615035974
148	0.9905299737808388
149	0.9950788349854397
150	1.0012425182990088
151	0.9899882087339819
152	0.9972075766394033
153	0.9962125188416784
154	0.9934560762587114
155	1.0017636547447055
156	0.9870363228429275
157	0.9948515971061458
158	0.9919854887635465
159	0.99812110407642
160	0.9865066592961577
161	0.9924204562033716
162	0.9915532467876119
163	1.0025259481342859
164	0.9892249081928098
165	0.9827193274754946
166	0.9887164525628341
167	0.9929161821027991
168	1.0014423190576993
169	0.9986247277490765
170	0.9908587926303046
171	0.997863920801371
172	0.9903979302099162
173	0.9982010063825627
174	0.9954992571675441
175	0.9990661178841673
176	0.9880028773898508
177	0.9999205851652417
178	1.0009428618908536
179	0.9907141690297904
180	0.9899356223736979
181	1.0000434426279208
182	0.9938684596988722
183	0.9982645270048804
184	0.9936181865303944
185	0.9858480027751536
186	0.9886455677586007
187	0.988056921353292
188	0.9949624823553362
189	0.9880536185390087
190	0.983635455749624
191	0.9901377587281586
192	0.989422479883865
193	0.9904963709497966
194	0.9954828158310348
195	0.9932269287085079
196	0.9971004006447275
197	0.9995951085508145
198	0.9847856261743888
199	0.9910992743601356
200	0.9817444084858571
201	0.9893957120806124
202	0.9832402231087922
203	0.9849813758320496
204	0.9927763061677015
205	0.9932835850872368
206	0.9905503918043607
207	0.9767958305082876
208	0.9879298204990656
209	0.9858316981097895
210	0.9918471924827135
211	0.9955146248993767
212	0.994728464517405
213	0.9871102433791574
214	0.9882706989405562
215	0.9867369297115487
216	0.990848949590789
217	0.9827106547941243
218	0.9811601703920939
219	0.9918544049343353
220	0.9897338415451248
221	0.988124599897075
222	0.9831871986864529
223	0.9834663202498966
224	1.001821545663348
225	0.9849903139725972
226	0.9884278537137434
227	0.9747108714803489
228	0.9845217910559928
229	0.9815345336806219
230	0.9858717798113097
231	0.9901450374191824
232	0.9849113184468273
233	0.9952302031069536
234	0.9784341787811721
235	0.9842812051497194
236	0.9885465412949186
237	0.9897327570873636
238	0.9859246050528964
239	0.9804389707617343
240	0.9894757772861212
241	0.9915266527931663
242	0.9892154536450467
243	0.9841974114340319
244	0.9897545680372645
245	0.9853206882804945
246	0.9857323242963701
247	0.9919706640188417
248	0.9779275051906158
249	0.9888368748394433
250	0.9847747397103406
251	0.9827154247499348
252	0.9823463984070272
253	0.9956162879123921
254	0.9868660234084304
255	1.0071709702688478
256	0.987238755691174
257	0.9824689952813509
258	0.983800325970467
259	0.9902605772508196
260	0.9920134787239124
261	0.982861977664418
262	0.9795622933432416
263	1.0009229982079926
264	0.9867865835150645
265	0.9792254722179272
266	0.9849690579882107
267	0.9820773425056949
268	0.9861022959217515
269	0.9891910453837419
270	0.9869178769562902
271	0.9842837477579243
272	0.9911777673238873
273	0.9827456978530527
274	0.9891274850152263
275	0.9988406316005919
276	0.9956181603823916
277	0.9998345796832234
278	0.9998661256922197
279	0.9979434889561574
280	1.002519419976895
281	1.001889638794339
282	0.9988870230710956
283	1.0082709900812212
284	1.0080077636832627
285	1.000709201349815
286	1.0180588462177351
287	1.0128651707066512
288	1.006895327740849
289	1.0089799310924454
290	1.0192098358017674
291	1.0036670349225738
292	1.0144795317979138
293	1.0117029425093773
294	1.0078431262722543
295	1.0056733336366654
296	1.0010609976710902
297	0.994053080234324
298	1.0065442197135417
299	1.014824183246975
300	1.0279350322797194
301	1.0310162378539627
302	1.0280553301363928
303	1.0274323915266377
304	1.036504556703606
305	1.0498350618431862
306	1.0487371841591753
307	1.0433512120260793
308	1.042528287801074
309	1.0364200431333548
310	1.0458565210552264
311	1.056177733518585
312	1.0597789763803618
313	1.0568263867683125
314	1.0585472463895642
315	1.0723594601151425
316	1.0707256662597984
317	1.0640629071267045
318	1.0549302053748024
319	1.065988168180632
320	1.0693249466715364
321	1.064563168031427
322	1.06118083165613
323	1.045370155082857
324	1.0664623287394275
325	1.0592894639982278
326	1.0488809930130096
327	1.072303723300588
328	1.0622472559098122
329	1.0612655080509534
330	1.0416906234187726
331	1.0646596261282384
332	1.0693879704193168
333	1.0577454242029054
334	1.0765030592042757
335	1.0635076420068177
336	1.0639322301277345
337	1.089754717100707
338	1.0665771411953566
339	1.0548329523476527
340	1.0551502430887183
341	1.045012377435291
342	1.0379654099584081
343	1.0529884342360918
344	1.0617412879517094
345	1.061614722938319
346	1.056189513197916
347	1.0417595392806307
348	1.0732415776813802
349	1.0651343091910563
350	1.0499197975947592
351	1.0469324111270644
352	1.0623534299587647
353	1.0350824961707858
354	1.055831723375251
355	1.0345836566780906
356	1.051005479181887
357	1.0350372350680068
358	1.0708115798764175
359	1.0621761967645633
360	1.065437703187924
361	1.052187311371542
362	1.0410891332310073
363	1.039932120611261
364	1.0266732842033948
365	1.0257272385187082
366	1.0540765695270122
367	1.0600773431933366
368	1.0541819595547277
369	1.045568609731419
370	1.0419371679855105
371	1.0392866908723837
372	1.052897718229733
373	1.0396879297953379
374	1.0332047164953437
375	1.038758145945288
376	1.053259911704248
377	1.034615958488265
378	1.0199866231367307
379	1.043669044271119
380	1.0238219060463043
381	1.0206916300253221
382	1.0348260854955855
383	1.0375649741333515
384	1.03158272744212
385	1.0246099928074464
386	1.030823655131733
387	1.058243801266589
388	1.0258716006751392
389	1.0668069988787192
390	1.0446013084280719
391	1.033393494073861
392	1.0369812160347176
393	1.0367527463027477
394	1.0167557964499903
395	1.0330075813023136
396	1.0416337618867941
397	1.0226540047973098
398	1.0153228284490319
399	1.0243596698353636
400	1.0220044624369655
401	1.0456114109410841
402	1.0287061660285404
403	1.024573103376149
404	1.0235688614326865
405	1.0278443693425243
406	1.0198153122417166
407	1.0462798163790485
408	1.0418962386021935
409	1.0380629393720604
410	1.0439846401275525
411	1.046450274914933
412	1.015143363129944
413	1.0380811176377749
414	1.0558473359539764
415	1.0166016506729025
416	1.0247632436368712
417	1.027073505770059
418	1.0410629118748589
419	1.041277479137756
420	1.0394270662611849
421	1.0457442718955
422	1.0313248114244786
423	1.0248988771087304
424	1.0470006644673384
425	1.0227493419556424
426	1.031353352592907
427	1.0273479536152308
428	1.0393815080543476
429	1.0115213879599052
430	1.047233478428788
431	1.0262794165144729
432	1.0213494050797294
433	1.0317220923261112
434	1.0510276797486258
435	1.0359965934270485
436	1.0249579438955934
437	1.0460031238998981
438	1.009225639477733
439	1.0319361402492977
440	1.0572989121834466
441	1.0451662787438922
442	1.014401511218636
443	1.010855282594934
444	0.9883340660566208
445	1.0206449169969702
446	1.063411103620944
447	1.0466584859643786
448	1.0521457184446144
449	1.0409989876463968
450	1.0555921295120765
451	1.0292590881950676
452	1.0235743526087524
453	1.0202737923521268
454	1.0021245973480895
455	1.0185699207578538
456	1.0029088070914516
457	1.0252405550993238
458	1.0312003225510586
459	1.0287331122686103
460	1.0499928622279202
461	1.031815286921526
462	1.0328026266127597
463	1.0345521274823912
464	1.0129412711143
465	1.0331822294658801
466	1.0033602751357402
467	1.0148144801967156
468	1.0430230706532144
469	1.0366509869217913
470	1.039338069635785
471	1.0255269209730504
472	1.028225753925109
473	1.0391796931762631
474	1.02496918386519
475	1.024254976263474
476	1.0266605706533525
477	1.037744760173035
478	1.0471910961528783
479	1.0259318633864751
480	1.0388578546863927
481	1.0273664857838911
482	1.0376901209006009
483	1.0236504564797813
484	1.0299886876649735
485	1.0396089039390641
486	1.021674246873193
487	1.033350761381297
488	1.035436759314762
489	1.0188879011659653
490	1.042793682210016
491	1.0261721372077102
492	1.0130438790141814
493	1.0330578123173024
494	1.0335319841857062
495	1.03027847675558
496	1.0421211041503053
497	1.034422351839747
498	1.0527970210852673
499	1.0272894770768053
500	1.0262430753589933
501	1.018693025533856
502	1.0488620938684348
