13.650876616803025
13.641642767082821
13.851588599997791
13.531413531002709
13.777788909961528
13.743586233211255
13.461179362896194
13.780362883445749
13.69768154733233
13.756311740671606
13.746326159574084
13.783325425410068
13.638062889530065
13.780982053527907
13.50181598584875
13.815005839980534
13.78077109335733
13.815370922024789
13.730796409557845
13.46965021659793
13.567155957398795
13.780847069472426
13.577288079172964
13.684244265842475
13.828993367809762
13.639275225859242
13.748011428682752
13.68126152641978
13.671032373676418
13.622432266031943
13.87527759451591
13.688586215363655
13.592682666758412
13.690193265842144
13.706475807364779
13.641814468126723
13.948829384839566
13.65035678485746
13.557630767618628
13.678749524621727
13.543766792455509
13.535897159816498
13.830709486095683
13.76104968531083
13.677826924307768
13.73429044427437
13.57593807214599
13.840984840795503
13.708784083451372
13.643928567719493
13.811576906476034
13.810724680806407
13.827894496083342
13.736719855147642
13.595708368297437
13.789926489819129
13.74646382220427
13.826548212477677
13.678847725649339
13.605970643925266
13.694349502413033
13.572422773840419
13.640853643714786
13.81103600820179
13.837826317009021
13.838914092701255
13.7424448526806
13.715408611344587
13.564567280794144
13.617385108129891
13.590072577837716
13.676148850349943
13.72445297653116
13.78242324370858
13.744172791093797
13.848246964970377
13.50532637558788
13.71035963186777
13.815058750914014
13.905619861846878
13.70719416998011
13.825892647826624
13.675935629144217
13.716818500600063
13.686631220951359
13.718430878462591
13.712893069341684
13.809720042654027
13.790635552189677
14.023444491108389
13.82689642624846
13.717407510312617
13.818650310450002
13.731544355211897
13.857818820269
13.897805569868725
13.762803593677685
13.794621674787495
13.848850073394173
13.840688591467186
13.594155851818812
13.868603491818698
13.856610696246415
13.73795542767643
13.704745430282546
13.841124713605073
13.626717835499672
13.698824477016649
13.564784094323016
13.664479599069725
13.734877969196816
13.671734005705709
13.740632017975095
13.591728196952852
13.707697919596255
13.62939694745556
13.772113252527864
13.988123857563746
13.682912267987378
13.745090399648403
13.736957175688834
13.599760385015134
13.531617865047476
13.860498900930883
13.558078723766542
13.722233483065185
13.835050924804243
13.65835314972512
13.82356070400659
13.857455715787045
13.580198807186978
13.775207486402092
13.784147091893706
13.735821344596673
13.667032038642537
13.790697149050315
13.63038088746
13.529872276968879
13.88685405717814
13.590808291091902
13.580767647980588
13.599786901684597
13.726868429855585
13.687151177599938
13.935103185595144
13.773079285973038
13.735023193787754
13.897853261806468
13.697237879518328
13.630932545080702
13.624105743106771
13.710947158487787
13.80366177506967
13.731664545510652
13.720660879009372
13.641198724775888
13.725368457376526
13.684476570110354
13.756369263651232
13.611088825808835
13.675363480376335
13.669694826837507
13.61145573073631
13.560427366398692
13.850506458195591
13.66770979849259
13.57440012688428
13.71776244365562
13.849640186155783
13.895265126455994
13.779988821439877
13.687460446178392
13.669889746854452
13.791466855690146
13.661722482585853
13.738599101153728
13.714159060924796
13.613922658580028
13.668001324295487
13.847802403884748
13.791769709555078
13.736674735113379
13.634470467592338
13.572604549924216
13.865937499869617
14.10445621940813
13.557248498352969
13.940749869240085
13.865668538754456
13.542479487020852
13.613365019893509
13.753230035301417
13.692333928048543
13.626143778385016
13.576054112138767
13.674696164864898
14.065864780220718
13.705995228148508
13.706065731552252
13.448809173909442
13.942528398651046
13.88626765167021
13.79942053421585
13.633816262435342
13.852959546124215
13.790483021462055
13.656637657749128
13.670030881100235
13.633081157629663
13.702790630723625
13.797160673740072
13.944630653285765
13.820639078123342
13.808719757830536
13.961332069331638
13.558533872935184
13.428995698756507
13.595637045785873
13.728753892765502
13.648854125159561
13.7611462508815
13.901988935198824
13.594140050931077
13.360242960076151
13.600092013981001
13.848774419677536
13.861772059269713
13.65902904546882
13.605690894893307
13.360538094317674
13.455734939519875
13.830320895456959
13.536491805610027
13.66679732945135
13.842628994848152
13.651801990369567
13.723942580632956
13.96116079628361
13.55665866688346
13.519968951803323
13.880019982105354
13.580558473246374
13.623217415539123
13.455275636333328
13.489461036545542
13.765900113470178
13.51369235004618
13.733438240053406
13.64018544159974
13.793375039352766
13.807350353371204
13.60698447471944
13.85734707910903
13.82984521322821
13.58869420519576
13.522805494270484
13.614461597329766
13.780214487424816
13.443270910716839
13.578767599943228
13.613836180509306
13.711371145038992
13.443321079341572
13.638470277279561
13.58175875573325
13.544667211128438
13.54221635283457
13.873012044060426
13.705423631374979
13.782622453491214
14.011851837676291
13.512139234332745
13.620052994220561
13.540598606761668
13.784042577319141
13.672339601290265
14.018971528972441
13.69053181760937
13.69610740791728
13.806583083871972
13.605915848354046
13.562572364216553
13.683711929639033
13.685731215424575
13.746963664890696
13.749536929376864
13.72521910262418
13.869794660742768
13.839275564369473
13.88840412588602
13.6613142551512
13.797967454684873
13.72200169506395
13.74849738723955
13.841402495955156
13.811755133861096
13.556478070649547
13.81007794004693
13.661921605717414
13.841740117628854
13.833538052401527
13.651271030722274
13.727105911271854
13.904345563601206
13.646824420628883
14.004394980820818
13.799956601013836
13.62356711495956
13.771087795329748
13.627015333401815
13.54634620002862
13.692058890946242
13.501346484702003
13.818221940920717
13.985391841521725
13.703090688176864
13.864411669144216
13.809654351006268
13.989466706490457
13.574548462893235
13.784865415979763
13.879193658651374
13.761462467525579
13.70069883085374
13.730034507964143
13.800573378189403
13.709992108984022
13.845256916768165
13.446631328609625
13.584933472738925
13.697249850864534
13.753801091459296
13.659450626290432
13.961554036537557
13.770802305209061
13.946458479192172
13.984466204113103
13.703618479971384
13.743492001680094
13.80235110105232
13.854030042503906
13.520305161390956
13.571253231487534
13.657615837130095
13.640039800022452
13.824032523273381
13.756576172344097
13.658945587834324
14.166491154864778
13.87436890383451
14.06879921495317
13.587212372293907
14.134772110769049
14.17997336166261
14.05080822465319
13.944094722647781
14.049821184574531
14.12074580261782
13.91494193336933
13.76633501847563
13.927072228692769
13.60009449373405
14.13669624313547
13.965550322861922
13.72974463603158
13.794392118218548
13.77258256436418
13.96074373805452
13.79953559519865
13.539450490500343
13.38872564420778
13.295053581459301
14.104601338260588
13.657352280217603
13.677784750610366
13.659917602566559
13.842608422726284
14.038862616141374
13.60884753254728
13.695812702761497
13.915989354150748
13.66416439040984
13.603016374181921
14.069219959976824
13.509375003806902
13.48697071349901
13.367689093218146
13.691218364034608
13.744302417297925
13.402719976620034
13.638976814670043
13.541426405314139
13.638382168248372
13.781496457273787
13.673171914876677
13.727488536580006
14.185987998582863
13.536779507622663
14.056261384897518
13.930290556027101
13.696317801416786
13.943653340159008
13.7954458429007
13.202872088323817
14.072000401574481
13.632762021623709
13.83163197152765
14.046944197197103
13.842385387007909
13.554743024867323
13.83458057902383
13.490203060826722
13.720036444856122
13.73412137191538
13.798036940284671
14.001074983334941
14.072456998932868
13.476804863201085
14.226485607216242
13.79075496827856
14.087617035623465
13.967751433246892
13.945456291982618
13.724165497186727
13.568205096756255
13.223115149170166
13.302905570705976
13.49514635540163
13.047469194677472
13.204927642542728
13.249447173560533
13.06677071441038
13.324389246246987
13.622762351718473
13.269436189256746
13.576396199158513
13.537484368380206
13.131415786512832
13.681319633311052
13.595716019935445
13.515986709776744
13.632752400660767
14.190402362198466
14.199007242479782
14.227403884008517
14.005728551691067
14.071000487372261
14.220669704088918
14.35365624706853
14.31731436431269
14.37108673160532
14.092864331318466
14.173021530943162
14.26729337369992
14.374702716400037
13.880809247547417
14.184296596869174
14.419886866020596
14.575370588087521
13.917345156364725
13.980808648037307
13.703776988840563
14.149386815718158
14.211061005230167
13.69682051745233
13.851972048549131
14.254353438192947
13.889413026866674
13.975394889449724
13.931196838376765
13.943280667373722
13.795040317061693
13.479021455536785
13.723676512200084
14.393482102186562
14.206360423691113
13.835510809969277
13.947065371665486
13.7957487838083
13.840728214306662
13.804674576542434
14.204726075675797
14.518359235433794
13.929962293557356
13.964055568505543
14.334252467527541
14.136617527792579
13.940928969512388
13.713780515740146
14.150899861475635
13.338565628730747
14.164302873305722
13.718093168260847
14.219775901520318
14.52839779711883
14.317128987703702
13.853537154736598
13.808706676046985
13.915922530264096
14.40292058608684
13.877860607014826
14.133359478356988
14.071136150410279
13.221665422344119
13.988795522381595
13.68708906157317
13.494523737601991
13.657973913590551
13.576846142795429
13.890770733466214
13.447462069268592
13.489439044124806
13.59072929734187
13.56460928045859
13.621685364166606
13.491373650546826
13.6390377365033
13.511002248104976
13.918548350034008
13.968385437661484
13.002846625131633
13.152912135113395
13.223763632667092
13.838148606331094
13.662206384208611
13.32395394106024
12.796663909582442
13.244113413473402
13.264177078010517
13.119212598011188
13.403448557116779
13.33405433416979
13.171635145932017
13.735754761108007
13.681336220744992
13.517803824374408
13.483265239675722
13.603876031333213
13.301930031185153
13.624089446711446
13.358192839793142
14.037885506018823
13.913504871073119
13.797605672333914
13.933415651765946
13.454419479136085
13.252182569084683
13.126456361841981
12.849490361626692
13.128254964031262
12.834069825894453
12.609073346781424
12.863908263253867
12.927303719389265
13.21339725774003
12.934276541635336
13.399628231273754
13.445736499897363
13.485790810960477
12.982041138161383
14.309042867146283
13.65103374850214
13.646331876159321
13.316590679270261
13.417343669118791
12.960486768580044
13.243617238876954
13.516100812735996
13.584706690404143
13.884241018654299
13.515140970265747
13.332822757358802
13.408911177536716
13.436981121230467
13.414342226437007
13.323226989756199
13.058225066840894
13.228886311896087
13.172330074647263
13.183104468219666
13.406474460861173
13.637885969547863
12.958098011521026
12.73386654932687
13.4429424093379
13.581387301052604
13.306511102194884
13.856568013027552
13.872769086646407
14.090105599285536
14.052347093534161
13.453495715395954
13.618762238168495
13.02435588907286
13.823295384645428
13.512951741431223
13.62244429167837
13.444043673507773
13.57818638793007
13.398873662929036
13.413562268440634
13.184947495188544
13.324513251362704
13.290138932383613
13.207478799562551
12.97527336536342
13.524114751673496
13.62914373946443
13.465748738118604
13.377134091407964
13.561620093990886
13.535836828432437
13.54395020355226
13.469604512742713
13.46781866093215
13.557969700017916
13.677871402633746
13.937126112254454
14.14403045137394
13.928086503721685
13.7864805123288
13.788223048924237
13.983616638672006
13.459696655236565
14.147568318421488
13.503762085475962
13.323475610882861
13.46574462923765
13.118503169975156
13.027185044215594
13.231323620286384
13.607661671055832
13.905939647736282
13.684233688685667
13.326609130667663
13.074416042119635
13.57105158297738
13.762190295393314
13.742834486103307
13.204891022948646
12.692332393363307
12.671123007443793
13.103671007713942
13.432385401404087
13.497214935922432
13.281150196385632
13.71563764518582
13.894324454421323
14.125390292275693
13.532517998132173
13.34005277108233
13.518373076919014
13.251799087226372
13.520518791113942
13.597486016412935
13.50687557127822
13.548721963740995
13.534460926265313
13.535380815175843
13.390549267307977
13.575220884888175
13.18859253516818
13.615233498988431
13.705598177737834
13.458142770018776
13.555829338368987
13.165193771191806
13.09277349401049
12.504042200107962
13.296441906246473
12.712458974615979
12.906918302235383
12.666727499887008
13.501560037915498
12.82237858830331
13.141715130246332
13.256491274785175
13.524401501356204
13.864188623634684
13.725546447939147
13.45895559935833
13.258178145297748
13.02125058727441
12.633087377021628
12.927392892836323
13.127556507283009
13.490557886487853
12.870324495352866
13.331214362015515
13.502988039681407
12.961195269627005
13.208696083237644
13.53742977049691
13.414425738386145
13.088462919959042
13.407917478181217
13.09471208451551
13.349943847876693
13.398964140008125
12.9449786462466
13.49112506136625
13.794453177950428
13.424499365412498
13.30173275955843
13.61347156805817
13.763602087224001
14.105649512319914
13.972734429949178
13.807291284523766
13.541672273609466
13.37426773294385
13.066604752509516
13.508174647817986
13.364581878481314
13.172601529927906
13.101290061249236
13.195262965059454
14.204652504818204
13.781388630299812
13.369355139274472
13.507455014435227
13.817946815285474
14.154045672256968
13.376825061893504
13.712176822712259
13.73852414731625
13.613531032558193
13.705480683573182
14.009947508565466
14.129551191813361
13.812250327173619
13.979867870164568
14.05134026296945
13.544773955465956
13.452209918599268
13.421468072410153
13.586279656276274
13.822423362536824
13.790996232199467
14.04303399761212
13.899341846281667
13.540698113598244
13.947098840766353
13.435518698105223
13.559416062735592
13.612682202260538
13.558525780822483
13.640626731604112
13.430024875613887
13.752063623981925
13.304101306326865
13.351988284618885
13.750660869238212
13.776539803972208
13.547672003864037
14.126850013645155
13.755369720578868
13.797003220863223
13.831641179672914
14.165153551392883
14.100715679076345
13.860372765264405
13.684417318180508
13.966789454757976
13.343487964473352
13.354400106022903
13.803076930458895
13.63097317037846
13.243673299093857
13.329445879744366
13.390693804701849
13.395865788834461
13.965537466834807
14.19092813338782
13.646631525410614
14.297011193573823
13.955796037396862
13.973695081880683
13.746056420107092
13.734030568678907
13.913036026817755
14.171164445608351
13.46464730834351
13.858739731086096
13.931364777628271
13.844384947352683
13.48817609151926
13.744000440401257
13.986136257586724
13.616578396881764
13.58884468710167
14.151404119069246
13.494219553073513
13.450577755469405
13.552925559277096
13.535164137812716
13.193955285912583
13.468790909427423
13.722008005892068
13.5618480635947
13.780634406422388
13.73000838134589
14.265023492955967
13.652172245717978
13.994992675380875
14.117354598067752
13.43151144933477
13.783477243137888
14.43847197468437
13.875045850031984
14.000911937266386
13.848239674181565
13.560468789781986
13.444214351350777
13.324158664070355
13.391521085696672
13.334999320012392
13.610125345530271
13.606358374145918
13.789589481768235
14.100052254437887
14.050823789215041
13.536267852051717
13.8489979067967
13.768437402842745
13.750942778179455
13.530133741754272
13.849695988576308
14.472318872235675
13.5121851877135
13.673898435097442
13.810014714939149
13.996139426426577
13.858447573685055
13.529091310760865
13.790799999891233
13.937582477732546
13.417815560953485
13.402575677096353
13.832372564629663
13.681601346573286
13.969102245083025
14.514525533028198
13.679980466143943
13.872891658642956
13.446913350136546
13.56571569595983
13.717213413001623
13.563653724941473
14.11608762205918
13.156723011840555
13.75919833993053
13.571932303422434
13.207763475364548
13.389672731329759
13.491168697158134
13.60373631421827
13.431515494389009
13.965404023998046
13.369761028203742
13.527986095841007
13.623953812034426
13.729531292393117
13.7090543165924
13.75745079353727
13.847424020360604
13.340041124612895
13.706540470708115
13.683962423192632
13.685540463424376
13.685767201676708
13.405109216661346
13.905775423891084
13.437422793347059
13.460557006826201
13.883167507668771
13.128835753841141
13.772545581655448
13.585153943010333
13.544546755725692
13.906054384538633
13.672541431192302
13.715098979882127
13.847569363906123
13.34960005425321
13.302386569629974
13.647183004363175
13.747456068401826
13.869199484338141
13.448828001942134
13.607101139572636
13.52757881892767
13.86848069913452
13.762597397216645
13.864403520383675
14.194517803936707
13.569021311767061
13.337703326627793
13.375646273719036
13.576935593199218
13.354752931954522
13.5101294054608
13.010104732146226
13.43272164294746
13.331326932777861
13.446518201599153
13.21161991491003
12.671517873065849
13.16728379881148
13.558211116890245
13.199145281503668
12.93314554506002
12.967375387655975
13.42056282098178
13.804558226346769
13.054176934403275
13.426493518782308
13.940139738182884
13.749615147603697
13.420246756005884
13.426421439053655
12.945811103242654
12.99330169880225
13.172930035456284
13.072311161259785
13.180739014373456
13.363182774203638
13.605763726180223
13.760984161476172
13.45024673188337
13.371367149483062
13.630491395052074
13.271201925195731
13.791997553531985
13.515655220014144
13.170319545847397
13.333491489299206
13.54420463408129
13.667144689938851
13.249446622422372
12.514247537541562
13.024595498555758
13.131361207003147
13.514812286687853
13.804290191020675
13.106317892402966
13.565499426072183
13.370875247638397
13.61901425190245
13.69293903516767
13.966164212453918
13.442931644009112
13.320541264393169
13.39605765043435
13.867894373568769
13.833318437858464
13.224949424061396
13.38457100687533
14.006229451214478
13.608251165707683
13.584433067446259
13.33645295733798
13.729909521724519
13.563953340816566
13.780599904643964
13.764176222577753
14.07548060428452
13.36252493121829
14.00306604897858
14.14860443682654
14.039185476931593
14.039860417742874
13.943684301179939
14.176558702571427
13.503800471226691
14.032572287528978
13.524290851354767
13.73179994938539
13.593288920336025
13.940638100116287
13.706301248708657
13.670975496845681
14.163361391628863
13.914078640264336
13.765149661353666
14.410009293391903
13.799862141887191
14.3472696628032
14.137984089699275
13.506479291982023
14.192130616653154
14.468165812743624
14.012487819706802
13.49222640413935
13.569671845799572
13.877084280839608
14.112263142477719
14.043300485831512
14.141856339054963
13.525679421308144
13.93275466728748
13.83346271067932
13.71732635148177
13.952455274561885
13.960577862797589
13.79610606158227
13.42588793442479
13.784113798645603
13.656629821695491
14.021724086085575
13.296821413686455
13.604110316165663
13.810005314390233
13.56526364804378
13.899015129866928
13.826143065896714
13.57202984021923
13.971647340168522
14.143997436246769
13.551199022647399
13.879400097081028
14.01020905850196
14.156714185867795
13.703890726148488
13.368547571186689
13.976726394355275
13.552498388007496
14.055908036971196
13.913005316945128
13.762454191629915
14.013136428522065
13.661106009803158
13.783245823639673
13.725309964145461
13.441255732449806
13.516120419894845
13.81348142457147
13.233312813868283
13.680733904580482
13.804837472348071
13.589298849225068
13.926058924052805
13.89258567587802
13.681328500944447
13.6759491426595
13.356475156309678
13.825586349632914
13.595273827663963
13.628198817358673
14.106388784583624
13.913483419270534
13.73074658486429
13.682756242795534
14.023027241244622
13.986307450759158
14.185141324662101
13.917581964044443
13.774111610355371
14.081350313609827
14.24234138707278
14.143750271511939
14.02236485397524
13.991859365783519
13.834261955241598
14.398723338837142
14.054420604718457
14.236464566472053
13.872643186251413
13.478756411156153
13.547720948432428
13.566125079607053
13.400691917568068
13.681872338858918
13.549650012443111
13.986698572238462
13.834012698423356
14.044620953184193
13.492782393036583
13.56097420501628
12.72135597397626
13.45828889372925
13.732250282846774
13.820445384764682
13.63582415358901
14.107329147681126
13.857521029601495
13.99888918712753
14.012996493061321
13.712928782903795
14.250830796588462
13.895291024939393
13.920921360004849
14.078121084505955
13.925302451240471
13.674708751147241
13.722869269220382
13.577201697871056
14.046840942666023
13.565977862511096
13.860041773152581
13.612023063626967
13.872932468126942
13.698226312688632
14.054375824113164
14.061537826332438
14.155056485505563
14.429289963327001
13.88842912102612
14.37025549194132
14.020257445090545
13.661225679209918
13.508399277089174
13.797004535663548
14.102182055256142
14.062785694748104
13.674548295287535
13.39959076519531
13.118964995397018
13.090981294979928
13.462525514402383
13.325070926675034
13.456058802447119
13.54824291831075
13.893703674328997
13.4996702737972
13.61024875239525
13.64381697886209
13.440667565419863
13.56432607134451
13.832987265609596
14.226557893076636
13.920945676726577
13.840608001519744
13.838308302926473
14.234115006180385
13.909222633100695
13.822712712323824
13.986591954194036
14.303850960810355
14.41686820881048
14.282014246020385
14.158250383629605
13.865312718348456
14.590752381568663
14.187500941273889
14.19606885548034
14.253954464560925
14.091013109661834
13.950688696846191
13.56553238941804
14.203983447704362
13.980932074072632
14.208944490490866
13.959768121569065
14.149328996771828
13.835057584557562
13.767628873948107
13.970748673152572
13.91258894449567
13.378701479191509
14.049910934977852
13.881814796976014
13.751845112926821
13.972766395194359
13.794110077739552
13.554930843739745
13.872488338616382
13.990022966683494
13.733848936676068
13.878028187379572
14.142536258025961
13.77105709469909
13.956009699759548
14.519366925866255
13.727218698633559
14.084611017596682
13.746981402507007
14.154832451312755
13.431505413294762
13.507106659628013
14.180096332608926
13.496724353061284
13.902957535895267
13.96548456281093
14.356824579379964
14.348305431114982
14.012078092425778
14.031844471420223
14.038315034836064
13.92536357398097
13.904917236723792
14.351468885158765
13.90564162067337
13.758788320229918
14.018726034987054
13.424346011502083
14.249202032014082
13.182175472879846
14.023036094769001
13.794141813637223
13.878937282928124
13.797637019110594
13.896897208451277
14.026655667693323
14.40149257762682
13.533485277652812
13.428982973736048
13.591647662508256
13.34854430047382
13.614680472209768
13.60671343191268
13.560673494278388
13.939887677025537
13.665733668203991
13.979734934042686
13.897386981998102
13.809539018290808
13.396550908237193
13.714223222136072
13.890308246705418
13.753536953839937
13.321642054000135
13.541777398772
13.819195431477633
13.521785132205556
13.781952457516633
13.32708998757046
13.242567244690234
13.538191883840426
13.531188898667029
13.733979121749563
13.754429932160722
13.751786113474086
13.832426660574527
14.330994124101611
13.36331428416531
13.3744361955727
13.674426326169135
13.857601016510309
13.95844849578864
13.730810375991638
13.841537102411936
13.844136370723625
13.327554040808591
13.437193769620135
13.725989045041514
13.859861787935413
13.822266352896296
14.18072944070184
13.930467687282864
13.925975203507106
14.253669046130732
14.06065354004918
14.193509534965218
14.132188080771718
14.013751417787944
13.93205123111134
14.285665254128316
14.428545160260887
13.866586579489447
14.094730174356702
14.309193797812812
14.115926493978897
14.457293361723794
14.490733583989051
14.16263444197176
14.172444914101634
14.250658160139677
13.819035526154176
14.085928633533891
13.778968904605916
13.400490878133551
13.308211506532766
13.580030514458565
13.881810072713689
13.52279219426419
13.913542288070046
13.949306735782343
13.452056805932505
13.762677036841387
13.725299456102038
13.975768477767987
13.614887896710357
13.1917796398327
13.61474006332464
13.647369375802885
13.848702169869773
14.058109303999833
13.94940583762062
14.375694069574552
14.112898943464197
14.161087304148548
13.880583508157988
13.831770958786127
13.729442016220046
13.758566936292949
13.871598006922294
13.610406659249152
13.430072225877579
13.725263904425178
13.995382016631735
13.424965231953577
13.289247747737098
13.561817926268914
13.85996525112173
13.305611540416434
13.684755082873686
13.558897731625567
13.486672428882445
13.630495005946504
13.77417391438161
13.742462106597158
13.44533521728118
13.658878296412846
13.695328263055254
13.544171332763995
13.60707985801976
13.694549775441416
13.6298145017433
13.498290853356131
13.907097522094789
14.015098485730496
13.488954246463729
13.842475703906743
14.230710763964499
14.06157167897993
13.871584560942694
13.820108071818547
13.915751049566575
13.507416839408176
14.165581256373772
13.857435637975149
14.211651739783413
13.366752595595685
13.605408224727517
13.60699755302901
13.852670740035137
14.095737515496785
14.217662070050801
13.841647514839396
13.85207820646741
13.883674720436897
13.857397111589645
13.564760651444216
13.395488508179785
13.410931273732926
13.458849617642032
13.745216953307022
13.534198159840509
14.356611380211362
14.293311540582955
13.727817832468194
13.889827327826218
13.690708668843314
13.757252629031772
14.060691442491594
13.915731584409507
14.131923646569435
14.452263686011095
14.016944781917616
14.36623590710254
14.257761264594068
14.504976808589008
13.883074376411777
14.312248054709304
14.293166264371143
14.320228769921124
13.535046432453866
13.881621087313222
13.662175238373925
13.712182601253671
13.695212455310033
13.960272592977159
13.830323406463947
13.543272919683627
13.628869213569242
14.227020580868894
14.143064323818205
14.003162856379888
13.647510148335373
13.655962038490978
12.987202533729086
13.702958762331464
13.54157346283915
13.693655363618808
14.001409134277909
13.838663927352828
13.314998623588519
12.935685920936768
13.298929376207541
13.696691514087444
13.555895795163151
12.972003229942526
12.845454669643953
13.613388769392898
13.662340726372852
13.491778282385736
13.444403344038442
13.82098917648089
13.749757129276194
12.843482716563013
12.925836074534685
13.67423111705769
13.68394837373648
14.091455259289697
13.66897144269834
13.501842818456687
13.77188531556109
13.506382194469827
13.786882156202116
13.668314070317702
13.970374732470084
14.031707618607959
13.602638014588067
13.849075101510321
13.836869465490615
13.59130240140174
13.718507923399462
14.130214800746094
13.680713115621344
13.085323644685745
13.668995980607855
13.817183606555364
13.400568884702972
13.500927956498822
