17.610023397975212
17.808678894989953
17.469672535710323
17.825466028439063
17.659012420156685
17.458971034265943
17.845060250143952
17.785494097370695
17.474182428956617
17.293717746305088
17.535578081142802
17.70043593236595
17.77237748952314
17.45092849326249
17.473192882985273
17.962145580677564
17.612360182917513
17.700541472447217
17.80874971880141
17.82632186283499
17.431860111383987
17.64141576391033
17.481763205970243
17.747518292260523
17.696030372642362
17.506133326009824
17.818617938104733
17.666563103541538
17.61901615820699
17.883459076511414
17.816386719841287
17.894327737035873
17.543512411220636
18.038555156339
17.687333270661703
18.098845261344756
17.854911555527398
17.615426017537132
17.688249135940215
17.53549922593025
17.727751002219847
17.41358290257361
17.644177539061342
17.629939657463865
17.610368389643124
17.615718331045716
17.66103052033385
17.65798531204885
17.824801839110076
17.573211884511437
17.29754244424579
17.28000091720134
17.830550161911667
17.587730345449657
17.33076188095819
17.28324915163618
17.237637078640333
17.594368132685794
17.33636994265674
17.29450172199764
17.637471032655988
17.371396129300475
17.387364322062375
17.359799380827916
17.38763836600271
17.415542333042506
17.091161519823565
17.353888787803054
17.531802035101354
17.428879183773603
17.012141141987374
17.424417624452555
17.286246791603276
17.231581184424265
17.198265815577052
17.688545313227724
17.562208503647852
17.485756262554375
17.58301876535758
16.810710577431998
17.509546278393024
17.086057863301992
17.317431126848447
17.271233578002263
17.40503308882118
17.162349748988614
17.203333848799204
17.275105565219725
17.255240539198777
17.3523431165727
17.215655325677258
17.0251903807867
17.450782608776027
17.108949278122612
17.383533686718202
17.496829682529608
17.359034067511246
17.498624912848488
17.13920427244664
17.390104255093142
17.61600025423445
17.56669937410948
17.634826035198213
17.73795263754401
17.553184066721705
17.534019124260617
17.557491610696527
17.57349185515274
17.377146945332235
17.422610465222647
17.145368125808464
16.765403932159522
17.01689946106277
17.442616714048906
17.338792686256017
17.191199514425875
17.174071377964864
17.07185122964406
17.26876957373453
17.120664507218944
17.273462060313413
17.24967441389647
17.428379746241173
17.542111433477327
17.13507722747127
17.17357747110176
17.431390793145223
17.254999602779442
17.47085149123061
17.46317392471931
17.2671141761793
17.284945142891274
17.246009579747405
17.358755879684768
17.37908129320501
17.33289609413089
17.547200184890755
17.449574160780546
17.490164189841153
17.768541589847416
17.297354062306283
17.496746646732767
17.087710140255833
16.980687213258793
17.249760096927336
17.67605791636354
17.642187985117317
17.41620098225011
17.307491345207566
17.219049959268798
17.13407136722541
17.300151562533525
17.208613650078863
17.125112057657944
17.303765370922363
17.204243881377327
16.970756858048432
17.154343096011942
17.245282916243436
17.53652216303362
17.295439640527068
17.140399666056993
16.922718372958
16.880234013253606
17.040736852164525
16.746053485454475
16.44154869890649
16.836774352762294
16.59320618185637
16.85637145056858
16.755602775630297
16.662760371670334
17.077067041987995
16.63351864540993
16.92953344415747
16.7904274849558
16.68524060062025
16.679759233238936
16.69444644251102
16.886889948960224
16.777019089796905
16.76163846001836
16.806780922635216
16.717844986426396
16.66003166685537
17.082056453001158
16.856077775844376
16.758858420943447
16.874143083332356
16.70060248213672
16.96057372452931
16.5407560730493
16.575169326071993
16.633189039045106
16.68252246088705
16.92641857918606
16.919036149730548
16.77646194305422
16.567288662789775
16.708460509647
16.921236622058945
16.92535249916968
16.91094275698388
17.013997380668226
17.23334982232832
17.23163876880611
17.427234226927485
17.305238510758624
17.497114556194507
16.82326622695018
17.21674552151561
17.803069544233434
17.57530718427994
17.315078542267017
17.55561491609723
17.05814256253719
17.147156413488915
17.071605469357284
17.183947076741493
17.342310946009025
17.44266095596518
17.226377330389926
17.17256420535306
17.292450915713232
17.22799931584712
17.006349075690174
17.213794282361512
17.358372578540724
17.66925639873541
16.943732856033957
16.835484933343164
16.832168911379465
16.47214250347787
16.91177658612817
17.362776841032485
17.282886985074107
17.1917720891378
17.515180659725097
17.434680863539366
17.741245955841315
17.12078214219422
17.21934818887083
17.252764546786423
17.832330275691085
17.70688812840852
17.955756170822323
17.879371726701002
17.518751515228274
17.444543635903667
17.48247225532407
17.874578325564862
17.143608592848164
17.328263342806544
17.267421523129
17.044073092954136
17.10397868479816
16.9544685793251
17.453400020118757
17.29708716117284
17.194294932408997
17.09627022096767
17.021788573379297
16.90599945213206
16.995273088865915
16.879967305660045
17.01514584811835
16.802404709307062
17.153779583694774
17.03030374979022
16.9208292754369
16.714202031865415
16.715098159685166
17.183331375430527
17.119584456572117
16.588928846915415
16.60745270779271
17.14553261766973
17.29142721985138
17.304549850921408
17.326436047014216
17.165816325607356
17.01694426870952
16.73090637197626
17.283734239797635
16.870665546763345
16.869675126239542
16.63513775640992
16.78571982157677
17.013147596654868
17.15237393606044
17.288033967411952
17.113041483472568
17.02849988572611
17.20084092273035
16.656695454003437
17.352622018708217
17.52485216289755
17.866232063495
17.61828168818947
17.07935462625855
16.979282049425073
16.37668754514078
16.70242430212249
17.707739404352626
17.40616958112892
16.94475069920883
16.844012279743886
17.19753166739321
16.861873747939075
17.082875937760175
16.62486914530134
16.81098953819751
16.767234005385426
17.049541160793613
16.879890970711678
17.53046395786042
17.385003385246616
17.276912119366553
16.990824116253734
17.596050483784452
16.92496395422711
17.02189647709283
17.407339557530378
17.280092235255463
17.79108859494386
17.544552037068804
17.727522971717885
17.242266316830314
17.730008931389047
17.56210295403599
17.22576803943787
16.980116235026564
16.78037726177814
17.375115667696047
17.42984304751723
17.559097849431314
16.86983723469557
16.883088401494895
16.72261516371914
17.23933296376439
17.552560081410125
17.178389281507734
17.05340022433592
17.32586739174657
17.44956061376221
17.36330286632524
17.09247570941953
17.140225408056576
16.97726794434818
17.27227247013383
17.779602952446858
16.8836035180816
17.402696631683433
17.796393191550706
17.23309747953262
16.905979891675198
17.433606007486215
16.668718385282776
16.749823272885134
16.899714110553884
17.19957107565687
17.387007339607063
17.098929458281717
17.52733320253951
16.503141932204734
17.21519843423849
17.296441385363064
16.71222174864922
17.466852273784788
17.067415444325317
17.412191103426768
16.7465784845777
17.089360030617776
17.02117812809793
16.9768399934594
16.970631473396782
16.80187674229928
17.368401742793687
16.570474739017225
16.30669177617542
16.303034200849886
16.376349835590783
16.507809963796245
16.270086643298665
16.44438204255208
16.265534250535826
16.20159030667183
16.511094983014825
16.732595719159082
16.212112896024653
15.800550354878025
16.381359340992375
17.005524480557582
16.78658610526609
16.336106439875728
16.015488338116388
16.497705888621535
16.056309488989545
16.449992147572484
16.2905693215091
16.407742310906055
16.490631413774015
16.699574455992227
16.49866788722195
16.702651779838597
16.630020439553608
16.508264916281473
16.67049810726319
16.812896968732453
16.26195461155318
16.682314925575525
16.699902232086327
16.04223030970038
16.059018096343717
16.17697024514601
16.137888502270986
16.103289792853015
16.50335681598028
16.642346700420102
16.54730061625354
16.813802999392784
16.183517494876966
15.738471280032925
16.172578966489503
16.51245433239503
15.619920192444106
16.220386768452308
16.276948836219248
16.705540489298965
16.46748209076057
17.181104581155733
17.022917781912874
16.219532495571734
16.29184491111047
16.699736770009746
16.817405105868808
16.670683710313632
17.257744341137045
17.25386073070808
16.9379438369778
16.983567723366733
17.418587509533797
17.028811402871053
16.8797366148229
16.801031881421913
17.336510968934746
17.338500290858658
17.263999604495567
17.235198957759625
17.15653359709099
16.682121593734983
16.723590464912608
17.28219520819101
16.826164313808768
17.312756331552112
17.109359489979386
16.756470405745823
16.482680778928977
16.357644846710876
16.266112830982678
16.733069416492306
17.066900414442134
17.334990483546697
17.205797509535728
17.106278497064828
16.957054056955766
16.796592744244908
16.79768581824539
16.83514627962698
16.95453483421892
17.11192340083179
17.22063697111823
16.85320596484944
17.03673766350246
16.59968091667566
17.04343307210977
17.14000742509213
16.83432416477071
17.096374779557408
17.057681701342737
16.861497132219952
17.098027194613806
16.919261254980547
16.828457084936193
16.92607265763103
16.286315506911254
16.84689716326998
16.861063990759188
16.68883076835747
16.876030196183038
17.21396619557252
17.837002227882273
16.535143028639492
16.974137917141842
16.613670701594575
16.756359557341806
16.573363559826067
16.785302851195205
16.744642642960944
16.770709815711715
16.375874469891716
16.258002642703804
16.546955102714122
17.408528995787652
17.177122531948537
16.847632472333267
16.8538798615534
16.94427640102769
16.854481465938704
16.974093655768925
17.34653375410899
17.186624516407587
17.392097713606944
16.931491092881597
17.054912741953643
17.80016940930342
17.220809574845514
16.933709383940972
16.824255437014298
16.978074261591864
16.897978935405643
16.738477714225624
16.83456268666179
17.448962197338012
17.39789494601489
17.432654149993617
17.588472671218437
16.820105939248982
17.147799920090524
17.258792910951392
16.251745640244437
16.18413480924309
15.891489460378475
15.919918725651971
15.831933274469806
16.464408905352638
16.725104684276676
16.482521906169676
16.550463766794184
16.94940756459585
17.09341703408576
16.501232965854285
16.825057365786503
16.935092675060282
17.07276390906553
16.898820113209652
16.807107758789606
16.570549274592878
16.457379862045762
16.490242821679235
16.86844358648338
16.21180036309536
16.660548850247327
16.60717455165215
16.62756511598246
16.643602641329256
16.68788759174904
16.467501624862077
16.75091449232548
16.877836017618176
16.691227439102423
16.3735403953406
16.545947392871916
16.335103327119747
16.46323969447552
16.230483285902412
16.34263181343896
16.407628344575205
16.090988008836035
15.709824244977145
16.0260516459701
16.059256031650815
16.001336690689737
15.906416823721699
15.69332623714569
15.438319614523971
15.514360560903821
16.092852511488598
15.672866734642875
15.492071791113142
15.615339876375902
15.778844410852859
15.890231913219003
15.392750192487142
15.117980634047994
15.197559586536519
15.631620177142496
15.695282828887231
15.98740476182657
15.744700254318875
15.960475871758801
16.022073333798925
15.287473605336407
15.965287155797924
15.721472547522838
15.551226174019874
15.906666500827294
15.39331608286041
15.893006161331405
16.60825716952049
16.100415040788132
16.55728489223949
16.628298395233827
16.03195035397021
16.0682815678157
16.411620184546443
16.500670754198513
16.756058642028695
17.191788192437524
17.100733320775877
16.89185761951523
16.926496746903396
16.694457210945075
16.5820611580536
17.17426753072184
17.127158013172068
17.298309378575624
17.295210240574015
17.04349205089463
16.075829732597306
16.08868739493149
15.669611007257998
16.400440196044638
16.360864328881963
15.501806971335975
16.163210521810385
15.732842684730064
15.965009659413862
15.804256010882773
16.370749711531797
15.79344211075697
15.551741211450965
16.02570599918967
16.405821393407972
15.65570253977903
15.94292566426993
15.272280476117462
15.205454714737868
15.607450416152902
15.29297718764975
15.453950641362075
15.251740251289862
15.209876339512716
15.892215009738404
15.017427158352804
15.00221039613575
15.379617194395857
15.591104030777494
15.522124802505807
15.150909213298048
14.846459431262904
15.28222823181904
15.4649096839213
15.489863047335675
15.519818262883396
15.312740145729821
15.649164971000689
16.28333284706236
15.778033916177186
16.035431017116906
15.697393369076014
15.498332641688524
15.422804946461483
15.346196967653615
15.375821402066785
15.816944832151776
15.348374683821532
15.510920715023191
16.223273070983957
16.08349075734874
15.755206720497384
15.83006772945673
15.370257498035537
15.540488319307459
15.92062813566327
16.38456490580595
16.42772387268455
16.41691660778131
16.470889045768683
16.82463800510524
16.581896680102446
16.78732433831372
16.54499022289618
16.41991507992356
16.455089565969455
16.007639653484677
16.14903152209119
15.883678187595278
15.626619308274247
15.96015516231487
16.053571018558138
15.942049731392544
15.44531317502398
15.490610545510336
15.81098285790356
16.165228338145948
16.395839883697672
16.73801079923634
16.089653359600227
15.964932539906016
16.049417186961556
15.019662190162407
15.692141959771725
15.766514230549923
16.360357118156553
16.05490271346954
16.133566520033845
16.003749051808207
15.975810269888791
15.87327446713783
15.221460658215575
15.340972873228464
15.91975714324682
15.207699774118188
16.196725695673855
15.962370803195858
15.571940035983719
15.505160230178044
15.557797535742035
15.670810363405485
15.651074404949176
15.772367038253973
15.751108735766266
15.916248461158585
15.819820128370853
15.043984126803938
15.96238137011568
15.541486042025854
15.628761040864516
15.90048863125363
15.451948297927753
15.371749611893339
15.340944070419159
15.797100392162976
15.629390251795833
14.96534731796026
15.71365830092696
15.448222118597508
16.4710461652004
15.957867437669519
16.18641788409189
15.759229333366818
16.080629877957097
16.12725866077294
15.253650430051538
15.892332479022334
15.188571408656083
15.565550653728142
15.247190552913345
15.220053236728985
15.32227389345043
15.34717043277052
15.406467234495015
15.37287640137433
15.025810131420458
15.511423131601592
15.424632109883795
15.611320641462191
15.29920337525696
15.574263487151601
15.23606817494632
15.551530467195624
16.020153579943045
15.91166967267263
16.210806189119303
16.24293303780201
15.68618103644943
15.727800936132418
15.878141795522074
16.275574564203154
16.17242800778798
16.02425730595309
15.891507190072065
16.086152816232126
15.411084042784754
15.301000762840438
15.2671824254608
15.207591310045784
15.561462334457259
15.265450825837343
15.299018624898375
15.417986205996288
15.520748429095816
15.741172030798973
15.701031632256056
15.940186339625456
16.14367496239221
16.827401954963257
16.581173643635395
16.65202350782322
16.398357481912466
16.192142560127966
16.28122193685857
15.760273839679448
16.651283300207595
15.990811943873599
16.089983228430743
17.068801603133473
17.52918239651041
17.266022628363856
16.932874120119358
16.461233566379036
16.334229740647967
16.672428902927855
16.588969922402583
16.729915686740444
16.864830904994534
16.632466701402812
16.49949449064467
16.308371714690793
16.511948518545566
16.24523085531028
16.898386435529588
16.882051386939647
16.662870810922463
17.137733414366327
16.790375733362893
16.71361614860221
16.779316101370352
16.57132763390979
16.593086162983578
16.567186042238554
17.390682832847858
16.973347535172614
17.071869671997387
16.938882689109654
16.661003688568435
16.8803751348212
16.93448841415046
17.12263149863989
17.645207612992074
16.952448911615726
16.617342011007104
17.673368914990277
17.517073133997158
17.297042930437748
17.354630448561203
17.547696351188225
17.619873890277475
17.811870228426258
18.11214718387508
17.632232487497753
17.419652992305608
18.03107297621409
17.216874926856317
17.578369317973657
17.45781568416983
17.67077840422537
17.433869655328206
17.693646172108295
17.241141207901094
17.08936223350055
17.17041570195432
17.18214043343008
17.167098094189956
17.30567045128802
17.27716936660012
17.468885092579935
17.588084571728057
17.444332371730777
17.732656536263026
17.534041098687684
17.444391410983016
17.370582879869946
16.974249890148975
16.78008742189453
16.921552096232755
17.119574863028372
16.975505916723804
17.011203071839414
17.021895331891493
17.421695802870733
17.192824922761258
17.2070607931751
17.6665934258504
17.028154207578698
17.33305791209949
16.866848082366527
17.402872308835317
17.248915159883914
16.875917010637394
16.967865481945644
17.426974819124645
16.879018553865482
17.16744909046564
16.915503906578937
17.233143461034594
16.81746354834179
17.291527954767222
17.310168431358658
17.112648906468475
17.32667729579172
17.17093339310324
17.045804223601888
16.870696601917246
17.032966952951863
17.11385503586387
17.35815158418539
17.631386456546842
17.417517353481436
17.681050073405938
17.671158806297697
17.48696014583837
17.127950712841095
16.926225022991172
17.476723160688607
17.980396941788367
17.537830282442705
17.713301102885804
17.751771827730835
17.615020902248357
17.22612525200781
17.238110335075177
17.237765984484128
17.388339366995986
17.067038327146022
16.94318889076481
17.06359661353402
17.17761083191354
17.044457267690785
16.74510700292991
17.432314867965502
17.226262384141737
17.51319503375068
17.82191504729048
17.443289980616363
16.96027460893324
17.775687313637377
17.454673445170194
17.431933540780246
17.505668767268315
17.895111830622128
17.65241363450904
17.179786270884993
17.435667812629845
17.32535418135256
17.183567128163336
16.984525072268212
17.7967168023535
17.581515778427548
17.918856359640092
18.027217007146177
17.373640507477237
17.72204238573023
17.713218471892137
17.97911046531045
17.11463113927237
17.49340215820679
17.163418380098626
17.46441428046388
17.17851001826857
17.525420749109614
17.51980865251305
17.309727369182657
17.528750455048073
16.99220443288686
16.814411217127507
16.909913868410708
16.92602982657755
17.01512531646023
16.58729441062274
17.03391585721675
17.662087804437515
17.506150623953136
17.784846304450888
17.53123653368321
17.5753901518817
17.476501995026066
17.183561364904968
17.304441452419944
17.598953798059366
17.261730090991204
17.35396098860917
16.952756989698997
17.486858793025842
16.9706512840192
17.430520178103237
17.406155750990905
17.185768024465524
16.976707531828193
16.75401964551199
17.004117150680482
16.854434045495072
16.98292798225596
16.728895658833633
16.561080607310696
16.719397773308337
16.336095180383733
16.480465041163484
16.75949056869011
16.918168006245264
16.937988982081595
16.602623682391997
16.75704897323215
17.231993088688835
17.0421800348047
16.93757935653929
17.434776877413757
17.668341443183163
16.918131716388224
17.084432691581682
17.76154643950946
17.180244682556353
17.393682432879544
17.146652556919424
16.799633004523557
16.947941297067818
16.739886372587033
17.029174780968255
16.908087202589314
16.952039487981782
17.057142061803596
16.798196933662055
17.02593662706093
17.793312010507556
17.127084423314706
17.077353518218747
16.747552159202655
16.77888406916463
17.109709822448476
17.00606202392241
16.67490860703021
16.807501171862814
16.789918173212577
17.306698929915505
17.209929729980548
16.992651107256624
16.790906530777153
17.08979121572205
16.876807918761916
17.126225117918246
16.65289405759885
17.00723472576937
16.743561671681217
16.3467419365432
16.45732617973512
16.526291647063662
17.34921377263276
17.074862072465226
17.224664029928967
16.943217755834542
17.13244313750386
16.513281474449286
16.376415665788983
16.4079535199806
16.688760843060603
16.723939336175007
16.67070663664947
16.080836786700925
16.337105647718914
16.600761512804006
16.371889843652312
16.384921949043605
16.466311627035648
15.875966945316922
16.53721093294546
16.660939793365305
16.35497494460678
16.49763850941238
16.479725324143036
16.686483360265495
16.274074346144644
16.496323964589493
16.339352420343598
16.634450682007053
16.39516994850932
16.62508193398678
16.875853823682228
16.671008858588547
17.014781697260865
17.244671735267165
17.035011349832335
16.606316776018407
16.932748897156547
16.47067177447697
17.39614201692062
16.79867645252955
16.427894529611184
16.58408775704402
16.635716846670977
17.374174507270997
16.718586990462807
16.450708800762722
16.322560957965226
16.460753684582016
16.585156477267784
16.569642626929532
16.24926497761282
16.570281233113253
16.344199612545065
16.338744142592052
16.344846273341286
16.19996641111769
16.728944771363814
16.342118720526866
16.48620128683071
16.34819650971861
16.325725793182396
16.407552496531807
16.969708556483557
16.70815417970653
16.095654573752164
16.426696093733796
16.643141244990925
16.69746747714701
16.307281752425407
16.21855625164223
16.700777855804688
15.950779644718914
16.579042779126514
16.662899600744428
16.635914776152813
16.52341102407041
16.806949131311935
16.717486433732592
16.978520110553482
16.850928229789066
16.772446491519407
16.62172214508555
16.82642435227977
16.678378660151125
16.74908886602274
16.649640082242655
17.171182585135842
17.052030653019926
16.98674124474848
16.570430442141816
16.794058956454393
16.34959922624612
17.051843182179645
16.710519539458232
16.72498750268302
16.668411775910684
16.92070873919874
16.60681473328873
17.041779516087757
16.397436022117805
16.52763090447219
16.513308228268492
16.675736956041675
16.597434878991105
16.36039254040846
16.42592346171709
16.18419289017646
16.387519345060742
16.49027774630227
16.19490292921701
15.721933051149247
16.569323572309347
16.533496353955563
17.08897997090912
16.527352215779803
16.127847035888543
16.406064117974235
16.492845411681138
16.67718275367334
16.496568890319327
16.313272846613696
16.568908649117475
16.48174239662505
16.429551115455922
16.68918804498736
16.624831108880436
16.498950000513794
16.304854684484134
16.443496036914066
16.61122050121846
16.403972225796927
16.3092466204748
16.293196397784648
16.54711150074347
16.503419250844985
16.660055006371735
16.5081703761318
16.764693380794963
16.567413871741223
16.695449624660174
16.4468015076817
16.59518772078499
16.469448539358087
16.53405035657112
16.587647026503426
16.034856545055426
16.640209785395296
16.25811569559878
16.346686710013078
16.40256860230544
16.489329672631808
16.458775286777424
16.792125437569975
16.672238289834613
16.56932206092553
16.50327431377392
16.40943287294143
16.163590127434937
16.583268819713663
16.212478794426257
16.777540392707373
16.942381046285938
16.870405397935414
16.84922468238504
16.83968685927394
16.70082172200568
16.7116726145798
16.782308815854808
16.693750352077682
16.593042452611876
16.855645628979026
16.85203911793019
16.525373697707856
16.795618354121086
16.602132604629013
16.935964171055765
16.617752225380535
16.24401382725647
16.523790090326848
16.10630501495765
16.560081879371623
16.497089937000624
16.633899062016987
16.45920297081079
17.424109333520864
16.331424904228754
16.665774792434355
16.68354450210031
16.751636064572473
16.731128271432397
17.015008827789654
16.794171866403804
16.877329548038762
16.91702509463569
16.767745424805558
17.482820190347446
17.053419292592626
16.724428953313414
17.11730064838825
16.84078428142853
17.295020646751464
17.29924877601022
17.32386353522234
16.749964638319707
16.454194191204778
16.97288972928613
16.72664402720813
16.924071477547567
17.36843517948943
16.976491824020606
16.823389956759566
16.704547539373696
16.69703462242224
16.41010587574986
17.57172574857442
16.665603380105164
16.290606120293617
16.632946172296247
16.571585410129583
16.374107966154316
16.736597563792042
16.305581506479932
16.368848802416085
16.757176539076326
16.813621028253465
17.048787238409258
17.0657201695941
16.227945982733296
17.04739258861065
16.6822114086753
16.908975721116843
17.085853726651695
17.615927983842344
16.695341609010057
16.468721598378433
17.125219388346522
17.344514423329418
16.912540292489037
17.31468840623037
17.14451385377674
17.17226111339325
16.671943328038022
16.861944706715157
16.663787891108456
17.190019439349264
17.03849956293854
17.446228352094572
17.24018262302225
17.22927350412465
17.557591036342117
17.56327383897576
17.41427077491349
16.745073745842085
17.00928022004643
16.995683660998697
16.90640731592552
17.40411564251743
16.548390062808068
16.60367711151384
16.989772128243995
17.28975557607184
16.807701618509803
17.0434687159553
17.21944753901464
17.04615925409504
17.061030070346884
16.940222078772543
16.882113605214418
17.26061132492938
16.869409757253237
16.85531200966573
17.10040144242032
17.15506198118557
16.86053770191275
16.79053774565637
16.80135195096957
16.932180711827577
17.02778742025623
16.739168311454108
16.686424186906038
17.06247802434118
16.502311035288255
16.67537381673061
16.76850166758171
16.484129784208115
16.265993332150213
16.806123637046547
16.635766020754755
16.282401291358266
16.978151806692708
17.127241047009267
17.175232229686365
16.623449422274074
17.024851399547927
16.895922480200507
17.167362828799885
16.99777915879801
17.14834020734232
16.265948290902337
16.69090590981699
16.60789939528293
17.1041286751932
16.502500718588383
17.281212408772348
16.970275135053566
17.06260098760143
16.852216114105158
16.567459999763432
16.680250679594096
16.572696216752828
16.62995937361265
16.848519176690953
16.653104034441377
16.87393337735424
16.549333999914015
16.314615017702252
16.579964820186575
17.17520337959685
16.234449126665393
16.593603832124955
16.26411216503226
16.340549987056118
16.593083896908198
16.08783876239468
16.462314055624024
16.58744559805909
16.611178491896297
16.813725546375625
16.63777388452788
16.73849793833789
16.731497587698613
16.413647944245334
16.74111143367124
16.488660294798308
17.152522593965717
16.81493561054971
16.749208492564865
16.093500578528662
16.63200062699227
16.202365529186714
16.487996578307207
16.38564545325654
16.297854361935602
16.442380655869822
16.41540385967364
16.633935711350627
16.55716599270049
16.117376346999414
16.19858337399949
16.36150787158084
17.033306228392313
16.875786218716293
16.636899529570346
16.578645958834198
16.410262649589452
16.406017456576183
16.47468466022099
16.559385461462558
16.43322568756075
16.082019388994024
16.4570761406983
16.37300327404898
16.336653023849106
16.35984681659184
16.39139688718796
16.28805499162577
16.313786093842275
16.958818231878766
16.56219929952061
15.570337199377809
16.717191949654516
16.770283278291004
16.127537541373044
16.24045656190877
16.004110891154657
15.993867586559574
16.035984059523877
15.717672568329814
16.29484739773251
16.317000938395957
16.059070308530618
16.50440923056618
16.2053305010165
16.7798208936248
16.72077145313054
16.782747196903586
16.928308947896117
16.243160250065714
