16.550149844286516
16.854346407791837
16.799952418159272
16.76086636008969
16.372684697470415
16.475458197214607
16.50678041356292
16.562134292456772
16.389665807150866
16.731917675601817
16.528437873122897
16.30136350758356
16.499758504306
16.53342574869755
16.45515378837017
16.58848480151926
16.165654264405834
16.430611157510135
16.567920643143534
16.45202404770557
16.389681046563553
16.697542742888576
16.68356362485928
16.552303421731533
16.391295102926208
16.448188355451315
16.383291438897743
16.498308991241892
16.40706853404145
16.41653780406399
16.784344574972092
16.394559315926937
16.433756503297786
16.498697984872926
16.597689960342723
16.393878902657104
16.6249796478056
16.44118328874191
16.78277733339636
16.424550687830287
16.275004913913968
16.53706755564721
16.219766743501662
16.66464160585538
16.633139611477265
16.62138475135798
16.59908891960012
16.508266358397847
16.435293891127113
16.603369512419743
16.577799545919245
16.488691210010312
16.47626790557891
16.45405351079167
16.617948014929926
16.379593960488865
16.817171391935215
16.512144166213403
16.417322026738958
16.372002877105597
16.22872078708292
16.552666081064224
16.763496670074776
16.464936712104027
16.32951006116244
16.387890740398742
16.755365475311958
16.590761565461367
16.670756247765404
16.565883117648116
16.186331076180224
16.340367023224882
16.754960463566295
16.82165668868198
16.523495044244793
16.66663713086403
16.655948366060713
16.681588761617448
16.505354321971435
16.24699470496825
16.621070594870556
16.969995089078154
16.708180222809208
16.665689466414385
16.579825422905166
16.334082575018673
16.47865286373477
16.589318440117772
16.576560397498906
16.516427889034293
16.611482276114227
16.52710271409552
16.525957835351196
16.863978110371114
16.439121878063105
16.274954034299608
16.516188359921745
16.45590570259737
16.53273508849192
16.47998763086335
16.779729046652275
16.702110757374776
16.328801812763672
16.609001592156385
16.767509798694974
16.494869401041292
16.132936919080024
16.3713365103701
16.311619699880055
16.244414677672648
16.631211728692996
16.39347806646432
16.409415913613923
16.603687125157798
16.462624742770302
16.51632398375386
16.554978668328868
16.676511859431578
16.313477379001814
16.566820649723358
16.68226402260029
16.63494343204152
16.369891347934587
16.649828691337884
16.497319733730453
16.932726686252245
16.438155396327677
16.434648479776556
16.455834454291594
16.526648847305914
16.483911709997745
16.542980667537165
16.214262985100774
16.60746784595881
16.388762284317814
16.275186190226865
16.29701422269556
16.41717059482654
16.8326024026734
16.526454704510577
16.24776090008451
16.25335642306525
16.36138757182164
16.518343149973866
16.370449237556354
16.233373904958587
16.523907117882718
16.31322967824824
16.53929222073298
16.414072796838642
16.414836853496375
16.555754053194264
16.441053152377393
16.098264580080986
16.298501805848762
16.21156224675269
16.76478686772209
16.645903186113024
16.61642543429412
16.60205695946707
16.666324914858347
16.24793076107368
16.72200173851863
16.519334038442416
16.349799138908786
16.38687084566783
16.732859811046485
16.83791744649742
16.56520366588864
16.66192497124729
16.681917428334
16.44052313950203
16.721642874667037
16.57175021979713
16.75443944897568
16.307067383978577
16.65749587227522
16.62993228693964
16.679868260492796
16.65267621302623
16.173600106751337
16.062138141452746
16.445798240734018
16.317671074348993
16.29293730459192
16.539128879820932
16.464212530703765
16.27154602009544
16.455175583601388
16.40741068795141
16.401975684302023
16.50314242691536
16.69729178691334
16.238719333548893
16.428471510753813
15.949171361307645
16.439934792347234
16.2905812214109
16.385619862504797
15.914012975645008
16.050094487446003
16.160843629507443
16.41844015402553
16.433798371410496
15.93851645977861
16.14412938565781
16.725996488966356
16.173508852885252
16.429298927078943
16.407089254525534
16.478283387653914
16.424460591492615
16.03275232421356
16.799229797374856
16.40021376521188
16.24225977352281
16.539725019044663
16.229344412602526
16.907126822157263
16.289786599090085
16.240473634411806
16.64235583614084
15.9804251883062
16.488135092229275
16.154718268906056
16.127312087535646
16.211113441874236
16.043196863788925
16.720423635933628
16.995694556121755
17.01070501704267
16.89280251438057
16.15006011964472
16.675211638083912
16.56972399619081
16.580690635304077
16.47014021358189
17.013706500910626
16.59800237708787
16.44370153150882
16.493851358457892
16.3383119932312
16.754092577546192
16.512497053724253
16.614155039820407
16.688153928757824
16.644979076982448
16.68071746737271
16.61167174102382
16.492621170303657
16.602381470968155
16.848742799843276
16.970110581112603
16.406946698247204
16.833371395383818
16.796761849094516
17.140610341881597
16.60378740755306
16.457306851894405
16.21620368928801
16.59075585806557
16.790491202418146
16.576626295210648
16.370372735293884
16.600338592706095
16.219545276210066
16.26140464739262
16.24952270525888
16.27450828889298
16.08688374614268
16.209120073472846
16.345994209384145
16.34945839225437
16.369701595492632
16.189869769403273
16.672419870864104
16.524304617858075
16.4071956604999
16.518183863406257
16.226881502923575
16.583466063340797
16.30005948685247
16.256754977955083
16.2529617488788
16.220562661178864
16.229013674324992
16.68661998756261
16.42554634758032
16.2189671824295
16.592181065503993
16.624467704697174
16.409404390728223
16.42173177899485
16.057030416292893
16.509366144737076
16.32504366252041
16.296722722810244
16.540220092909586
16.63591738403651
16.091443685935474
16.815354507873494
16.359554981092824
16.540436557770157
16.022564176792912
16.419860304046146
16.195987057808644
16.691247567715127
16.772384614514877
16.682916659409067
16.127137076024816
16.580837677267112
16.112054284476432
16.218524528889677
16.332537165024423
16.35975260143832
15.815113287440278
16.22173173638699
16.541779082710942
16.696687137676882
16.267184924311273
15.948478394960466
16.41054137231812
16.527132228525414
16.26052965523061
16.84949964998919
16.8897335212227
16.517760862828776
16.487149414695647
16.633106600285615
16.462208820068717
16.2127818365379
16.245512188348
16.196789573167838
16.366282783634194
16.29931023441296
16.238372997125403
16.286598169854066
16.313183449021412
16.181551859124035
16.166532055907382
16.30472918560201
16.289142161959475
16.555475577874727
16.192467258767294
15.915842712045151
16.49784223188361
16.616014072323257
16.439474423871793
16.568859844622626
16.337462315101174
16.211347314498642
16.2575338715659
16.367681568841284
16.25069183320506
16.738565190947696
16.331956732118353
16.283868516062842
16.34284113417124
16.365568368018906
16.45421708995859
16.36907664725281
16.337065878695366
16.256960464665802
16.273373630760116
16.450504726250685
15.919748241664907
16.381074393108978
16.65728278639915
17.019552177017264
16.583747485740663
16.447502814720515
16.97261470100812
16.711392789874303
16.637936834617527
16.487469117062005
16.295196982930413
16.546687303138217
16.45830630005722
16.374129788681273
16.360019583596575
16.5260016541042
16.37346531310072
16.125436764287564
16.744562949265728
16.54538304906509
16.52248141111452
15.81588089002523
16.626664317178456
16.008205721812597
16.45358318000356
16.562568815231902
15.911811220302038
16.49142875409828
15.965157931701308
16.31431318410531
16.05431991559002
16.360624074632256
16.58021733934027
16.534859246138755
16.62761259953772
16.669291844472518
16.607906587074165
16.680188871361956
16.523690970937952
16.03923378962513
16.23957534907261
16.454155826990498
16.079586942995437
16.760466901026074
16.641966997267613
16.176448644855927
16.566079223329837
16.279256082717136
16.20912962185683
16.198613986169974
15.978754439971716
16.246319787685895
16.373010040184916
16.20998341119929
16.219227857206373
16.629245828306907
16.532720027638405
16.166344378734536
16.36145303318057
16.147392417979884
16.168366540824014
16.272412376585823
16.58824071492074
16.15833847685843
16.386005364488213
16.394358709729364
15.75536751752609
16.496303063609826
16.40268706340708
17.01468993844079
17.108739190604663
16.622433701603565
17.15472103193842
17.173016402062213
16.96986174240247
16.82055228741361
16.85572817664385
16.348106383035148
16.633002251137317
16.782864231932074
16.2527864901488
16.172581861614844
16.596432767134633
16.734334935741607
16.249868490362708
17.022431827663368
16.976934816171926
16.53980501037222
16.721672815063815
16.277537671167742
16.381321303706482
16.476636564657028
16.62634072464119
16.37118944745103
16.52214416673298
16.5667938026142
15.97374554054021
16.722375975976572
16.1743578121842
16.075992968495832
15.774268285268848
16.5008791062054
17.00004048676864
16.192327925935775
16.396062656095044
16.4770033431555
16.414087111514004
16.330296393782216
16.892167796701784
16.78679821566513
16.890816956818867
16.536387191554336
16.246416454891907
16.397376710203456
16.693879698782006
16.423541338482696
16.526976029482743
16.71084433944205
16.45608851628419
16.32926093845773
16.453947972261687
16.59363691737431
16.939940615211608
16.671262021024095
16.495438155330245
16.70480980294817
16.598410908226146
16.73222586113964
16.41288567154835
17.035995860490598
16.775103818279916
16.563196093826594
16.564739382986847
16.64220276925318
17.074501106563122
16.550875273251656
17.181572563991065
16.799568984473105
16.173381641959576
16.5655458058712
16.94552315055338
16.405073543861555
16.982436109365878
16.13764023044723
16.40173269905232
16.50233528821947
16.61533036554911
16.486789147348922
16.44300258025165
16.670981370303178
16.301425275200007
16.55022136040973
15.77829488443366
16.27595892123595
16.42500796818846
16.760936595300684
16.373605159083056
16.331958184725625
16.61447981593561
16.72361353405884
16.45991152727449
16.13393602031639
16.596504124971464
16.72184481035722
16.66242437448482
16.172767709705642
16.281641409425845
16.075114598558404
16.274611119694924
16.31302689805344
16.218571640906138
16.2822714914677
16.076657677068425
16.611661154677584
15.582450858693898
16.18979150930362
16.370826433258937
16.66678277935839
15.773223430046054
15.951140119498797
16.111470596182073
15.944440543320354
15.949824847037476
16.25637963937503
15.902413153258122
16.20671721552476
15.901278054709387
16.415593751353814
16.69473983046338
16.585291454588422
16.23826053134299
16.71711490159171
16.023858025683804
16.265644924744993
16.882830120737534
16.733205338467307
16.269167998574687
16.030028108653052
16.211594803098226
16.278908658535574
15.77519735519398
15.842597795864553
15.770942152025881
15.32699600409642
16.178567809761727
16.39310242801247
16.157926909335423
16.011815221118734
16.022127359578914
15.572898577893012
16.00574176772915
16.28589599805801
15.886021163260976
15.717268915011811
16.309562759805377
16.12116829730925
15.745471500463283
15.960314749107754
16.397379933212406
15.87899369704978
15.913014027894821
15.623443851327298
15.335690369789702
16.04505614930615
16.128919708174546
15.919004802705107
15.816389102377556
16.030592229407475
16.029550387665
15.956131982426
16.04571702891718
16.398515801694256
16.12896144222161
15.912657380257516
16.882948310426315
16.057861352618314
16.6174679807395
16.428910807079557
16.05016851405839
16.419396443069704
16.263624602717176
15.733938548692107
15.85744422848984
16.77048151646887
16.649229111637737
15.772743635265657
16.038387958488155
16.004052506003323
15.386289834394825
15.938394992899928
16.065439888826486
16.009106096244984
15.684828133895754
15.839412911963125
15.941018733476932
15.999554650242782
16.21142062481471
16.328179230154166
16.223022041566757
15.728883981091958
16.22999999504178
15.665631005416309
16.71013846323364
15.934341014749576
15.977161651529691
16.158699412958224
15.979855247530967
15.674437688811247
16.49705287666568
16.23111063980842
16.13031221470643
16.27076076840313
16.08831212057187
16.8063777164212
16.20177686558099
16.325023432402975
16.199237572804748
15.859778394026236
16.244405568491004
15.80216254172001
15.088599502893542
16.168622797541094
16.396139711758643
16.361478680565963
16.799543373518542
16.989814099992927
16.121277538673105
16.34546598310187
16.060527612670388
16.718181027974484
17.01155429964116
16.061393391941312
16.44110666761405
16.672547085983673
16.03521333813934
16.289721058539175
16.586219813260552
16.758244031577494
15.820475031647046
16.221017124560298
15.945436161189667
15.914922440510015
15.748280674222725
16.119118706778302
15.784619396764352
16.51919355453333
16.32271801548999
15.584607861801135
15.507325023612204
16.046114516587284
15.531950612091226
15.623568987920448
15.85130332856929
16.06116492677356
15.932180724582416
15.463986062979973
15.955967016366442
16.335411788146185
15.540136879099576
15.668679106917171
17.056515469979573
16.416543504643933
16.62856372316957
16.32555348471669
15.767361468758509
16.396458377684233
16.167122075128443
16.35303163701846
15.77792847957216
15.964343245695908
15.194102407586039
15.958650692405353
15.434743579028591
16.16065583331068
15.887967721111135
15.540244950006883
15.38160951176463
16.03919633393239
15.60709313118268
15.504355833916524
15.999432421639954
15.938834956203593
16.209766851326723
16.73908588708012
16.58766044902102
16.66590411087043
16.561622250237214
16.134146533684927
16.490288043117474
15.8921433084003
16.12620770692591
15.938753062618447
16.391822677620873
15.726046032288306
15.87500513800256
16.355260068433985
15.966802066681517
16.46686519889786
16.25259650884098
16.357177298819252
16.28017948571666
15.794795635504945
15.636050883270265
16.335011117588092
15.904528956691243
15.935778272144692
15.61766349018437
15.813618922734461
16.16337313060766
16.060201860545643
16.07176251590227
16.021784545588748
16.293287966223364
16.29901151237957
16.50656734408824
15.522101378488463
16.197079034299772
15.916428058328934
15.848145880990058
15.664940401411707
16.120930765210797
16.24154521455496
16.383289533872343
16.32670327617329
16.340810791480692
16.81938328721348
16.345046874682822
15.61578604446782
15.93826339435888
16.165459990534934
16.200041029191063
16.176626928148856
16.64171395337924
16.054716202541766
15.89774608482374
16.334079294708605
16.03284469061328
16.264381890295578
15.959370524772114
16.19199397269167
16.641410034022588
16.524983668879308
16.36798073085154
16.150726219426176
16.1151117544634
15.878826124903329
16.287373146946514
16.512386541812496
15.949691551083118
16.116567443354537
16.272548266922872
16.08165991779573
16.778720221507516
16.430751849954436
16.58066036329396
16.668567291158304
16.034058851388174
15.565615996924134
16.009068804482894
15.877614931430982
16.13142196803895
16.773257800932132
16.605101998775627
16.993985493123247
17.027860997263147
16.41342597647794
16.815799643760567
16.9775088605431
16.582407642339312
16.606788498033673
16.46141282308802
16.511999173705664
16.783577189358432
16.832269630385476
16.249034333652542
16.451173986048317
16.902636379182336
16.529050152237012
16.663034670636883
16.305092710868074
16.0110312185813
15.985765020653147
16.398447840732405
16.40425795849318
16.69492669392997
17.036099824243056
16.358193374399566
16.68669594566473
16.565565142038675
16.3766695399568
16.073099027496042
16.11903185671067
17.05663929381401
16.920723026140298
16.43501674579052
16.729574334398688
17.07340219256189
16.281639774531204
16.93414936252852
16.718884993746425
16.934914184357726
16.577021935606222
16.457419498291497
16.58544926610132
17.34075556775711
17.153910870737466
16.628676165900455
17.350640339993262
17.276410401956927
17.149715301494037
16.69906424065588
16.98375114565527
16.320003283169925
16.451727605607648
16.430042259385804
16.50371272945402
16.214543005206217
16.22058714087752
16.065515144555185
16.33501902525963
16.55937996174057
16.942876010102648
16.697575473954817
16.667276998157778
17.141353031954086
16.424424915699763
15.982982120613746
16.166241057377484
16.286264871494787
16.222409365427897
16.30272216887932
16.234529176783667
16.41061939220395
15.854391883623185
16.495760071399534
16.39013762807475
16.123791969247623
16.723228397011827
16.353059928763816
16.673995601934898
16.761967305625955
16.628989114066098
16.037613815868976
16.21393016634422
17.41606090456502
17.140832580942366
17.356362289585814
17.284522113344735
16.902108501124804
16.933226746142104
17.205499726370785
16.49779742808591
16.31833313038206
16.51812807353025
16.721730766933
16.649800974620426
16.097401938887145
16.652731083504055
16.814007667847175
16.114733809076963
16.629797932913547
16.265719328686323
16.47823678162075
16.45888027527265
16.916277667944986
16.43166327662257
16.58577315865656
16.949558738272167
16.978001763433067
16.824466472734645
16.080937912185856
16.266289703634186
15.88521636016255
16.211794846383455
15.74909381414924
16.013111225985458
16.262172849910666
16.398980320191388
16.814783312854214
16.476315208375095
16.160270712287044
16.200783276301223
16.815055790027067
16.529298484732806
16.782435880481977
16.289616354996806
16.027537914073037
16.489757719105675
16.2722335444264
16.44426235245215
16.10446001033171
16.350901347795713
16.615039168508513
16.44683097692214
16.27267589549825
16.31597110646587
16.58206389713039
15.830947943395856
16.396872054973684
16.31880576751202
16.523639975993504
16.301421624294733
16.622854735185975
16.5755398552661
16.730887023664994
16.562852787351325
16.731234101380814
16.74346105005302
16.89997171004897
16.533703040400816
16.781464439438977
16.637063524460725
16.223554802185713
16.63261188571691
16.229458258038065
16.981024085239987
16.719854114527497
17.101971128178494
16.82626228714484
16.1577329661306
16.281887141258895
16.24275239538787
16.48399988074707
16.607777004543568
16.443092530621826
16.337548000379734
17.119924023041342
16.862046712638143
16.572928488054675
16.433523834676244
16.34609667669395
16.66926161634039
16.08610642391933
16.43588895346125
16.093884739652175
16.143258874185147
16.320915161154
16.64298378392383
16.12009187647461
16.35334261211647
16.060683448702864
16.82445004788292
16.73881316171783
16.865455893260144
16.51997652210953
16.71060432690939
17.05958213464045
17.445639635152325
16.67252860194151
16.349819342288175
16.470334164708042
16.19559832946821
16.332103893522348
16.3744284742256
16.186960836319916
16.01276540743847
16.338261227443418
16.55956654810576
17.174973997122912
16.24368325918911
16.274864207961052
16.546318966050517
16.725437610292747
16.619196670375718
16.552894580213927
17.118412130149583
16.175948391642258
16.44607533960096
16.475696575820685
16.46793263066477
16.552598005838224
16.489289591307926
16.520525578058145
16.05535516488119
16.747117344494722
16.162099358626442
16.77432669210979
16.32616024698192
16.715460515173884
16.998139384393493
16.10985286429027
16.24260187893625
16.59356381025962
16.08961912731307
16.585893909363612
16.00728931301076
16.549650610045727
16.896177022357083
16.413529863024987
16.373930050780817
16.64196806296034
16.61904263560014
16.58755188359364
16.450923187118825
16.054405721955046
16.112780467774122
16.43292727645716
16.060545129547005
16.313580396035643
16.67221029873107
16.627738562516498
16.605288037074047
16.673948476380545
16.069593922016374
16.153548246186116
16.04164623511464
16.182673784548832
16.49062897634407
16.75739113917591
16.29622018485478
16.250262303261476
15.853644474591587
15.999785659617292
16.251609917245304
16.452891078063796
16.709748041859907
16.670168005826802
16.59047704371763
16.402033937421045
16.441688797454695
16.02708362025211
16.076179300942332
16.030281961987324
15.497805809312895
16.08034285348072
16.300989604382146
16.42669451526135
15.476265395042095
15.960430659120906
16.032216155940922
16.04973460997421
16.018131327477388
16.022407475171836
16.133546811732824
16.402701554918295
16.52050628236837
15.943354983710952
16.054747512915423
15.974562178371414
16.411705742424004
15.83903571167996
16.38125319432569
15.879757116425724
16.32654736739355
15.919570399219216
16.272771844851572
16.347847014025277
15.881445099092762
16.40785913648668
16.90319973627184
16.58369185368699
16.18125086077478
16.296000578097573
16.413352075627074
16.561458083200026
16.477902985373504
15.928368955733578
16.0552069002586
16.38843103539107
17.07782973213032
15.986616298672596
16.4608121965666
16.516429836534297
16.359611262575424
16.048526650951597
16.403452566165477
15.882204652269165
15.766024977115167
16.19461409818749
15.74672725662578
16.36965291740751
15.878832505543619
16.283856554787768
16.191533018485003
16.390576676212902
16.468930501684625
16.46339533848425
16.20550532438249
15.908376416695384
16.278173423922556
16.078349961455572
16.318821416450465
15.885511213189911
16.870985798642316
15.931053957740636
16.372712742354437
16.42687265768255
16.269452717174133
16.241046866079568
16.436512455466488
16.341361665604953
16.27206113822491
15.932393950823542
16.053445777285734
16.320059390788817
16.832940613016095
16.462117710262074
16.904033458361955
16.07892232581095
17.037256769603342
16.573476131154308
16.23072722259506
15.451581714511827
15.837281778944394
16.294503969705396
16.45650816945762
15.756123953602382
16.27304985565651
15.851804323689143
16.15671452861016
16.21890850538329
16.35082152487969
15.837168750912468
16.040466555027155
16.181586765991682
16.284675460599633
16.613892398569487
16.35646032182188
16.124621842013788
15.992121689565725
15.725995207963521
15.830390860848455
16.077950526320254
16.091591045638392
16.32837239451137
15.84224477265657
15.98292077754509
15.843234943046665
15.908833226007198
16.23597504512252
16.11034939973115
16.172157223237477
16.27141801219785
16.235553710175687
15.870255618218723
15.978320636242284
15.848533453799593
16.47109686136021
16.306812329271036
16.44165870919228
16.651014839070037
16.522121681691413
16.27690040979925
16.553705174016898
16.248056744346435
15.910370934969007
16.11717362134602
16.65371031865592
16.565605067754294
16.406885716155397
16.45354765504966
17.082397618722137
16.274862996951065
16.32952790431592
16.240961143758557
16.59938592257845
16.477897006124575
16.2217890296248
15.954969037205258
16.264263444838768
16.361810840172403
16.112966405957575
16.254381088586214
16.21311845954771
16.41680257200937
16.39472856016234
16.250588841622005
16.367168351286352
16.362105229809
16.46554907543121
16.08877338057043
16.47865056463086
16.341814046554955
16.38771361144975
16.15553953163149
16.508746194826514
16.541297571815075
16.537681949947125
16.169118135797536
16.14651818121791
16.253282537630266
16.493808314547184
16.123291878738257
16.34078443240613
16.357711967519617
16.550588567132603
16.218026183839953
15.979922380330322
15.612870008995918
16.419606825472766
16.416346732536496
16.587971994005215
16.20934670159726
16.235682432093533
16.811467501708584
16.39473600103323
16.89417601069875
16.45938890637489
16.207564861704345
16.16262561437118
16.067148857678536
16.167421309187464
15.983513163668052
16.34048502712962
16.58593742280521
16.44313783099524
16.14490198614743
16.68087401876307
16.061297106419183
16.716709496105473
16.37695766916987
15.803377223907956
16.142599040336684
16.467293218360062
16.32673578484445
16.283375466005236
16.031582811096904
16.02328891818327
16.549089076566823
16.441731347848627
15.941350964363497
16.284235430821862
16.3454403407518
16.322142433364675
16.007167432525144
16.41843712744883
16.05036022561428
16.304811205183704
15.901219845436414
16.058487920169917
16.060798274262424
15.964200864469875
15.195281521949603
16.320903041651757
16.125897976799845
16.22382745792083
15.687732985644168
15.725905388858436
15.925335094382563
16.278649095357316
16.42002631815406
16.604705275692613
16.485780339531654
16.20021067337494
15.502270605830887
15.587383844932617
15.853392663953802
16.213517263141092
16.304865905114468
16.31828137278318
15.792174709989341
16.150491247339453
16.788465450130047
16.523395401399732
16.32143182985729
16.315452095376457
16.3651216725833
16.460041324943703
16.20200102831661
16.80304656178234
16.062596781656694
16.0467311344814
16.313633845361622
16.89946588570353
16.539486319957057
15.93291965747613
16.350023711180548
16.456796992185676
16.28931361299504
16.64377905486543
17.205180584729547
16.891934071968304
16.607594119822487
16.120372054886914
16.68131092611355
16.298341354897712
16.3789732837674
16.213579380524564
16.298856610734887
15.944709484853082
15.990765801212978
16.29947150309234
16.314981518962824
16.156976905584973
16.367540931033204
16.569191656186096
16.065392143107307
16.432792301487382
16.119173520787417
16.28389596413717
16.4652270276345
16.5521129841056
16.56689069464458
16.420562235447733
16.16535007577366
16.296164634117382
16.134167448887037
16.354300253495403
16.367655843647423
16.083394961002256
16.28673741044183
15.998158231328125
16.203402245098275
16.228294109384755
16.37508726607883
16.256771729817444
16.4091155763186
16.411376791288838
15.956963820192698
15.893583552762573
16.83875533954058
16.1989203927866
16.547578803197275
16.820588183064334
15.945312170778667
16.285117097965983
16.616657186555113
16.26145406607966
16.41027620883951
15.772518490492835
16.244957776169315
16.07569309498419
15.888759958017266
15.637547142212762
15.913868499614704
15.859989804935989
15.79053741407264
16.03833316902224
16.400432737264342
15.96779437039
16.31152867547341
16.144188652389737
16.572987308162162
16.398393345375087
16.26580112960445
16.165213158001592
15.955926877569114
16.11303836061612
15.62905707689549
16.129823106385704
15.97658498303843
16.04566456013709
15.398040953243697
15.810865344023911
16.324358035335585
15.569473039536081
16.122631587849526
16.353106222390018
16.00340341348989
16.26770227128517
16.06182788992528
16.185986289824328
16.53142670548823
15.733894944710597
15.903710168850564
15.978364547422986
16.6978006511906
16.276292208801394
15.89249621616396
16.341539103909085
16.434311552461097
16.67359040216887
16.284169293758996
16.2987126932582
16.35972653979606
16.025531613379883
16.107845512764627
16.34225381215819
15.884704463749998
16.759060667873715
16.54337813249719
16.47086773048892
16.150415210002937
16.885111260030357
16.319773049591106
16.057938579213413
15.95872636557708
16.65928777454806
16.126843226172486
16.530206548895976
16.74461664543393
16.42676436767983
16.53584164856721
16.54567728981061
16.707221746500686
16.483955869408756
16.692971350422873
16.819126787368432
16.817285209862064
16.811085614347252
16.393546357272633
16.550698453018324
16.43568991229916
16.276297656293746
16.379904910522182
16.357806439317955
16.29893258014611
16.406830399883802
16.98769724672063
16.845715656115967
