1 0.16387508809566498 
2 0.15986527502536774 
3 0.15485511720180511 
4 0.15763120353221893 
5 0.1555628627538681 
6 0.16550122201442719 
7 0.1751117706298828 
8 0.1532122939825058 
9 0.1578792780637741 
10 0.1675441563129425 
11 0.14786916971206665 
12 0.15829798579216003 
13 0.173629030585289 
14 0.16051509976387024 
15 0.15582619607448578 
16 0.15524111688137054 
17 0.16219870746135712 
18 0.16486285626888275 
19 0.16507871448993683 
20 0.1663876622915268 
21 0.1649998426437378 
22 0.1621873527765274 
23 0.15838122367858887 
24 0.17130275070667267 
25 0.1527305692434311 
26 0.16002997756004333 
27 0.1749744564294815 
28 0.17605899274349213 
29 0.17403697967529297 
30 0.17104579508304596 
31 0.17214030027389526 
32 0.1701316088438034 
33 0.16711725294589996 
34 0.1748393326997757 
35 0.17526979744434357 
36 0.17757445573806763 
37 0.17379377782344818 
38 0.1569289118051529 
39 0.18360739946365356 
40 0.16277845203876495 
41 0.16807681322097778 
42 0.1747134029865265 
43 0.17295615375041962 
44 0.17279858887195587 
45 0.1826947033405304 
46 0.1740000694990158 
47 0.18463967740535736 
48 0.1678241640329361 
49 0.17556925117969513 
50 0.17574037611484528 
51 0.17504380643367767 
52 0.170338436961174 
53 0.1621159315109253 
54 0.17051486670970917 
55 0.17302387952804565 
56 0.17883582413196564 
57 0.18171356618404388 
58 0.18165892362594604 
59 0.1898023635149002 
60 0.17385894060134888 
61 0.17777962982654572 
62 0.1818390190601349 
63 0.1740730106830597 
64 0.1798524260520935 
65 0.17504960298538208 
66 0.17076723277568817 
67 0.18281826376914978 
68 0.17740464210510254 
69 0.1735803484916687 
70 0.16920442879199982 
71 0.17550164461135864 
72 0.18010543286800385 
73 0.17975802719593048 
74 0.1610710620880127 
75 0.18300965428352356 
76 0.1869080811738968 
77 0.1687759906053543 
78 0.16747109591960907 
79 0.17474718391895294 
80 0.16622665524482727 
81 0.16992627084255219 
82 0.16252659261226654 
83 0.16568274796009064 
84 0.16715064644813538 
85 0.17251530289649963 
86 0.17274613678455353 
87 0.16940869390964508 
88 0.18259812891483307 
89 0.1817798763513565 
90 0.1737412065267563 
91 0.18571481108665466 
92 0.17660729587078094 
93 0.17610380053520203 
94 0.16301193833351135 
95 0.16412894427776337 
96 0.1607092320919037 
97 0.16565033793449402 
98 0.1719978004693985 
99 0.16679607331752777 
100 0.1692221760749817 
101 0.16806815564632416 
102 0.17279621958732605 
103 0.17541779577732086 
104 0.17084622383117676 
105 0.17099779844284058 
106 0.18365338444709778 
107 0.1717655062675476 
108 0.17167969048023224 
109 0.17741918563842773 
110 0.18260012567043304 
111 0.18275775015354156 
112 0.16673870384693146 
113 0.16667504608631134 
114 0.17219817638397217 
115 0.18219372630119324 
116 0.17879702150821686 
117 0.186271533370018 
118 0.18598833680152893 
119 0.18244397640228271 
120 0.18382413685321808 
121 0.18776893615722656 
122 0.1746331751346588 
123 0.18058457970619202 
124 0.1924511194229126 
125 0.18787607550621033 
126 0.17686815559864044 
127 0.1765766739845276 
128 0.19093841314315796 
129 0.17702993750572205 
130 0.19491152465343475 
131 0.18515028059482574 
132 0.17713947594165802 
133 0.1777828484773636 
134 0.17186099290847778 
135 0.19913427531719208 
136 0.1787806749343872 
137 0.18075601756572723 
138 0.1748734712600708 
139 0.18576258420944214 
140 0.1844300627708435 
141 0.1779899150133133 
142 0.189247727394104 
143 0.17924121022224426 
144 0.18426841497421265 
145 0.17327184975147247 
146 0.17464329302310944 
147 0.17160792648792267 
148 0.17865349352359772 
149 0.19086329638957977 
150 0.17806261777877808 
151 0.1957777887582779 
152 0.18686076998710632 
153 0.18884338438510895 
154 0.16593080759048462 
155 0.18038129806518555 
156 0.17085695266723633 
157 0.16733933985233307 
158 0.18271730840206146 
159 0.18631421029567719 
160 0.22594526410102844 
161 0.17978467047214508 
162 0.17889799177646637 
163 0.17514340579509735 
164 0.1862657219171524 
165 0.199874609708786 
166 0.19362731277942657 
167 0.201802596449852 
168 0.2169429510831833 
169 0.1967715471982956 
170 0.19106929004192352 
171 0.1870262622833252 
172 0.20390650629997253 
173 0.19251158833503723 
174 0.19852215051651 
175 0.19963477551937103 
176 0.19868633151054382 
177 0.21120138466358185 
178 0.19423116743564606 
179 0.20525868237018585 
180 0.20154082775115967 
181 0.19852754473686218 
182 0.1968386471271515 
183 0.20447061955928802 
184 0.1840597689151764 
185 0.18519464135169983 
186 0.21118497848510742 
187 0.21158061921596527 
188 0.19632533192634583 
189 0.1887671798467636 
190 0.20308806002140045 
191 0.19446198642253876 
192 0.1961248219013214 
193 0.20726516842842102 
194 0.19847413897514343 
195 0.19466355443000793 
196 0.18015901744365692 
197 0.21700946986675262 
198 0.19896918535232544 
199 0.18881571292877197 
200 0.18664823472499847 
201 0.1999693512916565 
202 0.2017456740140915 
203 0.1963045746088028 
204 0.1765844076871872 
205 0.19253166019916534 
206 0.19576279819011688 
207 0.1848124861717224 
208 0.19085416197776794 
209 0.1972089558839798 
210 0.21443872153759003 
211 0.1950267106294632 
212 0.20547518134117126 
213 0.21047106385231018 
214 0.18523523211479187 
215 0.21324126422405243 
216 0.23220737278461456 
217 0.2541154623031616 
218 0.2212049514055252 
219 0.2193102091550827 
220 0.23254910111427307 
221 0.21704697608947754 
222 0.22774210572242737 
223 0.23655910789966583 
224 0.2397904098033905 
225 0.2139580100774765 
226 0.23073431849479675 
227 0.2344304621219635 
228 0.2516885995864868 
229 0.23911415040493011 
230 0.23824824392795563 
231 0.2270599901676178 
232 0.23174066841602325 
233 0.25375795364379883 
234 0.2206961065530777 
235 0.2254437804222107 
236 0.2243243157863617 
237 0.2502051293849945 
238 0.2161082923412323 
239 0.24686898291110992 
240 0.2216339260339737 
241 0.241891548037529 
242 0.22791196405887604 
243 0.21232935786247253 
244 0.24977707862854004 
245 0.2283945083618164 
246 0.2275458723306656 
247 0.23562383651733398 
248 0.22765932977199554 
249 0.22331225872039795 
250 0.21782858669757843 
251 0.23371292650699615 
252 0.22994543612003326 
253 0.2205735296010971 
254 0.2235221117734909 
255 0.24495205283164978 
256 0.24497570097446442 
257 0.2255430370569229 
258 0.25094276666641235 
259 0.22943845391273499 
260 0.22756068408489227 
261 0.21677245199680328 
262 0.24296614527702332 
263 0.21872417628765106 
264 0.21892553567886353 
265 0.24365326762199402 
266 0.2624947130680084 
267 0.2241840809583664 
268 0.2597918212413788 
269 0.22832900285720825 
270 0.22341488301753998 
271 0.22986675798892975 
272 0.23106598854064941 
273 0.24498221278190613 
274 0.22660720348358154 
275 0.27749431133270264 
276 0.2550475001335144 
277 0.27718231081962585 
278 0.24161304533481598 
279 0.2537716031074524 
280 0.2671636641025543 
281 0.279029905796051 
282 0.2515130341053009 
283 0.27214571833610535 
284 0.2862013280391693 
285 0.29912811517715454 
286 0.2743736803531647 
287 0.29762598872184753 
288 0.28417086601257324 
289 0.27092602849006653 
290 0.26267921924591064 
291 0.2843233644962311 
292 0.27065449953079224 
293 0.2700318992137909 
294 0.2728798985481262 
295 0.2733038067817688 
296 0.2545163631439209 
297 0.26302558183670044 
298 0.26557666063308716 
299 0.28160738945007324 
300 0.28303423523902893 
301 0.27293482422828674 
302 0.27056729793548584 
303 0.2764526903629303 
304 0.2513574957847595 
305 0.26258930563926697 
306 0.27979376912117004 
307 0.27932992577552795 
308 0.25714758038520813 
309 0.2673169672489166 
310 0.2520432472229004 
311 0.28697988390922546 
312 0.2805846929550171 
313 0.27831608057022095 
314 0.26858454942703247 
315 0.2780897319316864 
316 0.28823429346084595 
317 0.2654861509799957 
318 0.28054356575012207 
319 0.2646416127681732 
320 0.2848690450191498 
321 0.2837689220905304 
322 0.27011939883232117 
323 0.2774757444858551 
324 0.2846873104572296 
325 0.23719915747642517 
326 0.25786730647087097 
327 0.2562325894832611 
328 0.28937283158302307 
329 0.27626293897628784 
330 0.2696393132209778 
331 0.24722515046596527 
332 0.2877603769302368 
333 0.256361722946167 
334 0.284742146730423 
335 0.28320959210395813 
336 0.29013484716415405 
337 0.2564919590950012 
338 0.2791935205459595 
339 0.2467024177312851 
340 0.28516706824302673 
341 0.2785787880420685 
342 0.2780551314353943 
343 0.2569078505039215 
344 0.27570146322250366 
345 0.26243603229522705 
346 0.25858476758003235 
347 0.29335343837738037 
348 0.2982604503631592 
349 0.28424161672592163 
350 0.32718902826309204 
351 0.34069257974624634 
352 0.3692919611930847 
353 0.3370588421821594 
354 0.38022366166114807 
355 0.37049636244773865 
356 0.35193488001823425 
357 0.3459582030773163 
358 0.3407854735851288 
359 0.3304014503955841 
360 0.37285923957824707 
361 0.3982870578765869 
362 0.3384758532047272 
363 0.3413260281085968 
364 0.37665855884552 
365 0.3239235281944275 
366 0.34848552942276 
367 0.38244739174842834 
368 0.4106256663799286 
369 0.35181477665901184 
370 0.3278157711029053 
371 0.37430959939956665 
372 0.33119404315948486 
373 0.33877885341644287 
374 0.38102394342422485 
375 0.357902467250824 
376 0.329531192779541 
377 0.32615065574645996 
378 0.34149861335754395 
379 0.3477981388568878 
380 0.32812830805778503 
381 0.32992202043533325 
382 0.37419167160987854 
383 0.36258795857429504 
384 0.35495567321777344 
385 0.3377695083618164 
386 0.34583401679992676 
387 0.3727244436740875 
388 0.38402366638183594 
389 0.3934371769428253 
390 0.38372305035591125 
391 0.3780081868171692 
392 0.3639117181301117 
393 0.3721313178539276 
394 0.3639993369579315 
395 0.3457743227481842 
396 0.380844384431839 
397 0.33467358350753784 
398 0.3575294315814972 
399 0.3737581968307495 
400 0.35855674743652344 
401 0.3151262402534485 
402 0.3814316391944885 
403 0.34826532006263733 
404 0.3652317225933075 
405 0.3868161737918854 
406 0.3386584222316742 
407 0.3344951868057251 
408 0.3641456663608551 
409 0.31051093339920044 
410 0.32043859362602234 
411 0.322113573551178 
412 0.4030332565307617 
413 0.3724801242351532 
414 0.32265910506248474 
415 0.3600340485572815 
416 0.3206859230995178 
417 0.34411776065826416 
418 0.35388094186782837 
419 0.36766910552978516 
420 0.33891206979751587 
421 0.3224201202392578 
422 0.3280402719974518 
423 0.3074956238269806 
424 0.36158886551856995 
425 0.5464009046554565 
426 0.614266037940979 
427 0.6195686459541321 
428 0.6242507696151733 
429 0.7232654094696045 
430 0.7646969556808472 
431 0.9232746362686157 
432 0.9192913770675659 
433 0.7997726202011108 
434 0.7584180235862732 
435 0.7196089625358582 
436 0.841949999332428 
437 0.8836027383804321 
438 0.9674122929573059 
439 0.8432371020317078 
440 0.9015825390815735 
441 0.9891032576560974 
442 0.8450342416763306 
443 0.8512722253799438 
444 0.8047854900360107 
445 0.7945743203163147 
446 0.817772388458252 
447 0.8478967547416687 
448 0.7247424125671387 
449 0.764689028263092 
450 0.7210482954978943 
451 0.7403765916824341 
452 0.7222498059272766 
453 0.6783022284507751 
454 0.6689843535423279 
455 0.6636082530021667 
456 0.7065343856811523 
457 0.689257800579071 
458 0.7577874064445496 
459 0.7402707934379578 
460 0.8438869714736938 
461 0.8081484436988831 
462 0.7886532545089722 
463 0.8588181734085083 
464 0.8515207767486572 
465 0.7708144187927246 
466 0.8179455399513245 
467 0.7739368081092834 
468 0.756208062171936 
469 0.7742040157318115 
470 0.7904736399650574 
471 0.7731939554214478 
472 0.8080639839172363 
473 0.7996111512184143 
474 0.78607177734375 
475 0.7719311118125916 
476 0.8894850015640259 
477 0.8536758422851562 
478 0.8223685622215271 
479 0.9050025343894958 
480 0.9131408333778381 
481 0.8779599070549011 
482 0.8337673544883728 
483 0.9130024313926697 
484 0.722052276134491 
485 0.7810527682304382 
486 0.8075168132781982 
487 0.8047529458999634 
488 0.7915052175521851 
489 0.8032156229019165 
490 0.8173999786376953 
491 0.8258873224258423 
492 0.8703147768974304 
493 0.8859556317329407 
494 0.7112481594085693 
495 0.7643074989318848 
496 0.7288876175880432 
497 0.7597763538360596 
498 0.7127805948257446 
499 0.7473007440567017 
500 0.82142174243927 
501 0.7688779234886169 
502 0.7868180871009827 
503 0.8093469142913818 
504 0.7215883731842041 
505 0.7725121378898621 
506 0.6722828149795532 
507 0.6698299050331116 
508 0.6888941526412964 
509 0.6266995072364807 
510 0.7021744847297668 
511 0.7557060122489929 
512 0.7976961731910706 
513 0.7947542071342468 
514 0.9017062783241272 
515 0.9109330177307129 
516 0.9150863885879517 
517 0.9380632042884827 
518 1.0328872203826904 
519 1.032612919807434 
520 1.0628570318222046 
521 1.0916931629180908 
522 1.187554955482483 
523 1.1476085186004639 
524 1.1281646490097046 
525 1.0273128747940063 
526 1.0470532178878784 
527 1.0146665573120117 
528 0.9469999074935913 
529 1.1342569589614868 
530 0.9998138546943665 
531 1.0288925170898438 
532 1.0686748027801514 
533 1.0575239658355713 
534 1.0720477104187012 
535 1.1133761405944824 
536 0.9894351363182068 
537 0.9073503613471985 
538 0.9667890667915344 
539 0.9593939781188965 
540 0.9641428589820862 
541 0.9940250515937805 
542 0.9837962985038757 
543 1.038390040397644 
544 0.9462369680404663 
545 0.9022344946861267 
546 0.8733909130096436 
547 0.9427766799926758 
548 1.0032600164413452 
549 1.053313970565796 
550 1.0659103393554688 
551 1.211599588394165 
552 1.088060736656189 
553 1.1559151411056519 
554 1.1133307218551636 
555 1.119722604751587 
556 1.0759828090667725 
557 1.0028009414672852 
558 1.0440630912780762 
559 1.0652273893356323 
560 1.0900577306747437 
561 1.0916545391082764 
562 1.1702992916107178 
563 1.2225505113601685 
564 1.1354376077651978 
565 1.1433746814727783 
566 1.138055443763733 
567 1.0373973846435547 
568 1.1139321327209473 
569 1.101511001586914 
570 1.1672766208648682 
571 1.1596765518188477 
572 1.2305828332901 
573 1.4326329231262207 
574 1.3556779623031616 
575 1.302917242050171 
576 1.406024694442749 
577 1.4439433813095093 
578 1.4057072401046753 
579 1.4492390155792236 
580 1.4028208255767822 
581 1.4513992071151733 
582 1.4709155559539795 
583 1.344136118888855 
584 1.3706233501434326 
585 1.3573131561279297 
586 1.406769037246704 
587 1.3885222673416138 
588 1.4187228679656982 
589 1.4405112266540527 
590 1.447570562362671 
591 1.4217060804367065 
592 1.4197174310684204 
593 1.3794269561767578 
594 1.4446839094161987 
595 1.336653232574463 
596 1.3006097078323364 
597 1.3284519910812378 
598 1.3629283905029297 
599 1.3508281707763672 
600 1.4073071479797363 
601 1.430907130241394 
602 1.4719557762145996 
603 1.4600070714950562 
604 1.5852081775665283 
605 1.4899730682373047 
606 1.4817873239517212 
607 1.4845318794250488 
608 1.4321340322494507 
609 1.4898056983947754 
610 1.5737640857696533 
611 1.525780439376831 
612 1.4982961416244507 
613 1.5339081287384033 
614 1.5598392486572266 
615 1.5871310234069824 
616 1.615951657295227 
617 1.5620276927947998 
618 1.5831574201583862 
619 1.5869556665420532 
620 1.5907150506973267 
621 1.622550129890442 
622 1.6200454235076904 
623 1.4955536127090454 
624 1.5577391386032104 
625 1.5575437545776367 
626 1.5833178758621216 
627 1.5775495767593384 
628 1.519412636756897 
629 1.4864366054534912 
630 1.5099730491638184 
631 1.4519039392471313 
632 1.4354215860366821 
633 1.5126240253448486 
634 1.4763031005859375 
635 1.4399361610412598 
636 1.4858447313308716 
637 1.4431332349777222 
638 1.5863593816757202 
639 1.626826524734497 
640 1.581311821937561 
641 1.6459754705429077 
642 1.6602795124053955 
643 1.6276911497116089 
644 1.6277234554290771 
645 1.6749449968338013 
646 1.6604005098342896 
647 1.6932661533355713 
648 1.6556448936462402 
649 1.6938596963882446 
650 1.5435796976089478 
651 1.4908136129379272 
652 1.5579944849014282 
653 1.5552053451538086 
654 1.5974804162979126 
655 1.651133418083191 
656 1.546454668045044 
657 1.4864598512649536 
658 1.4747521877288818 
659 1.3789544105529785 
660 1.3725697994232178 
661 1.3205111026763916 
662 1.3782607316970825 
663 1.4518153667449951 
664 1.411866545677185 
665 1.4166045188903809 
666 1.370983600616455 
667 1.3760768175125122 
668 1.386527419090271 
669 1.4141933917999268 
670 1.4368584156036377 
671 1.4224880933761597 
672 1.4582785367965698 
673 1.4583126306533813 
674 1.4324580430984497 
675 1.5070971250534058 
676 1.535396933555603 
677 1.5236150026321411 
678 1.4495081901550293 
679 1.5072686672210693 
680 1.554970145225525 
681 1.716628909111023 
682 1.6426087617874146 
683 1.628454327583313 
684 1.6627668142318726 
685 1.575099229812622 
686 1.5830048322677612 
687 1.5825310945510864 
688 1.5133157968521118 
689 1.5137169361114502 
690 1.5322318077087402 
691 1.5272324085235596 
692 1.5238521099090576 
693 1.4976705312728882 
694 1.5477772951126099 
695 1.4381264448165894 
696 1.5484371185302734 
697 1.5063669681549072 
698 1.4426400661468506 
699 1.482359766960144 
700 1.3885178565979004 
701 1.3503531217575073 
702 1.4296512603759766 
703 1.3070411682128906 
704 1.2460718154907227 
705 1.3033610582351685 
706 1.4343923330307007 
707 1.3830713033676147 
708 1.4084807634353638 
709 1.3941618204116821 
710 1.4491313695907593 
711 1.404887080192566 
712 1.4206467866897583 
713 1.469010591506958 
714 1.4726160764694214 
715 1.5151124000549316 
716 1.4327234029769897 
717 1.3238049745559692 
718 1.279728651046753 
719 1.2133054733276367 
720 1.3793600797653198 
721 1.2566276788711548 
722 1.2181999683380127 
723 1.17131769657135 
724 1.1509952545166016 
725 1.2293667793273926 
726 1.3558638095855713 
727 1.389280080795288 
728 1.4806792736053467 
729 1.4440027475357056 
730 1.501781940460205 
731 1.4606300592422485 
732 1.4925589561462402 
733 1.5530039072036743 
734 1.448607325553894 
735 1.5167958736419678 
736 1.4178696870803833 
737 1.3733092546463013 
738 1.3388020992279053 
739 1.3580442667007446 
740 1.4446319341659546 
741 1.478896975517273 
742 1.45542573928833 
743 1.4374274015426636 
744 1.3759318590164185 
745 1.4530681371688843 
746 1.404480218887329 
747 1.2917357683181763 
748 1.2986663579940796 
749 1.330398678779602 
750 1.2718983888626099 
751 1.321656584739685 
752 1.246195912361145 
753 1.301237940788269 
754 1.2808935642242432 
755 1.145751714706421 
756 1.133562445640564 
757 1.1580171585083008 
758 1.2478898763656616 
759 1.2461528778076172 
760 1.2553640604019165 
761 1.3095736503601074 
762 1.305058240890503 
763 1.1921416521072388 
764 1.2235374450683594 
765 1.218949556350708 
766 1.1543656587600708 
767 1.1751251220703125 
768 1.281333565711975 
769 1.3677781820297241 
770 1.32260000705719 
771 1.2736283540725708 
772 1.2532461881637573 
773 1.288648247718811 
774 1.2955963611602783 
775 1.3560643196105957 
776 1.388170599937439 
777 1.28463876247406 
778 1.420284390449524 
779 1.3495781421661377 
780 1.2999510765075684 
781 1.2878519296646118 
782 1.3216480016708374 
783 1.2826166152954102 
784 1.2940480709075928 
785 1.3630836009979248 
786 1.3724373579025269 
787 1.3544948101043701 
788 1.401584267616272 
789 1.2900718450546265 
790 1.3908615112304688 
791 1.3595162630081177 
792 1.3673163652420044 
793 1.458577036857605 
794 1.584074854850769 
795 1.579599142074585 
796 1.6246267557144165 
797 1.6418184041976929 
798 1.6412279605865479 
799 1.7036460638046265 
800 1.7892240285873413 
801 1.781666874885559 
802 1.7114654779434204 
803 1.6962262392044067 
804 1.6102497577667236 
805 1.5225470066070557 
806 1.4472583532333374 
807 1.4373581409454346 
808 1.418681025505066 
809 1.442922592163086 
810 1.3876501321792603 
811 1.4144309759140015 
812 1.437687873840332 
813 1.4062355756759644 
814 1.4256078004837036 
815 1.4054042100906372 
816 1.5206081867218018 
817 1.5122032165527344 
818 1.4678703546524048 
819 1.574924111366272 
820 1.5587694644927979 
821 1.485589861869812 
822 1.623120665550232 
823 1.6579651832580566 
824 1.5891846418380737 
825 1.598441481590271 
826 1.5160727500915527 
827 1.493043065071106 
828 1.5156432390213013 
829 1.6190228462219238 
830 1.40218186378479 
831 1.4061782360076904 
832 1.412099838256836 
833 1.42229425907135 
834 1.3578606843948364 
835 1.3555570840835571 
836 1.3938097953796387 
837 1.2377322912216187 
838 1.1583307981491089 
839 1.039656400680542 
840 0.9898347854614258 
841 1.0194169282913208 
842 1.0185353755950928 
843 1.1059439182281494 
844 1.187366008758545 
845 1.019257664680481 
846 1.0365232229232788 
847 1.0443799495697021 
848 1.0171778202056885 
849 1.0798602104187012 
850 1.1794779300689697 
851 1.1274446249008179 
852 1.2771074771881104 
853 1.246065378189087 
854 1.278009295463562 
855 1.2507843971252441 
856 1.252980351448059 
857 1.262433648109436 
858 1.3931210041046143 
859 1.4018793106079102 
860 1.4384660720825195 
861 1.3970674276351929 
862 1.5376091003417969 
863 1.5841548442840576 
864 1.5747040510177612 
865 1.4896535873413086 
866 1.577883243560791 
867 1.5468729734420776 
868 1.4711930751800537 
869 1.5123497247695923 
870 1.3758362531661987 
871 1.3839051723480225 
872 1.3883745670318604 
873 1.4598115682601929 
874 1.440853238105774 
875 1.3077938556671143 
876 1.4503061771392822 
877 1.4760715961456299 
878 1.515751838684082 
879 1.4192686080932617 
880 1.4187960624694824 
881 1.2770588397979736 
882 1.4128941297531128 
883 1.2315964698791504 
884 1.155458927154541 
885 1.2270252704620361 
886 1.3664171695709229 
887 1.361783742904663 
888 1.2520290613174438 
889 1.1593457460403442 
890 1.1796773672103882 
891 1.1793323755264282 
892 1.1511456966400146 
893 1.1897169351577759 
894 1.183878779411316 
895 1.0935832262039185 
896 1.0874037742614746 
897 1.059133529663086 
898 0.9580537676811218 
899 1.011282205581665 
900 1.019080400466919 
901 0.980482280254364 
902 1.0003718137741089 
903 1.0503957271575928 
904 1.1213260889053345 
905 1.0474400520324707 
906 1.0673893690109253 
907 1.1259615421295166 
908 1.0385633707046509 
909 0.9983840584754944 
910 1.0492185354232788 
911 1.0130102634429932 
912 1.0675253868103027 
913 1.0193322896957397 
914 0.9486202597618103 
915 1.0166226625442505 
916 0.8660647869110107 
917 0.8759456872940063 
918 0.9040956497192383 
919 0.9751244783401489 
920 0.9444791078567505 
921 1.0515309572219849 
922 0.9650942087173462 
923 0.9251176118850708 
924 0.9150174856185913 
925 0.9405676126480103 
926 0.9219733476638794 
927 0.8998903036117554 
928 0.8820896744728088 
929 0.8632187843322754 
930 0.8823674321174622 
931 0.8011135458946228 
932 0.7566677331924438 
933 0.8707897663116455 
934 0.8451338410377502 
935 0.9159416556358337 
936 0.9112808704376221 
937 0.9329145550727844 
938 0.9510420560836792 
939 0.9288271069526672 
940 1.0314708948135376 
941 1.0054367780685425 
942 0.9263312220573425 
943 0.8531026840209961 
944 0.9670098423957825 
945 0.9178704023361206 
946 0.9718025922775269 
947 0.986444354057312 
948 0.9093653559684753 
949 1.0319170951843262 
950 0.9243266582489014 
951 1.0472924709320068 
952 1.0399163961410522 
953 1.0277296304702759 
954 0.9424628615379333 
955 0.9516900181770325 
956 0.9595533013343811 
957 0.8296213150024414 
958 0.7837224006652832 
959 0.9048101305961609 
960 0.9313688278198242 
961 0.9036857485771179 
962 0.8324174880981445 
963 0.8877098560333252 
964 0.9607648849487305 
965 0.9380175471305847 
966 0.9632531404495239 
967 1.0858045816421509 
968 0.9802980422973633 
969 0.932680070400238 
970 0.9705979228019714 
971 0.9434637427330017 
972 0.9223228096961975 
973 0.8249301910400391 
974 0.7769601941108704 
975 0.8434199690818787 
976 0.7753922343254089 
977 0.7841504812240601 
978 0.6496062874794006 
979 0.7204949259757996 
980 0.723991334438324 
981 0.7878949642181396 
982 0.7341600656509399 
983 0.6687158346176147 
984 0.7110953330993652 
985 0.8653555512428284 
986 0.9926711916923523 
987 0.8744121789932251 
988 0.8098964691162109 
989 0.9166539907455444 
990 0.8973879814147949 
991 0.939774751663208 
992 0.9087435603141785 
993 0.9784799218177795 
994 0.9947265386581421 
995 0.8950085043907166 
996 1.018021583557129 
997 0.8671191930770874 
998 0.8916686177253723 
999 0.9388648867607117 
1000 0.9167013764381409 
1001 0.8612850904464722 
1002 0.9235259890556335 
1003 0.9366840124130249 
1004 0.9950873255729675 
1005 1.0490425825119019 
1006 0.9725782871246338 
1007 1.0681673288345337 
1008 1.0687953233718872 
1009 1.0987101793289185 
1010 1.0327808856964111 
1011 1.0605381727218628 
1012 1.0462363958358765 
1013 0.9858511090278625 
1014 0.9304163455963135 
1015 0.9620838165283203 
1016 1.011725664138794 
1017 1.0380452871322632 
1018 1.0306575298309326 
1019 0.9658614993095398 
1020 0.9716516733169556 
1021 0.9735775589942932 
1022 0.8628827929496765 
1023 0.9235349893569946 
1024 0.8718851804733276 
1025 0.895660400390625 
1026 0.9002404808998108 
1027 0.7714924812316895 
1028 0.785643994808197 
1029 0.7073957324028015 
1030 0.7393748760223389 
1031 0.8189740180969238 
1032 0.8370134234428406 
1033 0.8826050758361816 
1034 1.0608803033828735 
1035 1.041048526763916 
1036 0.9370335936546326 
1037 0.9746207594871521 
1038 0.9589576125144958 
1039 0.9661938548088074 
1040 0.9815381765365601 
1041 1.0231400728225708 
1042 1.0450079441070557 
1043 0.9407835602760315 
1044 0.9857657551765442 
1045 1.0179569721221924 
1046 0.9825538396835327 
1047 1.0540302991867065 
1048 1.017695426940918 
1049 0.9670526385307312 
1050 1.0096074342727661 
1051 1.1017495393753052 
1052 1.0536857843399048 
1053 0.974551260471344 
1054 1.0796802043914795 
1055 1.0846004486083984 
1056 1.127835750579834 
1057 1.075281023979187 
1058 1.136129379272461 
1059 0.992820680141449 
1060 1.0220237970352173 
1061 1.1148076057434082 
1062 1.1460071802139282 
1063 1.0371650457382202 
1064 1.1222034692764282 
1065 1.0281366109848022 
1066 1.0857036113739014 
1067 1.02680242061615 
1068 0.9448990821838379 
1069 0.9885150194168091 
1070 0.9985470771789551 
1071 0.9906622171401978 
1072 0.9995987415313721 
1073 1.0410163402557373 
1074 0.9591590166091919 
1075 0.9896588921546936 
1076 0.9675280451774597 
1077 0.903129518032074 
1078 0.95172518491745 
1079 1.0512999296188354 
1080 0.949871838092804 
1081 0.9389206171035767 
1082 0.962457001209259 
1083 0.9300916790962219 
1084 0.9688689112663269 
1085 0.8991588950157166 
1086 0.9232059121131897 
1087 0.9613351821899414 
1088 1.0198153257369995 
1089 0.9603405594825745 
1090 0.9428889751434326 
1091 0.9306331276893616 
1092 0.9386870265007019 
1093 0.970702588558197 
1094 1.0182937383651733 
1095 1.0084730386734009 
1096 0.9803610444068909 
1097 0.9588766694068909 
1098 0.9365220665931702 
1099 1.0032715797424316 
1100 0.9956437349319458 
1101 1.0701751708984375 
1102 1.111962080001831 
1103 1.0216162204742432 
1104 1.0910979509353638 
1105 1.0338892936706543 
1106 1.1157089471817017 
1107 1.006813406944275 
1108 1.1100059747695923 
1109 1.2043100595474243 
1110 1.2966769933700562 
1111 1.2010456323623657 
1112 1.1697207689285278 
1113 1.1886957883834839 
1114 1.1176172494888306 
1115 1.1207935810089111 
1116 1.2149848937988281 
1117 1.2157948017120361 
1118 1.1984822750091553 
1119 1.1897248029708862 
1120 1.1771491765975952 
1121 1.254631519317627 
1122 1.2524906396865845 
1123 1.068740963935852 
1124 1.1107001304626465 
1125 1.0934193134307861 
1126 1.1027041673660278 
1127 1.1233450174331665 
1128 1.1247881650924683 
1129 1.0877734422683716 
1130 1.0828808546066284 
1131 0.9993461966514587 
1132 1.0313587188720703 
1133 0.9344958066940308 
1134 1.0016356706619263 
1135 0.9152504205703735 
1136 0.9922105073928833 
1137 0.8400645852088928 
1138 0.8624656200408936 
1139 0.815344512462616 
1140 0.9057290554046631 
1141 0.9699403643608093 
1142 0.9022685885429382 
1143 0.9097104072570801 
1144 1.0166641473770142 
1145 0.9485625624656677 
1146 0.875275731086731 
1147 0.907468318939209 
1148 0.9688507914543152 
1149 1.0122634172439575 
1150 0.9682164788246155 
1151 1.0042901039123535 
1152 0.9560983777046204 
1153 1.0055561065673828 
1154 1.0091255903244019 
1155 0.9338797926902771 
1156 1.0334193706512451 
1157 1.0722614526748657 
1158 1.057606816291809 
1159 0.9969591498374939 
1160 1.0198843479156494 
1161 0.9976272583007812 
1162 1.0060346126556396 
1163 0.9965031743049622 
1164 1.0308860540390015 
1165 1.074636697769165 
1166 1.0240812301635742 
1167 1.0721153020858765 
1168 1.1358985900878906 
1169 1.1059986352920532 
1170 1.0818235874176025 
1171 1.0475202798843384 
1172 1.0886363983154297 
1173 1.0657105445861816 
1174 1.0084751844406128 
1175 1.0427557229995728 
1176 0.9915465712547302 
1177 0.9182455539703369 
1178 0.9589641690254211 
1179 1.0408669710159302 
1180 1.0635466575622559 
1181 1.054857850074768 
1182 0.9946666359901428 
1183 0.9661493301391602 
1184 0.895614743232727 
1185 0.8719162344932556 
1186 0.8931119441986084 
1187 1.0228146314620972 
1188 1.0788902044296265 
1189 1.1108728647232056 
1190 1.2125000953674316 
1191 1.1680834293365479 
1192 1.1014034748077393 
1193 0.9926068186759949 
1194 1.0636568069458008 
1195 1.14926278591156 
1196 1.108662486076355 
1197 1.1499927043914795 
1198 1.0320494174957275 
1199 0.9994269609451294 
1200 0.9983304142951965 
1201 0.969265878200531 
1202 1.092247486114502 
1203 1.012573003768921 
1204 1.154929518699646 
1205 1.0700381994247437 
1206 1.0236597061157227 
1207 0.9388362765312195 
1208 0.9555889368057251 
1209 0.9873489141464233 
1210 0.9285537600517273 
1211 0.9636282324790955 
1212 0.9146079421043396 
1213 0.9653235077857971 
1214 0.9781787991523743 
1215 1.0791126489639282 
1216 0.999931275844574 
1217 1.0209077596664429 
1218 1.0445119142532349 
1219 1.0218290090560913 
1220 1.0512586832046509 
1221 1.1468497514724731 
1222 1.064605474472046 
1223 1.0257728099822998 
1224 1.0518102645874023 
1225 1.08247709274292 
1226 1.087544560432434 
1227 1.1012864112854004 
1228 1.046866774559021 
1229 0.9743427038192749 
1230 1.0275100469589233 
1231 1.0218755006790161 
1232 1.0692535638809204 
1233 1.108384132385254 
1234 1.1426830291748047 
1235 1.20075523853302 
1236 1.129919171333313 
1237 1.1816868782043457 
1238 1.1389291286468506 
1239 1.2674320936203003 
1240 1.2013921737670898 
1241 1.2901910543441772 
1242 1.3244966268539429 
1243 1.2275322675704956 
1244 1.2045531272888184 
1245 1.2185273170471191 
1246 1.166082739830017 
1247 1.1070741415023804 
1248 1.1526657342910767 
1249 1.198033094406128 
1250 1.1343448162078857 
1251 1.1293989419937134 
1252 1.1283025741577148 
1253 1.0838972330093384 
1254 1.1099190711975098 
1255 1.063280701637268 
1256 1.1743766069412231 
1257 1.1689854860305786 
1258 1.1250358819961548 
1259 1.0775967836380005 
1260 1.1398996114730835 
1261 1.133935570716858 
1262 1.1761054992675781 
1263 1.1558237075805664 
1264 1.1493146419525146 
1265 1.1775513887405396 
1266 1.2614250183105469 
1267 1.2551053762435913 
1268 1.319879174232483 
1269 1.3316352367401123 
1270 1.292291522026062 
1271 1.333621621131897 
1272 1.402100920677185 
1273 1.3565293550491333 
1274 1.3843215703964233 
1275 1.3833049535751343 
1276 1.3483129739761353 
1277 1.3717756271362305 
1278 1.368350863456726 
1279 1.3355224132537842 
1280 1.2809422016143799 
1281 1.299288272857666 
1282 1.3393676280975342 
1283 1.3615983724594116 
1284 1.4278817176818848 
1285 1.3542968034744263 
1286 1.3804181814193726 
1287 1.32878577709198 
1288 1.404404640197754 
1289 1.375519871711731 
1290 1.3211175203323364 
1291 1.1626522541046143 
1292 1.130557656288147 
1293 1.2650175094604492 
1294 1.1921802759170532 
1295 1.2419606447219849 
1296 1.2611114978790283 
1297 1.270470380783081 
1298 1.256178379058838 
1299 1.189540147781372 
1300 1.262223482131958 
1301 1.2260082960128784 
1302 1.1155500411987305 
1303 1.1803685426712036 
1304 1.1777805089950562 
1305 1.3104151487350464 
1306 1.2865015268325806 
1307 1.2982431650161743 
1308 1.3553985357284546 
1309 1.3583714962005615 
1310 1.3257014751434326 
1311 1.3251949548721313 
1312 1.3346552848815918 
1313 1.2368806600570679 
1314 1.3682899475097656 
1315 1.3748968839645386 
1316 1.3782788515090942 
1317 1.3998584747314453 
1318 1.442083477973938 
1319 1.4413299560546875 
1320 1.5303598642349243 
1321 1.4701024293899536 
1322 1.4096112251281738 
1323 1.4230217933654785 
1324 1.348565936088562 
1325 1.3046690225601196 
1326 1.275671124458313 
1327 1.2092278003692627 
1328 1.2168078422546387 
1329 1.3147169351577759 
1330 1.3235923051834106 
1331 1.3314259052276611 
1332 1.2698839902877808 
1333 1.2240906953811646 
1334 1.196839690208435 
1335 1.2384294271469116 
1336 1.2244230508804321 
1337 1.2243424654006958 
1338 1.3050472736358643 
1339 1.1645786762237549 
1340 1.20076322555542 
1341 1.235295057296753 
1342 1.2704366445541382 
1343 1.4728254079818726 
1344 1.3531486988067627 
1345 1.307816982269287 
1346 1.20985746383667 
1347 1.224217414855957 
1348 1.1724375486373901 
1349 1.179265022277832 
1350 1.1744829416275024 
1351 1.1779900789260864 
1352 1.2939691543579102 
1353 1.3445051908493042 
1354 1.2168776988983154 
1355 1.2594897747039795 
1356 1.325312852859497 
1357 1.3246071338653564 
1358 1.343970537185669 
1359 1.3033214807510376 
1360 1.3294153213500977 
1361 1.4222115278244019 
1362 1.3228483200073242 
1363 1.2247458696365356 
1364 1.4018317461013794 
1365 1.348068118095398 
1366 1.3960504531860352 
1367 1.3852136135101318 
1368 1.4844183921813965 
1369 1.3908220529556274 
1370 1.3862756490707397 
1371 1.3753026723861694 
1372 1.29475736618042 
1373 1.2393921613693237 
1374 1.2924106121063232 
1375 1.2865461111068726 
1376 1.2335950136184692 
1377 1.3001214265823364 
1378 1.3468153476715088 
1379 1.276991367340088 
1380 1.270308494567871 
1381 1.4397891759872437 
1382 1.4274312257766724 
1383 1.3482767343521118 
1384 1.3415993452072144 
1385 1.391007423400879 
1386 1.433875322341919 
1387 1.4579927921295166 
1388 1.4674227237701416 
1389 1.5250657796859741 
1390 1.5769436359405518 
1391 1.5918954610824585 
1392 1.6574561595916748 
1393 1.669213891029358 
1394 1.754601240158081 
1395 1.8268593549728394 
1396 1.7860325574874878 
1397 1.7760313749313354 
1398 1.7857778072357178 
1399 1.8114012479782104 
1400 1.8144795894622803 
1401 1.929447889328003 
1402 1.9669127464294434 
1403 1.958686351776123 
1404 1.7776010036468506 
1405 1.9069880247116089 
1406 1.9674774408340454 
1407 2.0220930576324463 
1408 2.0228285789489746 
1409 1.9674708843231201 
1410 2.066361665725708 
1411 2.0069854259490967 
1412 1.9579854011535645 
1413 2.122762680053711 
1414 2.090301036834717 
1415 1.9983164072036743 
1416 1.997607946395874 
1417 2.0995328426361084 
1418 2.0974199771881104 
1419 2.022726535797119 
1420 2.0154292583465576 
1421 2.0943760871887207 
1422 2.065422773361206 
1423 2.0276761054992676 
1424 2.0081851482391357 
