0 17.337706184130766
1 15.728140896409078
2 16.839465276826182
3 17.410219235123233
4 16.662660350722362
5 16.754136445038796
6 16.868350808259056
7 17.401700797608942
8 17.152224937289446
9 16.859963581618345
10 16.953005546778734
11 16.215819124927986
12 15.702266421255535
13 16.34769118015325
14 16.918047697887012
15 16.49708375056839
16 16.345623836886865
17 16.29073545733708
18 15.882512861744715
19 17.305480513738566
20 17.052906936155267
21 15.611349109086166
22 15.913411402627508
23 14.705023346265468
24 17.083144639913996
25 16.1337269074851
26 16.177111494809992
27 16.467666114716998
28 16.785770998221494
29 16.420204735121935
30 15.782372374308558
31 16.300369640234454
32 15.716970694695561
33 17.435853824498768
34 16.361336139837597
35 16.436193994810836
36 16.513910571964637
37 16.237145780652945
38 16.166494046439524
39 16.383349972433372
40 16.627568013786384
41 17.726939526071405
42 17.23247247340055
43 17.759496067012247
44 15.66847137718316
45 17.0010920617507
46 19.40707359977391
47 18.20635320751461
48 19.786682607076525
49 18.81728824063215
50 18.00841284864433
51 18.08552737249616
52 17.709850302763048
53 18.695419619789593
54 18.91753719720871
55 19.26245552766574
56 18.242587265757827
57 17.507604606115954
58 17.753043835233346
59 20.15441198569651
60 18.100986358008242
61 19.782195677536688
62 19.56327742519767
63 18.95311371315087
64 19.016046183944347
65 18.062097888269726
66 18.427995084837207
67 17.94037993184496
68 17.8622711778668
69 17.908121741552847
70 18.98220987315545
71 17.706363240218625
72 18.063132967560733
73 18.424792284580747
74 18.687757358608607
75 18.84713423156145
76 18.447368304158754
77 17.88676171831987
78 18.167055229752123
79 17.14051059762787
80 17.71721858349342
81 18.33857439935549
82 18.722429314672297
83 18.349299231609937
84 18.660726840392208
85 18.423981881386116
86 17.191221858595224
87 16.181083872668484
88 16.613406654094614
89 17.240374701004498
90 15.903747244184748
91 16.600484189581476
92 16.71278466380958
93 17.14175301822844
94 18.032589802373504
95 16.08538762340878
96 15.572331453373645
97 15.619127638261146
98 16.592407091012376
99 16.24063211408548
100 17.968383047380513
101 17.911548985391985
102 19.424097822847912
103 18.28903882992916
104 16.48826659329976
105 17.405624765004674
106 18.78009215632202
107 16.399139579673474
108 17.749941780869488
109 17.524512477505912
110 18.35473663112777
111 18.028004378403413
112 19.50208149039063
113 19.116387314232643
114 18.00191999564119
115 18.350521437690873
116 18.170657420211665
117 18.359319411913688
118 18.696183965747213
119 17.386386327857586
120 17.73139884405619
121 17.682191840763227
122 17.790803512440267
123 18.483878981884068
124 17.842167273511574
125 17.21713283334769
126 18.924341810332095
127 18.134572043144246
128 18.54899840660628
129 17.533828370682304
130 17.994636879732177
131 17.043001234770262
132 16.200858712819493
133 16.15980979057812
134 15.425425664746118
135 15.68991748183876
136 16.199148307956953
137 15.785292085975945
138 16.82671644771235
139 16.388788083612944
140 18.069632142583853
141 18.469789417269787
142 17.256607200854123
143 17.976733027310466
144 17.940502430773034
145 17.818483924950456
146 17.21820436432635
147 18.123035401649815
148 17.85533865008818
149 17.113112538019163
150 15.96316563190666
151 17.390472091499422
152 17.646929641840803
153 18.661881471766247
154 17.963193571499637
155 18.420967188903138
156 17.929379210905278
157 17.510794300729778
158 17.698556635273178
159 17.03693908985536
160 18.976856101774914
161 18.391913843730237
162 18.240083724978756
163 19.402380513569273
164 19.106056059834224
165 20.57591015960638
166 19.745940858363145
167 18.362218283400395
168 20.3618663064604
169 20.108730048648603
170 21.217250680779816
171 20.065649864926886
172 19.410961463495674
173 20.648689884817248
174 19.78787603463061
175 21.50582705544387
176 19.064808412033468
177 19.584997399083512
178 19.1537682689205
179 18.54858910813525
180 17.907106545020977
181 19.23127130682871
182 18.92160149615645
183 17.81575708912279
184 17.580108506934916
185 17.1362238446917
186 17.251696185110415
187 17.676356150855767
188 18.327208370264195
189 18.20010997217266
190 18.534254992579772
191 18.802014534383783
192 18.44194007595758
193 18.78735484080459
194 18.375951468209397
195 17.560922866725065
196 17.929711027470944
197 17.84923375583364
198 17.414081573784927
199 18.757714608064592
200 20.103049730408273
201 18.818545723914138
202 19.610750383417297
203 18.68529012919004
204 17.655258244268733
205 17.98254812148517
206 16.330163913098243
207 16.917813183509843
208 15.883257399782456
209 16.971526474848357
210 17.118513868736397
211 16.427347651995166
212 17.46008802817851
213 15.432378393739038
214 16.622649816224072
215 18.949403909170208
216 17.879763709750552
217 16.41553039022822
218 17.893774787653037
219 18.12598550942666
220 17.060241502947726
221 16.299195643401493
222 17.67714130047923
223 18.405888969606842
224 18.352631849218007
225 18.769105823653252
226 18.98839481215844
227 18.27181585848915
228 18.929914796252614
229 17.606372345867978
230 17.83772255649971
231 17.08547346283505
232 17.143381284156252
233 18.489197406491805
234 17.92496911533196
235 17.144632486225643
236 17.20314954289287
237 17.341125486271846
238 17.955238665713804
239 16.030316428042877
240 16.13604645068655
241 16.77197154693199
242 15.357159981781031
243 16.690308080632192
244 17.026494491903794
245 17.093786897101683
246 17.989016147540713
247 18.924794974353347
248 17.894494968970545
249 17.539040397162466
250 17.599611654660364
251 17.28053008924466
252 18.125807163114818
253 16.871393142127822
254 16.835622699925942
255 16.767160458927158
256 17.419966220587483
257 16.51604982826733
258 16.84093627332602
259 16.95541389148625
260 17.826268863747178
261 15.772597642424364
262 16.243032762917945
263 16.578025985598
264 16.937921576307907
265 16.02962256456939
266 16.015904970015008
267 16.72755923841389
268 16.954700513515927
269 17.92146529583544
270 16.574487863212873
271 16.99062432920384
272 15.839678349889342
273 16.95225313306521
274 16.71779786627216
275 16.711333882008045
276 16.840196649903547
277 17.484823342522233
278 18.488803930284092
279 19.290407925080228
280 18.62167914756646
281 17.902361566971422
282 18.29164250919011
283 17.22286393287914
284 17.409435342202183
285 19.091767835912684
286 18.52092763968158
287 17.69270581321459
288 16.76995393763234
289 18.20056466908639
290 16.77939607566519
291 17.235029749357658
292 16.445714363833005
293 17.271472074866754
294 18.158590286424815
295 18.700580535411582
296 18.198493032530155
297 19.075003877999027
298 18.121348306976078
299 17.776647276870822
300 18.073635819113644
301 18.656021724702075
302 17.82441273300311
303 18.230279237176692
304 18.58883764038028
305 17.65994437560391
306 17.86623287538215
307 18.901730400973562
308 18.253810256452642
309 19.673892650363904
310 19.86052724919236
311 19.69964708560361
312 20.2348703749755
313 20.453568401713273
314 19.361179099423342
315 19.574467835172662
316 20.68682689098974
317 19.391128609311686
318 19.25755865943595
319 19.403121092967858
320 18.88031888109807
321 20.20081471217479
322 19.394509042560376
323 18.832316212892714
324 20.278572912104654
325 18.82696191914425
326 20.01259932757652
327 18.54238925092607
328 20.2037920836586
329 19.906070154396044
330 17.76760279717383
331 18.63750092974483
332 18.98210796391572
333 19.037541384701747
334 20.200074962069035
335 18.797271975135583
336 18.127047637474174
337 19.06621795180736
338 20.730194437347418
339 20.15974251565556
340 18.710827906128696
341 23.90213612423146
342 21.80116714670086
343 20.147671339002404
344 19.665988441490313
345 19.638093430738945
346 19.423302848328856
347 20.443695052003903
348 19.032376188525124
349 20.33815370554116
350 19.048313630895482
351 21.374748044858247
352 19.22339199820702
353 19.724410829172633
354 18.297385484491215
355 17.66626981741185
356 17.41668617312299
357 17.156458067199594
358 17.754354950540126
359 18.479165794163674
360 19.23423396857638
361 15.645595463321087
362 15.431392935756822
363 16.209435236058162
364 18.548819294856326
365 18.60001502470546
366 18.264222233979858
367 17.809026684471842
368 17.581449611435307
369 18.336806213541077
370 17.224280486663467
371 17.22530010031723
372 19.05573482928695
373 18.16458040422682
374 16.65133951634099
375 18.330534859005652
376 17.19067009362874
377 17.052314848528976
378 17.35741786885552
379 15.029321239885984
380 15.565038347077618
381 16.39230242000094
382 17.44552620674594
383 17.928804212197303
384 15.733726986886937
385 17.38527020959856
386 18.52913170023832
387 18.221725243040403
388 18.676219937190766
389 18.511012392993873
390 17.345571252642806
391 17.129252088963362
392 18.02186343882271
393 19.854464751490642
394 19.041892476952818
395 19.173991624955118
396 18.749705990906097
397 17.602165344580506
398 15.652686885886459
399 18.16183402283487
400 17.58483578818684
401 17.19368573140616
402 19.699342243028166
403 17.576962043023705
404 18.49035949861407
405 19.13536482165927
406 18.61346702992266
407 18.24797860326418
408 19.3092856941
409 18.448843657621985
410 18.512811008797822
411 19.906977407650178
412 18.1941412042379
413 18.61614781995325
414 20.48195010265048
415 19.446291694319225
416 20.414248229814643
417 20.798694058469536
418 21.388217957067134
419 20.25297819860777
420 21.508337379859185
421 21.459503571994926
422 22.67080926517564
423 22.57747720172103
424 20.18283651918617
425 21.479977209015715
426 20.84865051690346
427 21.512982409603563
428 20.076337680014486
429 20.439294342984933
430 19.964556955372178
431 21.906331895845263
432 20.19505903767001
433 19.633986093037294
434 20.968263953117127
435 21.139321634392438
436 21.0567288934769
437 19.80492767783481
438 21.789145977944845
439 21.67072807673169
440 20.68655078010884
441 19.47122295116851
442 20.694485607560704
443 21.49554050590526
444 20.52493370399991
445 21.33309524506796
446 20.347198322630135
447 20.45743521973671
448 20.406445670878128
449 20.732368762171266
450 18.666760457102527
451 18.74691885553406
452 19.88632907667332
453 18.924722403620017
454 19.678285078274953
455 19.157963446035122
456 18.147380120420582
457 19.02127704195557
458 20.00487638053338
459 17.614949258208057
460 19.606723496936745
461 18.2921221692981
462 19.139463929607547
463 20.05497546176483
464 19.233525085082405
465 19.03744864367652
466 18.39900041672897
467 18.40439506409872
468 18.51993935126084
469 18.625877801703858
470 18.20349859787312
471 20.39733139466123
472 20.661546634069623
473 18.336048404110937
474 16.893226980426054
475 19.63189688591911
476 20.713156179159604
477 20.391197429625166
478 20.281040340544532
479 20.919540201383313
480 20.611038718751082
481 22.084313294539026
482 22.01859151587016
483 20.548021464880904
484 19.369273377758105
485 18.641803861484103
486 18.487084168779518
487 19.065056664704816
488 19.546541688355465
489 18.954095134302225
490 19.403976978130594
491 18.430042380741508
492 19.058834172689306
493 18.644519192026763
494 17.409382755703213
495 18.157696296699232
496 17.122476750244978
497 18.075678721411425
498 18.580024192439218
499 17.29694249181755
500 16.53944348884093
501 16.75622082683234
502 16.435884083227577
503 17.139971881232793
504 17.42987755675594
505 16.766419180239787
506 17.380830459715952
507 16.89022591098645
508 17.11892133523221
509 16.879070413976777
510 18.416212365886313
511 18.905011711772932
512 19.581541179826655
513 19.137732736417103
514 17.667160145218784
515 17.929648875914207
516 18.20129461149431
517 17.356671648302484
518 19.200736855497365
519 18.083309950000825
520 17.061725254689243
521 17.881049834828097
522 16.0571084112656
523 18.227572371694812
524 16.48843979715989
525 20.450749595725664
526 18.67317356536982
527 18.76047396937969
528 18.919728134164046
529 18.769099455909267
530 18.878490409087586
531 17.525474872058712
532 18.462264566352808
533 18.20879291474096
534 19.83516836776818
535 18.280272887524564
536 18.653266150833268
537 18.55909896124799
538 18.790981362572147
539 18.59176436964857
540 19.786849262871662
541 18.38124454869392
542 18.697001309223285
543 17.933663519946542
544 19.32029841664336
545 17.637541847491566
546 17.783183340993965
547 19.20224715011848
548 18.404890163833
549 17.674003388118525
550 17.996921816169042
551 18.61520385686454
552 17.815445193202823
553 17.842378706113152
554 18.532580959341136
555 18.878360717955005
556 18.6383505220798
557 19.05429027732359
558 17.470676819603906
559 16.510436093931204
560 17.186255152244982
561 15.856466231918667
562 17.39588794479557
563 17.416912002153765
564 18.029503260183308
565 18.61162650156036
566 18.209414158531562
567 16.671296824525598
568 16.82759308168962
569 18.314152552377532
570 19.109483352663723
571 18.467029678418754
572 19.520428607591594
573 19.47496913364762
574 16.380553153555766
575 17.212915059055106
576 17.972978733206265
577 17.651882065828392
578 18.662730450131278
579 19.543242123643523
580 20.82545750283263
581 20.7713002727481
582 18.898643412844056
583 20.05724919864929
584 19.0344927158833
585 19.30799317972585
586 20.973084683465334
587 19.49432535597335
588 20.082370717198955
589 19.123242787683942
590 20.142622001850683
591 20.579346530535464
592 19.947784462226583
593 19.030392884728336
594 18.649539426794917
595 19.03633182076815
596 19.287675229600126
597 20.33600593018501
598 19.1487258464866
599 19.58919097327046
600 19.382989395619575
601 19.532391851182688
602 19.46836102106239
603 21.18180343853481
604 20.26689922842854
605 19.745268812246547
606 21.616445487816033
607 21.51176825850003
608 20.405309058729536
609 18.565903468913813
610 18.379683522962704
611 19.232565893568406
612 18.371373964991374
613 18.956709114584477
614 18.954114598739757
615 18.717272718013444
616 17.045059598934994
617 16.95657412183731
618 20.225523516488494
619 18.138563178739318
620 19.34201298595766
621 18.133674092201826
622 20.342799676108648
623 18.938147015209765
624 19.710081964695288
625 18.6061443468281
626 18.86362557456792
627 18.302644193162863
628 17.224865896870046
629 17.520885026258536
630 19.02626466345845
631 19.615446168072175
632 17.811877270428607
633 16.518065930405687
634 17.441351210472792
635 17.791002706006577
636 18.300905481002637
637 17.37459901552083
638 17.712250214155784
639 18.185092921320848
640 17.93034464708549
641 17.820887330069816
642 17.439304531448293
643 16.368793372943827
644 17.222022453471943
645 17.1729815718868
646 16.426129733827032
647 15.08979088481374
648 15.61078905627847
649 14.58959004678865
650 16.11037227530422
651 19.349990382844634
652 16.853955760439394
653 16.804951731006366
654 16.377887836777756
655 16.387437106228585
656 17.914256237009667
657 17.535498395450904
658 16.97413762331526
659 17.19543796874956
660 16.154385898885824
661 18.81304402217176
662 17.594515200867576
663 17.148772900926854
664 17.04645391535268
665 15.703636058526053
666 15.836561114876275
667 16.41899115072803
668 17.14869926898152
669 16.029746666616024
670 15.551732662497166
671 15.300185157206414
672 14.197829224719893
673 13.93055064117341
674 14.262383140218088
675 16.88932717551019
676 18.03520564016625
677 17.708541557279094
678 17.7499088587419
679 18.093579659576022
680 17.45105156799054
681 18.98481621488112
682 16.391819053262417
683 13.109186712399351
684 15.349758136472602
685 13.78496145792601
686 14.228660056151627
687 13.117069403417243
688 13.514751824489249
689 11.86817159388866
690 11.10657059864354
691 9.385772237360069
692 8.85879689294381
693 10.148597368161605
694 11.860130352551707
695 12.079371184375914
696 12.38216559252161
697 12.24153735592107
698 11.376298354424696
699 10.494473566608846
700 10.050953127593612
701 10.11637471546362
702 11.220682376416976
703 9.246577857465144
704 9.939050749871202
705 9.02903163364406
706 11.101615507258181
707 12.188512721435144
708 14.0598332672654
709 13.684440761457468
710 12.21535881303724
711 12.576591600182104
712 12.291426349413022
713 14.304555883187849
714 12.840677757638268
715 12.824789755102039
716 14.219668717052315
717 15.389421230413108
718 14.092326785780834
719 12.830816726229656
720 12.930805067554704
721 12.846469708477095
722 11.061806863760111
723 11.515937254283704
724 11.265588058504925
725 11.985039636605956
726 11.072751105772818
727 11.180663619120326
728 11.474988872070401
729 11.04878966767726
730 11.215959631875798
731 13.512187283514178
732 11.566691813749681
733 11.955200338442896
734 11.193914129566771
735 10.451494966043192
736 11.428445552737237
737 11.88906870361286
738 13.127843081989292
739 12.81267514869695
740 12.087592805696204
741 12.654672149182023
742 10.077800299056223
743 12.555834084892927
744 11.987749721657044
745 11.583780746898611
746 10.524061388164188
747 11.482188050916301
748 8.76384675164303
749 8.651453584624656
750 10.3050460968101
751 6.840856019094305
752 7.1128960059960855
753 10.63856919887249
754 10.615374490097713
755 12.394122132717403
756 12.376101874836055
757 10.829774676302803
758 10.564120101107951
759 9.168365306482253
760 7.721087616644512
761 7.943758805296778
762 11.77627448500525
763 11.410904853940352
764 12.273312281404676
765 13.486783374272525
766 14.790109230203068
767 11.742660708199415
768 11.672516258881116
769 12.763133354782218
770 14.257727263644956
771 13.07377083217837
772 14.102500584076168
773 12.20838701273911
774 12.538714516149566
775 13.15923064785399
776 10.556956761951028
777 11.434545281152312
778 11.069709287856725
779 15.44857070559483
780 14.395526873354196
781 13.854193665499796
782 10.084650167707453
783 11.908525459856124
784 10.303278881757421
785 11.335296564979432
786 10.134482889010163
787 12.301043678963847
788 11.104324730308594
789 10.199734140096773
790 9.014911851933167
791 10.90469171277777
792 11.534059303897996
793 12.797506447441972
794 11.582179553465563
795 13.051917016376903
796 11.265809523439556
797 10.283485728434606
798 11.23790442006726
799 11.101925040084446
800 12.940666758976645
801 11.668335797078988
802 11.577177424170673
803 9.347149783060921
804 9.271893417942884
805 10.544552288463962
806 10.079427914067631
807 9.934469519216455
808 9.2285974583112
809 8.594102595140855
810 7.391487148790324
811 9.157204050789232
812 4.890337509057857
813 4.440659754128502
814 4.965817761470731
815 5.177590179052583
816 5.036922712999838
817 4.930671127345022
818 4.663170365297457
819 6.7665852359740795
820 7.400084867540962
821 7.017237272505432
822 6.315324053595081
823 8.03062739835771
824 8.155088401612204
825 9.358271561723122
826 6.558796903376888
827 8.211302633708048
828 11.163124951953343
829 10.10016281306276
830 11.210000697852138
831 10.881579861169863
832 10.071797477310989
833 11.089294446904312
834 10.581610028530111
835 9.133003656889924
836 10.998731671296362
837 9.041070426186735
838 11.49138999007831
839 11.720763861420375
840 9.377681364681694
841 10.466417733583313
842 10.013431994221854
843 12.204214731403756
844 9.327910978912131
845 10.512022883539888
846 10.367312844443358
847 9.294149464853112
848 10.083806119205287
849 10.766607168102254
850 10.470847073363979
851 8.043077632807009
852 10.520363161472977
853 10.16426668953081
854 10.02418511185836
855 9.544905883861937
856 10.550098383454413
857 9.657583084133917
858 10.136800273138787
859 11.949211871384852
860 10.2125018472576
861 11.825170303124098
862 10.90068149119182
863 8.867029571311324
864 12.241862657002933
865 10.948739877677465
866 8.371147980266386
867 9.85800776287657
868 8.555229414039125
869 7.840377631431784
870 9.94709562966116
871 12.605606922650104
872 7.935154828819093
873 7.662291660264364
874 10.017852256423813
875 9.600145346986897
876 13.17822021378745
877 10.644635117693957
878 11.818111900117465
879 12.074191005639753
880 11.562932519521729
881 11.621656828375544
882 10.033317071335699
883 9.635850579362865
884 8.731027702138343
885 8.038088839221835
886 11.25860872669997
887 11.449634360708538
888 11.464684806269753
889 14.729258065334609
890 14.472572459030077
891 13.60068836968742
892 14.357351545910852
893 13.800561077471164
894 14.09155625605992
895 11.084692033044815
896 14.356730702292946
897 14.612935575240263
898 12.994570305106198
899 13.890717970735666
900 14.11763496771898
901 14.369173073554302
902 16.882239604942697
903 13.737468114230133
904 11.792555872719731
905 16.95619027513595
906 19.116392058819994
907 18.78772758043109
908 19.67356458104273
909 19.19678670728676
910 19.60051718376778
911 20.4654061074952
912 17.270579380098987
913 20.06553259421193
914 19.048551601208956
915 18.738469911161562
916 21.159901203809234
917 16.756274562785958
918 17.402418985382894
919 17.537580308714848
920 17.31510855403153
921 17.32943224725464
922 18.386270242714534
923 16.090542945792517
924 15.332159757810054
925 15.237525995548655
926 15.694234157047518
927 15.980549535312244
928 15.959826905366977
929 15.618509638561767
930 14.99725756327781
931 14.670688432155233
932 12.712400497615432
933 11.499683558562477
934 11.882764237223538
935 12.288387335499793
936 15.05947122897413
937 11.474444794321384
938 9.711717959757525
939 7.235576888204499
940 9.24710523831266
941 7.563443676858721
942 9.7538965760705
943 9.07126078069216
944 7.3692760512045385
945 4.881240423802383
946 5.61579170673925
947 5.249176347965127
948 7.488454441057399
949 7.285492988590781
950 10.337829924431317
951 11.226329601854296
952 9.498308539856193
953 11.356730203379502
954 12.420095324839734
955 10.586174359553823
956 10.467089559896197
957 11.080760058665945
958 14.534163639924053
959 12.72468249791006
960 13.010994802548895
961 11.828516028691942
962 12.326333477006553
963 12.90036163298017
964 11.561261240030563
965 15.803323737435825
966 17.350811898278433
967 18.3469544544043
968 17.25287953564498
969 16.95778801080681
970 17.687549582513636
971 19.26337933055794
972 17.01651621056675
973 15.494035542547827
974 14.72434130685578
975 15.09277551159914
976 14.250551499763205
977 12.383701788415994
978 13.264766516005222
979 11.74369959834365
980 11.070136776314968
981 13.27035028258062
982 11.272421475181494
983 14.004799599554904
984 13.012211715968407
985 11.208434060065425
986 11.687671170042487
987 11.087211400311384
988 10.78752161432132
989 12.652977319157909
990 12.006759734049517
991 14.103914928630708
992 11.39088074093384
993 12.462145860599872
994 13.94901828320317
995 13.537932077197635
996 13.20581430185704
997 9.562008150516473
998 7.478366544835306
999 9.630665058606272
1000 9.125521110588785
1001 9.197347675282822
1002 10.09579440842685
1003 9.239195244504373
1004 9.120158267843768
1005 8.422876958040865
1006 12.26018549022687
1007 8.491938284100723
1008 8.696151828842899
1009 8.418557066238225
1010 10.002376912688934
1011 6.928416377712879
1012 5.1891458263820205
1013 5.252499160412535
1014 5.670264796966523
1015 6.5098801611579455
1016 8.899084797119988
1017 8.23500315192012
1018 6.078134763235416
1019 6.875350091276964
1020 8.081763339644484
1021 9.228960045586387
1022 9.742136630194539
1023 10.302266638481806
1024 8.635169183418412
1025 11.351573672887923
1026 9.559411162549464
1027 8.51608744332737
1028 7.918029596391493
1029 8.597867989869297
1030 10.754631562118409
1031 8.47625832875676
1032 10.888823818589838
1033 10.92156567334653
1034 5.588590749598985
1035 6.343906021688219
1036 5.230588918575952
1037 8.800817955109146
1038 7.9630652519318454
1039 8.727927771404058
1040 9.098189968479769
1041 8.601440359960922
1042 9.249893840506585
1043 8.931327066013084
1044 10.284198773601656
1045 7.957177336263272
1046 11.20219567252501
1047 9.311414570935586
1048 9.67490294546497
1049 6.900839368102991
1050 8.537979529109094
1051 8.170326400529513
1052 6.922276974022268
1053 8.958871110584438
1054 7.1202770657651255
1055 9.186568597241388
1056 9.382380209707797
1057 9.494911036063312
1058 10.152910749721475
1059 10.179085611512763
1060 10.530640004792646
1061 10.268885485588276
1062 8.435468212006304
1063 7.4769181132965885
1064 9.198534479885126
1065 8.048788131376806
1066 10.688466495987951
1067 11.242347454892489
1068 10.669401044050028
1069 9.418125521169165
1070 10.630599289297928
1071 6.99508938177332
1072 9.286913879243299
1073 9.102599209708895
1074 9.289533962823118
1075 7.822956350008041
1076 9.14065898564554
1077 8.463769951016445
1078 8.067310784308672
1079 8.991357176210109
1080 10.998314791500208
1081 15.624584518375242
1082 13.629169699120961
1083 13.765524301724021
1084 11.110892562197233
1085 14.602253293617606
1086 13.675856139975513
1087 12.293280510732945
1088 13.665980009278789
1089 15.140812224940653
1090 12.883227220926148
1091 15.30525413813282
1092 15.342764842515098
1093 15.418877659930093
1094 14.7445200268411
1095 14.94919248978333
1096 12.672128703133655
1097 13.116429347310783
1098 11.353063438692658
1099 12.286836244933301
1100 11.952267402206479
1101 11.12639874723817
1102 9.602490220438305
1103 9.711786171389544
1104 9.304295975089492
1105 10.416938017440245
1106 10.722035911874464
1107 11.281614066688594
1108 11.578232996164939
1109 12.201905710748228
1110 13.802985764532561
1111 14.274376981980318
1112 11.764761665431822
1113 11.049055638761455
1114 13.350033885272499
1115 16.128458099065103
1116 12.561738729911086
1117 11.921429514974163
1118 13.000895615750743
1119 14.027291329819105
1120 12.172197742210624
1121 12.893466006336123
1122 15.89953969700421
1123 15.338659235251317
1124 15.477028494538752
1125 15.564507481131693
1126 15.187398612013915
1127 15.453648425229632
1128 14.472937883832637
1129 15.999710027761884
1130 14.480307851635422
1131 14.345376038839982
1132 14.198675209454013
1133 17.21735488089402
1134 16.002121806680073
1135 11.652351669849747
1136 10.233671818574267
1137 13.688890506520902
1138 13.087106004674737
1139 14.574300117948072
1140 13.26912294963279
1141 12.8787428287963
1142 12.568660839541852
1143 15.492688576747348
1144 15.02815691677349
1145 15.421424090423622
1146 15.255812339260379
1147 16.41635567813237
1148 15.547711161639786
1149 15.817914791270354
1150 14.664367792807049
1151 15.761851602839585
1152 12.021380816418812
1153 12.972404255163045
1154 13.624835401411433
1155 14.469601803343238
1156 15.192785011906821
1157 13.605358073845009
1158 13.220063714318277
1159 14.48301255212251
1160 13.21848453446502
1161 12.585370237097408
1162 11.002450509018828
1163 11.436659402978062
1164 13.622305797657594
1165 13.667750992450236
1166 13.182744203247609
1167 10.898393872872866
1168 13.266312773066343
1169 13.510866678325629
1170 14.239058122575514
1171 12.521000033984395
1172 10.675966478207476
1173 12.670260862537924
1174 11.38645039437084
1175 11.291246438160723
1176 12.24028815375578
1177 12.31037812601444
1178 13.362903716734463
1179 14.18596165617971
1180 13.651921476025107
1181 12.768467124283747
1182 11.943061743190675
1183 11.16676023709106
1184 12.884178191145823
1185 10.763981949559891
1186 11.517771936078189
1187 11.797109557792346
1188 8.150542127018625
1189 10.831468337494892
1190 12.593668723238311
1191 12.801161624771265
1192 11.98109231038455
1193 12.020408146460804
1194 13.476834432802073
1195 12.920295891122668
1196 13.475125717787652
1197 13.631629529703353
1198 13.556816323313473
1199 15.411904439457329
1200 14.437253449875904
1201 12.9621017070351
1202 12.951462199352386
1203 14.421240219243813
1204 13.061160917303148
1205 13.063545836776914
1206 13.021649518276774
1207 14.128092612082366
1208 14.315381398047329
1209 15.331245099805436
1210 14.554520803206756
1211 14.417092327848813
1212 12.895645891090592
1213 13.440937536846551
1214 14.157203801845155
1215 14.227466404243879
1216 12.07560106456398
1217 11.889385896161112
1218 9.711974490626954
1219 10.940186671242028
1220 11.031226084802258
1221 10.426317477894777
1222 13.977231126448281
1223 14.161837215292467
1224 16.31692603455578
1225 15.250799264264943
1226 16.65240251313999
1227 16.194177798486532
1228 15.815940703720164
1229 14.069169143509766
1230 15.13174281044906
1231 15.017888660346102
1232 16.16057016767104
1233 15.311211325552396
1234 13.686435325889605
1235 14.169347633290329
1236 11.015356445214305
1237 11.429759555001556
1238 12.538548371729798
1239 11.458780586972992
1240 9.748542812598753
1241 15.336049643078287
1242 13.950409706645196
1243 14.090841237287945
1244 13.328747991279068
1245 17.696783803310808
1246 16.73084737886383
1247 15.6332031397029
1248 16.451273451219123
1249 16.67805545032466
1250 17.116237336047522
1251 16.517477611004104
1252 14.788911365831424
1253 15.133957760952377
1254 16.005536869303075
1255 13.805525408489641
1256 11.486480468683432
1257 10.67369657637166
1258 10.96978394887415
1259 11.949732808082016
1260 15.638079366890363
1261 15.761958752481773
1262 14.04752221795315
1263 14.622228088487924
1264 14.163727466315288
1265 13.318774597114132
1266 13.058502159865817
1267 9.97390286142313
1268 8.811184661022097
1269 9.790055778328089
1270 11.915768733584857
1271 14.564015177080089
1272 12.095785558592679
1273 11.499261907767432
1274 13.573349733695393
1275 13.058570120466088
1276 15.122371159116122
1277 14.498756097297617
1278 18.05963741711032
1279 15.946905785420148
1280 14.475145491013546
1281 15.944914406807237
1282 15.756605880278752
1283 16.174651431123266
1284 17.357459802925593
1285 17.314520998947877
1286 17.107063928918038
1287 16.076773192912153
1288 15.435854420070031
1289 16.073012424653722
1290 18.309813957174047
1291 15.237576273395918
1292 17.150728415930825
1293 15.478107915886993
1294 15.005559736923965
1295 16.84795036138903
1296 18.064824409157143
1297 16.6275042564806
1298 20.131138134425292
1299 20.206877751033787
1300 20.819697160582358
1301 21.039799692055645
1302 19.741819815903632
1303 19.768879704475683
1304 20.794230310092306
1305 19.35262167897055
1306 21.313311033939993
1307 21.372477610871456
1308 19.27905825592444
1309 18.00172164289181
1310 19.746534831857318
1311 15.72268594211467
1312 16.659352243917592
1313 16.606946106006134
1314 17.125419395906984
1315 15.816677650761921
1316 16.466563082345278
1317 15.580648792274538
1318 13.216581613406088
1319 13.038196650493651
1320 12.336943991681208
1321 11.56741541554388
1322 11.066797848989902
1323 11.530289541490125
1324 12.052824280995187
1325 9.585624149279234
1326 9.111776836945683
1327 10.414129073985265
1328 10.127566958381523
1329 8.79300514850335
1330 10.110614607304115
1331 10.791378338293464
1332 10.014881740460584
1333 9.834335492457807
1334 8.47840765887623
1335 8.95300974539799
1336 9.026243416231416
1337 10.535624255771928
1338 13.190488486707654
1339 12.410508144036983
1340 12.822878333465844
1341 13.777177062103679
1342 13.585985966202118
1343 15.066650682326227
1344 16.01714240971125
1345 13.534085800081824
1346 14.422923638817558
1347 12.96300408767969
1348 13.734679177391811
1349 14.559596122850083
1350 14.436509126891856
1351 14.378195213924606
1352 13.896452682194512
1353 15.120588737307276
1354 17.90448849845601
1355 15.362411560990529
1356 13.923739328528793
1357 11.699455446291182
1358 13.204730687828313
1359 11.687911935966222
1360 10.445027064855005
1361 11.735571048464982
1362 10.959507608576862
1363 10.840490532781592
1364 8.068304598445708
1365 7.592893473075942
1366 9.262808972674547
1367 9.36153385141241
1368 10.214373166246185
1369 9.703650226518773
1370 8.609296796386298
1371 10.07642313587337
1372 10.369414290256504
1373 11.056624113616056
1374 9.346022058749156
1375 6.504108596635769
1376 7.473646900308262
1377 8.23184719453648
1378 9.694811947991493
1379 9.450969362701384
1380 9.527334977143695
1381 10.199497709258678
1382 10.519625863843258
1383 11.489790943765303
1384 8.317328454149763
1385 11.225632916645433
1386 10.120939672546161
1387 8.679510822133368
1388 8.8799693836315
1389 11.809180514218085
1390 10.360714545793483
1391 10.51309283969202
1392 11.824428379882356
1393 8.578220569606346
1394 8.453745988014965
1395 8.811897973538395
1396 11.413733911285847
1397 12.046778967517684
1398 9.958341931311361
1399 11.690618262792434
1400 15.221822882340382
1401 15.756036914296548
1402 15.777429346325146
1403 16.473599732597417
1404 15.325543956550053
1405 16.921682024882926
1406 16.706590383937044
1407 14.669836693683663
1408 15.218345945488947
1409 19.357176998418446
1410 17.206040327795534
1411 16.060190013566935
1412 16.149427668328133
1413 14.937679565185405
1414 14.058244666956481
1415 13.136227912687882
1416 15.098150221190153
1417 14.604146796792028
1418 12.117289448482124
1419 13.038462673436177
1420 14.922585704231661
1421 15.586362105616162
1422 12.125398414198957
1423 14.001456883944268
1424 14.97108391571763
1425 11.734395513885755
1426 11.969435356651454
1427 12.143727904269767
1428 15.69680917020531
1429 14.179236437825022
1430 15.986765238047315
1431 16.051723201437245
1432 16.894101008736122
1433 18.446428337440146
1434 15.22193819216164
1435 15.594149520770056
1436 9.315570969331697
1437 12.827638061932163
1438 12.260890328336032
1439 10.469235504729927
1440 14.521040286273724
1441 19.3561814686542
1442 17.287711436025866
1443 16.374550426898082
1444 17.17976780848996
1445 15.454636903851048
1446 15.884885365265806
1447 11.295034006386532
1448 10.674845474652486
1449 13.829307106660558
1450 11.818451344580998
1451 10.626533033713452
1452 9.411673308292567
1453 9.64153890419818
1454 7.811092140274826
1455 8.003135008178841
1456 11.857842899737284
1457 11.3290163078656
1458 13.543036508429186
1459 14.164389376392085
1460 12.732975230359132
1461 13.749275134368375
1462 13.421739832007416
1463 11.913413348499105
1464 12.195554582270498
1465 13.176342538076689
1466 15.094362480444557
1467 18.09714634340046
1468 16.816621046656984
1469 15.21447309230951
1470 14.286373915224623
1471 14.415945838394096
1472 16.299477013921457
1473 15.390324887640176
1474 15.822050054789063
1475 15.654295057220601
1476 16.68898855577927
1477 16.915943222587227
1478 16.40607301001402
1479 15.115083465580454
1480 15.820701419211717
1481 14.779516528264278
1482 15.085092164485868
1483 15.639435555404328
1484 13.162186266391817
1485 14.170360347987227
1486 16.91462008858025
1487 16.47782782010398
1488 16.685894327139867
1489 15.581867459835905
1490 17.80178289042111
1491 15.74590583899268
1492 18.51740306122644
1493 19.53169912661036
1494 19.661053895577165
1495 19.274041699415868
1496 19.6783490676363
1497 18.591547803367334
1498 16.77631651074174
1499 16.413804962406463
1500 17.77857958677698
1501 17.19645689929615
1502 16.653327676161926
1503 16.745952292763565
1504 15.837259960934944
1505 15.28234456406941
1506 16.842915479147855
1507 15.220818240402014
1508 16.28810438025427
1509 14.849795110078974
1510 16.19041528219623
1511 17.259388141193426
1512 15.805274317989234
1513 17.234441060064164
1514 16.76585028923125
1515 18.029756864633697
1516 18.099559477968256
1517 16.968923367254778
1518 17.800799699631252
1519 17.22687807796659
1520 15.603342634050977
1521 13.227529130584088
1522 12.85876468612264
1523 13.356031720465346
1524 13.566535341732441
1525 13.117051116849565
1526 15.017269482703103
1527 13.804917206458029
1528 14.987644487002783
1529 13.29810385481869
1530 12.86336858108043
1531 12.523833593851329
1532 14.45171054558643
1533 13.896199170405955
1534 13.180699469483109
1535 13.65436543403884
1536 13.103312525458545
1537 14.836941127226778
1538 13.732119250352552
1539 14.09070049731343
1540 15.086508817015632
1541 14.436976294358718
1542 13.914900009257645
1543 11.716796874046098
1544 13.812719007764304
1545 13.658395273128816
1546 12.169372705594055
1547 11.13716818967224
1548 11.858766563303943
1549 10.455905888282004
1550 12.411116287587122
1551 10.351824222104323
1552 7.602415993854137
1553 7.590280107463919
1554 9.706171468162749
1555 10.405210146232156
1556 9.158088642057933
1557 11.446962358417426
1558 8.94074814425233
1559 9.382510775527589
1560 9.05300947683482
1561 12.852904662859086
1562 10.040298596981605
1563 9.423826069490666
1564 6.7155832542092115
1565 6.963797218801831
1566 7.187717534588698
1567 7.312053202248383
1568 7.91672365032093
1569 9.023454896632648
1570 8.20553064427197
1571 11.179423906774383
1572 9.210641164333706
1573 8.838991679708144
1574 7.102824532771814
1575 7.757610137792111
1576 7.423399149261726
1577 7.803273427406673
1578 8.497683317509484
1579 7.499862535003873
1580 8.44703131036446
1581 10.312938156878069
1582 9.325664435215263
1583 10.454529134498534
1584 12.176456124121074
1585 10.654462137163534
1586 9.733948121584495
1587 8.703785630494012
1588 10.853408571532679
1589 9.672920236974962
1590 10.160329229566731
1591 9.46044943055592
1592 9.157472306178633
1593 7.371557864459205
1594 8.825164944068232
1595 10.23278848220943
1596 8.858753333615114
1597 11.279830026729364
1598 9.931761522665635
1599 7.44377407941035
1600 8.45139796211075
1601 7.611333853802717
1602 8.826368090535894
1603 9.258598392679364
1604 9.249061920552661
1605 7.365036396315292
1606 6.141705606037672
1607 11.386830426274031
1608 6.5516234158666355
1609 7.9969907687745865
1610 5.8467436841541485
1611 8.665482079524914
1612 7.423766085706033
1613 8.022213062899098
1614 8.282794319696723
1615 8.58236213312717
1616 8.60290350519972
1617 4.85854420033334
1618 4.978017434624885
1619 8.179558143529022
1620 8.489071698319956
1621 7.357593197714242
1622 7.4445237678897875
1623 6.621284557273311
1624 8.081443806238248
1625 8.386422085619692
1626 7.031257383570923
1627 8.527700913942109
1628 7.780167620394429
1629 6.749190272930347
1630 5.9134873038647875
1631 5.906232971472081
1632 4.7115421513516145
1633 4.586387051144553
1634 5.660354727863374
1635 4.980732492784069
1636 4.569970096224552
1637 5.319913279309523
1638 2.7393381938193655
1639 2.8946350855788103
1640 2.7224478269077075
1641 2.8635163681890647
1642 2.9261297143006613
1643 2.925594293313144
1644 2.6894745717962505
1645 3.2571856582821637
1646 3.267021758314007
1647 3.2695712490352586
1648 2.538564001566955
1649 3.6237227320964767
1650 2.9458328628741444
1651 3.0169081370897874
1652 3.501428245193822
1653 3.3015490603604136
1654 2.6127288790354544
1655 2.787432926202061
1656 2.6738649849704714
1657 2.8260275095859337
1658 2.7923318417865093
1659 2.6339133021826684
1660 2.7615190068520046
1661 2.7645477791086237
1662 2.5448429722880768
1663 4.420178074371601
1664 3.9704015472055825
1665 5.082739578609359
1666 3.0432678998940483
1667 4.70060911920352
1668 4.275547371516359
1669 2.551675552531489
1670 2.978439599791329
1671 2.7931152275389772
1672 2.7748006489277053
1673 2.902093656653504
1674 2.769071776419309
1675 3.2549834482605244
1676 3.447713453713459
1677 3.240607767884531
1678 3.0108514624208826
1679 2.5538467072200617
1680 2.6225822097967413
1681 2.873548827847557
1682 2.726379936082941
1683 3.1372254129695594
1684 2.7388643668046684
1685 2.542101042327362
1686 2.6541502694940275
1687 2.949163048838969
1688 2.558486080560279
1689 2.8380700558470386
1690 2.6425955140639643
1691 2.7179395046958756
1692 3.1237631176566976
1693 2.8813898915240084
1694 2.6711179048834293
1695 2.7197421645288506
1696 3.0913311895310542
1697 2.676120430348282
1698 2.9803404674516187
1699 3.249038287859678
1700 2.8987153982178104
1701 4.115689129600801
1702 4.9211718911486315
1703 4.230173604499655
1704 4.733406614407629
1705 4.315026883927752
1706 5.238883167420527
1707 5.057554089481304
1708 5.177747279114987
1709 5.302295685675634
1710 4.958231206842156
1711 5.140627600811069
1712 4.423337864113499
1713 5.4034195160586105
1714 7.543631968931496
1715 4.958935522467098
1716 7.317075893336752
1717 5.29554535574079
1718 6.8598289708641635
1719 8.951087670249192
1720 12.049297895289708
1721 9.29584591918921
1722 8.196261924709267
1723 7.214638542133069
1724 7.931446848775998
1725 7.7313013490984535
1726 9.512170455377811
1727 9.150117374235212
1728 7.938515141993099
1729 8.848665252628775
1730 9.265282714487968
1731 11.185247256257195
1732 9.97311215886437
1733 12.760944385921396
1734 13.028271875657397
1735 11.689571981004653
1736 14.138036799976181
1737 13.94331505858195
1738 10.627796831356832
1739 11.381846846670522
1740 10.15407750463383
1741 10.561401965421165
1742 10.003636711454696
1743 10.349487707696209
1744 8.949960647755287
1745 14.137108113250699
1746 11.615859786675214
1747 12.164389528667359
1748 11.459930709149608
1749 13.625348256817325
1750 9.304977972666952
1751 12.063840181928317
1752 12.04102578248864
1753 10.801164003343306
1754 9.43191877142069
1755 9.685693254088438
1756 10.92954548605211
1757 11.968675290936725
1758 9.639662526257469
1759 11.786791208237824
1760 12.312805144546617
1761 11.826629056001371
1762 7.187622683215906
1763 8.320565116484891
1764 7.6310977372979405
1765 7.077268959436239
1766 6.557537691949072
1767 6.716005516960058
1768 5.459701990571024
1769 3.34566903165737
1770 2.752110462299078
1771 2.7900470553864
1772 2.5007280003208354
1773 2.7785681937847992
1774 2.7408422444686247
1775 3.0281101729231685
1776 3.3068321696608605
1777 2.508588813003627
1778 2.6508377285940914
1779 2.6322939316251337
1780 3.0461171210550906
1781 3.0700015033297876
1782 2.7827265190745534
1783 2.6829999365617048
1784 2.5773631077254344
1785 2.7083261765931645
1786 2.4708654322681434
1787 2.542381177757094
1788 3.842706335715396
1789 3.6770065657834614
1790 2.8594122501268844
1791 2.795569263822236
1792 3.146293380699987
1793 2.7050052607343704
1794 2.8010207199683808
1795 2.663796087109241
1796 2.592248333340901
1797 2.603380297266676
1798 2.6205037086564236
1799 2.5870247252815926
1800 4.850567708137198
1801 3.415365813420838
1802 2.8857040712537123
1803 3.3144945685077967
1804 2.850544740820634
1805 3.1754944180464317
1806 3.28609487914356
1807 2.867877228510454
1808 3.413108949309905
1809 3.4473190716312727
1810 2.711101065502709
1811 2.649489681836962
1812 2.6226385999472743
1813 2.5658723300985877
1814 2.6452524229322205
1815 2.7351590132181203
1816 3.155374851477412
1817 2.828235908084804
1818 2.5273300194775836
1819 2.910161182294083
1820 2.881064894678364
1821 3.189105738566591
1822 2.6356014998053325
1823 2.96932155617694
1824 2.621385447636933
1825 2.7094079086140153
1826 2.67697012716913
1827 2.712043207652409
1828 2.9224057083622763
1829 2.692088519774923
1830 2.814588173475846
1831 2.772490602501255
1832 2.61799775833205
1833 2.9624185450003058
1834 2.6534741272967
1835 2.919723856198785
1836 2.8149109240557313
1837 2.673204434891991
1838 2.668218886470144
1839 2.6339432538244174
1840 2.824755020121011
1841 2.762539642984541
1842 2.757098870023968
1843 2.611270178542385
1844 2.5777865090840453
1845 2.558417298929817
1846 2.5496292249406975
1847 2.6615973067504446
1848 3.40513838433856
1849 2.767564042351556
1850 2.7603190847981107
1851 2.7897233343536483
1852 2.887783352297384
1853 2.597530708174878
1854 2.750764592094017
1855 2.9281905109308863
1856 3.192175502081019
1857 3.1218424313600917
1858 3.96759007859574
1859 3.0084309384715557
1860 3.119164291262079
1861 3.558824822726835
1862 2.649430884848677
1863 2.5545854268251427
1864 2.5840225461684274
1865 2.7235592639743116
1866 2.6589391451907
1867 2.5446629615555247
1868 2.717267024478823
1869 2.7593412061039047
1870 3.2380644792315967
1871 2.916325337372798
1872 2.7502489901300553
1873 2.6229603983805254
1874 3.1069380855010404
1875 3.0105169481092027
1876 3.7033182494857586
1877 3.6952261070567185
1878 3.781337519472408
1879 3.5857930439689074
1880 3.642436974594393
1881 2.9224607795802333
1882 2.8161560889312733
1883 3.1008464488864638
1884 2.71756846380247
1885 2.6811711732522303
1886 3.12169967267676
1887 2.610840474044945
1888 2.6603649162502565
1889 2.8159775721754987
1890 2.578065242791001
1891 2.8323366055928707
1892 2.7359655752905807
1893 2.5676343742653622
1894 3.166798185648305
1895 2.869815643418686
1896 2.930449424307483
1897 3.1596420001018557
1898 2.950908091841067
1899 3.020382528831952
1900 3.2944716289279703
1901 2.696637714669959
1902 3.245490955504513
1903 2.8901664410590375
1904 3.0197240831997663
1905 3.538862938175078
1906 7.0311320570092155
1907 6.135992800700182
1908 6.533737265368526
1909 7.759519314361308
1910 9.015380124360071
1911 7.290171123407774
1912 9.483466557526542
1913 9.719409696957308
1914 9.392313974644882
1915 6.466514814015452
1916 7.218125571239151
1917 8.24570289848286
1918 9.332623257912402
1919 6.7567888837616215
1920 7.721949724318379
1921 6.4296601339733925
1922 6.95166614767268
1923 7.612121157088933
1924 6.972036197568199
1925 7.321044516337209
1926 7.405926083866879
1927 8.668054986931843
1928 8.92341871208088
1929 9.265674816872728
1930 9.572511583435341
1931 11.025603123672038
1932 8.931882144296637
1933 9.564672213197094
1934 10.49455707485932
1935 11.189729000095635
1936 10.139704826647279
1937 9.8142860300477
1938 9.91365607163557
1939 8.027027844365302
1940 8.946374634482389
1941 8.189833440082426
1942 9.989948954090234
1943 7.959914235489646
1944 11.353384321978957
1945 10.809612377284703
1946 8.320103495811447
1947 9.83607815303467
1948 10.226285960988006
1949 8.316605497629807
1950 8.370653427053739
1951 10.74209808504895
1952 11.198565492592154
1953 11.131488842536772
1954 8.96687302159388
1955 10.398535076450264
1956 7.752623445452869
1957 10.359155309889745
1958 7.788861737534896
1959 8.601773826503914
1960 8.870712051082899
1961 9.491835006167099
1962 9.795054111487085
1963 9.631534359397069
1964 8.499731602927
1965 8.589863968375727
1966 7.908327656253048
1967 8.003539775238508
1968 6.967514095754002
1969 9.375674936059315
1970 11.417658546549807
1971 10.102431197161005
1972 8.565401052509868
1973 8.915516214130733
1974 9.924755267693243
1975 7.275150243558981
1976 7.360842536269607
1977 8.236363056613124
1978 7.847162127471026
1979 7.027000380505873
1980 8.234106366254766
1981 7.71702293573865
1982 9.220432372405517
1983 10.231061380366278
1984 11.641818970342886
1985 8.499243434275737
1986 8.33901913844987
1987 9.290612110019216
1988 11.246025558659891
1989 9.12744551989182
1990 8.698382340182725
1991 8.745934705284967
1992 7.355333553285741
1993 7.231856313172417
1994 6.424373663315096
1995 7.3130081851868125
1996 11.150798864227841
1997 11.374418784144913
1998 10.097412300167797
1999 9.576189947525934
2000 8.575586183540866
2001 9.211791954513291
2002 9.40893979353872
2003 9.11273672647539
2004 8.5150943937142
2005 10.877555109702
2006 10.195051188808616
2007 10.395135663397198
2008 8.501522441718961
2009 9.38829764371801
2010 9.50714481465172
2011 10.897577204966213
2012 9.764270697141438
2013 9.501068529102417
2014 12.00959981294796
2015 10.144943262065304
2016 11.632518671125052
2017 10.038413184772006
2018 9.23400063834953
2019 10.360027631083785
2020 10.509910071165471
2021 10.50691675398894
2022 10.58935678880015
2023 7.929863077237328
2024 10.336649457091207
2025 9.131189678172612
2026 8.200946199587369
2027 7.525882500189724
2028 8.237585630778762
2029 8.7106013973921
2030 9.697682035156864
2031 9.380917173259187
2032 10.032750304389326
2033 7.730901163126611
2034 9.207241962912233
2035 8.708531850629583
2036 10.802637803684071
2037 7.683409746507528
2038 8.403759021580775
2039 10.008794578047976
2040 10.383710345826092
2041 9.121358558448025
2042 9.151209213397584
2043 9.813320381160239
2044 10.79341256059776
2045 11.629184299212854
2046 11.818139976302156
2047 12.382546426229112
2048 12.043363682792975
2049 11.52623006098945
2050 9.693917839918976
2051 11.762346760254932
2052 10.836736767002739
2053 10.961833225915463
2054 10.831249649402153
2055 9.363686225748584
2056 10.296534826568982
2057 8.511624464971133
2058 8.148816961101666
2059 7.493417160451453
2060 7.175650445177383
2061 7.82827822488406
2062 8.021157203788695
2063 8.1900960438464
2064 7.343484773478415
2065 9.507939236568784
2066 7.775427839936645
2067 7.949484217966311
2068 7.397308182008794
2069 7.942166413708348
2070 9.769863993325957
2071 8.477392383580723
2072 8.872516426383669
2073 6.977193748517725
2074 6.616704666540652
2075 6.55981158636798
2076 7.590533989807497
2077 4.920260633694296
2078 4.96230122173938
2079 5.406471365523853
2080 4.623710561190849
2081 7.120567788112959
2082 7.598865086888778
2083 6.47828147598583
2084 4.6230407699425795
2085 4.526161387383181
2086 6.328442813084026
2087 6.603094427360151
2088 6.530008455951221
2089 6.6303569368290445
2090 7.3285562183028645
2091 7.136231882245835
2092 5.031111266104612
2093 5.331451197869414
2094 5.352380968557516
2095 4.688029460986153
2096 5.285408084145336
2097 5.574033821230334
2098 3.653281954308591
2099 3.038504815568208
2100 5.39708956682024
2101 4.16588415751756
2102 4.918882085156638
2103 5.094745251814066
2104 6.210374431858708
2105 5.989546139943042
2106 5.195678123777193
2107 3.534464909231377
2108 4.595269222810574
2109 4.6797583568788435
2110 4.849733250362013
2111 2.6727974477072
2112 2.6641401462721386
2113 2.860515380948021
2114 2.7056913047054483
2115 2.832134739213882
2116 2.613896818711273
2117 3.273476864366053
2118 3.249547201813278
2119 3.6021907241918973
2120 3.054221681567561
2121 3.015480269950844
2122 2.5372191287775125
2123 3.029634019862414
2124 2.579322772649774
2125 2.5400398171169836
2126 2.5507890568640716
2127 2.8233105039349713
2128 2.658459597748273
2129 4.21273481765421
2130 2.607225484325402
2131 2.482780832118891
2132 3.0553816622212473
2133 3.0202916399669415
2134 3.211586289231063
2135 2.8394526208824127
2136 3.5653829043156557
2137 2.8418910770603265
2138 2.933265649447976
2139 3.508485834753599
2140 2.556441147871154
2141 2.5968504442759768
2142 2.740395722203226
