0 3.328715381263884
1 3.2880670107590086
2 3.220691411631238
3 3.2138035016368063
4 3.3346271989724583
5 3.3315434462794737
6 3.331905576653769
7 3.442800360052563
8 3.561303893549369
9 3.304351774399835
10 3.3034383712026827
11 3.312155888770761
12 3.3843931240448684
13 3.2585000018418095
14 3.4759674859338894
15 3.3642543863240317
16 3.32522229206281
17 3.3645705377280217
18 3.27495158312843
19 3.3986726702620174
20 3.3986353464443533
21 3.3536039109402243
22 3.3385457103045826
23 3.378892558608319
24 3.1618438261762942
25 3.2442209708483847
26 3.34362102948936
27 3.355052623333634
28 3.3497904602474557
29 3.3247809500345347
30 3.433927827884472
31 3.3172591783602488
32 3.35808422898481
33 3.4016380202377148
34 3.3711810248194176
35 3.271210682972576
36 3.4686264503630175
37 3.3894779979656615
38 3.364489434348441
39 3.516174381512502
40 3.4816862431073545
41 3.3277844239970538
42 3.471515906381166
43 3.2572662305683533
44 3.3675691835874324
45 3.291252975628591
46 3.420539902956163
47 3.3337459529135254
48 3.327724381644554
49 3.419593800530342
50 3.415705260803982
51 3.4499405592593844
52 3.4180691191006427
53 3.57954227926485
54 3.403195256201893
55 3.336726333006472
56 3.472151799522902
57 3.4238768284054184
58 3.3255345112140655
59 3.3213224788505533
60 3.328550754646966
61 3.3543572205132155
62 3.3328121452738566
63 3.417576621236139
64 3.4408717461799805
65 3.3936767781857635
66 3.2986966786590304
67 3.2532943126957865
68 3.400949941781899
69 3.1853128410425136
70 3.2963456851383337
71 3.4541165142636
72 3.369403514812892
73 3.404210286316745
74 3.3024076461232013
75 3.450003016408451
76 3.4259159662577856
77 3.4410516039199264
78 3.6135211743225564
79 3.2946959248467307
80 3.3968661749270037
81 3.3715067910902414
82 3.310264481163995
83 3.3164033522842726
84 3.3186121431497746
85 3.3690888549274707
86 3.4106274695123058
87 3.5186261861372006
88 3.3798993407961486
89 3.4875313760881834
90 3.53316238193268
91 3.371434003232876
92 3.364618493005257
93 3.3543625726203485
94 3.4209345996504985
95 3.496664436742359
96 3.347881955858695
97 3.324207593049411
98 3.2811818806302515
99 3.251001352254308
100 3.447699228511817
101 3.3160129268967946
102 3.388127519215027
103 3.368064494054335
104 3.4141866092583117
105 3.502790220129515
106 3.396002318178063
107 3.3142275453208585
108 3.2915493758988963
109 3.2886900139791315
110 3.336155876583037
111 3.5486362963009364
112 3.3564857087519644
113 3.405212776161439
114 3.342406556568204
115 3.389627437990519
116 3.4425030325093546
117 3.3921510152458954
118 3.3487298775489984
119 3.25798753095719
120 3.3309583854124827
121 3.3860119202400654
122 3.368023280483828
123 3.405657802945441
124 3.328387127668222
125 3.3487750176870006
126 3.3094001713231087
127 3.375284002045875
128 3.2807368415112372
129 3.458470370661354
130 3.3853901457392794
131 3.294568077197502
132 3.350653543358359
133 3.4463510029585445
134 3.32454464939799
135 3.3194980074569806
136 3.313807113006583
137 3.331028094664635
138 3.4050897486632548
139 3.3835373803900928
140 3.3420162584266717
141 3.4241743586485476
142 3.3327930675034203
143 3.322718331838699
144 3.4242040518831796
145 3.2876321115037443
146 3.522901957852202
147 3.3802369207130747
148 3.1748457222740445
149 3.2903563852430056
150 3.354767760618901
151 3.366427126171775
152 3.4318749964006208
153 3.49040944098435
154 3.394010131410622
155 3.493372437427413
156 3.3786077637176684
157 3.372929855411982
158 3.345313442749835
159 3.4641610661829865
160 3.2864626100298007
161 3.3088638030690154
162 3.351423170160322
163 3.3855470254349527
164 3.495765256174279
165 3.2690736850906106
166 3.3410410719428554
167 3.522256571006844
168 3.4148147228854815
169 3.4291061351657843
170 3.4686761627269167
171 3.476842723373372
172 3.3665395011649983
173 3.483054542911738
174 3.3267178363306624
175 3.325053655867395
176 3.282803694768204
177 3.4294539349818574
178 3.5018405724829664
179 3.417596071436281
180 3.247511053043765
181 3.3618568595753096
182 3.4418778026967143
183 3.429171932713302
184 3.3354979774612827
185 3.382870584503296
186 3.249963459895965
187 3.2714253026443654
188 3.2937695418314417
189 3.3651428802231553
190 3.31525980932263
191 3.5131142498767063
192 3.247370406242935
193 3.3977476777266187
194 3.378104506183595
195 3.2692708790930967
196 3.567553542844144
197 3.444571215352606
198 3.3611459616990116
199 3.4817256776063976
200 3.314925341581676
201 3.3503527520796466
202 3.4272396478437646
203 3.3718698024598983
204 3.478225416802664
205 3.428047546650155
206 3.479628151431118
207 3.3919193230872966
208 3.599127298161764
209 3.459228905065938
210 3.31805134343382
211 3.3611415141532284
212 3.4094287097627527
213 3.271315058188779
214 3.3627070721248606
215 3.426809400920914
216 3.3617307742474627
217 3.2963181903585226
218 3.3408764685152006
219 3.485939830752524
220 3.3158450493928475
221 3.4222489813955934
222 3.315169737826037
223 3.413945039088796
224 3.2698356093673326
225 3.3029717678391832
226 3.411950815164527
227 3.3589291778104307
228 3.404874807907747
229 3.3088076882014463
230 3.3500797144744117
231 3.3034549707655083
232 3.2833112069489396
233 3.2769888968862078
234 3.4701278070865347
235 3.5479290096074014
236 3.3854362238424276
237 3.359091360971343
238 3.21270104509044
239 3.359387643004227
240 3.3436422489122872
241 3.4308256509580417
242 3.4064444726332446
243 3.4164674612410177
244 3.309206854833805
245 3.3051701962652076
246 3.385446606027383
247 3.381137860723691
248 3.351463086776441
249 3.451302869913416
250 3.3472701179220548
251 3.4427305602876657
252 3.348529788737383
253 3.340645465479987
254 3.3774996987888724
255 3.3487596830579007
256 3.5195417440091217
257 3.2658886918791765
258 3.402808523536866
259 3.43779831928671
260 3.309923455031518
261 3.345300266543708
262 3.368270591496635
263 3.3320964069992596
264 3.3419053517345727
265 3.32537761056862
266 3.4794032544769204
267 3.33785261803594
268 3.345507737256284
269 3.3866416100745935
270 3.4147171928169957
271 3.4316614736674125
272 3.482185007589393
273 3.738197259158922
274 3.263096943289533
275 3.495901215470069
276 3.3309705560218528
277 3.408100667246254
278 3.3672602433362915
279 3.5365346364279
280 3.5141299297147413
281 3.337686010528223
282 3.3577156613040904
283 3.375852050077512
284 3.3816569039101836
285 3.2994033179997095
286 3.468286999586821
287 3.2605020488777825
288 3.4262622448438576
289 3.407461784263808
290 3.389808495227376
291 3.3660532014244775
292 3.2883366680549817
293 3.3350503047299007
294 3.443497575671211
295 3.4011256519283553
296 3.3923404318238353
297 3.2344186246134194
298 3.452185332425556
299 3.2978577236282134
300 3.3013901627829383
301 3.3782147271744325
302 3.4302001769836905
303 3.356457574175798
304 3.370445779908098
305 3.3194935117861704
306 3.411664649199489
307 3.2914073626106655
308 3.2605415577055643
309 3.4433861492784743
310 3.346108095993847
311 3.497207269658616
312 3.2339294932183456
313 3.5918892690365274
314 3.546742680124831
315 3.2912591947971306
316 3.3371432392130584
317 3.348505208735716
318 3.3166877395802135
319 3.344935665630567
320 3.2449266138177713
321 3.3534887276056544
322 3.323516453156841
323 3.472160898373606
324 3.4144625962830153
325 3.2734323699414767
326 3.3609094359559095
327 3.4201026719833645
328 3.402144358832336
329 3.4618861553649762
330 3.38129700370544
331 3.3471241829537832
332 3.467997987120427
333 3.2118796709157684
334 3.2995635007002253
335 3.367517063544538
336 3.3198229180286067
337 3.3610404450083675
338 3.3623189363207215
339 3.378015998912281
340 3.3901886422463785
341 3.3564531483607443
342 3.3832875320049496
343 3.3446614842940328
344 3.433265197668734
345 3.4825242088967685
346 3.4237724343130624
347 3.2819543114880676
348 3.2875096426715205
349 3.252523125275055
350 3.4958405815315614
351 3.333190330642074
352 3.247727011872827
353 3.391395153983197
354 3.3183405837649342
355 3.4036877941046595
356 3.3873475569476077
357 3.2965257413277804
358 3.3301010979325194
359 3.248486066268964
360 3.30868092755493
361 3.4459290897059005
362 3.2905141967608595
363 3.301523849170869
364 3.4159252785004606
365 3.426031776259733
366 3.3765163618209506
367 3.2838675255678558
368 3.4248659187971056
369 3.290173244783341
370 3.5554185809292544
371 3.297088536307019
372 3.2463653008815534
373 3.2496406044435178
374 3.264139112098384
375 3.452293719358577
376 3.3486337393847783
377 3.384637373946818
378 3.4003148774700063
379 3.330713456169727
380 3.4175572104282645
381 3.2194219750925956
382 3.338371621700796
383 3.442566889715323
384 3.3685563622522396
385 3.3660271242686615
386 3.263956448420251
387 3.310273303208585
388 3.36191264079995
389 3.2964885150747922
390 3.272711150021194
391 3.3157425750256357
392 3.274190354134512
393 3.230686774166094
394 3.306467196756402
395 3.316676468565791
396 3.3687951889767587
397 3.325001593082713
398 3.294224608715176
399 3.3917737874567226
400 3.2526561856257574
401 3.290178992993952
402 3.2928709142891273
403 3.2874455574324135
404 3.3250083009833693
405 3.3923135292592264
406 3.4238694092483346
407 3.2947610281120148
408 3.2589120349296476
409 3.347241153488629
410 3.355127954356689
411 3.443101763120163
412 3.4885593172052833
413 3.3701329786317222
414 3.39482869128506
415 3.3908200324250704
416 3.260705531247365
417 3.4480192779282994
418 3.365780386530211
419 3.24472026062156
420 3.267176558559208
421 3.3792635965425357
422 3.271599469050517
423 3.3752616350112006
424 3.2418124386127913
425 3.279272866828554
426 3.2237073107108363
427 3.377156203362549
428 3.321368606366551
429 3.3061394346632724
430 3.3965866531200444
431 3.3773045176334255
432 3.3482824587718865
433 3.324808114000557
434 3.3356180900811045
435 3.2711467226712823
436 3.3196060493563775
437 3.443968315546327
438 3.3954757175880697
439 3.3664164436102224
440 3.4848701408632503
441 3.242060542907995
442 3.3072219295042022
443 3.2967767283572886
444 3.379768208621079
445 3.374443739650408
446 3.247160965892855
447 3.265545613115717
448 3.407736129555868
449 3.372404754895632
450 3.4509838141410487
451 3.2792068562258487
452 3.374588007922813
453 3.4610028005407845
454 3.252945427997677
455 3.303584172856702
456 3.361394707940738
457 3.3179644727042485
458 3.224042699771059
459 3.2908433895402656
460 3.166578816210668
461 3.4215509710263694
462 3.2606506387153233
463 3.191708680554962
464 3.369280443957696
465 3.3155438181302594
466 3.233094522798542
467 3.385723300636758
468 3.3170981611700245
469 3.4328709397789257
470 3.2813844652375375
471 3.3598641842570043
472 3.3255048452663787
473 3.3101951591818857
474 3.297876045874552
475 3.3155424142677754
476 3.29658688688646
477 3.2973807037283382
478 3.2353289940213594
479 3.3634942672558057
480 3.3442765199017432
481 3.298428257014559
482 3.4844780055232962
483 3.2547670890673435
484 3.3280843460400633
485 3.351707592341642
486 3.2802263566169407
487 3.350539658883045
488 3.2891843341568068
489 3.418103676045668
490 3.4313818181944784
491 3.5437081325296504
492 3.350505579086838
493 3.421654115662082
494 3.296388329684111
495 3.5083639549592767
496 3.457269791123049
497 3.3470875397921955
498 3.4167347488604194
499 3.7374404842905893
500 3.468024052914998
501 3.3711248185618885
502 3.3326283155438112
503 3.4063440462788046
504 3.2948693014863504
505 3.3173599427289
506 3.4107401346149766
507 3.3581074189339253
508 3.274126768803019
509 3.3246413477635275
510 3.235317807822515
511 3.4026425538509675
512 3.2652042869953632
513 3.2952134930903147
514 3.31306015333084
515 3.3883694504079402
516 3.274063376599327
517 3.4136503940738647
518 3.296419868913961
519 3.4070352117507277
520 3.45219246721039
521 3.311990638836999
522 3.2716886478980074
523 3.4557592867778766
524 3.3505383814011154
525 3.286289130417996
526 3.3336293937272026
527 3.3140809376628293
528 3.343425409747542
529 3.1950498929373583
530 3.2992125733147706
531 3.4374576284776195
532 3.320737656111909
533 3.291444922345044
534 3.1902128490110444
535 3.4939665637034603
536 3.3063536209202358
537 3.488116720217373
538 3.3676667588553517
539 3.3251480552733916
540 3.395201742971894
541 3.3247619924994574
542 3.3474405081948877
543 3.4997894273122583
544 3.2354930751655613
545 3.2672546515208647
546 3.414746746824335
547 3.3689452345261683
548 3.3299848692131593
549 3.356217747411258
550 3.188512500832478
551 3.299037294896028
552 3.28978851120627
553 3.117278866915371
554 3.3492587484717187
555 3.290827140902472
556 3.3528937251778976
557 3.332202196341684
558 3.315032893084465
559 3.286194128855529
560 3.4775298017789393
561 3.282124475924927
562 3.35476254448256
563 3.2682231030488516
564 3.323758851225668
565 3.328991154312703
566 3.251247802432303
567 3.2849973601394513
568 3.4003438726406916
569 3.25702419259096
570 3.4054461526946693
571 3.3916025690242764
572 3.3195340743933306
573 3.3509130311255926
574 3.3832996181519053
575 3.3422524944432905
576 3.232073384179089
577 3.3227929368651097
578 3.376327683097466
579 3.295326904711499
580 3.3622617627120697
581 3.450910613233001
582 3.32458438979447
583 3.481158209451397
584 3.219862877764611
585 3.3266408384858037
586 3.3532096499746884
587 3.392183982698094
588 3.428399607876871
589 3.2579295106304613
590 3.2383572502322284
591 3.3769822701501906
592 3.2309983717737407
593 3.3608913087661256
594 3.3299153823293257
595 3.380214788827439
596 3.3448575175212962
597 3.4432722058045315
598 3.3341589164357095
599 3.521880769985233
600 3.2101379605146514
601 3.3904849102597714
602 3.2888913972511067
603 3.330606402112931
604 3.3269119637690783
605 3.2515181564211986
606 3.2423367818410562
607 3.5054891361639875
608 3.618832252371402
609 3.306306506568178
610 3.3001232908931843
611 3.3586113603081937
612 3.3771912328093214
613 3.436939216179639
614 3.4008763673788387
615 3.3558257025643536
616 3.411643059869991
617 3.32561633657242
618 3.4460317294887237
619 3.2994303509778753
620 3.4402992321266708
621 3.244097810797307
622 3.3962662876902217
623 3.274681490173307
624 3.3284840152078257
625 3.2867261281230378
626 3.384096084610844
627 3.283249480764495
628 3.4537588595334667
629 3.4310690428423025
630 3.3612143153330436
631 3.3675254820035923
632 3.298052381729738
633 3.4078688337520333
634 3.3338846778194977
635 3.4909685178964276
636 3.504914826573463
637 3.3478935729003374
638 3.214938115592359
639 3.4054696614298825
640 3.326278534818189
641 3.480780861034335
642 3.3211794573329594
643 3.3018288512423286
644 3.344397665883198
645 3.413639704880916
646 3.2734008608159195
647 3.2196715721977403
648 3.358445803053228
649 3.384649854963696
650 3.3820401396369224
651 3.3427336658920956
652 3.3989196831452406
653 3.275690610721049
654 3.3210003639929284
655 3.366411719267241
656 3.362336369716156
657 3.460573312268701
658 3.360124387916903
659 3.3406406102693094
660 3.2705524137978803
661 3.3116674945813753
662 3.472657359342221
663 3.2924981774592936
664 3.3056575160926442
665 3.3262470345152875
666 3.321183641896911
667 3.469363243433014
668 3.4166371564273397
669 3.504980216769804
670 3.3671507262425506
671 3.4228481745038435
672 3.246783262587555
673 3.362361824756411
674 3.3641536767396394
675 3.5137788450521215
676 3.268090628817652
677 3.4283733183907237
678 3.300822114248033
679 3.2668861911649336
680 3.452585267413891
681 3.4610112520480873
682 3.407101855550808
683 3.408005766866145
684 3.242800246786559
685 3.4071412533264325
686 3.349417479141826
687 3.451854989432576
688 3.351491020130384
689 3.235196852246039
690 3.470620538593114
691 3.3796299081523955
692 3.4633095583107996
693 3.321700613070437
694 3.487561995775967
695 3.270706617897369
696 3.3757526337972377
697 3.409531582463769
698 3.3610663258293147
699 3.357193812185849
700 3.53281197138793
701 3.360140317850163
702 3.2818513450189912
703 3.387282263468507
704 3.6269193545098934
705 3.2791433598317874
706 3.3065661814178124
707 3.429137128080292
708 3.4250098268091556
709 3.5086251900491536
710 3.5458919009732455
711 3.3638362771957273
712 3.508572010545423
713 3.3515282858473174
714 3.375395463388278
715 3.4683902057888627
716 3.35035708274905
717 3.4328453863198023
718 3.3510868531449853
719 3.512860682116644
720 3.3337056632572675
721 3.3569586445662205
722 3.252690698502086
723 3.312140601960996
724 3.4655415801711067
725 3.4913834073771812
726 3.350764411126375
727 3.34070130779254
728 3.4147244819391105
729 3.27769794338331
730 3.40304494923436
731 3.716520366125501
732 3.3821621681165506
733 3.399486736636646
734 3.4038236866967906
735 3.3461180805519564
736 3.3954654825282926
737 3.416621882708265
738 3.377293315181981
739 3.4122403996484
740 3.4218517175281082
741 3.4012774335702347
742 3.301469961858761
743 3.3063855008483283
744 3.383648756048477
745 3.3609019125164843
746 3.470680705255935
747 3.3312162588905645
748 3.3740795192097273
749 3.4283724664456514
750 3.335717437424823
751 3.488284249800912
752 3.2771887236689543
753 3.3543354522931383
754 3.3788795411408974
755 3.320870729762477
756 3.2993761507766535
757 3.3652451937737697
758 3.305810663760129
759 3.206289714111689
760 3.488943378732981
761 3.238192541892788
762 3.4390658424890734
763 3.3844338883340663
764 3.3099774379061975
765 3.332851128906777
766 3.227363755466459
767 3.365740282666478
768 3.3231647192107614
769 3.401460617197271
770 3.369202292651185
771 3.4203975128780018
772 3.324171103548255
773 3.297782506366337
774 3.3120256987187413
775 3.3920605830699375
776 3.281859468699385
777 3.2609759923835964
778 3.44211763400469
779 3.3887413304270204
780 3.305689962567249
781 3.3501226452659383
782 3.3012638887672754
783 3.335103048087505
784 3.323292653340733
785 3.322151215175677
786 3.3322865096841374
787 3.3568243599028533
788 3.2861672318863264
789 3.289740417984547
790 3.245024872203905
791 3.247628286842004
792 3.328332014637926
793 3.368484212253989
794 3.3573803960644346
795 3.395966889578105
796 3.377492535817592
797 3.417186851322914
798 3.3131568161903853
799 3.353378269587226
800 3.348175368310105
801 3.3651089159755565
802 3.3433997513515887
803 3.3740001703933307
804 3.391806043444642
805 3.340934093220448
806 3.524040277392018
807 3.320389392493217
808 3.338320561788397
809 3.330427838116439
810 3.2851839514740595
811 3.328419504218605
812 3.5162781696925576
813 3.31841609771676
814 3.218379679364021
815 3.3515506616816872
816 3.260048924482841
817 3.273996987193368
818 3.35881606105586
819 3.349470726010918
820 3.350275763403695
821 3.4143902705660163
822 3.32632882224748
823 3.301607332534546
824 3.5184696717362507
825 3.487629821485989
826 3.332268824052243
827 3.393205396603612
828 3.4549818185807015
829 3.280086239535069
830 3.3878681209669343
831 3.321541359622734
832 3.5273265195108516
833 3.3183136425750486
834 3.4445230693960665
835 3.5372423070728534
836 3.4061733939734586
837 3.2938056048624977
838 3.4047210742956207
839 3.437203104184659
840 3.439690814791002
841 3.3808624759031347
842 3.3217547040430198
843 3.3293212449623835
844 3.34657640078473
845 3.260849441557844
846 3.323801170045398
847 3.3250171291958535
848 3.323085194471743
849 3.394496011060869
850 3.3243359267540264
851 3.319907659669171
852 3.323719211205791
853 3.348233662096696
854 3.330594536188134
855 3.361462788228846
856 3.330039034522119
857 3.3194758715065835
858 3.3523413508621016
859 3.357812322704673
860 3.302074167978117
861 3.456010813856386
862 3.4269505486779224
863 3.3619484733776117
864 3.3261814196293398
865 3.3396115456220428
866 3.40880043116886
867 3.349375693794486
868 3.33572340797805
869 3.3697836601086473
870 3.349092021918529
871 3.287440481294008
872 3.3286185424538846
873 3.4600756809570115
874 3.3588246186278163
875 3.3818243927422666
876 3.3657134984563566
877 3.362856574077683
878 3.45591975200589
879 3.3204351683489834
880 3.3323505182485817
881 3.387772984224205
882 3.2629588205631883
883 3.4263286421693753
884 3.381946195177262
885 3.548712084331851
886 3.2828550779055794
887 3.269534327733951
888 3.496287079724579
889 3.4492454553608707
890 3.366859932639081
891 3.2723574764631462
892 3.2630596269079444
893 3.3866058784722024
894 3.3664096757755884
895 3.4374624802398035
896 3.338323778597117
897 3.4665128266647067
898 3.50007502448635
899 3.350734797791835
900 3.3961248136136954
901 3.604639378718997
902 3.534576693975555
903 3.3765545176407707
904 3.3174490828259886
905 3.215406818763474
906 3.2169028682176433
907 3.2998077031854782
908 3.2504009174464166
909 3.483384867018286
910 3.270764876799504
911 3.206707012877447
912 3.3820341861885828
913 3.455530502696027
914 3.473301395520833
915 3.299073790774887
916 3.4629516399596394
917 3.4467955545357856
918 3.303002075625136
919 3.312155733716754
920 3.368176220502445
921 3.407459311330274
922 3.2988196213232044
923 3.349741303188801
924 3.312690901400572
925 3.3412461064334544
926 3.449601021288533
927 3.460348881338973
928 3.3834267349028018
929 3.3526991395412002
930 3.282627144221443
931 3.6123390007837775
932 3.2266812678009726
933 3.376030634301024
934 3.727483715667713
935 3.2160359106299805
936 3.5313997709014835
937 3.4389547632596664
938 3.393087238831676
939 3.40295581890713
940 3.4976615676590224
941 3.4272093201540406
942 3.393960169810181
943 3.3972009289830907
944 3.407684483072775
945 3.315977527998827
946 3.3935359504576352
947 3.655366961412125
948 3.2835631406995622
949 3.4159446313529904
950 3.2607981768595287
951 3.4288705245290734
952 3.2743230373453813
953 3.3257581975975383
954 3.274962881051301
955 3.378706480085409
956 3.3206844983638404
957 3.3193368622910655
958 3.3708983943418
959 3.326387472858824
960 3.2835687825431834
961 3.4346151173663166
962 3.489692132926449
963 3.405365355562597
964 3.3433496938368883
965 3.2729856583335892
966 3.344169282467352
967 3.4472983593568225
968 3.2697020248380015
969 3.3784873895305387
970 3.344588246741948
971 3.309327662958042
972 3.2767304247742497
973 3.3799025437533805
974 3.20033822463058
975 3.52493036765408
976 3.2973586117888734
977 3.346014504253221
978 3.3077358322883477
979 3.3586462509983512
980 3.413088347609227
981 3.404793703436006
982 3.4853193514052587
983 3.4078422849445893
984 3.4293540054448646
985 3.799645374759837
986 3.328945102756384
987 3.39518863111906
988 3.4070167432094878
989 3.4227039124835095
990 3.3945646366970026
991 3.353460645391273
992 3.22556015855663
993 3.387234688167559
994 3.47306400733188
995 3.2829610749616207
996 3.3995009548558963
997 3.409121536691279
998 3.403128770903349
999 3.3555181388206914
1000 3.46353871281493
1001 3.2954930944812233
1002 3.2283912255778766
1003 3.1970788478523517
1004 3.3348765925069017
1005 3.357659256331937
1006 3.3440348655685685
1007 3.3344363577385145
1008 3.2970576105315637
1009 3.3643781974831386
1010 3.383851332595235
1011 3.2657057760246735
1012 3.403510625420678
1013 3.399951171263511
1014 3.2315731632976337
1015 3.407285779679407
1016 3.33671382238969
1017 3.2759100402433536
1018 3.3614762587655376
1019 3.4271474987399904
1020 3.3705259614885827
1021 3.4206495114560087
1022 3.3313323038989346
1023 3.435571082764362
1024 3.3068657416239025
1025 3.383650898670632
1026 3.2829486933153853
1027 3.3460549814894933
1028 3.4009969466136534
1029 3.331021667094491
1030 3.441413039953585
1031 3.401171691340381
1032 3.421514561456005
1033 3.3475205105111914
1034 3.3765060988025843
1035 3.4025658077949963
1036 3.393806777220171
1037 3.2913785128791107
1038 3.347592359596665
1039 3.3724184349136066
1040 3.363100533779157
1041 3.2785443694147123
1042 3.612821057687328
1043 3.4584528471289593
1044 3.4437576438048345
1045 3.335351743226367
1046 3.421852268937707
1047 3.424121513401702
1048 3.346770167186501
1049 3.2819202388497497
1050 3.4373401077037764
1051 3.4506714935528917
1052 3.3291983937982423
1053 3.224353914495828
1054 3.32534029756516
1055 3.1823914085230283
1056 3.470266312193506
1057 3.324486310564065
1058 3.3922723359557407
1059 3.3800175198642877
1060 3.3010932341077273
1061 3.3826060523468464
1062 3.269853180088311
1063 3.3489196043058196
1064 3.3971552049987785
1065 3.478342665802748
1066 3.2908357546768334
1067 3.258741355051442
1068 3.3381075690572173
1069 3.316588096626874
1070 3.35491789669658
1071 3.4343241006175376
1072 3.3396572375596087
1073 3.318184725950591
1074 3.2302619875644023
1075 3.4120897796470238
1076 3.2575316972579214
1077 3.380830549813879
1078 3.383993244936137
1079 3.383063386452933
1080 3.475682471639679
1081 3.5015018672456972
1082 3.2662026820646712
1083 3.382422377531698
1084 3.456505302223301
1085 3.401218981373433
1086 3.2965167433275546
1087 3.5043585909727466
1088 3.4590938655173487
1089 3.293183411127777
1090 3.3843479639050864
1091 3.396382949878789
1092 3.262652346143506
1093 3.3808129193608667
1094 3.4424524462910555
1095 3.232068731803648
1096 3.464103534173753
1097 3.276674048683336
1098 3.2726938910485965
1099 3.335746494459263
1100 3.2878589870162473
1101 3.2839338561247953
1102 3.4808614305905885
1103 3.4088348469258856
1104 3.2863937209891256
1105 3.3330379263457526
1106 3.2794849893631413
1107 3.3365092437836035
1108 3.370483545317567
1109 3.2606560958247557
1110 3.3737386320742684
1111 3.4916007613797317
1112 3.4222202279441896
1113 3.4005364302865053
1114 3.4460032664320623
1115 3.3872122296424
1116 3.4616247117151415
1117 3.4330805067405725
1118 3.3552783830912203
1119 3.39788300819953
1120 3.4488417809194956
1121 3.3022308284565565
1122 3.4189569037334846
1123 3.508565575036457
1124 3.311200334753868
1125 3.3405244947219024
1126 3.478496079822773
1127 3.331091067384939
1128 3.2924486881900146
1129 3.4394385940757686
1130 3.288732672524001
1131 3.3082119839372917
1132 3.419969265596089
1133 3.3783979690515626
1134 3.454708920511234
1135 3.3314301718916592
1136 3.3869249572788327
1137 3.401816949376075
1138 3.38562255317394
1139 3.3166743963664644
1140 3.4436085634837115
1141 3.3344790220431375
1142 3.567813851015902
1143 3.4193078715520318
1144 3.402226926229484
1145 3.4323857251301915
1146 3.381738049122598
1147 3.320394156726566
1148 3.3267386660196143
1149 3.2761857871637825
1150 3.309937702808453
1151 3.3108002101991594
1152 3.298386916437184
1153 3.3059910789919824
1154 3.462226698485567
1155 3.3285038966844387
1156 3.295674885411558
1157 3.2519003533777693
1158 3.4192419291446066
1159 3.388967899741603
1160 3.306797742004876
1161 3.2268450517625116
1162 3.254674427057088
1163 3.3033391215246866
1164 3.268229727447391
1165 3.443241223486501
1166 3.2952078799418594
1167 3.327989374169678
1168 3.4771371439101877
1169 3.3921229795540286
1170 3.2886897771017622
1171 3.3280527119028442
1172 3.251208843551893
1173 3.283568346391206
1174 3.2718831786211657
1175 3.3435616128867647
1176 3.430805581702646
1177 3.373975963263044
1178 3.2604285501699457
1179 3.359972200497194
1180 3.3836858191695636
1181 3.403319008916154
1182 3.4086747225012384
1183 3.423400486399059
1184 3.2943630296311013
1185 3.387656250898454
1186 3.4941475027386772
1187 3.4321298852260447
1188 3.3896231373494583
1189 3.246550482125519
1190 3.344794033484737
1191 3.4519347824317266
1192 3.3216167840263817
1193 3.333772371454752
1194 3.500527308064054
1195 3.451182848377731
1196 3.3688503166288246
1197 3.3469619262457804
1198 3.3679795293792147
1199 3.262417749494593
1200 3.404193415969512
1201 3.3361255703661303
1202 3.3700610486061917
1203 3.413415166943028
1204 3.30700061224418
1205 3.360398552690193
1206 3.490305921990879
1207 3.2976133969088886
1208 3.3045286884326197
1209 3.4314856774607283
1210 3.3658832816358206
1211 3.247089507512538
1212 3.422241978345739
1213 3.3489204704240603
1214 3.3037947780066212
1215 3.2982062169968005
1216 3.4516901004919602
1217 3.3079830046435745
1218 3.3820109682324504
1219 3.2670587086939014
1220 3.4219620153833006
1221 3.4541426865909566
1222 3.268450301831381
1223 3.3142427427043972
1224 3.420830831140914
1225 3.353731400634128
1226 3.345991756387154
1227 3.3448072472223256
1228 3.47798257991563
1229 3.4543216661765648
1230 3.3464735788905395
1231 3.5022563851508863
1232 3.3642788123960874
1233 3.311568995253628
1234 3.2578073570271266
1235 3.3554485021341494
1236 3.4419783826790185
1237 3.3093688764938625
1238 3.351756258623396
1239 3.3536049480062164
1240 3.423640725745782
1241 3.2682231368234533
1242 3.344062049259566
1243 3.2907353480250716
1244 3.3975385865274816
1245 3.558574852188149
1246 3.35425800996504
1247 3.407643586962985
1248 3.2831785682801944
1249 3.4125236941374477
1250 3.2659860607528817
1251 3.376036120039091
1252 3.4235045826324555
1253 3.3450842585275566
1254 3.4140222951583095
1255 3.3062921351330443
1256 3.3010345777483554
1257 3.359137083224636
1258 3.3618495400058683
1259 3.2837626517679297
1260 3.333286063388854
1261 3.616775342866801
1262 3.3524891074805487
1263 3.3970617038769175
1264 3.4090130437957735
1265 3.2856661071412536
1266 3.4085053966998338
1267 3.416385219345458
1268 3.2764215167330604
1269 3.39993804767236
1270 3.3369421383671938
1271 3.224149205933776
1272 3.273107590299137
1273 3.474829593273699
1274 3.289680152103853
1275 3.4489413107064375
1276 3.2660614481893493
1277 3.3972793272446933
1278 3.5327099205173975
1279 3.2806330319303423
1280 3.4531090399757063
1281 3.3763110174813957
1282 3.348102459147548
1283 3.225536369156183
1284 3.388354945504396
1285 3.3041799285501936
1286 3.2464969804069934
1287 3.2779234345464956
1288 3.3850011648773095
1289 3.3599268211647035
1290 3.2654279711645984
1291 3.3589276784140045
1292 3.3162640256589193
1293 3.3255045017153915
1294 3.4711147226946015
1295 3.3655065559731074
1296 3.324047347881071
1297 3.445551563077176
1298 3.3247180573883726
1299 3.2830970971178215
1300 3.316101716402794
1301 3.2773490987778686
1302 3.4303779784347443
1303 3.3550790033128792
1304 3.3720309144313187
1305 3.266961736379317
1306 3.2605030967569824
1307 3.2457138514855703
1308 3.3562203213100332
1309 3.3284542169340288
1310 3.607716623728396
1311 3.435301687946263
1312 3.423975910488175
1313 3.238605007189227
1314 3.348881897517312
1315 3.3855190211226445
1316 3.310410550953493
1317 3.3072163406809247
1318 3.4581491453468933
1319 3.2524469748108755
1320 3.336682687991329
1321 3.3693665969365862
1322 3.35486083328723
1323 3.4067587383775293
1324 3.4302209621185122
1325 3.5050280050690423
1326 3.3438615545350925
1327 3.2752366342721544
1328 3.3854809741866068
1329 3.354191257950341
1330 3.408506336395552
1331 3.482142689070757
1332 3.2233126604545275
1333 3.310965682962782
1334 3.3975377790637036
1335 3.2897139953318995
1336 3.362624854364784
1337 3.381009605566058
1338 3.4066147045664055
1339 3.376725222285333
1340 3.3501339892746334
1341 3.268490633362465
1342 3.577352845892858
1343 3.4274713785861883
1344 3.3349672940536625
1345 3.352309821635645
1346 3.4809276418569493
1347 3.342535277976312
1348 3.454914044495421
1349 3.5905236283023316
1350 3.378223030652633
1351 3.4646208219000494
1352 3.333371224867956
1353 3.218563251879293
1354 3.229680366999357
1355 3.384351511372487
1356 3.291291605401751
1357 3.479325194902089
1358 3.434116770546903
1359 3.3215118055346045
1360 3.408960840592819
1361 3.3891923625111207
1362 3.373504056985758
1363 3.4018993011874623
1364 3.3856685813171263
1365 3.31956710425006
1366 3.3128023600930936
1367 3.355287916232725
1368 3.2777004412919664
1369 3.3181493362140895
1370 3.3280893191016117
1371 3.4465486149019515
1372 3.380108442433325
1373 3.3602038303714066
1374 3.3495138768329094
1375 3.348685445991441
1376 3.389582124218814
1377 3.323738715297912
1378 3.378822239515983
1379 3.508407783921701
1380 3.539171504979879
1381 3.4384923796200955
1382 3.289549230508703
1383 3.4796545093726716
1384 3.3831247402839715
1385 3.370522216900477
1386 3.448577994584021
1387 3.2742101528189904
1388 3.4159120362223234
1389 3.3522797267664846
1390 3.5138487082359253
1391 3.377909392619524
1392 3.382019018120855
1393 3.2693989998941593
1394 3.292397173281194
1395 3.2644133233555612
1396 3.4426965259270323
1397 3.3627895268505306
1398 3.650063497671141
1399 3.317997962924995
1400 3.515636964652728
1401 3.289599827150713
1402 3.3155417399902083
1403 3.2431676842223527
1404 3.350756447483081
1405 3.395352716887794
1406 3.455581963793341
1407 3.416649563999824
1408 3.2809194202251923
1409 3.371584047309608
1410 3.383217204616523
1411 3.3136605062908795
1412 3.36406825828743
1413 3.3742746164465514
1414 3.3293046185383197
1415 3.3816560428236997
1416 3.4996895880658743
1417 3.3475258398005967
1418 3.503185723750653
1419 3.2319080736986985
1420 3.431775012174544
1421 3.414211658815249
1422 3.3292282652165137
1423 3.387012356091745
1424 3.5831573749209187
1425 3.306194443160486
1426 3.3601043202959824
1427 3.3377599154465374
1428 3.266141433765992
1429 3.3824519110105475
1430 3.241670343416578
1431 3.5062190921061305
1432 3.3344522336672555
1433 3.403536710799094
1434 3.3049936897851504
1435 3.3515871320368387
1436 3.4091490754913285
1437 3.5081260794430613
1438 3.3767210722763568
1439 3.3812296743968155
1440 3.4670340388414904
1441 3.3758820538231427
1442 3.2985208181794743
1443 3.408776007449636
1444 3.354941037429526
1445 3.3406736783910715
1446 3.4839147643362938
1447 3.410752770762232
1448 3.2351465793777514
1449 3.3166442823987032
1450 3.325273758950599
1451 3.306137592895415
1452 3.3507325187544468
1453 3.5164916858823876
1454 3.393300076842191
1455 3.3226379918317632
1456 3.4872233663559102
1457 3.36711289801853
1458 3.270918060383997
1459 3.2003823170009165
1460 3.2055943482862492
1461 3.306519484484945
1462 3.394313249017899
1463 3.3567327166439367
1464 3.2765546321497796
1465 3.279198390178884
1466 3.366162995890827
1467 3.3294679744394777
1468 3.372532191907282
1469 3.311673661846461
1470 3.31353318943311
1471 3.3579314518644847
1472 3.443186335991028
1473 3.3093446406410383
1474 3.304865926428878
1475 3.3872949361637037
1476 3.2617858475747523
1477 3.4976954716036155
1478 3.571669816678443
1479 3.2917437698352763
1480 3.3425193301692757
1481 3.2205184393773063
1482 3.3391080920282437
1483 3.4357657719154946
1484 3.5990382527337603
1485 3.335563404833425
1486 3.2806507415382615
1487 3.2278132210337103
1488 3.358246718779184
1489 3.2588117730223045
1490 3.3710276581599214
1491 3.333227489098216
1492 3.331212211052921
1493 3.373585244602231
1494 3.38196541983696
1495 3.379453315064576
1496 3.380503638504315
1497 3.391821270164133
1498 3.291816255617426
1499 3.475495830194226
1500 3.264137713497353
1501 3.4135654724992284
1502 3.3756728250700325
1503 3.3149458753732333
1504 3.4006022046473894
1505 3.4464296774280907
1506 3.2056590694780334
1507 3.434324847892484
1508 3.342048401981796
1509 3.4805451096196216
1510 3.410128059818598
1511 3.3933214787442356
1512 3.2665159111899777
1513 3.4022098859114522
1514 3.4127068080457557
1515 3.363141487969784
1516 3.4856713075336985
1517 3.2985187528034716
1518 3.436012042144923
1519 3.2831232153570977
1520 3.392580052051999
1521 3.3344169018255942
1522 3.3511020480122453
1523 3.464350013014515
1524 3.2711258370605147
1525 3.3219062694655266
1526 3.365051080317133
1527 3.3459879641364556
1528 3.35140070222067
1529 3.3761862532247404
1530 3.3482866329293355
1531 3.396825093725818
1532 3.287593325275507
1533 3.3046255093802905
1534 3.35897343705339
1535 3.393912027274203
1536 3.4518566038965144
1537 3.3881316527774574
1538 3.342719759287972
1539 3.3353511728126373
1540 3.3165122661712667
1541 3.3149556439950336
1542 3.40270958533066
1543 3.3794132012104776
1544 3.4288785889934683
1545 3.378798050719143
1546 3.31619126438222
1547 3.378807317348266
1548 3.4093042401832094
1549 3.3872440111904822
1550 3.3702641064400782
1551 3.38067937932175
1552 3.3322138040456686
1553 3.44459404712218
1554 3.3722503053843473
1555 3.368731745326592
1556 3.502544589574942
1557 3.3147310865885826
1558 3.539698680470727
1559 3.3815957056065735
1560 3.308547322985748
1561 3.391137122976527
1562 3.330181939160928
1563 3.291295216970078
1564 3.3909908815931114
1565 3.242473506279723
1566 3.3823344416396237
1567 3.29954525876134
1568 3.384718373837865
1569 3.42445693030318
1570 3.290212249306308
1571 3.288025355852544
1572 3.2846887270134517
1573 3.2613251228712086
1574 3.446736547765398
1575 3.340880897014072
1576 3.378047039730399
1577 3.344016547711279
1578 3.351196079343005
1579 3.286540143186025
1580 3.2956749367606752
1581 3.416498527917304
1582 3.2729506696664528
1583 3.312144564301188
1584 3.3401837105097303
1585 3.548573807474435
1586 3.3354729144908335
1587 3.2944150822726215
1588 3.4768355660385244
1589 3.4148080815365427
1590 3.3667853384234294
1591 3.3245672670349835
1592 3.4610188012782754
1593 3.3891228661557116
1594 3.4545253455351297
1595 3.2907004826850885
1596 3.3359748539465537
1597 3.3266431057805033
1598 3.367512149431437
1599 3.4334757134506124
1600 3.398483053555278
1601 3.45804046408155
1602 3.3591851969600324
1603 3.267368585813765
1604 3.286839283965953
1605 3.414002006772914
1606 3.3555400524968153
1607 3.452889068651695
1608 3.3195519737447454
1609 3.4772985214094603
1610 3.3717386842689865
1611 3.3558436265752216
1612 3.373510987226219
1613 3.3120966770288613
1614 3.2849749328154347
1615 3.2610928949694777
1616 3.3586135352345767
1617 3.2298143756069
1618 3.309650979857285
1619 3.3488548161634863
1620 3.4245936692238064
1621 3.3689541941312493
1622 3.2400614470714513
1623 3.3445568514378525
1624 3.4524973554270595
1625 3.373373828979808
1626 3.401870716024942
1627 3.406298984725358
1628 3.448428129100315
1629 3.414283691632545
1630 3.3115838746308013
1631 3.3247601456583307
1632 3.426689971917887
1633 3.341370595027871
1634 3.2252787688530087
1635 3.437109765886205
1636 3.4106490633460003
1637 3.307183982567125
1638 3.3828692563124902
1639 3.3825922608317653
1640 3.4073731138327497
1641 3.3860479285563847
1642 3.561259684046982
1643 3.277953974590628
1644 3.386771376178413
1645 3.287780895056574
1646 3.2786897649844073
1647 3.4288568351157074
1648 3.3631632763738253
1649 3.3814313779257565
1650 3.469397723448888
1651 3.2734155857926646
1652 3.279078318183431
1653 3.258448843787949
1654 3.3244174892676206
1655 3.230749680881985
1656 3.388022504983085
1657 3.3958153353936424
1658 3.3987387801988405
1659 3.247788766632977
1660 3.297724368968792
1661 3.2948721518794977
1662 3.341816924367372
1663 3.3571933262266263
1664 3.425731794454241
1665 3.463855965328387
1666 3.3933727861579994
1667 3.2900118174645163
1668 3.435411533209695
1669 3.3030178011090863
1670 3.2530533260910257
1671 3.1545334119539135
1672 3.2907192984026237
1673 3.3500934912453024
1674 3.311657938664025
1675 3.231700055676517
1676 3.367921063703391
1677 3.2735811260601393
1678 3.250446022443765
1679 3.280127258349757
1680 3.410271852095877
1681 3.2593100427384734
1682 3.251335906303333
1683 3.317889026052863
1684 3.488024171576724
1685 3.3233616269010593
1686 3.3146479435794993
1687 3.2420296424553676
1688 3.291089039467319
1689 3.31450567561728
1690 3.2579031798012097
1691 3.3353754658739527
1692 3.319616286470898
1693 3.226388183149366
1694 3.31343290864787
1695 3.3816781394000235
1696 3.3697380750518144
1697 3.3882314289647963
1698 3.321374638905734
1699 3.440565960478858
1700 3.4422536219041096
1701 3.316926664798418
1702 3.3058280478136197
1703 3.3034301533198716
1704 3.3084747397656376
1705 3.3842392650664905
1706 3.42703511333806
1707 3.4316123585808342
1708 3.400472212400295
1709 3.4336241933597864
1710 3.3869600348148423
1711 3.3089913863794638
1712 3.329402241218899
1713 3.430323073349255
1714 3.295061769643111
1715 3.2212197735905828
1716 3.4961853674576004
1717 3.3184893898562606
1718 3.293397556735461
1719 3.2695770769323502
1720 3.337786257041372
1721 3.3320806955871864
1722 3.4553409303999207
1723 3.407323895909112
1724 3.411548958139793
1725 3.583558907481209
1726 3.373094248737382
1727 3.406799013301219
1728 3.335456739119112
1729 3.504632445589545
1730 3.342416752753936
1731 3.29905409857907
1732 3.341262877259966
1733 3.4042186864762756
1734 3.443271010755861
1735 3.280983367204368
1736 3.3073634601684128
1737 3.3300599561104693
1738 3.2944336936937084
1739 3.25306349783639
1740 3.4204340078016826
1741 3.351981745074888
1742 3.3167170350292516
1743 3.345010382205799
1744 3.4255949187613544
1745 3.401642962278882
1746 3.378837921933568
1747 3.3584374285326093
1748 3.3763262406749206
1749 3.3636194030483004
1750 3.3456554954092086
1751 3.3475312055314648
1752 3.3237441464836603
1753 3.6655159458796263
1754 3.3115289342651257
1755 3.477330576631256
1756 3.3253421641931546
1757 3.34727952311667
1758 3.472243616030354
1759 3.344813046402018
1760 3.4519457171301076
1761 3.3407659294868775
1762 3.3515182774070826
1763 3.3720944084488806
1764 3.333642282433487
1765 3.408830277996634
1766 3.269153649993877
1767 3.408518664591313
1768 3.3518220967573527
1769 3.407661924475719
1770 3.3807546734766234
1771 3.3647358773863156
1772 3.3418831060158425
1773 3.2649695945805215
1774 3.249342006141032
1775 3.3067932289424884
1776 3.4940160350934106
1777 3.3033361340625715
1778 3.263602410519633
1779 3.3673220033870117
1780 3.3116158625065895
1781 3.395211213994651
1782 3.4910154464557652
1783 3.327041463281641
1784 3.4351566971802523
1785 3.304885626992137
1786 3.397903993570464
1787 3.294019371738858
1788 3.528048382095672
1789 3.3917940005386815
1790 3.431590604459716
1791 3.4395216595067595
1792 3.343177093327122
1793 3.3233967731761846
1794 3.52597507914845
1795 3.4136627579413665
1796 3.34939881158422
1797 3.3637342988719867
1798 3.3442363203804266
1799 3.37227042715708
1800 3.278706626696848
1801 3.3375807877578323
1802 3.433016892048134
1803 3.4379597925057825
1804 3.2465049629890963
1805 3.5003311112737006
1806 3.339574345970565
1807 3.457786049551331
1808 3.2899569300378504
1809 3.3180727461817625
1810 3.412162770413145
1811 3.6063278929751266
1812 3.2918451743021238
1813 3.2787545886187326
1814 3.327378077046657
1815 3.2965348649144466
1816 3.3693442819841284
1817 3.316308559822104
1818 3.590467498547293
1819 3.5449277720972323
1820 3.3307119127082707
1821 3.4041765130371555
1822 3.460569850756614
1823 3.480716855910636
1824 3.408493698040346
1825 3.3753087194572307
1826 3.3787495148394755
1827 3.263764731083984
1828 3.297041396337057
1829 3.278040639621775
1830 3.324897445259888
1831 3.3216206677384634
1832 3.268531469755314
1833 3.3160759413422207
1834 3.3468555360224874
1835 3.3817030153337253
1836 3.2950770595443646
1837 3.3269799169524297
1838 3.4301852614906845
1839 3.4584005539474623
1840 3.4744206969838993
1841 3.287451400082309
1842 3.4462254296871593
1843 3.312256371602419
1844 3.4632029378506184
1845 3.381879211127273
1846 3.330735092814323
1847 3.3685126667404157
1848 3.4925237735783443
1849 3.4005463120307415
1850 3.500246354356591
1851 3.320425963053957
1852 3.5570089280644437
1853 3.3697161410608194
1854 3.275728994223564
1855 3.3299707031816297
1856 3.764867098930531
1857 3.4123619055935923
1858 3.433998641255961
1859 3.366260990312477
1860 3.4636042988510107
1861 3.6238015805836437
1862 3.39539149189299
1863 3.444068017784934
1864 3.409335598878716
1865 3.2942940588364777
1866 3.3103642908177835
1867 3.3183898911800576
1868 3.310019206446332
1869 3.46875369532489
1870 3.575596603533918
1871 3.416335960012869
1872 3.3733692890708933
1873 3.383653438833927
1874 3.3362971353544504
1875 3.231520962951178
1876 3.4413272971795386
1877 3.5307481163325716
1878 3.385383654196616
1879 3.449224041768148
1880 3.4568653786435375
1881 3.3655792121864696
1882 3.371002252244306
1883 3.418731585670094
1884 3.3539583542157536
1885 3.347693815193053
1886 3.465309570964523
1887 3.5570096280099768
1888 3.3077747891638176
1889 3.3035447582033464
1890 3.422612020637722
1891 3.357744594860806
1892 3.2759153651510413
1893 3.21705624674205
1894 3.4280656611419733
1895 3.3413543347025447
1896 3.377997011861033
1897 3.405028155893976
1898 3.3816289797356816
1899 3.371089391234166
1900 3.4958822624536183
1901 3.4894319533998632
1902 3.38358004303055
1903 3.332226902412566
1904 3.4609183130756427
1905 3.4385006628998016
1906 3.2422187490815766
1907 3.354237196155104
1908 3.441467083291758
1909 3.3812395222635714
1910 3.3303135541375575
1911 3.4506251153679375
1912 3.4319050910952917
1913 3.44550520011596
1914 3.2850996319034387
1915 3.1536194296805395
1916 3.2129796058648745
1917 3.4615265838746523
1918 3.527177764474918
1919 3.2716093676076707
1920 3.3299151692715876
1921 3.4318983191307293
1922 3.2902387744387243
1923 3.541472286194901
1924 3.652695315799224
1925 3.393917513689979
1926 3.5950977378454674
1927 3.3506780802067273
1928 3.3194056833394443
1929 3.302541613311939
1930 3.4462175549373373
1931 3.341955500526634
1932 3.3300254670143166
1933 3.533693361310279
1934 3.577865780989255
1935 3.2757831264846224
1936 3.312496424312889
1937 3.4176292181137113
1938 3.3461567448093397
1939 3.5280217660060735
1940 3.3874547037363167
1941 3.4128364856942053
1942 3.417098894927778
1943 3.4065733650062926
1944 3.269419959731589
1945 3.3699475985314975
1946 3.4951586311032186
1947 3.4092549260621077
1948 3.3807691557501447
1949 3.2243640713251684
1950 3.4262300613802448
1951 3.388289261439295
1952 3.396013298355651
1953 3.495562195385263
1954 3.280709148022622
1955 3.5251627980470257
1956 3.447662026308972
1957 3.3166602145110176
1958 3.3296722107964287
1959 3.201105724747878
1960 3.3833178160632174
1961 3.4980051212082426
1962 3.428968163623647
1963 3.3225901853908266
1964 3.32844952129561
1965 3.4100534087574084
1966 3.3425002365688115
1967 3.3204700592130063
1968 3.4498021823282645
1969 3.4462668578223816
1970 3.20645769395302
1971 3.2674973375568994
1972 3.552235429425249
1973 3.423385887340367
1974 3.286260375775819
1975 3.2914967697552218
1976 3.2977143640001465
1977 3.431088957234108
1978 3.4970532686152858
1979 3.3106074595566337
1980 3.3063915754544864
1981 3.424548173096854
1982 3.2681872543261865
1983 3.4330034906701665
1984 3.33548948769718
1985 3.4089614228308394
1986 3.316117077879494
1987 3.4447124350915375
1988 3.4702996922742093
1989 3.4295594684608663
1990 3.112695062250583
1991 3.3982815940228153
1992 3.258486998295383
1993 3.3932957524676155
1994 3.39023462353714
1995 3.346962183967276
1996 3.3355850785721186
1997 3.4451408618468498
1998 3.3683378259070795
1999 3.300291632077349
2000 3.286624818561916
2001 3.5662578411777437
2002 3.1827708328698656
2003 3.357376901446913
2004 3.3789130812341615
2005 3.5496104759133864
2006 3.3764795008967825
2007 3.3842289685779643
2008 3.51571996546023
2009 3.4048236567888375
2010 3.453029860456496
2011 3.406962045880495
2012 3.445244885917453
2013 3.490556738978784
2014 3.307249838025183
2015 3.326155811630244
2016 3.3188407915862386
2017 3.326300239614953
2018 3.508918194358701
2019 3.2503392402555646
2020 3.462406425696687
2021 3.2761615734459997
2022 3.3773834662742646
2023 3.3203211316661267
2024 3.2949440046951315
2025 3.22506177137956
2026 3.34049850953206
2027 3.3048131694082037
2028 3.3986615509609424
2029 3.463225432991071
2030 3.5124497435891087
2031 3.265039939913709
2032 3.602208207154729
2033 3.2851018129496246
2034 3.5880436723762794
2035 3.4550956296090787
2036 3.523408725978406
2037 3.384978643641174
2038 3.361007864981859
2039 3.5228503383535967
2040 3.390200977394531
2041 3.3209477294846548
2042 3.3900284634481213
2043 3.3671874084597158
2044 3.3885703528868576
2045 3.3832246063380627
2046 3.444007641029658
2047 3.30983309677844
2048 3.3506411979797206
2049 3.4147820313110837
2050 3.345841161340256
2051 3.277728675659361
2052 3.3844436626576315
2053 3.35822626896003
2054 3.3808722753170044
2055 3.5126746618734894
2056 3.4702558623977353
2057 3.312154644050019
2058 3.398297552296168
2059 3.5995779479558028
2060 3.3677049036178865
2061 3.4666941201473773
2062 3.4948438580549066
2063 3.4469528440278494
2064 3.3751389611060434
2065 3.387055057805656
2066 3.296288515533335
2067 3.6088344007604487
2068 3.383279309811459
2069 3.3188858354899335
2070 3.310711140026872
2071 3.5241910195174135
2072 3.382459829219588
2073 3.362266568821307
2074 3.508294081320958
2075 3.430126913997899
2076 3.4891841182217185
2077 3.4001820788390296
2078 3.4630708525174123
2079 3.45900716810453
2080 3.3013153672493813
2081 3.5062928539063485
2082 3.4910234048445115
2083 3.378544181958252
2084 3.358129510844272
2085 3.405076069523643
2086 3.3314442393986567
2087 3.669352648104266
2088 3.2607281458726765
2089 3.465967496790218
2090 3.3852403904537987
2091 3.3516658895368607
2092 3.3254350173990157
2093 3.4068293596711943
2094 3.4991760847698563
2095 3.337314420985749
2096 3.519380452118548
2097 3.459797810636812
2098 3.5582135242638087
2099 3.5083287242260845
2100 3.476932769474124
2101 3.4148273158558093
2102 3.58167683556796
2103 3.3705573487169453
2104 3.293015627539668
2105 3.3888164828699034
2106 3.2985611022274677
2107 3.217675847050924
2108 3.4417483160500586
2109 3.2002528577161087
2110 3.4636885964196376
2111 3.2733996154321243
2112 3.542471340549408
2113 3.374533967260693
2114 3.5389430720509782
2115 3.4229772449084828
2116 3.253657993494525
2117 3.4387106479277607
2118 3.4748780630232776
2119 3.420417904931437
2120 3.253574858518802
2121 3.4480729758055206
2122 3.2409980357832717
2123 3.29717183133069
2124 3.2585798407399262
2125 3.4092288488934366
2126 3.297608822238841
2127 3.6013309645004283
2128 3.4316076419090633
2129 3.4815596841239764
2130 3.2736657759306707
2131 3.2552057257378664
2132 3.390323279859038
2133 3.5157063457537165
2134 3.542632061317914
2135 3.432337333891466
2136 3.518236174894613
2137 3.683020054297648
2138 3.2640192589241583
2139 3.390615119492513
2140 3.511713610543284
2141 3.3597145573274596
2142 3.1954539853375272
