0 4.180671622862888
1 5.344544133592871
2 5.537911847829263
3 6.0395141246770905
4 5.486345510221895
5 6.041907300823482
6 4.6817977753363005
7 5.072563378541444
8 4.856993358936477
9 5.3860613512103015
10 5.406701926988862
11 5.465515279128169
12 5.645023555692888
13 5.492942277131868
14 5.005753090165351
15 5.001532542630517
16 4.897428302557545
17 5.090005054167502
18 4.840320963653731
19 5.164653414732946
20 5.2838061350769605
21 5.857427169918998
22 5.501029672349029
23 5.033027174087485
24 5.08003745598938
25 5.401999571331358
26 5.523147158513888
27 4.85875119286616
28 5.311525190745018
29 4.972676570383268
30 5.59211072793079
31 4.832094048493262
32 4.784080028597163
33 4.648619350161568
34 5.437889890782924
35 5.513161295663156
36 4.899561318450391
37 5.617930999730163
38 4.616490212195834
39 4.3503153298855
40 4.984439492844977
41 4.932782635186217
42 4.765299399213801
43 4.580095833956526
44 4.460243868291955
45 5.092990971065583
46 4.403989407164699
47 4.799265130845831
48 4.782230207457728
49 5.603568080160231
50 6.2016557310117495
51 6.227941146778919
52 6.310318704561623
53 4.555020804769219
54 4.383450065158343
55 5.8487576995909905
56 4.660682665759957
57 5.505767726988576
58 6.3074016037730996
59 5.375995620284836
60 5.506095694802658
61 4.737055520194122
62 4.348077576809838
63 4.85041467023885
64 5.2725375427741605
65 4.833821271712114
66 4.815346908888477
67 4.788483674004403
68 5.578101106625015
69 4.969521283522678
70 4.508962244259588
71 5.016001048872809
72 4.876285396227533
73 5.5180006392334615
74 5.270383025337693
75 5.803090256995818
76 4.938984068649247
77 4.833015939098655
78 5.857180856701964
79 4.769573923629507
80 6.208782871239308
81 5.662092698729335
82 5.034728393552032
83 4.084534767126072
84 4.128215910049138
85 4.5876404392742876
86 4.528436809835088
87 4.4348275364777505
88 4.530123126248178
89 4.595615827995636
90 4.621731316176172
91 5.470974955748213
92 5.672168751801175
93 4.82210937912723
94 5.452535020637817
95 5.73091945348368
96 5.13676526608574
97 5.066403217387759
98 4.437143515499736
99 5.9775559101861235
100 4.338240436183451
101 4.735769557683718
102 5.449716882144277
103 5.629974037713319
104 5.566342964234991
105 5.7399938522771325
106 5.804110419542125
107 4.244563137522409
108 4.580580191207153
109 6.018382212769094
110 4.803967062762352
111 4.7206145559374475
112 5.546145160472979
113 5.410875763084298
114 4.42085891442878
115 4.747184773585231
116 4.501998906938955
117 4.687719317109295
118 4.384407438573592
119 4.688370077145341
120 4.240165119536138
121 4.544538480947999
122 4.914686263970008
123 5.410257374656184
124 4.523567761556994
125 4.87665930167266
126 6.127331447690509
127 5.212023359648954
128 5.292663248024166
129 5.069702028497168
130 4.76074839002992
131 5.471336588423525
132 5.634780486421193
133 5.924245848367329
134 5.071748768803903
135 5.6948088466622035
136 5.630456959618321
137 4.74837265850566
138 5.330708392915902
139 4.9757538120662845
140 5.392646029117515
141 5.557324603595532
142 5.8992322478080546
143 5.337095456750947
144 4.982812136191607
145 4.620025618191766
146 4.771723603446218
147 4.543387623298603
148 5.15587163343847
149 4.835341768474857
150 5.519431587056979
151 6.096636465548609
152 4.513729508339367
153 5.243026109048199
154 5.018656227697642
155 5.5502616838864505
156 5.1680387866238
157 5.560984008029297
158 5.606104088094478
159 5.596022772039587
160 5.9281224412183375
161 5.6756954650328275
162 5.859740598964955
163 4.870938928990183
164 5.830207631547247
165 5.151227942378364
166 5.638715377805031
167 4.950699958809057
168 5.249332775679755
169 6.174474211088184
170 5.05225386357675
171 5.1089795468527734
172 5.57393874430761
173 5.5577618655840295
174 5.585238172635971
175 5.465392380116296
176 5.023936480396053
177 5.834143473913558
178 5.467032278904139
179 5.988971195868579
180 5.388744663661288
181 5.746823979037777
182 5.347477427010662
183 5.212650478886301
184 5.744614051250277
185 4.923251789742246
186 4.879729829387116
187 4.680738455467536
188 5.3370351047336095
189 5.648409668460637
190 5.770346608650114
191 4.70860992152242
192 5.560984002670652
193 5.189594647655329
194 4.696089716947028
195 4.993812900373897
196 4.664585472071848
197 4.843341369731328
198 5.955562582169447
199 5.4201081150480395
200 4.818353644216715
201 4.7783309683752995
202 5.170673441711963
203 5.352776849894328
204 6.019545225432924
205 5.5310324884144215
206 4.912364856149611
207 5.755281507283363
208 5.720099680104532
209 4.341882138146517
210 4.71675717662722
211 4.848081409966009
212 4.697547591804866
213 4.9019619200742826
214 5.344088153811869
215 5.30323958671666
216 4.720507383790341
217 5.010142318368559
218 5.632105474162878
219 5.138404879177666
220 4.822523837513033
221 4.504111707279405
222 4.486164644664761
223 4.525329289754985
224 4.665063276355096
225 4.842879725315611
226 5.305368131552981
227 5.565930089502941
228 4.7074811206814156
229 4.594651091347555
230 5.356068242441135
231 4.732481486033887
232 5.531599832607653
233 5.392848731495571
234 4.59033012101881
235 5.89515351962085
236 4.479747957784893
237 4.142748773493841
238 4.558314879403336
239 5.278261841411048
240 4.594202510953933
241 5.067337030103033
242 4.461582133293164
243 4.616446843304181
244 4.307172423389743
245 4.320681743757023
246 4.416943738997075
247 5.402425285614816
248 4.6403801694293865
249 4.263814582874779
250 5.146708178374965
251 4.857641660540281
252 4.807261229579602
253 5.271273726946681
254 4.339358325323046
255 4.709442273843226
256 5.586291558590554
257 4.407890346002736
258 5.508515063232101
259 4.642785394627613
260 5.1635314270718995
261 4.587565535596578
262 5.579948991853492
263 6.058424715132774
264 4.676532170385162
265 5.1752234900786656
266 4.810378811732594
267 5.639814601400954
268 5.572183883950596
269 5.154543673055717
270 5.54117896480346
271 4.984674658291736
272 4.880411681206988
273 5.72583960649238
274 5.975207375169208
275 5.958940391035182
276 4.8823183946339865
277 4.7191672279987396
278 4.625499975243761
279 4.640252666929267
280 4.769569730747268
281 4.742916798373495
282 5.0341056326969555
283 4.8847087246368455
284 4.766604588343535
285 4.946132211351821
286 4.636434434895358
287 5.3453664403150025
288 5.721980511903329
289 4.8238813661880755
290 4.751591942129705
291 4.406158665450303
292 5.136486798161528
293 5.191253555064982
294 5.888870573047465
295 5.495699333905163
296 5.192022281795153
297 4.622039155626905
298 4.90148564511969
299 5.593308179504357
300 6.140377948544551
301 5.299595891236474
302 5.347867489882722
303 4.794034740506827
304 5.019425096350582
305 4.8380153302953754
306 4.684737322174375
307 4.943760032631625
308 5.584217411446703
309 4.713453179759282
310 4.948975435464521
311 5.198899315303309
312 5.341428799509025
313 5.049777899327728
314 4.460157747632105
315 4.626481473462103
316 4.866447747142023
317 4.677119324647344
318 4.791878477687646
319 4.6205057376260665
320 5.206338868223567
321 4.636193451333131
322 4.798634546475871
323 5.920304552498025
324 4.512865040949215
325 5.22679928576364
326 4.77217029031594
327 5.524318190586311
328 4.592438040465732
329 5.557060053529067
330 5.781122005260119
331 5.555240197655392
332 5.499356078830866
333 5.498738927957854
334 6.002291583801914
335 4.517517540332718
336 4.95440295628511
337 4.8826009137551765
338 4.5393415230548975
339 4.533739724260695
340 5.05005029486739
341 5.665585017739557
342 4.692968706099772
343 4.673693043671413
344 5.206697285571244
345 5.335545113823697
346 5.93787382470867
347 5.262031475227504
348 4.801393673160209
349 5.10027082881644
350 4.796207235683802
351 4.94450762538334
352 5.202057958682266
353 5.594103735547871
354 5.04220508628381
355 5.081029682298084
356 5.022271320743832
357 5.291701349145644
358 4.994229681392339
359 4.602919159859778
360 5.729270955539648
361 4.580654839409279
362 4.7390451570883725
363 4.909820971658699
364 4.8921076122493465
365 4.652397583261253
366 4.964604241604907
367 5.131946869682436
368 5.2789454993335365
369 4.787020291188983
370 5.22516545679351
371 5.243819832200773
372 4.381252014658686
373 5.2975114023157115
374 4.578534337617411
375 5.416446086428522
376 5.703541040200388
377 4.737276571488751
378 4.6876781848499105
379 6.2275575632037565
380 4.851502094800959
381 5.477009799448303
382 5.013477297071426
383 4.727921084602612
384 4.788785522939978
385 4.989609276443786
386 5.769412703522202
387 6.088313211773439
388 5.238016694128765
389 5.794661203331823
390 5.500568323633352
391 5.031662106080679
392 4.404189198462259
393 4.788684948543463
394 5.489784622014192
395 4.8093154480714455
396 5.005647319184391
397 5.534388524879992
398 5.1858273478251995
399 5.365784309422632
400 6.15133451379708
401 5.186822343887233
402 4.454419804403941
403 5.111810603349133
404 4.528832285038798
405 4.543908030575999
406 4.700784125823007
407 5.398232120265495
408 5.693594937001401
409 5.437136650923628
410 5.473445687298471
411 5.39310314952848
412 4.909727202447386
413 4.641312560667186
414 5.436652243745308
415 6.000454466752299
416 5.37334299391967
417 6.593474319276684
418 5.940084983498899
419 6.20379669955489
420 5.98255899738933
421 5.91493666653764
422 5.150987103400792
423 5.525535409033685
424 5.737150890029786
425 5.681436646080439
426 5.386875555676372
427 5.738786663259298
428 5.263718424858047
429 5.758292282093334
430 5.801771760249023
431 5.587720463355355
432 5.894021374588044
433 5.64396707653387
434 5.522998180000609
435 5.627969946109677
436 4.854648733083451
437 5.292796637957849
438 4.4902764450712
439 5.762656832803718
440 4.724905645724457
441 5.0635003461039325
442 5.660582130214314
443 5.622246029244071
444 5.62294096359202
445 5.744231947498789
446 5.016527453085192
447 5.756233872582303
448 5.6610428674096385
449 6.055498349508006
450 4.696587775814297
451 4.698828493160194
452 5.776666545657495
453 5.967389598497708
454 5.149008195584548
455 5.6316555340299095
456 5.701285271617864
457 6.186303055376746
458 5.342977294839005
459 4.61840903198366
460 5.419565371659578
461 5.118537101242445
462 5.640338429909334
463 5.723399904401272
464 5.649065801740142
465 5.005222546827154
466 5.507830844295895
467 5.458356808678069
468 5.513613261572277
469 5.878467204975741
470 5.387068214172427
471 5.79851413744367
472 5.402722308471513
473 5.158920636755053
474 5.322335399234614
475 5.603541067067342
476 5.2120610211428975
477 5.915856657853233
478 5.844575863273982
479 5.695980163595712
480 4.637234211084049
481 5.534749889922325
482 5.281739842961973
483 4.909043857647362
484 5.655317325036028
485 5.054429915681091
486 5.795302766529677
487 5.044372080862236
488 6.09517344403107
489 5.877807282243547
490 6.201041943028182
491 5.7634444647301875
492 5.788292523884063
493 5.49830817590811
494 6.211367723196865
495 6.300416564576413
496 6.31243000452517
497 5.876762935135118
498 5.561025749688502
499 5.341385851700837
500 5.584273900858441
501 6.010834519886706
502 6.2127815648469475
503 6.687802536363833
504 7.3163120211692485
505 6.756051822313891
506 6.80979512771462
507 6.7540453635136695
508 6.917034729668928
509 6.798977685613897
510 6.891628807986994
511 6.196561352277428
512 7.006004109215019
513 5.836103554511841
514 6.252851094405029
515 6.091180813340721
516 6.1175897828939805
517 5.936359981624447
518 5.362008206089853
519 6.616369168089354
520 6.680053326252047
521 6.599253932447047
522 6.661611219405823
523 6.311508656102187
524 6.569726970231842
525 6.088574585580829
526 5.961596004242499
527 6.30320282436065
528 5.852151184594734
529 5.79099376076629
530 6.1864614541692635
531 5.733681986961279
532 4.767977679360334
533 4.757514965534674
534 5.285850295770782
535 5.248034116499421
536 5.428437329890847
537 6.594830774313103
538 6.6848081114211855
539 6.47481662184136
540 6.601636293649818
541 5.773197484990396
542 6.253375176222182
543 5.840870495512537
544 5.94660189005533
545 5.026757644670943
546 6.258257396559329
547 5.905123379389791
548 6.354646373807755
549 5.666120719134666
550 6.145567493872393
551 6.552153173365899
552 6.530261836188281
553 6.441899170097566
554 6.643068343511505
555 6.903302729783005
556 6.5092409497972765
557 6.625364730849938
558 6.668180401731746
559 6.2080891285379325
560 6.67811675953079
561 6.904518412084842
562 6.9287346060743715
563 6.071948832649286
564 7.060940106701023
565 7.239679716115581
566 6.730866892366644
567 6.110591714259571
568 6.56675709792533
569 6.089877210804047
570 6.9273356161942035
571 6.403770804015497
572 6.294470360729891
573 5.983764006852064
574 6.474125126870049
575 6.6259461310360015
576 6.431336866795482
577 6.101918245732216
578 6.390155293709351
579 5.858868399370071
580 5.7022974750558495
581 5.955029101534225
582 6.256785188007353
583 6.230651749020376
584 6.638653692063194
585 6.489722959540736
586 5.886362581026154
587 6.398114377221775
588 6.717537768105121
589 6.839836183398059
590 6.76707367738722
591 6.596073883284786
592 6.871240975763249
593 6.719787721091917
594 6.235833983210615
595 6.3981496693672115
596 6.71429621440793
597 5.282924638530893
598 6.111496304100788
599 6.234647510699105
600 6.812573978442107
601 6.199847595645644
602 6.392968086651859
603 6.959428063352413
604 6.760352813606869
605 6.897905412770724
606 6.413031477247689
607 6.5048649258005815
608 6.570774020428315
609 6.7346155940346675
610 6.392087948427828
611 6.513964812608695
612 6.208998443141813
613 6.618585990243665
614 6.526563803399367
615 6.142422714575587
616 6.8060877081717335
617 6.777987541608857
618 6.669331830340969
619 6.585866800289506
620 6.436849247490454
621 5.7385562812722135
622 4.932535204437489
623 5.710123200004504
624 6.422928462816889
625 6.169425104285808
626 6.410990486288701
627 6.520046058766614
628 7.013812788971579
629 6.614223537087219
630 6.458766190602317
631 6.047556473770521
632 5.53020026265475
633 6.334590179795822
634 6.339578634706284
635 6.681612776347054
636 6.515462918490214
637 5.941443696940035
638 5.896457054330543
639 6.381799825533632
640 5.685028415882887
641 6.011223888732765
642 6.772102925440686
643 6.053992142395613
644 6.38007215354773
645 6.3037184463002705
646 6.332959193029727
647 6.134484337832231
648 6.0209816382447325
649 6.335814984404153
650 6.593598853631195
651 6.466707697575096
652 6.50711797498027
653 5.883455334603857
654 5.988858707628554
655 6.862833537326473
656 6.403688326307284
657 6.030960486471202
658 6.535662302473026
659 6.01348611407892
660 6.209481978901182
661 5.997467840354182
662 6.970950116210464
663 6.737969491277194
664 6.275136996449622
665 6.08425083528688
666 6.571104981645651
667 5.57522693163215
668 5.725453869823796
669 6.0061709215542765
670 6.187639890489591
671 6.451668328001631
672 6.644920112472116
673 6.090344033144283
674 6.17027430305655
675 6.170172281170959
676 7.04363619410147
677 5.974248440411186
678 6.539275682039363
679 5.7441015722966755
680 5.897418020637595
681 5.8249105745807475
682 6.090555819039979
683 5.817522322528511
684 5.951357563644729
685 5.0516200876869
686 6.155079630902749
687 5.6710517029198115
688 6.3974001441919155
689 6.932626059039805
690 7.35713983545893
691 7.289173810383941
692 6.877770946192865
693 6.468561939979657
694 6.8395029011606745
695 6.16546619312122
696 6.298169490596238
697 5.940442121226378
698 5.906268727059326
699 6.125949068210541
700 5.718929851638962
701 6.297913687560617
702 6.338936661165467
703 5.100527367227578
704 5.6313924585239405
705 5.80467324003325
706 5.310398601919722
707 5.371043761861751
708 5.581743321761785
709 5.570644582863028
710 5.9696304732636065
711 6.027391638964506
712 6.297333541340018
713 6.405314495323569
714 6.11534952519381
715 5.3508547759679566
716 5.960697002229735
717 4.731112662498076
718 4.74070037783431
719 4.745737179445533
720 6.026650542208098
721 6.220043994989723
722 5.871237089886704
723 5.551193207965836
724 6.097310031133064
725 6.556913296032412
726 6.168262282812576
727 6.401379712560723
728 6.629631085622819
729 5.930270620736807
730 4.868775597484844
731 6.03827021646627
732 6.044240783670878
733 6.033612887938454
734 6.335673162179678
735 5.279955554084436
736 6.320156144150541
737 4.621184505283287
738 4.569302341377788
739 6.414324090805337
740 5.961855305362205
741 5.661052922925427
742 6.493304057975592
743 5.791143789221524
744 6.347352222314749
745 6.716064596445842
746 6.695674123306437
747 6.349869077323996
748 6.02481927837657
749 6.052714869268633
750 5.519063833519141
751 5.48099186201931
752 5.685513337829899
753 5.648683012215881
754 6.259816345760123
755 6.555112611099008
756 5.365677006343688
757 5.758681712481445
758 5.2950607010075705
759 4.046236570057671
760 5.831341607751827
761 5.989681467312525
762 5.76562804753029
763 5.8996578462917055
764 5.927306341641382
765 5.243114554510796
766 5.628978150265557
767 4.419919844228796
768 4.745863856760192
769 5.271162586619698
770 5.310228909901932
771 6.119470028728186
772 5.720853597497131
773 5.508607877160688
774 6.017456483196383
775 6.4810247319144505
776 5.6893986991035135
777 4.789220197820102
778 4.656703759290654
779 4.461169766068314
780 6.040859854145776
781 5.660871693364406
782 5.373701975912275
783 4.691836806247591
784 4.321089811566578
785 4.616583931159773
786 5.616309808552004
787 4.493098115180882
788 4.651936914792491
789 4.682004198115662
790 4.794841488064117
791 4.829175975266847
792 5.573075462528745
793 6.052104981218683
794 4.534600901356154
795 5.658242032965331
796 5.3841665146332405
797 4.799991187688948
798 4.803149074863345
799 4.6935959709670385
800 4.419210995823214
801 4.950751997823148
802 4.95241030678907
803 4.587305181528778
804 5.512840280714899
805 5.625184946734005
806 6.27251894789677
807 5.665811757170452
808 5.524615063927333
809 6.139707848789486
810 5.865448572574593
811 5.701217819924096
812 5.838701904231285
813 5.718113745020839
814 5.811540338067015
815 5.440139464896368
816 5.632777857153107
817 4.921503248943402
818 5.863194422841713
819 5.303478020382062
820 5.987724207757204
821 6.438185269831725
822 5.661199477698376
823 5.579811115955525
824 5.67440598673806
825 6.412215216688455
826 6.054291902673961
827 6.132785183702977
828 5.991419375829035
829 5.784370943362689
830 6.745299640461311
831 6.45700827460953
832 6.29050408057903
833 5.764629565880527
834 6.656260776904439
835 6.60151089742728
836 6.250660656906938
837 6.849765488621299
838 6.627978550113855
839 4.695548599401465
840 6.297836073119519
841 6.1567834377185235
842 6.247435299441964
843 5.134489978456193
844 5.65396391024816
845 5.636319365865935
846 6.8506539065431316
847 5.23771915713215
848 6.3738522514349
849 6.134569808460241
850 5.327768307503117
851 5.890338453854372
852 7.080987881906736
853 6.642926995427296
854 6.36062248181437
855 6.952618124558526
856 7.4828134522787755
857 6.748349354570448
858 7.1938368679057865
859 7.12082588974097
860 6.951262901879434
861 7.39092882523233
862 6.806346449687415
863 7.03895500239665
864 7.105784095916726
865 6.3665952112973025
866 6.555199620746112
867 6.739512144282623
868 6.481321328138664
869 6.423407973511344
870 5.907878661271732
871 6.478917011869654
872 6.779050967780793
873 6.7539452381872245
874 6.510141666284236
875 6.782325417011169
876 6.977837032383085
877 6.088749074689853
878 6.28351492043992
879 6.811416141047947
880 6.74759117859041
881 5.870123778272033
882 7.15497757732292
883 7.2404181320102
884 6.217989135040844
885 5.797983997581844
886 4.462859762902044
887 4.58370624875603
888 4.235466483938761
889 4.77022139314691
890 5.392684345833238
891 5.645907079670182
892 4.154719796671029
893 5.833273896240088
894 5.54964659459173
895 6.168963943598024
896 5.755599855044185
897 5.370440195893405
898 4.701591321000088
899 6.004183779655634
900 5.802011725571356
901 5.4282388188459745
902 5.529870301788591
903 6.3238032113190785
904 5.74755819830951
905 5.193357605759061
906 4.67750277400983
907 4.708907033979958
908 5.653320406292732
909 5.794597020932892
910 6.007651144842749
911 5.858488700249133
912 4.461030431314153
913 4.3540423805065025
914 4.693387419068052
915 4.619910595209888
916 5.9391340318444295
917 4.776230178129454
918 6.708493016839014
919 5.074665254624196
920 4.7497140985617765
921 4.714582330138714
922 4.823878447581699
923 4.833286699789248
924 4.703192967743615
925 4.771392928427466
926 4.759754638018722
927 4.985730665577087
928 4.747003368527702
929 5.252071141543433
930 5.037805552275525
931 4.881707783331677
932 4.686395846513007
933 4.6381293894146065
934 4.969080906667698
935 5.789959328580879
936 5.351624794302174
937 4.583752311173439
938 4.917382353711419
939 4.657827856694043
940 4.770222639963714
941 5.683924895480294
942 5.587848300426933
943 5.078626754702947
944 4.758178918059778
945 4.413830979082622
946 4.992672392669536
947 5.7265879534027055
948 4.947287119328365
949 5.539909088245778
950 5.438170334636888
951 5.687877419477345
952 5.305458224593042
953 6.3465675434555004
954 6.152857510026313
955 5.964600320934394
956 5.460315894436957
957 6.160925812520011
958 6.294527931223917
959 4.757924625167507
960 4.707466187138955
961 5.60567811147307
962 5.609557565167568
963 5.7484699069273635
964 5.7602184134098335
965 4.6853781263073095
966 4.770917986692818
967 6.1518124096779845
968 6.44011253811106
969 7.059814799061929
970 7.031440853055321
971 6.073118126498001
972 6.22304595550768
973 7.169786418281046
974 6.9372190853317415
975 7.143529888092624
976 6.947501801223476
977 6.354882457974369
978 5.519328956840447
979 6.835629522273133
980 7.176989014235157
981 6.768217302462205
982 6.629634887797805
983 6.7092656400577635
984 6.6058983993472875
985 6.97265073909761
986 6.8936753505255375
987 6.968586798238293
988 6.250402022574614
989 4.818677572682278
990 4.681926190304249
991 6.266041895995238
992 5.99691915354749
993 5.834182403709452
994 6.315040670309289
995 4.4016184120189275
996 4.439796763654938
997 5.173401217488818
998 5.664557925386325
999 5.77594014668802
1000 6.587510146717555
1001 6.795624732706367
1002 6.226578329342642
1003 4.789133270867045
1004 6.354629575427253
1005 5.678267221749055
1006 5.4321962020306085
1007 5.876183795063473
1008 5.584633931046556
1009 6.07375971253174
1010 4.722890617666228
1011 5.286040785899986
1012 5.397166799357492
1013 4.597939892012457
1014 4.786540653940932
1015 5.51247680501354
1016 5.458257223321202
1017 5.860488030521264
1018 5.931368711780525
1019 4.910780943122606
1020 5.757188869155208
1021 4.746942159642098
1022 7.034491221429241
1023 6.023811655089453
1024 5.91286631885504
1025 5.456400499400894
1026 5.572409788216879
1027 5.789707823664884
1028 6.695264841781225
1029 6.366134492559375
1030 6.1877058341621565
1031 5.597306634542485
1032 4.87553705409021
1033 6.511972392100201
1034 6.25264715164263
1035 6.9315845917509975
1036 6.923899018728589
1037 6.718165692409908
1038 7.052831017899642
1039 6.865725922700057
1040 7.016587565747577
1041 6.914588897822675
1042 7.026695323505319
1043 7.2260608359235015
1044 6.78320699318325
1045 6.208084883041764
1046 6.712835248766337
1047 6.580750062317097
1048 6.620014473809401
1049 6.19921660277434
1050 7.3381027345535585
1051 6.372539769661408
1052 6.546411917660706
1053 6.440706405079155
1054 6.3611099695247235
1055 6.421392143911159
1056 6.315685476977458
1057 6.057348074645356
1058 7.4175586210828195
1059 7.162364484728321
1060 6.874863752740206
1061 5.999265342559969
1062 5.659714262218622
1063 6.263728882968848
1064 5.243620189378605
1065 6.827746642631564
1066 6.693520602399289
1067 6.716935874291689
1068 7.070843113417631
1069 6.763348475052551
1070 5.749724792433617
1071 5.528107112789738
1072 5.399529594425347
1073 6.077960134640781
1074 6.3561560345563946
1075 6.184555069923299
1076 6.043235280531428
1077 6.042871435378663
1078 6.357860235152782
1079 6.246112955249058
1080 6.333428660673659
1081 6.019948084227496
1082 5.531565061625577
1083 5.039887711262015
1084 5.980361938379028
1085 6.919902520954364
1086 6.052230571475662
1087 6.262214463415033
1088 5.967184219656256
1089 6.144058207641704
1090 6.33208466606895
1091 6.152578833536772
1092 6.616595657511172
1093 5.9442470030301005
1094 5.269019321924509
1095 5.910979363845006
1096 6.8355470738065085
1097 6.080086438721807
1098 6.59112712007639
1099 6.683738598152706
1100 6.504160183716509
1101 6.513466846639042
1102 5.527950058379305
1103 5.544406174011647
1104 6.358299150162167
1105 6.376760173259578
1106 5.312857703140633
1107 5.896380843482937
1108 5.650535338327582
1109 6.00312834650237
1110 5.720199585439901
1111 5.029603724970967
1112 5.78359560284713
1113 6.177087803212702
1114 5.671156912434628
1115 5.984030071190677
1116 6.241094598135094
1117 6.472331542801844
1118 6.520038086139501
1119 6.085961787615162
1120 5.605433629396665
1121 5.785791907388904
1122 6.240495821537912
1123 6.573081934683783
1124 6.375357431853778
1125 5.159941597578586
1126 6.2022990734539025
1127 6.00484348428321
1128 5.830719941448216
1129 4.814204726718204
1130 6.211771615697408
1131 6.426201514021894
1132 6.214703702892933
1133 6.383912114176717
1134 6.23909357987129
1135 6.37292150821158
1136 6.1962196819845605
1137 5.949289739185381
1138 6.54242944701554
1139 6.810120687478278
1140 5.528203480242647
1141 6.150716132530985
1142 6.822313271627024
1143 6.000681692488802
1144 5.9699043250333315
1145 6.044161394911676
1146 6.800998355395434
1147 5.796188061373191
1148 5.9197429260273875
1149 5.833346161905179
1150 5.9625684423154635
1151 6.086386854435244
1152 6.161402405899428
1153 6.228356290413537
1154 6.318392395856385
1155 5.02340021238033
1156 6.343726201442121
1157 6.019891163844998
1158 5.610418100406777
1159 5.990858382366772
1160 5.654608622389677
1161 6.327595420282877
1162 5.47625530029225
1163 5.725788105417226
1164 6.636789948626176
1165 5.819199477879933
1166 5.740108048026364
1167 4.960057103236292
1168 4.37751726712262
1169 7.076870905992358
1170 6.474414042378954
1171 5.945805864467162
1172 4.492388965942589
1173 5.912137775777734
1174 5.545122759065321
1175 6.416772765854041
1176 5.829501736458496
1177 5.415521343614426
1178 5.584520302999753
1179 6.111442489359533
1180 4.424051178088727
1181 5.590415035667188
1182 5.200464940355083
1183 6.252421077853164
1184 6.632350775787023
1185 6.586436974000571
1186 6.253991083822989
1187 6.5356034201831195
1188 6.573876544413966
1189 6.104093736943557
1190 6.724748294209009
1191 4.9254116686620915
1192 6.338942600584441
1193 4.89120944770923
1194 4.746529552089728
1195 5.878503281412765
1196 6.326976916345757
1197 5.878693128565576
1198 6.392769787724045
1199 5.548410231294894
1200 6.491165944272785
1201 4.477483186508717
1202 5.178750325259943
1203 5.382519225736025
1204 6.126419019643564
1205 6.1661660489392105
1206 5.654214312418312
1207 5.892020616727891
1208 5.306538622292856
1209 6.61422992614636
1210 5.771137600821995
1211 5.271586791068259
1212 5.397938512594498
1213 5.976448861829256
1214 5.715620621016099
1215 5.625619299736697
1216 5.820270919003885
1217 4.233280191555816
1218 4.663321904951039
1219 5.048197613534822
1220 4.539641021871869
1221 6.138885549108804
1222 5.356523356823695
1223 5.751530745525259
1224 5.96376636515805
1225 6.9439737686708165
1226 6.189833136233532
1227 6.046650431505401
1228 5.604405118105662
1229 5.824061198818189
1230 6.2664248808349186
1231 5.855566036366785
1232 5.874845452231826
1233 6.155512313650424
1234 6.308693128395874
1235 5.900058275423253
1236 4.69623430156609
1237 4.786375053338409
1238 5.102919646919173
1239 5.662800483475278
1240 4.404635480472797
1241 5.466666853150553
1242 5.52252432456732
1243 6.138605811067691
1244 6.821365353476639
1245 5.875879091549072
1246 6.114507606031673
1247 6.523897097355329
1248 6.854137781082586
1249 6.8797830162224605
1250 6.791793418918817
1251 6.545066729694491
1252 6.618387955551792
1253 6.611323594600025
1254 6.657288499007003
1255 6.556418200752871
1256 6.831275745235629
1257 6.150715737451604
1258 6.25367795941382
1259 6.540432485360265
1260 6.070890747102841
1261 6.707483843587766
1262 5.721690688452508
1263 6.683625028436583
1264 5.668788936073456
1265 5.891183381811145
1266 5.64337812173514
1267 4.772749582432878
1268 4.48369935390291
1269 4.280859508911585
1270 4.593840059323735
1271 4.421551367597151
1272 4.780293567352894
1273 4.9288621405023045
1274 5.6621856948631795
1275 5.735100215970869
1276 4.510692362644705
1277 4.5233206464619276
1278 4.722437109825174
1279 4.723839667867582
1280 4.982212760367735
1281 4.7730747834853515
1282 6.016232921171752
1283 6.041048970739066
1284 4.546684588146944
1285 6.119818322728878
1286 4.946296543686819
1287 6.2821264363980545
1288 4.4651211292936095
1289 4.81882177923741
1290 5.150226323877265
1291 5.546827833172265
1292 4.694620212942525
1293 4.509375537413143
1294 4.300643731081605
1295 4.496270500422787
1296 4.526669206094278
1297 4.512417309016659
1298 4.928930070532602
1299 4.627987815764748
1300 4.715379342461912
1301 4.48358334631902
1302 5.740812910520117
1303 5.996060531786202
1304 4.869707381677089
1305 6.001724251216366
1306 6.019717883815445
1307 5.583483290486445
1308 6.115871610526991
1309 6.145181040548886
1310 4.842823729115147
1311 5.872221141277717
1312 6.03578793095109
1313 6.2640047408261115
1314 4.658230147622829
1315 5.218332800723217
1316 4.5898493777294735
1317 5.552094549954037
1318 5.868302592560061
1319 5.963756438849327
1320 5.920577922067979
1321 6.127748316149717
1322 6.074427966108918
1323 6.055048144196865
1324 6.0214413440817305
1325 5.6021930492762655
1326 5.847757928791723
1327 5.020738195919354
1328 4.663390111406164
1329 4.7878820493966865
1330 4.623778807241452
1331 5.9883826801573194
1332 4.655038973969576
1333 4.567141617586939
1334 4.584710320581061
1335 4.659846810636182
1336 4.597894954531024
1337 4.380139222697477
1338 4.5281483831186335
1339 4.4369713506273225
1340 4.708542036652296
1341 4.700823107512173
1342 4.6367200496459695
1343 5.973952982751737
1344 5.06549494901596
1345 4.706314456118158
1346 4.36960517714548
1347 5.8715320165658875
1348 4.433547499820283
1349 4.726032956904246
1350 4.481845739570296
1351 5.017425217103041
1352 4.766684290754652
1353 4.466503375107936
1354 4.573136420932927
1355 4.237227094210719
1356 5.009703235381715
1357 4.818295949637423
1358 5.377650649863527
1359 4.969783385393515
1360 5.783796704417978
1361 5.770008767011181
1362 4.657196519956379
1363 4.656224495729298
1364 4.828005642143876
1365 4.685233305085756
1366 4.502874943517262
1367 4.660372839726155
1368 4.888137127667239
1369 4.893333040257973
1370 4.987365918891645
1371 4.713945363784137
1372 4.837205530386657
1373 4.859100957313932
1374 4.7203620148916325
1375 4.788668534108396
1376 4.375828396560226
1377 4.495072717209103
1378 4.820412904563546
1379 4.314190498577957
1380 4.526324849584166
1381 4.584184246289215
1382 4.735395224247654
1383 5.067237639195439
1384 4.712309455297012
1385 4.788518909277637
1386 5.216412927369632
1387 5.926434831284482
1388 5.99093906260763
1389 5.469446461909847
1390 5.348569218036156
1391 6.2317757006522445
1392 5.33504975900436
1393 4.433661048862089
1394 5.165764142387746
1395 4.891007394909013
1396 4.9466999182951215
1397 4.853304517103091
1398 4.977829977628744
1399 4.838158555147793
1400 4.713739466170564
1401 4.665222354501483
1402 4.678395389658893
1403 4.676905083548351
1404 4.7862943556231805
1405 4.597490205937166
1406 5.889482574632397
1407 4.687506572610335
1408 4.610107177293825
1409 6.018378299688248
1410 4.411953255296113
1411 4.586964848369027
1412 5.709198371796021
1413 5.639329364043514
1414 5.887742496565201
1415 5.567698627746942
1416 5.152878222593644
1417 6.299966122344147
1418 5.83147330419809
1419 5.779082907707756
1420 6.060287718809303
1421 6.016680628934854
1422 6.286061488250387
1423 5.407518561952735
1424 4.60649096769937
1425 4.70608133581285
1426 6.403758298034106
1427 7.4323612227438645
1428 6.53857693437785
1429 7.810629829504304
1430 7.272602402401787
1431 7.415240854225077
1432 7.423602498454075
1433 7.504345371783899
1434 7.063095483482519
1435 6.628050408368575
1436 6.570337383061403
1437 5.519286756934731
1438 6.36354239605843
1439 4.726174109186251
1440 5.89628730236347
1441 5.829232993780845
1442 6.486816539515385
1443 6.0780632021787095
1444 5.821848922396505
1445 4.548888956062762
1446 4.404446857432624
1447 4.701646022035749
1448 4.735026882974471
1449 6.670565733853329
1450 5.8128438750710645
1451 6.342024615924714
1452 5.8765100657467775
1453 6.9543348524985795
1454 4.706291008071508
1455 4.863941867303937
1456 4.831627276095015
1457 4.993560295739106
1458 4.405781415496383
1459 4.46843522236813
1460 4.5893341998148625
1461 4.530907820052378
1462 4.662964954077707
1463 4.6974473109122
1464 4.539513210888445
1465 4.540746913126764
1466 4.615466732635741
1467 4.634928979794792
1468 5.37248209148012
1469 5.99820076889948
1470 4.504896867742445
1471 4.736227596013722
1472 4.439203992338321
1473 5.185042178566331
1474 4.548428043325919
1475 5.957997926401843
1476 5.978248274209155
1477 5.730727389180725
1478 5.842296669730727
1479 5.266305127093203
1480 4.9479501655757865
1481 4.869914817610314
1482 4.720420978491302
1483 6.132253966681834
1484 4.943523164038368
1485 4.649817079277951
1486 4.655283307325849
1487 4.924450241378112
1488 4.793814661011251
1489 5.770746191076997
1490 5.593528756087095
1491 4.713654899313592
1492 5.8390998689037295
1493 5.566574405458913
1494 5.615205798329695
1495 5.906663733503715
1496 6.083097491236586
1497 4.4922700191704115
1498 4.425226263357445
1499 5.72875909890281
1500 5.9032226265602405
1501 5.863789667663246
1502 4.892110699275623
1503 5.664756086206523
1504 4.844758331035075
1505 4.417745444843598
1506 6.305385047598741
1507 6.052635074144155
1508 5.5638283603484515
1509 6.4737036671662525
1510 6.131814329381293
1511 4.954448532353396
1512 4.934393367202274
1513 4.819194989802053
1514 4.658652151357972
1515 5.542043100017075
1516 4.724915799408617
1517 5.908512638752973
1518 6.020675139656757
1519 5.680401786431362
1520 4.521508138656513
1521 4.563075886327362
1522 5.613782774806157
1523 4.858752406728231
1524 6.005198295573128
1525 5.544778883599015
1526 4.584596475512238
1527 4.974129390565694
1528 4.984097265288562
1529 4.636119751536996
1530 4.759913590857848
1531 4.535228628005653
1532 5.903458129620851
1533 4.305471816488476
1534 4.659466837714261
1535 4.31688858362005
1536 4.485977667287946
1537 4.743269421159148
1538 4.604399376531568
1539 4.484220765386394
1540 6.168896194706502
1541 4.54019214215134
1542 4.667724734035666
1543 6.432475136378193
1544 6.053935706205425
1545 5.97764884348931
1546 4.822887058725742
1547 4.788684734968466
1548 4.166928466319779
1549 4.600197726096763
1550 4.9611169499134435
1551 4.912233640655249
1552 4.475062272706011
1553 4.80898704517977
1554 4.5660070735312335
1555 6.0271853570701115
1556 6.150842644385034
1557 5.766589182256094
1558 6.2068752710947015
1559 6.341840597870865
1560 5.209529978610193
1561 5.749986539140638
1562 5.662397133982201
1563 6.250115097756982
1564 5.850727356185217
1565 5.824837811284169
1566 6.075102270422007
1567 5.488529177393363
1568 5.8382199320585055
1569 5.971362085714496
1570 6.268523118404343
1571 5.330111196622733
1572 6.1142054701605035
1573 5.554475818242959
1574 4.838741072745077
1575 4.564203527911786
1576 4.6379615064276685
1577 4.2084558501732285
1578 5.055421865384971
1579 4.6036785497369035
1580 4.711236073621932
1581 5.131108701806557
1582 4.69129013317951
1583 4.845773339845131
1584 4.927083408497133
1585 4.782812191782349
1586 4.583863426906485
1587 4.873752158300613
1588 4.6351704842725185
1589 4.5600173535760575
1590 4.481719704288221
1591 4.904541416092752
1592 6.002510297491122
1593 6.115329125833064
1594 5.495882275172703
1595 4.733230824896238
1596 4.388640744442801
1597 4.910693264639862
1598 5.654346576712365
1599 4.782777125624096
1600 4.758417687524673
1601 4.374039814751483
1602 4.629451065344394
1603 5.038692449249794
1604 4.6225123010185944
1605 4.5023287905011795
1606 4.568993927537675
1607 4.782727327101304
1608 4.863805359392001
1609 4.605684347063279
1610 4.493705511543886
1611 4.716573141731723
1612 4.639008542320313
1613 5.643189458822846
1614 4.825379016873569
1615 4.565991439300381
1616 4.783404756991427
1617 4.43129818769341
1618 5.9431816986594965
1619 5.651341666475785
1620 5.956182157546148
1621 5.4604035252343435
1622 5.771839028562792
1623 5.995385546186972
1624 5.570605820916455
1625 4.774589084430311
1626 4.610686076822848
1627 5.085385205601194
1628 5.336254796411132
1629 5.373618854311313
1630 5.846887186129847
1631 4.726756460128383
1632 5.180131911706398
1633 4.465718832555907
1634 5.9146797727661875
1635 4.901834877707456
1636 4.910720705969706
1637 5.465882124495771
1638 6.012913782416844
1639 5.74951638017041
1640 5.392934267842455
1641 5.320457201176114
1642 6.568811641875591
1643 6.554574811791937
1644 6.598043325131547
1645 6.599120400443601
1646 6.741972355577195
1647 6.680298002867946
1648 6.819298954538532
1649 5.106531767886628
1650 4.794076969313199
1651 4.784108070590088
1652 4.285924820179437
1653 4.601983768692798
1654 4.559185842406852
1655 4.441070467802905
1656 4.635466852432021
1657 4.996756361726759
1658 4.7208766760600005
1659 4.47356986518143
1660 5.411926767876476
1661 5.682719832339724
1662 6.136378704686014
1663 4.44234274405185
1664 4.668723803705367
1665 4.666593810268936
1666 4.438543885568678
1667 4.993508513322257
1668 4.911243785373457
1669 4.530289350599409
1670 4.6257214775998
1671 4.707298891858133
1672 4.607158862360507
1673 4.696676510063871
1674 5.777187610824165
1675 4.625934316894386
1676 4.685617626111852
1677 4.840781009797318
1678 4.649825884280618
1679 6.45537935269139
1680 6.188367220834842
1681 4.991289990535509
1682 6.1066097263626595
1683 4.478357329621091
1684 4.4026499814875
1685 4.666717824894299
1686 4.74802479449271
1687 5.958080613965338
1688 4.8470711011361125
1689 6.0071060551145985
1690 4.8489091755619445
1691 4.911092117300846
1692 5.347630208903487
1693 4.551222719930529
1694 4.387061193170805
1695 4.476892696076133
1696 4.750535646226353
1697 6.164874550157938
1698 6.016224172760933
1699 5.653709068247864
1700 5.923171283942844
1701 5.905701974601577
1702 4.558683018829416
1703 4.651943758038316
1704 4.723736176779288
1705 4.935859394499863
1706 4.66525010284549
1707 4.872248105805606
1708 4.68072823783257
1709 4.536119838059999
1710 4.364509399502663
1711 4.713855242827686
1712 5.745484714019578
1713 4.7038311461497395
1714 4.554349130861422
1715 4.81926171130844
1716 4.973156303378615
1717 5.657284567592787
1718 5.383269366711278
1719 5.718927871193941
1720 4.52077546053229
1721 4.315304330147496
1722 4.718766811759775
1723 4.606220881960762
1724 4.3732390315318845
1725 4.791387372014556
1726 4.4282474293447995
1727 4.768915363997152
1728 4.577109644052876
1729 4.905953989533745
1730 4.869573080252621
1731 6.100250874541729
1732 4.6483622165116625
1733 4.807705891350603
1734 4.555957769955525
1735 4.497530519764226
1736 4.9098652895307495
1737 4.8856792339911115
1738 4.551771029852063
1739 4.731513775275874
1740 5.2120983816784054
1741 4.790416294031059
1742 4.752458375142898
1743 6.144974676309167
1744 4.557592670281204
1745 4.978523605429715
1746 4.673300033141144
1747 4.5828247076285535
1748 5.443156559309763
1749 5.416506975150799
1750 4.963803468114537
1751 5.626340234052653
1752 5.057991712836534
1753 5.432268287025079
1754 4.833852886294959
1755 6.208690081412945
1756 4.649943356461809
1757 4.548901329996083
1758 4.558081320390428
1759 4.778429526461412
1760 6.469083657174593
1761 4.92814868064552
1762 4.78220247167332
1763 5.74974847428891
1764 5.0826860583087905
1765 4.675082744686348
1766 4.614263174667797
1767 4.378791058136498
1768 4.5229597550125495
1769 4.333755432304507
1770 4.613665023751978
1771 4.40032703200448
1772 4.631933100964176
1773 4.779230202047526
1774 4.286749369639132
1775 4.532658274795634
1776 4.986942042931708
1777 4.771809233358726
1778 4.613900882816575
1779 5.009968928147106
1780 4.66227150920582
1781 5.754791213679091
1782 4.8528481543516655
1783 5.858676150905583
1784 6.1935175853594915
1785 4.696488041468135
1786 4.612933118939923
1787 4.537813928447722
1788 4.669926668464959
1789 4.626131649502485
1790 4.796020666302657
1791 4.872249453435598
1792 4.506454290966875
1793 4.734331696627903
1794 5.427566703713376
1795 4.956665822654038
1796 4.605356963284845
1797 4.937512908820756
1798 4.49745551477687
1799 4.701580242330982
1800 4.80935915297639
1801 4.553429459470159
1802 4.7428947298423685
1803 4.898120777007866
1804 4.780174425058699
1805 5.55044206573381
1806 5.527665811249322
1807 4.652058886525124
1808 5.547755501144622
1809 4.842667751356797
1810 4.483641018293923
1811 4.58012502900985
1812 5.7469117579020805
1813 5.004072940396869
1814 5.825025449877107
1815 4.721838287062077
1816 5.136167384065989
1817 4.895812918951732
1818 4.7353396607343194
1819 5.434210984305412
1820 4.444784339287631
1821 4.796069732605243
1822 4.709931766605008
1823 4.694897465513644
1824 6.1096980838409465
1825 4.81524724432791
1826 6.082258640026822
1827 5.677420574706712
1828 4.53452979322229
1829 4.7698091770778435
1830 4.645365829883199
1831 4.819647811513167
1832 4.33587862107229
1833 5.399064597203939
1834 4.868128220822685
1835 4.627772493593158
1836 4.783052814610626
1837 5.964988171799155
1838 5.388465019227063
1839 6.009428333750101
1840 5.908842584547806
1841 4.7559660293431945
1842 4.71877951650487
1843 4.863665602824847
1844 4.82527635270239
1845 4.754517110138283
1846 4.834907432479397
1847 5.6472955024616365
1848 6.4897172406723795
1849 6.1398083248125195
1850 5.745319962155546
1851 5.469453381650265
1852 4.807132362745031
1853 4.656844275362216
1854 5.937318224649013
1855 4.582072407025718
1856 4.777461968614054
1857 4.729394642888584
1858 4.950633626773755
1859 4.691424349612284
1860 4.734578717820456
1861 5.414209473892054
1862 5.803101133307966
1863 4.748577419855392
1864 5.871664946604506
1865 4.784258552506161
1866 5.404261396683055
1867 4.288860060674447
1868 5.402221959621951
1869 4.449131148984873
1870 5.004896511787104
1871 4.729879922087198
1872 4.772632088975049
1873 4.398680172189441
1874 4.69574040276362
1875 4.535594282419
1876 4.431157593729782
1877 4.453022399491847
1878 4.366385261753865
1879 4.6027815175970055
1880 4.423210438921656
1881 4.729535617767704
1882 5.604908205693527
1883 4.7631203052925795
1884 4.375231565811116
1885 4.855864288423443
1886 4.651788431698971
1887 4.928638211055287
1888 5.659002787606174
1889 4.289416021323322
1890 4.522338951523348
1891 5.072133837385358
1892 4.68696041282974
1893 4.812077745158466
1894 4.696985971934036
1895 4.250058849730759
1896 4.399243175687461
1897 4.734607224307549
1898 4.57635797467759
1899 4.36804356598427
1900 4.660603266043321
1901 4.484674999894464
1902 4.791189994150637
1903 4.536654799540063
1904 4.695207704441352
1905 5.6096081269941775
1906 4.504335649844864
1907 4.21937972211033
1908 4.60539766395368
1909 5.902312016893986
1910 6.079726152350071
1911 5.9067880865263795
1912 4.357030493365542
1913 5.950752735344441
1914 5.973355213453972
1915 4.953668315008937
1916 4.6612455111813516
1917 4.622962405685773
1918 4.649094076186236
1919 4.659820603526607
1920 4.063029729770453
1921 5.087521721276914
1922 4.693714581183785
1923 4.773162446293201
1924 5.464159341679051
1925 4.575728075736765
1926 4.636694225989186
1927 4.553237510655302
1928 4.645072800746053
1929 4.3864405460810625
1930 4.514249369120524
1931 4.403608690434108
1932 4.362005769363925
1933 4.768343125883064
1934 6.283020901769837
1935 6.443992079260241
1936 5.959739308672165
1937 5.740628025149871
1938 5.763265672093176
1939 5.551599725014788
1940 5.491023590391863
1941 5.597766077297529
1942 5.33269274672746
1943 6.168989785988967
1944 4.734611686279484
1945 4.6068131153749725
1946 4.8469360772975625
1947 4.570868946533921
1948 4.670561622755186
1949 5.718487521941747
1950 5.5944034005842616
1951 5.506532474603543
1952 5.800746208773126
1953 4.5361371512790765
1954 5.236868730144707
1955 5.049628028038775
1956 4.833110823947685
1957 5.296020387330356
1958 5.712297308295284
1959 4.7048434644279205
1960 5.35311346777533
1961 4.880193466937887
1962 6.267025293835975
1963 4.880068542513616
1964 4.6826757658626645
1965 5.073622672152304
1966 4.56257449046711
1967 4.6198311702247485
1968 4.311906992980118
1969 4.569183239682869
1970 4.527301709902473
1971 4.954709858646415
1972 4.671241023002305
1973 5.446051416818145
1974 4.191569290676689
1975 4.52077281427437
1976 4.762995254494148
1977 5.614338234765055
1978 5.2046001012162195
1979 5.5571053565702835
1980 5.23578449724406
1981 5.000534101016941
1982 5.190885902099494
1983 5.007570035703023
1984 6.006839011630793
1985 5.784436524730875
1986 5.935302295288152
1987 6.087240192774572
1988 5.531737999520906
1989 6.0201240353743914
1990 5.615316078230495
1991 6.112696069014469
1992 5.643289083275444
1993 5.539011803882513
1994 5.691071420104251
1995 6.302454787883041
1996 6.7653773993048665
1997 6.762662117538911
1998 6.893509926447418
1999 7.191429200688283
2000 6.448224120120656
2001 6.163146744433973
2002 5.703290163224368
2003 5.889130335239981
2004 5.683286354532745
2005 4.203532833144153
2006 6.943171405594077
2007 7.198958742186225
2008 6.805838641590282
2009 6.5992811448163975
2010 6.30288339310662
2011 6.771817671243608
2012 6.057863798036934
2013 4.539575724564849
2014 4.62085349830475
2015 4.538368975254854
2016 4.611807570957127
2017 4.31331279520941
2018 4.5695854674941145
2019 6.016339063763319
2020 4.869041425006476
2021 4.798017785915953
2022 4.6999167368002395
2023 4.617292362088946
2024 4.786508790799134
2025 4.697241077091337
2026 4.760085704745689
2027 4.612321680998876
2028 5.762672096938673
2029 4.615788266593907
2030 5.335086672921962
2031 5.728523582175079
2032 4.90333865865077
2033 4.503610974209721
2034 4.508054674711012
2035 4.551619264964425
2036 4.684386339481892
2037 5.131384663913369
2038 4.324978162037776
2039 4.555905584508344
2040 4.651433160284104
2041 4.782308161629653
2042 5.724831630836406
2043 4.796068965029108
2044 5.488147440339395
2045 5.504398669275637
2046 4.512484909899622
2047 5.537353521850894
2048 5.68403918303801
2049 5.955501579855459
2050 4.986251899157655
2051 5.015675342959998
2052 4.896006774755114
2053 4.768357089842507
2054 4.263386123857737
2055 4.513762074476245
2056 4.392920456115261
2057 5.344782793193414
2058 4.534233225476523
2059 4.559183185840249
2060 4.557721695382587
2061 4.506366773006808
2062 4.643497568615118
2063 4.9342269012027185
2064 4.741695784882538
2065 4.478064279460631
2066 4.597809356322711
2067 4.821668376736308
2068 4.690270517666267
2069 4.74747163880274
2070 4.7783919736543305
2071 4.705347069778433
2072 6.0443807852756954
2073 6.014563710661716
2074 5.378663878903522
2075 4.601866505588763
2076 4.860319766583663
2077 5.772841163133996
2078 4.394402426215303
2079 4.690534666675809
2080 4.8933940685833495
2081 4.558259034776127
2082 4.447772266586897
2083 4.481852176672909
2084 4.529920040664456
2085 4.753444093349775
2086 4.690733662612424
2087 4.92120781059782
2088 4.746129998917266
2089 4.636448313445418
2090 4.955258179623936
2091 4.671608670725094
2092 4.7229610205481825
2093 4.265016476000679
2094 4.452974584300049
2095 4.440277537890851
2096 4.99904744876016
2097 4.455188979173043
2098 4.736921333122321
2099 4.702232541422257
2100 4.5958952013069565
2101 4.810718742878167
2102 4.148927257738885
2103 4.62034707100257
2104 4.659829412083411
2105 4.84338019736073
2106 4.579156358611711
2107 5.501713622610875
2108 5.566433548044904
2109 5.154576532819916
2110 4.605069502199818
2111 4.609952098035752
2112 4.746462620192704
2113 4.63697330042074
2114 4.798281125746956
2115 4.478976838093923
2116 4.600449073525285
2117 4.698696237001211
2118 4.588428229514355
2119 4.506520854027367
2120 4.723632240738743
2121 4.859300918944913
2122 4.70838188824029
2123 4.550795168742126
2124 4.679026156856424
2125 4.563130937101538
2126 4.6327876039518445
2127 4.701211831549687
2128 4.571211483075615
2129 4.735891789929435
2130 4.787618914925756
2131 4.656141272944242
2132 4.629142803131358
2133 4.989164787845025
2134 4.340166783089716
2135 4.7911756085743775
2136 5.850939234305062
2137 5.842656167885678
2138 5.254676244848903
2139 4.875182841752096
2140 5.211153958539333
2141 5.696268259916116
2142 5.828113820088758
