0 10.108811265859984
1 10.079745475116837
2 9.910439326877956
3 9.89399185127093
4 10.100109967263512
5 10.22243380652836
6 10.333496657872754
7 10.283964162917593
8 10.068488474980489
9 9.934371264393455
10 10.005525196694773
11 10.141286445832039
12 10.089120562561035
13 9.253498788257003
14 10.260469308711308
15 10.12033650480203
16 10.440716119983433
17 10.069573030345397
18 9.89702462632135
19 9.829206148279598
20 10.043989775747523
21 10.18800717559342
22 10.580495427164792
23 9.83276903149413
24 9.944417191751123
25 10.235665809110081
26 9.693045046826251
27 10.452778650381308
28 10.386024269789965
29 10.081878870614279
30 9.888126185021417
31 9.806338036245975
32 8.615014274446912
33 8.586583488523328
34 8.99408224482473
35 8.795937475711339
36 9.424650297221595
37 9.105331355069325
38 8.886017429899956
39 8.931602610097881
40 8.94732800849916
41 8.298052631454983
42 8.845391273582106
43 8.062651818750611
44 8.650049537036999
45 8.748993218013354
46 8.515344857438688
47 8.418597901801888
48 8.394443636405953
49 8.592841490652509
50 8.912582817373709
51 8.438049769314683
52 9.171398108301618
53 8.65503559143778
54 8.235091505217449
55 8.091844617868857
56 7.8515384156959485
57 8.633863074810048
58 8.332517385569504
59 8.498652876118662
60 8.81774450450193
61 8.863543917672748
62 9.193087783788867
63 8.134564252110744
64 8.939198077738585
65 9.673259012437644
66 9.371201767741905
67 9.513774811057758
68 8.19967318845769
69 8.886894906036009
70 9.714033621396394
71 9.476615548044176
72 9.109044550978643
73 9.30862852228854
74 9.958169337904295
75 9.902922419454157
76 9.460387307062112
77 9.403041736878617
78 10.556595888289225
79 9.175250129986399
80 10.037087332701587
81 8.450775610237688
82 8.852481531008877
83 9.59279605901906
84 8.995122167077122
85 9.39144960695663
86 9.03392356030628
87 9.834013158083302
88 9.529011020375263
89 8.07539032950536
90 9.00588849971974
91 8.690843339624488
92 8.49859806547165
93 9.057440394757899
94 8.545237423482911
95 9.665935216556067
96 9.037001957565208
97 9.524169277878269
98 9.662884646179815
99 8.701556327543424
100 9.190844821583838
101 8.49622609614673
102 8.289650273809574
103 9.577937972124326
104 9.061984473675462
105 9.362925394735372
106 8.671021567850694
107 8.55736288594578
108 8.725963266886085
109 9.035290010993643
110 9.689495212868426
111 9.350931945747583
112 9.522244298312454
113 9.406293930163624
114 9.056100566784172
115 9.734759251037682
116 9.244481187512404
117 9.072931780949077
118 9.602004913282233
119 9.724202269927323
120 9.19067714928238
121 9.345496523990045
122 9.310187895108966
123 8.939044663486596
124 10.150927861291233
125 9.210613700037532
126 9.67013267235287
127 8.709138358139912
128 9.112649496445616
129 8.510428374762492
130 9.20402422148688
131 9.59169324688916
132 9.96907780587718
133 9.942353604752851
134 8.934649750391527
135 8.162734086574792
136 7.915963776988257
137 8.916748862343018
138 9.21884293096978
139 8.596588725967555
140 8.804013438138059
141 9.472963096165083
142 9.171941105539137
143 6.0270100582149295
144 6.017786565126071
145 6.1608406519554295
146 6.214410585852701
147 9.175213034755043
148 8.79027480564105
149 8.153415174445701
150 9.342674858205916
151 9.04288557735172
152 8.464694363017054
153 8.9975104978159
154 8.37360033497013
155 8.55860634942634
156 8.294000156330078
157 7.91154156732037
158 9.712360217241239
159 8.80881539482806
160 9.841364411745154
161 9.794180169641887
162 9.819266762564355
163 9.147294411755956
164 8.975732246953923
165 9.104367876746071
166 8.902903517465223
167 9.428260897176218
168 9.35546087871767
169 8.555498670818567
170 10.564160589482873
171 10.142691289523283
172 10.295210689610405
173 7.989377971037476
174 9.536175116446213
175 9.584745810674997
176 9.505605336096606
177 8.479281484963197
178 9.157764623364217
179 8.971487979974311
180 8.734338078773014
181 8.884031484502687
182 9.270384545886008
183 9.95102515436097
184 8.989557473361735
185 8.359183285118602
186 10.102269571786424
187 10.48272051539536
188 10.667322461254276
189 10.244915442201401
190 9.414666515030577
191 9.11038272591064
192 9.644994119539342
193 8.967735825409225
194 10.852449532929594
195 9.062005956786715
196 9.981582024680035
197 10.382189780044586
198 10.369312304122031
199 9.582206095316037
200 8.921847394010694
201 7.546585655364166
202 9.30701338480706
203 9.061866980409572
204 10.055182949555343
205 8.947058288577402
206 9.33826708133549
207 9.784595929211697
208 8.925427976596517
209 9.162568183518536
210 9.3745392812036
211 7.008215831648804
212 6.837242499207329
213 7.312289770781135
214 5.9132329967644095
215 6.675347331797039
216 8.316591232433577
217 7.159429006781386
218 6.31590875523803
219 7.246595143467925
220 6.992954653229219
221 6.870682731645206
222 6.630682481678875
223 6.705529883505531
224 5.859764653543983
225 6.887112333551341
226 6.672884505255393
227 7.0190017949414045
228 7.186654901373312
229 6.53186943814881
230 6.767886338150165
231 6.366198314391454
232 6.472340213384013
233 7.550486160143136
234 8.068544638830241
235 6.259621752824727
236 5.765139346231206
237 6.385981667620072
238 6.594855065952826
239 5.7828030977263225
240 6.934063211923919
241 7.454252935512746
242 6.5840737805223295
243 6.888115703140457
244 9.807828200494802
245 9.64072015873042
246 9.45190818866295
247 9.187217298554842
248 9.491324632656905
249 8.705301091514475
250 9.300185615451108
251 8.442189027418884
252 10.06401727317357
253 8.722185237713799
254 9.77054545030755
255 8.924319738161813
256 8.076076492449758
257 9.200785437092541
258 9.3847547087113
259 9.085798524251949
260 9.876532665718281
261 9.618071411867922
262 8.597624057988357
263 9.486316436001898
264 8.797227459419418
265 9.761609564681017
266 8.360056150629665
267 8.672267414849133
268 9.237275981997705
269 8.680102887432502
270 9.033007381075969
271 8.76318098216616
272 7.950879106278557
273 8.536548888527689
274 9.685210616258583
275 8.586995684493644
276 8.974139661425719
277 9.197392017292552
278 8.708779268161729
279 8.903607350566679
280 8.942657619932698
281 9.536479440001466
282 9.244502306373533
283 10.027347544764778
284 8.27973854101629
285 9.544611206305973
286 9.799361233751117
287 9.687664997937407
288 9.522085482402387
289 9.288751521437437
290 10.434254352154051
291 9.776626287701443
292 9.220778344428295
293 8.330491313036601
294 8.909674818121069
295 9.312391082685345
296 10.306937867979023
297 10.158778773788898
298 9.70345027374831
299 9.439517524639262
300 9.44739909803221
301 9.638286029605371
302 9.329839271731165
303 9.512186404260927
304 9.863344940186895
305 9.336888589093556
306 10.153214141120921
307 8.95045985507569
308 10.116249113520254
309 9.65723120697198
310 8.372593488583572
311 9.15159917531965
312 9.799363053651803
313 8.198636941938835
314 9.364540782886591
315 9.322160480472434
316 9.239016890424532
317 8.935429918051288
318 9.226309846176829
319 9.398004274394191
320 8.96195839305016
321 8.810332681087573
322 8.983096993568658
323 9.265766207213332
324 9.1651150407014
325 8.847824372393044
326 9.400656449935127
327 10.200351436285178
328 9.783649924232039
329 9.407678955936833
330 8.494999283605237
331 8.991217340134133
332 9.187590768820785
333 8.91142322446311
334 9.380129769026901
335 9.09465876662432
336 10.0732420042532
337 9.435731358045762
338 8.269896416468535
339 8.784877070013987
340 8.240021972613926
341 7.660100613736485
342 9.726303974136764
343 10.170291659004702
344 9.337611686120779
345 9.795529561963507
346 8.144658538103602
347 8.617338298558533
348 10.13935328518813
349 9.722694605744836
350 9.714916034757199
351 8.782175340855584
352 9.528991534621598
353 9.826347684727493
354 8.80988893250183
355 8.878300944202149
356 9.575281186815069
357 9.673477214399918
358 8.986939006912063
359 9.34679736729679
360 9.53385307483859
361 10.19272364887037
362 10.407813269019343
363 10.085492723383739
364 10.42329265964717
365 10.756468663056529
366 10.129709242157803
367 10.86084614929944
368 10.316760939864526
369 9.816507357632965
370 10.409538251417707
371 9.515093457913084
372 10.800854420405964
373 10.856448645187855
374 10.10666940391812
375 9.982649805641
376 10.56565989771659
377 9.868884344754939
378 10.017979931931619
379 9.914680107080748
380 10.239744990732872
381 10.08625146355461
382 9.624610755835713
383 9.599891462148092
384 9.821410515786678
385 9.438234456682435
386 9.422409221359786
387 9.618282397860526
388 10.180530806749225
389 9.77537154111378
390 9.705389307069346
391 10.241466756116449
392 9.517378056271387
393 9.90555464601784
394 9.68688826547116
395 10.158464817861152
396 10.07950538285986
397 9.989807087687431
398 9.56003346704776
399 9.753480495506595
400 8.853919636980283
401 9.40425770253225
402 8.917221562987148
403 9.065417423454782
404 9.516570383719973
405 10.841163052717434
406 10.39826458684163
407 9.520093116587582
408 9.425115744808005
409 10.158992961250073
410 9.376804218879427
411 9.524900402810369
412 10.236795751847685
413 10.722871816668329
414 10.265953383159514
415 10.0853690933711
416 9.097247953943036
417 10.14493237853898
418 9.90750781711084
419 9.216208142893109
420 8.655682803115818
421 9.982866242731758
422 9.963999063458816
423 8.75655880906208
424 9.30881217203325
425 8.530413953959144
426 8.642015536773705
427 8.153024295846507
428 8.930890439404244
429 7.723596929822802
430 7.5471608050292405
431 7.630962481234645
432 8.546078987598069
433 9.02725120162192
434 8.451339297260873
435 7.334412185387367
436 6.524840373300736
437 10.662203133527017
438 10.531353422391014
439 10.122908987345562
440 9.991685379140852
441 9.800917181254807
442 9.198717910735557
443 9.42084036631238
444 9.235301354597254
445 8.70008740224816
446 10.613875511233553
447 9.603570211893004
448 8.564129182187495
449 8.465166342824066
450 9.249998195608194
451 9.753575663591604
452 10.363838601739337
453 9.846832839481117
454 9.448727518065883
455 10.166736946587069
456 9.841073947326446
457 9.204040637742137
458 9.13766884047554
459 8.826322724084914
460 8.883404239673665
461 9.952676775997134
462 8.829276733110527
463 9.358964362972607
464 10.005870020367338
465 8.485321259871958
466 8.832951978586621
467 7.553065757917352
468 9.384882090940826
469 8.157975030233475
470 8.820956921660837
471 8.446120001579567
472 8.728794509513227
473 8.839526127628599
474 9.325132166174711
475 9.48195073050794
476 8.347702589535759
477 8.532967375732762
478 9.3238897950503
479 8.461174725581282
480 9.070381278819738
481 9.125989746258012
482 8.297752453689112
483 8.696131883010684
484 8.264274779275164
485 7.685334319473888
486 8.933875655575232
487 7.699109078576736
488 9.424239691459684
489 8.632222515452034
490 8.133620054623181
491 8.940526962547386
492 9.435811581149299
493 9.12556757226256
494 9.9682669409954
495 9.735926993012747
496 9.60498646493075
497 9.970556934376344
498 9.768735814811158
499 9.68585452635603
500 8.968932003185655
501 7.941181859985858
502 9.0771185281576
503 9.074458729247233
504 8.55338080743861
505 8.764668108495503
506 8.565753294255021
507 8.379920345092915
508 8.438688338321697
509 8.834549301100346
510 8.598067489043823
511 7.975375923717626
512 9.537362743136343
513 9.682331024723142
514 9.814048864439629
515 8.200092062974814
516 9.114556721703828
517 8.660156552827557
518 8.129699209404087
519 8.712519466295907
520 9.130658785877415
521 8.506604350148594
522 9.11366744230157
523 8.287385192598023
524 4.661624130126334
525 4.0759182408868355
526 4.5132304628881466
527 6.4980346435488725
528 6.323905319422464
529 7.468291692121211
530 6.647165096841313
531 6.189424938145881
532 5.8101801917092635
533 5.736497978832914
534 5.833699465283024
535 7.630635257002496
536 5.914989760911478
537 6.026373402223146
538 5.62755481403057
539 6.900500103754252
540 7.436135752454711
541 5.803341085470037
542 6.730096019223823
543 6.84921054483257
544 5.979563468100113
545 6.059450342446768
546 6.9978636848565445
547 6.213567590176529
548 6.557505103019661
549 6.067566914480661
550 6.201449214246286
551 7.1335866590530985
552 7.418651764811491
553 6.284159945919712
554 6.306738867733672
555 7.685736318411689
556 6.471387874209371
557 6.989435868092106
558 6.1255574282169265
559 5.949709279260132
560 6.924313802560722
561 6.911388172960995
562 7.6589629596749145
563 7.620524985243543
564 5.222121722658231
565 6.546706104452986
566 5.633232779535134
567 5.488949932062052
568 7.520254239391119
569 7.001007326340341
570 6.948563496722324
571 7.457639675078935
572 7.837751396711106
573 6.298337788093417
574 6.374136885800826
575 7.530978517597739
576 7.908325361704245
577 8.234855860691788
578 7.5217441022861085
579 7.097351443332256
580 6.587997867245676
581 7.105806394727035
582 6.136792793606313
583 6.0230100163687705
584 6.065263887446059
585 6.620546192181078
586 6.540317208530298
587 7.588447069788421
588 7.673090143290668
589 5.914260244137101
590 5.233233985073957
591 5.60196778603673
592 5.749021738323939
593 7.394555197778879
594 6.975112733553031
595 5.982215131646896
596 5.944896392858182
597 7.517278313274686
598 5.168171370546152
599 5.768650430409591
600 7.328860195442922
601 6.733806305954025
602 5.743550574722622
603 6.388538000614947
604 6.319298553650872
605 6.4900807677313175
606 6.416175946723641
607 6.3381412358830085
608 6.110090670716945
609 5.624973788795163
610 6.135486922435635
611 6.093732316259018
612 5.8100517788129045
613 5.644509892236856
614 7.917535158726542
615 5.917147840316384
616 7.238856730050002
617 7.2306176222477605
618 7.584467035111806
619 9.783746246492965
620 8.85828562279365
621 9.181224841788458
622 8.832983499088208
623 8.116697984806105
624 9.627245739627496
625 8.166893203755691
626 7.8326577333636695
627 8.737724304672797
628 8.973368823892919
629 9.12994119010014
630 9.305552032662847
631 9.05682356579997
632 9.710487125392806
633 7.724484573109649
634 8.169247916005833
635 8.966375237441571
636 9.0109200391875
637 7.521558854132073
638 7.787889942219288
639 8.895755543181616
640 7.6888014998737715
641 9.077128184561593
642 9.38264284072502
643 7.782476633762019
644 7.709104098705962
645 8.69281580379935
646 9.342527113594073
647 8.716592186654747
648 8.324522793016278
649 8.918507630556228
650 9.034627813245752
651 8.834477549141656
652 9.144140843510362
653 8.628254752192706
654 7.981965911446215
655 9.0914391471547
656 8.168538815797795
657 8.782660770963492
658 8.89936122226413
659 8.736235391572118
660 8.207664754251965
661 8.398394694842567
662 8.767356376847378
663 8.436137996398335
664 9.093016335453246
665 9.280712741018903
666 9.349623215239948
667 9.161924974159813
668 8.416521378278407
669 9.026734634934153
670 8.745283870436028
671 9.228057696132193
672 9.411482561296813
673 9.046677154319038
674 8.812309598178775
675 9.2383803285129
676 8.776996558757281
677 9.229941056150807
678 9.753966337555928
679 9.67987057377541
680 9.937665739471628
681 10.297663480728335
682 9.229686951538822
683 9.861824311257191
684 9.656978991731851
685 9.88446245665262
686 8.508893515220164
687 8.824102870623541
688 9.32939933091735
689 9.256475942199717
690 9.457725500467607
691 8.757044491685289
692 9.063475075884902
693 9.593499877435566
694 8.942064350851837
695 9.01635173264247
696 9.791328596652654
697 8.95608335986378
698 8.807477765172477
699 8.96380405375398
700 8.618174111928987
701 9.042126287920501
702 9.751526321238138
703 9.024883660219027
704 7.505661590381616
705 8.069792338127334
706 8.554891690374113
707 7.976217344927151
708 10.134055614994242
709 9.370172652106888
710 9.946933352648477
711 8.958219291566351
712 8.920786417722264
713 9.164096267184657
714 9.93405042437922
715 9.585543044115626
716 9.305248418232928
717 10.504156505262433
718 8.86876478270013
719 9.230252920263446
720 9.105531029916152
721 8.198887920571817
722 9.305325706897733
723 9.727512199295695
724 9.247578681419778
725 10.032840452419657
726 8.843796511259256
727 9.466573423272887
728 10.05872150161966
729 10.621590354694733
730 9.89431254871319
731 8.871043498225314
732 8.925775367343649
733 9.056438149752273
734 8.217489303505907
735 8.532296923901958
736 8.614116741668171
737 9.303773851568565
738 8.865198318549542
739 8.63044910023924
740 8.475984389254851
741 8.198673366085014
742 9.892189590526273
743 8.25379844516967
744 8.32681188072814
745 8.5786044380177
746 8.457770592565417
747 9.581261069311454
748 9.338116542225752
749 8.794526475170333
750 8.190980910059974
751 8.367457745884845
752 8.013402079073359
753 8.306545563771826
754 9.51603157445578
755 8.725623064763385
756 9.414641176491957
757 8.879853918598597
758 8.18670441359992
759 8.871630509798223
760 9.125247355072892
761 10.443626967593652
762 10.172780608097298
763 9.032283691273468
764 8.969061621279753
765 9.137770586436197
766 9.865566854655926
767 8.831968083534527
768 8.846586489582307
769 8.704346170620159
770 7.692148311569115
771 9.258857919223795
772 8.698125632363007
773 8.401512150539613
774 7.918550584899689
775 9.187146808594976
776 9.038563143624485
777 10.149690338957488
778 9.006188707982862
779 9.142358632294394
780 7.952792478148838
781 9.3983224280575
782 9.053884284747463
783 9.415549944210305
784 9.505776591727999
785 9.771755607153905
786 9.309257667378986
787 9.423564065995075
788 8.140376935463586
789 8.947067340460524
790 8.52003689730236
791 9.33714862688179
792 8.569558055706858
793 9.08659310497088
794 9.725982612090803
795 8.91228076084972
796 9.913335103558516
797 8.602230734981278
798 8.720709220936982
799 8.667463728796994
800 9.147053386694937
801 8.739299357415653
802 8.652127197493657
803 8.082867992718793
804 9.483451846848341
805 8.988593650395297
806 9.468145656745818
807 9.885039618389085
808 9.084647934190045
809 9.062938903057315
810 9.566819238153814
811 9.42786017137237
812 9.541815577461966
813 9.878161340540617
814 9.900464918158724
815 8.906589841584275
816 8.804977551149678
817 7.873812251098181
818 7.9073481087173425
819 8.350627449311032
820 8.964416049260267
821 9.228888624369025
822 9.448134195660746
823 8.528367148793814
824 9.35480262192688
825 9.435277171807977
826 8.350855983676281
827 8.736895938009893
828 8.357111023018106
829 9.053596153170407
830 8.505289464418745
831 9.100266999702116
832 9.811683811417266
833 10.482991502829325
834 9.91002332164639
835 8.989766943664877
836 9.338108046661986
837 9.263270031520555
838 7.78866093402351
839 7.788877298911856
840 5.331188273464575
841 6.084743203074638
842 8.6242416461997
843 8.987587385441469
844 10.05196424914861
845 9.508287130285046
846 9.258027283369591
847 9.37889132289714
848 10.239674804426977
849 9.304890608219035
850 9.344801487285109
851 9.410087343073338
852 9.610583689548438
853 9.463429521044604
854 9.628370607109142
855 10.213806133896327
856 10.589144705081349
857 9.322079199112537
858 9.593555763216724
859 9.68570232220295
860 9.6712599485031
861 9.537687794295842
862 9.54172041827287
863 9.685943616048343
864 9.33941461867786
865 9.185521265959892
866 9.634547411682094
867 10.37475910362805
868 9.36651284645593
869 9.54018236333641
870 9.885242310763319
871 9.832313757936372
872 9.655849350437444
873 9.82248508143896
874 9.66822740200356
875 9.72127668258129
876 10.027494381672458
877 10.142181901001573
878 9.65901245586
879 9.78569399262992
880 9.723854531712908
881 9.419246073467264
882 9.111570161307426
883 9.46167415271356
884 9.621587698211922
885 9.344839019210381
886 10.294930763241606
887 10.424722095717758
888 9.880574542315728
889 9.489831832888463
890 10.20140252231671
891 10.383140564443421
892 9.462806293539446
893 9.606986116678192
894 10.088420561154532
895 9.615572927675018
896 9.518165570392734
897 9.792919295246424
898 9.586162603645214
899 9.687653079057954
900 9.7562172220405
901 9.19899432777284
902 8.0702705668552
903 9.671848639905834
904 9.610434961837148
905 9.85031693867869
906 9.518393922693942
907 9.639335071685714
908 10.097796840384616
909 9.337465195441304
910 8.61274689276646
911 9.392972775712604
912 10.186881624270415
913 9.720599939537772
914 9.862015537039897
915 9.969070140742017
916 10.039073004298498
917 10.340294794470832
918 10.112183077001871
919 9.870480019504328
920 10.112492590505052
921 9.6706809685668
922 9.339303457099497
923 9.911991640689644
924 8.7937122349396
925 9.950864604165472
926 9.91779871138109
927 10.052547626041031
928 9.292198652944359
929 10.106899982330717
930 9.260870036959442
931 10.042473092699217
932 10.380045747166376
933 9.30250789396979
934 8.397635221016577
935 8.988253387860857
936 8.681191604858537
937 7.994988492276502
938 8.63214678742041
939 8.35512638266595
940 8.448820781757219
941 8.809896361368637
942 9.076042473401346
943 7.055625793008231
944 6.882936035977336
945 5.837724428858126
946 4.672050114030166
947 8.907645001692483
948 8.176384333584503
949 7.935259024102462
950 8.19011932724179
951 8.246638290224565
952 7.760007669169991
953 9.204770527356313
954 6.942051138190723
955 6.464636082156407
956 8.655856554957301
957 8.299495425867603
958 7.7982313713216165
959 8.113699595377788
960 8.736321838794384
961 7.541775436578169
962 6.38462876828293
963 6.074384890572122
964 5.926396502148306
965 5.902326512244195
966 7.36179563351792
967 5.961103400007114
968 5.813324616466585
969 6.358222772149982
970 6.356379467261073
971 6.832968289926338
972 6.413743063522738
973 6.586447224787797
974 6.594188031678401
975 7.199737008992978
976 7.0064688749798725
977 6.458004190086136
978 6.406833552278661
979 6.326075018979217
980 5.780566284135375
981 7.138246529035651
982 8.407240912075087
983 7.8223494835249205
984 8.627998098125422
985 8.13501190637145
986 8.651838806322512
987 7.749398471897125
988 9.132157095204915
989 9.447869590105313
990 9.052047859947836
991 8.544914556314898
992 8.238505953769742
993 9.414979336213136
994 10.076183067408778
995 10.443288671530395
996 9.5957992962515
997 8.610541778869466
998 9.550046211726675
999 7.822447220555324
1000 8.125335262840395
1001 8.059770426690378
1002 8.958246242251997
1003 8.603037654592885
1004 8.294410236094722
1005 8.752756898843225
1006 9.581010350204291
1007 7.609112701071637
1008 6.981337955514131
1009 6.074535600555085
1010 6.399418480964026
1011 5.674215092015675
1012 7.578273973092531
1013 8.32915835767474
1014 7.349788475344857
1015 6.70855964008075
1016 7.633946506942564
1017 6.326180800272152
1018 6.871635739771405
1019 6.0035690833802855
1020 5.9634720130063945
1021 6.895260822094223
1022 7.280816585674661
1023 5.802406739618731
1024 6.2819748266311946
1025 8.350848598667495
1026 9.786731595470323
1027 9.874343556917559
1028 9.509236760340812
1029 9.834314452834734
1030 9.007800752979849
1031 8.309622937010689
1032 7.937846843973985
1033 8.912000030411889
1034 9.46860992883792
1035 9.981170851014465
1036 8.89505660991221
1037 8.172882183422397
1038 8.307649019647185
1039 9.38647064709914
1040 9.205705019326917
1041 9.605479127064871
1042 8.850042610740637
1043 9.339683873079652
1044 9.242815108828067
1045 8.448706095512188
1046 8.370065552792965
1047 8.681708854314962
1048 7.909921431299939
1049 9.620520215083717
1050 8.981883774921833
1051 9.976145178459587
1052 9.937941512851763
1053 9.7077024419469
1054 9.89312482275831
1055 9.163992664760741
1056 8.947196794609807
1057 8.785901951675156
1058 8.499121267093706
1059 8.910837082621956
1060 8.963273845456687
1061 7.7990265321223164
1062 8.357456278575034
1063 8.19860146746645
1064 8.839364798323516
1065 9.489992005464432
1066 10.172185143714813
1067 10.008004371941574
1068 9.300302476790566
1069 10.65370669542837
1070 9.75746318246556
1071 9.46849324824269
1072 8.995056729728507
1073 8.951362156273042
1074 8.382437905136454
1075 7.502653273669484
1076 8.888246584653412
1077 8.043239676922925
1078 8.12634659193409
1079 8.267310228034578
1080 6.181131710641722
1081 6.079396817248578
1082 6.3461014387851264
1083 8.344832604064703
1084 8.673487196981377
1085 9.224089266403023
1086 9.14112611519546
1087 8.13937539463197
1088 9.632222906263289
1089 9.58144076873657
1090 9.423080872430383
1091 9.578557308269263
1092 10.018042426926497
1093 9.112893702453244
1094 9.369100804995458
1095 9.12354708812485
1096 8.787601691358963
1097 10.54085489874809
1098 8.972978416695929
1099 9.17126216642953
1100 9.659575767012976
1101 7.849707189290153
1102 8.500888064573228
1103 9.510201529869805
1104 7.15855300164549
1105 9.374769837060674
1106 9.819910965919783
1107 9.752462375286694
1108 9.55382742890654
1109 8.958283810215665
1110 8.576673437947546
1111 9.390573115677695
1112 8.859329645145513
1113 8.562651994000152
1114 8.845144935404
1115 9.216238714460417
1116 9.102730890349909
1117 9.177417679158529
1118 8.939819312783147
1119 8.931229842441017
1120 8.89050872669791
1121 9.032691477801535
1122 8.75744579174318
1123 8.981413095694776
1124 9.571075754316999
1125 8.728578182417753
1126 9.418417577099781
1127 8.531209393641388
1128 9.515856035139894
1129 9.849682950848749
1130 10.046612972843734
1131 9.360825301461821
1132 9.22395161968074
1133 8.666763539146078
1134 9.189058969463602
1135 9.258189175953504
1136 8.852391976303519
1137 9.045198176828992
1138 9.40881450683341
1139 9.39620286458271
1140 9.833309984129102
1141 9.795193842470672
1142 10.374749124430785
1143 9.350409951650418
1144 9.841381370256952
1145 9.530810704942768
1146 9.48713730866159
1147 9.649943072873956
1148 9.438742021997054
1149 9.054223903077627
1150 9.161582198112416
1151 8.39356597089514
1152 8.351663473240265
1153 8.004096890932956
1154 8.825558408551036
1155 8.97679312571912
1156 9.06833496800256
1157 9.622838263168203
1158 9.824752901362727
1159 9.161886976723252
1160 9.875753164200852
1161 9.180585448896492
1162 8.352213861035098
1163 8.840256894666167
1164 8.952717693706898
1165 8.715548041881604
1166 8.741281534439798
1167 9.922337576482565
1168 9.7316009456393
1169 9.441373646326307
1170 8.768852909069098
1171 10.125846120558526
1172 9.95066923130847
1173 10.380663555461577
1174 9.85964571770027
1175 9.666530102209265
1176 9.257711420810056
1177 8.443667068810408
1178 8.624709347766425
1179 8.446462367221857
1180 8.199333254025191
1181 9.191993696512638
1182 8.707484313782704
1183 8.769052884413451
1184 8.308933463979717
1185 10.112538666396484
1186 9.894308632032578
1187 9.83640780588383
1188 9.895706140618769
1189 11.077680718758186
1190 10.07197226698209
1191 9.559270738757126
1192 9.786025385613945
1193 9.927294673044454
1194 9.767459659626958
1195 9.885931517642085
1196 10.040619862444407
1197 9.593039226405509
1198 10.11587176593568
1199 10.132991418993901
1200 10.532962004703796
1201 10.350759722356495
1202 9.925081632194416
1203 10.018926182355987
1204 9.815524722832357
1205 9.952435040193443
1206 9.849174505614446
1207 10.359927305392263
1208 10.260537715960352
1209 10.828299807026474
1210 9.568815712120914
1211 9.699593046840281
1212 9.819341721948255
1213 9.932471998527332
1214 9.675213199679641
1215 10.433552815038007
1216 8.885136843920057
1217 9.78009833584734
1218 9.630420029229816
1219 9.450673522562013
1220 8.85653010080211
1221 9.683004848736184
1222 10.164544993586793
1223 9.44018882678685
1224 9.406022752186262
1225 10.311406326556877
1226 9.470670887176414
1227 10.30075440699377
1228 9.706836658253492
1229 10.001337947904934
1230 9.654943366442291
1231 9.654084880810066
1232 10.112945269909769
1233 9.673298009537353
1234 9.752067776512364
1235 10.206578581773075
1236 9.973239467471801
1237 10.26872634461983
1238 9.068814598131233
1239 9.30123146701828
1240 9.541256181218445
1241 9.89822899947984
1242 9.856666649190153
1243 9.225500551507169
1244 9.486949050006622
1245 9.501684655693886
1246 8.449034932806397
1247 10.092096363247611
1248 9.416890281602475
1249 9.47984219306921
1250 8.161160683194899
1251 9.178394166927296
1252 9.950994053868698
1253 9.467949801151768
1254 9.123988311905626
1255 9.840765361457194
1256 9.73438705543067
1257 10.528673715007335
1258 9.871702387750416
1259 9.9379810326533
1260 9.838991753757584
1261 8.824352289405361
1262 10.63315148170038
1263 9.929470999597658
1264 8.611733945476871
1265 9.296701768867452
1266 9.03184439497969
1267 10.178821409988387
1268 9.718353605558221
1269 9.181201874129206
1270 9.762065862248566
1271 9.751161486827389
1272 9.428773978080947
1273 9.295636764809746
1274 9.386343843784436
1275 9.311647590646254
1276 9.082143529253115
1277 9.476892391496651
1278 9.309562685766137
1279 9.227465254147157
1280 9.973660977503496
1281 9.386692778191092
1282 9.721503192748145
1283 9.107121295893016
1284 9.605530212474404
1285 9.982525084534542
1286 9.475128413608832
1287 9.984364850580178
1288 10.117064192968034
1289 9.598520339541276
1290 9.847085805057345
1291 9.684340886321218
1292 9.563438036664744
1293 9.674745542054282
1294 9.534867812168486
1295 9.498195597989936
1296 9.668249784732744
1297 9.798393593049408
1298 10.217919430135252
1299 10.27793900187814
1300 10.284824655694354
1301 10.0538594916718
1302 10.231475023373124
1303 8.900038129512325
1304 10.008765220697123
1305 9.67865928174312
1306 9.786056026974236
1307 9.835867470532897
1308 10.269059476845802
1309 10.171461601585063
1310 9.597212143526134
1311 10.33275917596218
1312 10.132729373207427
1313 10.550035897210881
1314 10.157525705380044
1315 9.731469080862384
1316 10.105268913656214
1317 9.955025636710303
1318 10.315728139545442
1319 9.91859848957294
1320 9.719774975892204
1321 9.284772241757638
1322 10.062853515548971
1323 9.945314099017498
1324 9.981474822077052
1325 9.738681910105187
1326 9.112094707953892
1327 9.038330536914353
1328 9.292913798102068
1329 10.186029530415846
1330 9.903435816978412
1331 9.525488585464613
1332 10.124994713267707
1333 9.871713675572442
1334 9.95467031846597
1335 10.337193839667545
1336 9.945978398980406
1337 11.00040901913466
1338 10.417232223707062
1339 10.21784908911978
1340 9.743978729074062
1341 9.595086119841852
1342 10.084683743808496
1343 10.395911546423623
1344 9.507499562449869
1345 10.118032908239547
1346 10.476814911582139
1347 9.610576477606838
1348 10.512174153270822
1349 10.368708354373334
1350 10.150628238077179
1351 10.26011513943746
1352 10.289071666575362
1353 9.862287701706942
1354 10.235300982305064
1355 10.149559616419433
1356 10.104597926271065
1357 10.453248247431615
1358 9.811947401932516
1359 9.939121169919572
1360 10.152092736105065
1361 10.095314743219017
1362 9.986519095104956
1363 10.085933275701517
1364 10.191049043016935
1365 10.44854368374758
1366 10.369856044608085
1367 9.751593773586825
1368 10.595839915638926
1369 9.942712578023803
1370 10.141885086108616
1371 9.970386070979742
1372 9.90359127186782
1373 10.43725336965113
1374 10.034917696435544
1375 9.581728622006638
1376 10.388444870812386
1377 8.502724198231054
1378 8.62092259153764
1379 9.220008852111958
1380 8.794479302032192
1381 8.585087632574389
1382 8.505712895613398
1383 8.691977093041626
1384 9.409045975984414
1385 8.678306509190348
1386 8.424540149645145
1387 9.330478686893583
1388 9.216087056348165
1389 8.65500728437286
1390 8.490945509384522
1391 8.413646843496405
1392 8.38155945851029
1393 7.776781909211946
1394 9.369999699575107
1395 8.610760658130262
1396 8.909436448803444
1397 9.141017208157121
1398 8.559679852446292
1399 9.310028327553718
1400 8.833041517247933
1401 8.100676763623966
1402 8.325268251599354
1403 9.150986241606505
1404 8.052135370912712
1405 9.116161150597595
1406 9.066957387708316
1407 8.533001075942574
1408 8.792819273277486
1409 8.396673501314845
1410 8.338701692287772
1411 8.56333060238105
1412 9.126696534178606
1413 8.884620195608658
1414 9.222134183965153
1415 8.457996977969698
1416 9.071746743554806
1417 9.149026268091106
1418 8.729337973457245
1419 8.221786580922744
1420 9.519812346229191
1421 9.20027217295967
1422 9.280151794919657
1423 6.821930529033575
1424 5.424387329034807
1425 5.665925041958064
1426 7.338048488142506
1427 6.47781706388431
1428 7.5970308866782545
1429 7.4388005688352665
1430 5.979426760804771
1431 6.59672392776218
1432 6.720655236065768
1433 7.331910399682234
1434 6.09760828953693
1435 6.941813928315513
1436 7.017764371506591
1437 6.757073271296513
1438 6.498617401826962
1439 6.572932679985785
1440 6.1964144425550325
1441 5.627332340588713
1442 5.656547233456678
1443 6.611949666361135
1444 6.229506622462498
1445 6.417249464007854
1446 6.466931786347269
1447 6.698252033140242
1448 5.804692092633414
1449 6.099676780236031
1450 7.027102716127062
1451 5.577136850175192
1452 6.190175598287177
1453 6.3672795404342875
1454 7.389895729791891
1455 6.4576133770887765
1456 7.203707137620576
1457 5.815018203707953
1458 6.117662032655846
1459 8.629765008531514
1460 8.507947047178755
1461 8.728541604218263
1462 8.944187860838127
1463 8.989388340061357
1464 8.072038334372252
1465 8.606207886780533
1466 8.664845093365187
1467 9.358679100511218
1468 8.076693509595296
1469 9.366932031453814
1470 8.905960326206404
1471 9.197629784679135
1472 8.307062960157628
1473 9.04673964837516
1474 8.192179794271555
1475 8.959121943133296
1476 9.301411831469016
1477 9.756770296968718
1478 8.843986183872108
1479 9.318206821207953
1480 9.21632562888158
1481 9.672349555656114
1482 8.444879257635355
1483 8.46913720928264
1484 7.816243930488226
1485 9.846723037396139
1486 9.248269032413212
1487 8.949573271465203
1488 8.436627468261468
1489 9.006229951083736
1490 10.068746917814137
1491 9.081013377717547
1492 9.106355546441591
1493 7.63600315648491
1494 9.93727155505763
1495 10.61291271639101
1496 10.273916698354272
1497 10.293987345241801
1498 10.377369209883488
1499 10.569093404511952
1500 9.927732780949176
1501 10.044592176652044
1502 9.797800829902927
1503 9.90973317401556
1504 10.152971018820258
1505 9.482273706778287
1506 10.32488933750808
1507 10.051684419235887
1508 10.382599687091945
1509 10.280291660062579
1510 10.062961570788362
1511 9.749979697826689
1512 9.718992856062398
1513 9.799541828576379
1514 9.969199126787192
1515 10.038852756522271
1516 9.420570862905288
1517 9.810615726876879
1518 9.513527478894122
1519 9.77215252523658
1520 9.825922916782512
1521 9.58495371669014
1522 10.265451822927092
1523 10.334561610242394
1524 10.406879887678759
1525 10.058316195154864
1526 10.506355961198642
1527 9.917076003318293
1528 10.243447111224802
1529 10.635796501043226
1530 10.168360078146174
1531 10.682630560776204
1532 10.32659693203613
1533 10.06489612112261
1534 10.384758914550542
1535 10.230784236896318
1536 10.375826655296798
1537 10.032735289725105
1538 10.292601833662003
1539 10.397981519509054
1540 10.051311991675533
1541 9.695487555388112
1542 10.208989067591645
1543 9.899087864280384
1544 10.138876300760598
1545 10.55249609376019
1546 10.40203763663712
1547 10.073399388561665
1548 9.727616231779786
1549 9.775980924590282
1550 10.049926896510302
1551 10.206968984218488
1552 9.958475331745412
1553 10.564026250949716
1554 10.759935679893765
1555 10.473202553382926
1556 10.381482698267309
1557 10.417607817339663
1558 10.876706745403984
1559 10.720703879486658
1560 10.23361112422293
1561 10.190843799377273
1562 10.393577677986677
1563 10.37783597854554
1564 10.538852818975268
1565 10.705578998611715
1566 10.256200063393395
1567 10.548779541317137
1568 10.412578198109312
1569 10.81910214931922
1570 10.728426247293708
1571 10.357582689198717
1572 10.171466551308114
1573 9.947149479907562
1574 9.994487149575962
1575 9.506020377970424
1576 10.255396114167883
1577 10.749067557929655
1578 10.430916891267069
1579 9.911258079308915
1580 10.265565911311656
1581 10.612110408578989
1582 10.02128855586324
1583 10.794446596654893
1584 10.13449114255344
1585 10.295381662249401
1586 10.025922664815239
1587 10.227853136108926
1588 10.489279085179362
1589 10.004238938137165
1590 10.585120444715905
1591 10.352931659326545
1592 10.180159604651958
1593 10.238854323670937
1594 10.494623935311528
1595 9.884644235018197
1596 10.134318128788523
1597 10.41063982734126
1598 10.34117265475052
1599 10.012719766180313
1600 10.336776569662108
1601 9.762307325234014
1602 9.93925507472611
1603 9.992221721320526
1604 10.378665500073236
1605 10.859935757037364
1606 10.240773470813528
1607 9.850125057721636
1608 9.816000861679756
1609 10.307284356644796
1610 10.403602329733173
1611 10.726519599717724
1612 10.429446944822171
1613 10.082234228609277
1614 10.317672147744586
1615 9.968060456198504
1616 10.138471341929419
1617 10.237215182076818
1618 11.031387667252822
1619 10.894899768362153
1620 10.292852546450037
1621 10.662280344741939
1622 10.699026225420699
1623 10.483349011247554
1624 10.569014991937037
1625 10.430469553222293
1626 10.645932338710674
1627 9.679570145708114
1628 10.296328635811888
1629 9.927072640237686
1630 10.767195521797094
1631 10.469743466671833
1632 10.065232859121162
1633 10.500886756774399
1634 10.034664918293348
1635 10.96856693282441
1636 10.714663855195564
1637 10.475306035801582
1638 10.48275805466333
1639 10.40668909259004
1640 10.353090269944714
1641 10.664733660853782
1642 10.204950323217814
1643 9.807214308268618
1644 9.634945380833287
1645 10.547750010170969
1646 10.562407374850345
1647 10.26323453245241
1648 10.223998991729289
1649 10.594138818676463
1650 10.302824349967649
1651 10.331060364363994
1652 10.704549036916761
1653 10.22020607414516
1654 11.250005013937583
1655 10.242121518940241
1656 9.731974703269694
1657 10.648015963309739
1658 10.425295738660457
1659 10.396489069266188
1660 10.21733527333728
1661 10.919252273556813
1662 10.212527678061017
1663 10.039179249737913
1664 10.148296074311888
1665 10.746567776585065
1666 10.538768858280232
1667 10.474521112956696
1668 10.332649847848856
1669 10.559721222943908
1670 10.69110421049375
1671 10.676065018960841
1672 10.338809801204752
1673 10.631229519909734
1674 10.380985880952917
1675 10.588010856506191
1676 10.536309130826792
1677 10.301203578648247
1678 10.303530434519224
1679 10.458625169667323
1680 10.440014101838955
1681 10.379648165545156
1682 10.900612544409572
1683 10.329388159932236
1684 10.442969300453623
1685 9.373227365627843
1686 10.288460053748105
1687 10.367711164193228
1688 9.525642855023081
1689 10.497745065392474
1690 10.147652581436953
1691 10.51930887704943
1692 10.604099934121399
1693 11.126981080233463
1694 9.878543086552055
1695 10.457231368049966
1696 10.373510161011586
1697 9.713039223777375
1698 10.217458001488108
1699 10.187771184125674
1700 9.975898144504654
1701 10.222484417020777
1702 10.300417728021651
1703 10.36483843805623
1704 10.878969738583226
1705 10.319772055833642
1706 9.9087886183965
1707 9.892830991821553
1708 10.795599189044705
1709 10.708624761622378
1710 10.274415626202758
1711 9.905224321234904
1712 9.632717212080673
1713 10.744524434025399
1714 10.428937654740745
1715 9.65344134757469
1716 10.220819955000978
1717 10.622310886621383
1718 10.276793043284709
1719 10.280369040666773
1720 9.681597507865638
1721 9.938818757148228
1722 9.353644742154787
1723 8.912667080282679
1724 9.132657050130053
1725 9.11421955617845
1726 8.285193218701258
1727 8.714822631973233
1728 9.048895123734969
1729 9.593965603889714
1730 8.499860561718934
1731 9.691066071403585
1732 9.21146743469396
1733 8.96241599462315
1734 9.278312331540802
1735 9.292776977423634
1736 9.4082182891588
1737 9.432117442355729
1738 8.85559891536493
1739 9.669086850414423
1740 9.723568854081735
1741 9.359117123367053
1742 9.162548998778451
1743 7.789488672246212
1744 9.722223034206865
1745 9.156578190778133
1746 9.863390979204805
1747 9.288005062220416
1748 10.129473002843756
1749 8.926466014822118
1750 8.166500683252764
1751 8.363608805094568
1752 9.309274337545435
1753 9.617582705551476
1754 9.530153638594546
1755 10.674892776675705
1756 9.8334370624517
1757 9.309818368614147
1758 9.730719787892404
1759 9.03091600976412
1760 6.702674803018703
1761 5.476380207027882
1762 5.459420261916105
1763 5.507316228863967
1764 5.329595533659587
1765 5.64532600078113
1766 5.689577680525876
1767 6.440524391412861
1768 8.395451525585871
1769 8.407673177932809
1770 9.447515954248269
1771 9.361385604784925
1772 9.063802731560804
1773 8.767882807043412
1774 8.790399817768744
1775 9.353612595501202
1776 10.107915212484993
1777 9.313458161913863
1778 9.431521736854908
1779 9.001599663947662
1780 8.583609008429477
1781 10.084980587448001
1782 9.358920086894523
1783 9.289406883934692
1784 9.408442757263018
1785 9.045094302913206
1786 9.916516805602226
1787 8.733892498566826
1788 9.097390287082705
1789 9.24612658747782
1790 9.896691749537101
1791 8.932538045372448
1792 9.593311835361956
1793 9.1306860611276
1794 9.99525469782307
1795 9.042354309781125
1796 8.59148763053446
1797 9.392987047988834
1798 9.253091215221858
1799 8.979734668450797
1800 9.021890254988975
1801 7.864673644327057
1802 9.496903770637331
1803 9.633515643655258
1804 9.293293555003547
1805 9.118509507444648
1806 9.830545858627104
1807 8.128639375351236
1808 9.223222335387609
1809 8.807254647450268
1810 8.778688464239506
1811 9.440526791460547
1812 9.662986119786803
1813 9.060454011281116
1814 9.94448265599094
1815 9.119000753812456
1816 9.609443830496081
1817 9.40047401397845
1818 9.652139583175948
1819 9.218778911677916
1820 8.25248712272814
1821 9.567796845672282
1822 9.365049260814542
1823 9.009784524183283
1824 9.857570339256563
1825 9.5701326999589
1826 8.955169355117299
1827 9.238625268129244
1828 8.76631788750693
1829 9.615768054322047
1830 8.812874839955484
1831 9.640641673332507
1832 9.229795857184417
1833 8.30300988880257
1834 8.94145332696707
1835 9.30540640418287
1836 9.746652311338092
1837 8.656732300265418
1838 8.525334155529306
1839 8.166983281122729
1840 10.049165181632263
1841 10.45485929027831
1842 9.916024380595163
1843 9.214571969165581
1844 9.586445811099146
1845 8.773240700821754
1846 8.999467397923446
1847 9.257525037194066
1848 9.83119167251571
1849 7.5087819483199
1850 9.069443654170929
1851 9.004603675164942
1852 9.260018944658391
1853 9.56366043200315
1854 9.05710776168005
1855 8.947467565103778
1856 8.789772114852711
1857 8.587663601675878
1858 10.072470894568342
1859 9.217954315257733
1860 7.767726969942125
1861 7.024820556193593
1862 7.7703662743543385
1863 6.564968865013543
1864 6.175170296510051
1865 6.302963920376994
1866 8.23334176539305
1867 8.062965763758609
1868 7.095280472117553
1869 6.243279789526408
1870 6.732738795635547
1871 8.433099710370916
1872 7.256184951853271
1873 7.331665002238578
1874 9.099846920338717
1875 10.644964274091617
1876 6.328274377248839
1877 8.73318339633706
1878 9.29656879566547
1879 10.120722186069223
1880 9.19226163965068
1881 7.834106907910467
1882 8.258240999303883
1883 6.905742928620577
1884 8.512049337482598
1885 8.271380883381399
1886 9.340631928770165
1887 9.575547567677038
1888 9.034390505623483
1889 9.566034504418434
1890 9.886298786543716
1891 9.362451345149923
1892 10.128013765293028
1893 8.122706491885191
1894 7.9357152530005814
1895 8.46430226032687
1896 9.038882278930265
1897 8.7452013461942
1898 7.903996382764853
1899 9.697515328061986
1900 9.659745987717091
1901 10.105333278570813
1902 10.41080036548991
1903 8.53212779949234
1904 8.021186117821328
1905 8.062121745446007
1906 8.523155741872829
1907 5.518318746023624
1908 9.253426484753462
1909 7.898597677699928
1910 7.628433355464081
1911 9.226961187503754
1912 9.024078026350368
1913 8.29454854783587
1914 8.742810730328886
1915 7.313811177629256
1916 7.818088420001526
1917 8.284862732280518
1918 8.761584812449772
1919 8.15887644625924
1920 8.857813838378885
1921 8.915765801199202
1922 10.211846871687035
1923 9.57597441946552
1924 9.525793894386394
1925 9.959350471051343
1926 10.359480267612785
1927 9.115909762608732
1928 10.173589645826647
1929 9.960324696879033
1930 10.187977161197114
1931 9.884446557475261
1932 10.733207017223057
1933 9.233034525237224
1934 9.865538922066948
1935 7.790752671161569
1936 9.148049870139204
1937 9.781357779269431
1938 9.59156769103411
1939 8.927078939454045
1940 9.100049784370142
1941 9.756854231812474
1942 9.409232869717595
1943 9.300077482702187
1944 8.801950762139553
1945 9.433655911224447
1946 9.281126011078841
1947 8.806227858615566
1948 9.18074068801335
1949 8.6841689989734
1950 8.519554393763121
1951 8.201733717022021
1952 9.838121592494742
1953 9.72289887536854
1954 9.95320388514136
1955 9.773785383131637
1956 9.203756224811055
1957 9.678907135105744
1958 9.507215052631198
1959 9.500776035174006
1960 9.628112905131335
1961 9.75371261570929
1962 9.45637887162131
1963 9.936334665132641
1964 10.350815586617156
1965 8.668589228648608
1966 9.554185126719684
1967 8.714734625434906
1968 7.6015876122556705
1969 9.197176729468236
1970 7.853953915588439
1971 7.048912379626773
1972 7.543379412288257
1973 8.09354990815507
1974 8.67625195379915
1975 10.204342965203791
1976 8.949425338543264
1977 9.797019917255485
1978 9.184679200064402
1979 8.94293486570743
1980 8.417459221178836
1981 8.899217693514357
1982 9.247829785619023
1983 10.00459129795203
1984 9.613034957327772
1985 9.653310359167763
1986 10.012483878111022
1987 9.208256493976844
1988 8.263049839861393
1989 8.99693846698119
1990 9.294576145928756
1991 8.816471585557167
1992 9.353889746390323
1993 9.63069259285071
1994 8.440717602489856
1995 8.696078335443511
1996 10.358429797918992
1997 9.89143587589652
1998 10.31886057753172
1999 9.103479176966205
2000 9.541590949028945
2001 8.930859200142828
2002 9.795216714279382
2003 9.045542136924817
2004 9.527539940137654
2005 9.760171252533542
2006 8.798605195787353
2007 10.132565638834306
2008 8.116440698564505
2009 7.218978869656906
2010 9.484531611611903
2011 9.20992357287682
2012 9.09630793948154
2013 9.754163637354855
2014 9.014193045966916
2015 8.373997035776476
2016 9.429302920968793
2017 8.781193966746725
2018 7.5394637130448485
2019 8.114477762142968
2020 9.300475156205703
2021 10.049135930538453
2022 9.229253072332684
2023 8.706509153100615
2024 10.209137325188433
2025 9.695352614501523
2026 9.86259244450377
2027 9.204961419895072
2028 7.932001235245421
2029 10.124739873829045
2030 8.398990644208324
2031 9.60945190867436
2032 10.123149007219931
2033 10.418592973978038
2034 9.737488879273526
2035 9.871089779397314
2036 9.650633745703097
2037 9.112778668497134
2038 10.152804020676548
2039 9.57914100015225
2040 9.119318902396602
2041 9.14085640695579
2042 10.056260484252846
2043 9.361861156392264
2044 10.183778803431672
2045 8.489119128110344
2046 9.557860810455049
2047 8.96951379774828
2048 8.481412789098817
2049 9.490095709986445
2050 8.867825469238948
2051 9.283683675119923
2052 9.43595845264568
2053 9.701228781255647
2054 9.029560871780797
2055 10.328892657062674
2056 8.085832101454255
2057 8.507348789530672
2058 8.569810919821924
2059 9.614690915173592
2060 9.455708407963572
2061 10.091849935837681
2062 8.61902275668691
2063 9.478063699015095
2064 9.057585474524176
2065 8.286581478521194
2066 8.862718274795036
2067 8.573467467592943
2068 7.888698880677637
2069 9.340733488815632
2070 9.925812395301174
2071 9.2885264019568
2072 8.94723403480674
2073 9.741568982335256
2074 9.071278391056996
2075 8.797754965099196
2076 9.18668353294378
2077 8.92536693253487
2078 8.836082405100537
2079 9.086953638539198
2080 8.452997940202149
2081 9.217170872559423
2082 8.381739693310271
2083 7.897403510377689
2084 8.701184502194186
2085 9.788148064858593
2086 9.609653552432764
2087 9.530815685072819
2088 8.40294587122364
2089 9.638351707006859
2090 9.809250841034554
2091 10.328852982185461
2092 9.011626326624
2093 9.772248620605719
2094 9.00840662255794
2095 9.840782870175762
2096 9.74636519451155
2097 10.222421805006137
2098 9.818375604251036
2099 9.633079540749472
2100 10.613847466093073
2101 9.063985222165945
2102 10.92781843624286
2103 8.810469134269544
2104 8.656426342565116
2105 8.152621668169692
2106 9.984347985352628
2107 9.521562672282617
2108 9.704556917140847
2109 9.072326074093038
2110 9.57157166944
2111 8.984065564642815
2112 8.2603131698359
2113 9.763530171311226
2114 10.70952385772727
2115 10.720841465735221
2116 8.952251899312357
2117 8.967537667624411
2118 9.847164301684243
2119 10.194384376163095
2120 9.856300964832025
2121 9.80501038060511
2122 8.762325097809626
2123 10.301890477854736
2124 9.560694148499191
2125 8.911153271949404
2126 9.900998869909662
2127 7.170369058288467
2128 8.681382022246511
2129 9.337871035789115
2130 8.622713642237175
2131 8.55916688679889
2132 8.711727877489334
2133 8.219877718404796
2134 8.875174785441153
2135 10.096540857334379
2136 8.608467596791892
2137 9.189045771757064
2138 8.45559950502888
2139 8.91596602079782
2140 9.4488595870349
2141 9.540557609877103
2142 9.144359070100363
