0 4.272396247782884
1 4.750643007809593
2 5.3486158371260935
3 6.133441318336353
4 6.264503507374173
5 6.500175033300694
6 6.539030005246183
7 7.467276481080465
8 6.386029795179209
9 6.274252684611644
10 7.132964214725715
11 8.772271477213058
12 9.36434933204029
13 8.38467565757917
14 7.9157004029732665
15 7.697801093787329
16 7.93386518109139
17 8.310531234929067
18 8.407705955131126
19 8.106314125467588
20 8.52827207948652
21 7.772378116452952
22 7.528021882943508
23 7.1007104345849505
24 8.231267575478691
25 8.444708552225643
26 9.141822605220813
27 8.016323311389725
28 6.935870104997387
29 7.602166597356819
30 7.9889740951864665
31 6.80191007431745
32 7.598837935442243
33 8.134744847341521
34 6.558773622115987
35 6.2399575213496705
36 6.755079226863251
37 7.082002756244748
38 7.587042935997132
39 7.874049785739752
40 8.233653887900992
41 6.143935556389076
42 6.437344515803961
43 8.553115797032822
44 9.531908123830156
45 8.390699121866263
46 8.781910282246542
47 7.451554468732075
48 8.320795849989935
49 8.4445579063913
50 7.808605681567401
51 9.147268486352123
52 8.358728985403209
53 8.574900812180653
54 8.184458025715093
55 10.182962642378747
56 9.41166796285219
57 9.148172788324247
58 9.600291761306616
59 10.17399603156234
60 9.163089415687512
61 9.26849455233637
62 8.10292811536597
63 6.526748392860885
64 8.538093219732016
65 8.363963863831541
66 7.659260892890397
67 6.503063082671165
68 6.628249648820322
69 5.953389528924922
70 8.564189626542893
71 8.493594267414604
72 8.266201876314804
73 7.558358153254115
74 6.977199140789761
75 7.308732277111162
76 9.42378843182233
77 9.311606011761858
78 6.829990789076303
79 7.500644812330745
80 7.3644538182328505
81 8.619606573441805
82 7.986012549593367
83 8.235106970860175
84 9.937816692271358
85 10.414317410272114
86 10.57384722149228
87 9.205370203287382
88 7.351686663578144
89 7.807174295070332
90 5.751880175337674
91 6.353650780233017
92 6.806492516763217
93 6.800801085314444
94 5.72078190485778
95 5.918533758038875
96 7.376784415184884
97 6.411158243157751
98 6.769801041861866
99 6.677071367618783
100 7.177291541518874
101 5.522394111309391
102 5.7869423416329315
103 7.023467738495869
104 6.497003177458433
105 6.447896537185051
106 6.856834890301761
107 5.9423953259832265
108 6.523641691779371
109 6.456606553473786
110 7.043790165405242
111 7.720891037908177
112 8.334647459992787
113 7.3377043957932395
114 8.284827861155925
115 7.248810996159437
116 6.467673943220981
117 6.766848090490318
118 6.798127012797869
119 5.630775564991216
120 6.7489508583543305
121 6.940919245107231
122 6.8142392460684
123 6.214071047762064
124 6.519449480717578
125 6.266798840745123
126 6.624951948932927
127 7.918139917262641
128 7.465171640212842
129 6.799945365839406
130 7.1813457664837
131 6.601413167875661
132 7.147674544920573
133 6.663822447036729
134 6.099481564837272
135 6.010455386312688
136 6.121511488056728
137 5.672521999616778
138 6.20725008635015
139 7.130509031702702
140 6.795383314928238
141 8.494752154222372
142 7.042331763413508
143 7.826028759704998
144 6.7482127681396955
145 7.741493949007389
146 7.484739962135463
147 6.669903201361771
148 6.802115824406745
149 6.503552208459947
150 6.133515413137951
151 6.877472230179484
152 7.108117529365386
153 7.087190504533565
154 6.457552937858004
155 6.705422307136296
156 7.17372552424542
157 6.2732574148584135
158 6.805841289710423
159 7.365482963240378
160 6.811724473189212
161 6.4010665450382005
162 6.5877931572727855
163 6.756897648675831
164 6.988961657955572
165 6.332582261903899
166 6.641835541817013
167 6.3788446533599314
168 7.216853486343058
169 9.607078501296673
170 7.001484258868009
171 7.554580822075936
172 7.1435703215096185
173 7.390025347516908
174 7.748427766071047
175 8.040181099204675
176 7.3169381688079165
177 7.198784038899174
178 5.910948750617358
179 6.856077339017815
180 5.873074809043647
181 6.38956946297075
182 6.478891323764113
183 7.39169960369345
184 6.104360456891354
185 6.442596378746288
186 6.672426818834662
187 6.895382998223921
188 6.9002316038106795
189 7.492678921307747
190 7.272715447701914
191 6.9050031914737735
192 7.393276479326489
193 7.429090243378104
194 7.1875790829250885
195 6.618699511200865
196 7.364387285694095
197 6.61099209823147
198 6.222975179165664
199 5.794119080715969
200 6.793308110450313
201 7.793386839580508
202 6.339682558856895
203 6.16893024360609
204 6.5740041340736015
205 6.633929210155517
206 6.408330941385052
207 6.765252283693132
208 6.495856046816818
209 7.492029693680484
210 4.909789875443737
211 6.589700632891952
212 6.041954089185102
213 7.05519089120554
214 7.264524571606134
215 6.302825159514352
216 5.465676215042449
217 6.508341858740021
218 7.220691084121644
219 8.101457204675954
220 8.198331666405359
221 7.468411940995093
222 7.753973328014
223 7.32349878317147
224 6.30937968895946
225 6.944010374506321
226 6.418017826898146
227 6.498869582760449
228 6.75043794219512
229 6.998252562032194
230 8.324207503459718
231 6.744103679966774
232 5.845972033150794
233 6.763098564562318
234 7.6798993945970295
235 8.437703875444553
236 7.2928855911267645
237 6.713355909217176
238 6.548432810834896
239 7.62458360771861
240 7.259216929853367
241 8.703892346720382
242 8.508345739902676
243 9.98350989560024
244 8.585749488152835
245 9.258841031944412
246 8.858160750453209
247 8.13481824457491
248 8.678646501241694
249 8.720477382695783
250 7.840849841621206
251 8.474278265644775
252 7.975947122056528
253 7.537296831348942
254 9.138954956819433
255 7.905608367872588
256 7.345122325579842
257 6.274317973437232
258 7.154866869487687
259 6.897065375819795
260 8.162240175889533
261 6.26189810807403
262 7.754266321313853
263 8.072429863501576
264 7.597051954821493
265 8.385169429801193
266 8.357172727027256
267 7.526232103064692
268 8.450638741254261
269 7.101978254962687
270 7.138338801478335
271 5.943361151692079
272 7.773683753437991
273 7.058366861580695
274 7.063158152739099
275 5.561542551639064
276 7.4328561882898425
277 7.68403891245678
278 6.704822047943939
279 7.104905296574042
280 6.62313821065162
281 6.698796556626453
282 5.337163694950521
283 6.678462907548709
284 5.869704707742729
285 6.194259422726782
286 6.628255891582703
287 8.100526407591062
288 6.505301985185331
289 5.2560220053913485
290 6.7803548525032244
291 7.379108660553824
292 5.809751237948112
293 6.889269029244529
294 6.674468353352236
295 6.715501023816365
296 7.324518330477336
297 6.940432768475806
298 6.5906434424760905
299 6.00756067627889
300 6.938507589733693
301 7.0411662145218115
302 6.5026646835825925
303 8.041424247743324
304 7.272155455223155
305 7.2401177525077225
306 7.082936901625461
307 7.263962844683692
308 5.684393226505815
309 6.835876303287791
310 6.60758380903322
311 5.53762978607158
312 6.183483373189149
313 7.71393515135007
314 7.001338645734239
315 7.054571531152619
316 6.490427820089979
317 6.2806493536683545
318 7.241152290040791
319 8.4795973422429
320 6.669958358742896
321 6.749112882633718
322 6.772635526707012
323 6.1829271235516785
324 7.634916738193773
325 7.310299289309244
326 7.005007992554027
327 6.993616839203987
328 7.099702609640271
329 6.986546154420413
330 6.613491403774688
331 7.07035198331925
332 6.3317597409751585
333 5.161825048959978
334 7.508295772216639
335 6.82257785131265
336 5.987250105956218
337 7.057031065487932
338 6.871320150904815
339 6.687777533892123
340 6.736597672301312
341 7.063158131963086
342 5.847760963999458
343 6.467460566330453
344 6.5360238467050245
345 6.798570501358677
346 6.206955392840534
347 6.5362770209417445
348 7.641730108970503
349 8.34110058638783
350 6.314822297906618
351 5.9286020546873734
352 6.138079109822969
353 6.314640224169725
354 6.826293655632836
355 7.281561943349798
356 6.538901848972393
357 7.498905021872447
358 7.816172300271814
359 7.792245328442066
360 9.0006481185006
361 6.886820668944823
362 5.920695574194984
363 6.621971908287967
364 6.9929706444179685
365 7.2415100576428655
366 6.980440258424688
367 5.899632269040762
368 7.399187398363689
369 6.869534061218278
370 7.2535027381513775
371 7.124660887104024
372 7.754299662722509
373 7.0319999744143225
374 7.036794023253124
375 7.576295342146796
376 7.672653050837765
377 6.6387405746838875
378 7.231423058949196
379 7.751706645927741
380 7.141076116444102
381 7.0402411231517235
382 7.732684429418011
383 8.963211557397274
384 9.514771650363711
385 7.942776040425769
386 6.909451239274873
387 7.289204392466896
388 7.248333982697968
389 7.2681743094978
390 7.020999564282527
391 6.192845792945551
392 6.690895195890862
393 7.0930489278112345
394 6.8351319321739625
395 6.426463575159609
396 6.319345531315622
397 6.627360835062025
398 5.75607002779251
399 7.7297163726780935
400 7.351019498251648
401 5.505353430339515
402 6.4960709333591335
403 6.470332827474456
404 6.173147730599901
405 7.481947346151563
406 7.006887265481928
407 5.405208372480517
408 5.348768493279262
409 6.868862820283971
410 6.667942647470477
411 7.76797554984161
412 7.41246341240094
413 6.9717028322267955
414 6.970903502346698
415 8.217074782735507
416 8.629394487413911
417 7.851570142324543
418 6.820348294697237
419 5.937509688898011
420 6.755958056230665
421 6.718606694437731
422 7.379913804685181
423 8.605833684035662
424 7.238213173414412
425 7.986053443563903
426 7.827357548465221
427 6.48336131953177
428 6.809976072561628
429 8.343740971846184
430 7.585662616811944
431 8.013699659656204
432 8.543842275868263
433 10.146497080414898
434 9.44438283284842
435 10.517874552137624
436 9.21165516399311
437 8.793320760305411
438 8.609124020578122
439 9.190548855153807
440 8.998335126747854
441 8.094306655064964
442 7.430866264499877
443 8.621572354717994
444 8.624073843896939
445 9.00129309266505
446 9.309908060649079
447 8.126172977957767
448 8.177083883747114
449 8.201995246611595
450 8.53585243116145
451 8.701640590419697
452 9.683934215067245
453 9.342186964052082
454 9.925281332363145
455 9.289465120001054
456 9.317595755381005
457 9.802111455949218
458 10.141334809814394
459 8.997204958107968
460 9.222161432903988
461 9.977152341675959
462 8.738403731145295
463 8.600608099357583
464 8.1770710388488
465 8.299057568522468
466 8.022762680442787
467 7.53366620117401
468 6.931082842079423
469 10.050723698917817
470 8.997214510217322
471 9.50745718297563
472 9.136370308367209
473 9.0065690196864
474 9.250516165819553
475 7.136545968068255
476 6.871728083272256
477 8.28771918222886
478 8.597138650910345
479 9.21414793996298
480 7.641786998389151
481 8.10356238325232
482 8.195464768198992
483 8.829276305673456
484 8.248351595236231
485 7.894657515719287
486 8.075529094745942
487 8.175829820904287
488 8.615216943478174
489 6.995338328619238
490 8.143686602675722
491 8.279925666196142
492 9.032405994324344
493 7.3658470663186275
494 8.03154881565034
495 8.691273759187636
496 8.27737202021982
497 7.277097172792207
498 8.10428754058808
499 8.564255151222715
500 8.69584471153815
501 9.22810322356587
502 8.87599712307201
503 8.485409585573434
504 7.7868464407482385
505 8.821145998936215
506 8.42599828785854
507 7.494545493065689
508 8.990839299662532
509 8.41010625711705
510 8.462219165646996
511 7.491940014819835
512 6.1998991178000615
513 6.79139945803955
514 7.004310679900088
515 7.059515792112301
516 6.236580674651137
517 8.09656924565978
518 6.515943058945794
519 7.063482837507939
520 6.743445578636015
521 6.731849240713359
522 6.3831404093261055
523 7.052416629070526
524 7.124502989777448
525 6.389875631416735
526 6.605707464935922
527 6.393271829650569
528 7.023459324236674
529 6.812755315070595
530 7.464579773276774
531 7.3949095001026794
532 6.784671743720558
533 6.502324446234655
534 6.741060317944173
535 6.859100653187975
536 7.7491032697917275
537 7.171750553526076
538 7.390986733845218
539 7.216896903151029
540 7.235261723244172
541 7.084443323190519
542 6.874795242262085
543 6.798613746409908
544 6.954292147698139
545 6.8603634719513025
546 7.281084462900333
547 6.326303764936021
548 6.984216579774521
549 6.756130879739453
550 6.317156702449684
551 6.856581873425309
552 6.543839110442395
553 6.397191611765088
554 7.256474312933386
555 7.71223692311205
556 7.798587737070829
557 7.252649464056688
558 6.827967447765616
559 7.022547152448329
560 7.377516927547444
561 6.998976892500268
562 6.484750784433867
563 5.7462051475507385
564 7.525747704357018
565 7.530255926872314
566 6.353797154789294
567 7.133074142526108
568 7.2548010347626235
569 6.62673597374928
570 5.898163845681103
571 5.920118580477108
572 7.250146894077457
573 7.6276209128441845
574 8.793103556545931
575 7.882702108443445
576 6.863359376032715
577 7.985892013539751
578 8.472306148787743
579 8.337780621466278
580 6.639479070120253
581 5.9517620034889935
582 7.143253608219565
583 5.99322361513752
584 6.531318794391348
585 7.885939013290265
586 7.755530767126746
587 6.108625050888285
588 6.873611241447055
589 6.531736564275076
590 6.501282035126801
591 6.8491039867273384
592 6.534230631224106
593 7.618559368999935
594 6.703333532829275
595 6.321796706326555
596 6.120949719601409
597 5.540781142485722
598 5.446002858485704
599 6.559924807339746
600 6.172906614749375
601 7.0803044201039835
602 5.6892534855613
603 6.308850487040917
604 5.592471782648414
605 6.464507542371937
606 6.802004869065522
607 5.8621262185632395
608 7.154746019348402
609 6.326855663179604
610 6.859703303070662
611 6.327528911430375
612 6.731932941842984
613 7.476934904570755
614 7.817533651884633
615 8.239693602437194
616 8.340389058567352
617 6.673837656660865
618 7.127926685006986
619 7.451419226186739
620 7.083432797340733
621 6.88469751968327
622 7.752252230401127
623 7.9196320436412995
624 7.574076834075011
625 6.135384944234686
626 6.064973855144432
627 5.471164669212318
628 4.9871214776523285
629 6.589008270857346
630 7.5083173137027055
631 4.721258396042357
632 4.575418714967306
633 6.951139396828047
634 6.462363923831935
635 6.637240275219799
636 6.392452816042619
637 6.752250317896606
638 5.622185188505653
639 6.437001847496429
640 6.433062674459439
641 5.6175424724091005
642 5.389660349464676
643 6.341626899646571
644 5.893650351929908
645 6.279623981178497
646 6.641421511479097
647 6.907361360439467
648 6.340245102824746
649 6.9963609795212935
650 7.130567528943776
651 6.53760810340352
652 6.799689985536546
653 6.35865359476856
654 5.803365329350739
655 6.74071358199333
656 5.897695848848409
657 6.331019803900916
658 6.323423965933827
659 6.45753122535037
660 7.102954929472657
661 6.755638836772112
662 6.09005208995926
663 6.977895227854671
664 8.068916364013916
665 8.349275843388074
666 9.303743968524717
667 9.995463325367975
668 10.327715729209288
669 11.03724639851405
670 11.299376861683927
671 10.864882397811968
672 10.975913933159907
673 9.188078646413793
674 10.172187452954805
675 8.481312622434455
676 9.036010506482757
677 9.306662293056522
678 9.766009643197547
679 9.153879365999698
680 8.50223105709107
681 8.668173400430922
682 9.075301818597598
683 8.656056817238738
684 8.138344574125169
685 8.664876098680956
686 8.238869171628712
687 7.899030732810112
688 9.462745575222371
689 7.991314700213278
690 8.31093821633536
691 9.384272867392358
692 7.859098914926458
693 8.112101171395654
694 7.793572100191327
695 9.566050087570336
696 8.246480295052436
697 8.09522341023513
698 9.343727950478502
699 8.148423492517269
700 7.904116603870855
701 10.168723802652936
702 9.425602110067892
703 10.276560502385367
704 9.219431600713428
705 9.92033428010602
706 10.37098070761687
707 9.711200627021332
708 9.842282591785215
709 9.858742014445763
710 9.259190881880594
711 10.712075604563159
712 9.863608636907365
713 9.932380082954053
714 8.95010068467441
715 9.49041415819225
716 9.078176331374529
717 8.485094626486655
718 9.015889900526243
719 10.324705533300106
720 10.75967655028665
721 10.891466986171006
722 11.355804520909654
723 10.609370051675077
724 10.748373987009122
725 10.677737113436235
726 10.592223440537348
727 10.971009151260292
728 10.383631426584941
729 10.17681950746678
730 9.716198794885676
731 10.372444595749473
732 10.919309041003919
733 10.418196384555035
734 10.845735561787102
735 9.560374657213064
736 10.98382647368312
737 10.186662162038266
738 9.191936188887427
739 10.784937847533133
740 10.277387742232166
741 10.459563962914904
742 11.238229164162854
743 10.734741849159493
744 10.14511639467823
745 9.515983967165345
746 9.514731511895029
747 8.26926524414421
748 9.30999281722764
749 9.505111430689066
750 9.229573832642206
751 9.820925040317832
752 8.908452717997504
753 9.346899117455514
754 9.501057380966385
755 8.623834014225624
756 8.720972915335865
757 9.541782132050152
758 9.699007660967396
759 8.94074547514328
760 10.567515112760242
761 10.453185367460586
762 9.672122139228177
763 10.109552479094607
764 9.390700680385121
765 9.380477811793732
766 9.911973994173344
767 7.6841640692476085
768 9.259298271463564
769 7.725903890526152
770 8.369655670323029
771 9.974759790550392
772 10.274872508912958
773 9.449395863991601
774 9.098280506529308
775 8.686408939602936
776 8.26949855047913
777 9.124940926151192
778 8.176693409555716
779 7.498448743414257
780 6.597748425480595
781 7.872246598319187
782 7.753246284203079
783 8.083480413745272
784 7.967757584395419
785 8.451479537103705
786 7.475426976684908
787 7.629957768854189
788 8.536447419911223
789 8.821398641873698
790 7.995153759510593
791 7.271857901051504
792 8.671971873635826
793 8.691685042767892
794 8.950408837487617
795 8.233124018699252
796 8.220471357872663
797 8.956026208768593
798 7.66592330228477
799 8.213512138099148
800 8.826758542492048
801 7.634263160819043
802 8.021040290504722
803 6.682911563758439
804 8.035542730817527
805 7.432089842641303
806 7.9452708576168405
807 9.223554135089856
808 8.852354766727577
809 7.925693281600647
810 8.856721170492193
811 8.268059557947787
812 9.122491815699107
813 6.80494275371706
814 7.3399090539356155
815 6.431425871725077
816 6.137055663000591
817 5.3570317912301295
818 5.134226150118354
819 6.0975429964761805
820 6.302232062464896
821 7.33013559323943
822 5.047013258972681
823 5.9408820881189
824 6.039063243294467
825 6.125077367779538
826 5.919393778376252
827 6.357943719520516
828 5.379191550109315
829 5.800034625282525
830 6.215152198465993
831 6.825483029895511
832 6.450018684342831
833 6.071846220012987
834 6.097450511735325
835 6.633859829717609
836 5.947123276716376
837 6.136929588738192
838 6.858769446682318
839 5.132054812331576
840 6.6705875339653415
841 6.686012484636069
842 7.649181248918367
843 6.99121561805701
844 7.336188778395629
845 6.439289473261555
846 6.515435605603228
847 7.117773187101224
848 6.582911712641091
849 7.071924669764689
850 5.87223581991396
851 7.45716518368397
852 7.911675071619001
853 7.179376825229011
854 7.1302952786350335
855 5.9556817225456165
856 5.220997455341351
857 5.79704365274617
858 6.190515415973201
859 5.371171936661351
860 6.574995537003464
861 6.5621840229362824
862 8.69011221908028
863 8.285613514550715
864 8.42433301517422
865 7.225286325040438
866 9.16119060349458
867 6.435262121256851
868 6.689774796791941
869 7.3763777875624355
870 7.460790488252682
871 6.952993863303016
872 8.909310733723805
873 9.018156078734153
874 8.722400496152401
875 6.7869432564313845
876 6.4607918436103455
877 6.643432615430936
878 7.053791569340645
879 6.957481674017639
880 7.141320450111102
881 7.079022782718707
882 7.073107471693965
883 8.227663577942497
884 7.032833648894139
885 6.182917990826692
886 5.760700496227185
887 7.295144626246164
888 6.294330300452633
889 7.042323231922407
890 7.264478459263406
891 6.982556131804151
892 7.018382627698658
893 6.842926463951694
894 6.045058873132602
895 6.4932254314555236
896 8.07144672077596
897 7.590417118628823
898 8.088879072485344
899 7.126925891825484
900 8.863638106896557
901 6.785638716194878
902 7.260344947700849
903 5.891512700467348
904 6.752063862842209
905 4.922020302497754
906 5.299118105651699
907 6.576312859482989
908 6.527707245328281
909 6.714773015985127
910 6.960794689040588
911 7.860627305109447
912 6.151675882876961
913 6.14368854797728
914 6.224383446383591
915 7.263065625566455
916 6.773342561577724
917 7.17113347144215
918 6.949651548873448
919 6.553159954283961
920 6.620455295389291
921 7.230768031191277
922 7.05106851381014
923 6.867997505727572
924 6.713550121796715
925 7.373348504204491
926 5.312488167489537
927 5.929854209368899
928 6.884970319621462
929 6.7354263079664065
930 6.4379366218907155
931 7.4999555902417585
932 8.28964727938906
933 8.476751524658459
934 11.534499245746069
935 11.498690370115156
936 12.810322462502995
937 9.744754847466194
938 9.503097062417115
939 10.614775180624994
940 7.677464646836447
941 6.912159622702345
942 7.038552424893844
943 6.333901416011801
944 6.689004230217592
945 7.901353626707646
946 8.254903107590108
947 8.188416057775594
948 7.1694534162190955
949 6.616967175292287
950 6.847537378065271
951 7.6330280808356985
952 7.716610584183082
953 8.33607483375703
954 8.465985374668927
955 8.641807981688459
956 8.03587892957039
957 8.659002902917432
958 9.15251125076801
959 6.585149700739971
960 8.124139223370845
961 7.960309776546279
962 8.814912755595167
963 9.87671110918328
964 8.611888546015788
965 8.999929442690586
966 9.490016674045135
967 9.380668743571608
968 11.04080348662662
969 9.862887383372016
970 10.501102580604371
971 10.7336921858169
972 10.209054616979431
973 10.31195494178812
974 9.503474180260119
975 10.186401414388078
976 10.218641880467892
977 11.394305926728572
978 10.03554903164031
979 10.30519485007342
980 10.064517719649922
981 10.835079690638844
982 11.882564149083292
983 10.81170690620734
984 12.780739817370042
985 13.316819564961868
986 11.579564100164985
987 11.171363799427963
988 11.160486048452206
989 10.731279311719604
990 11.10462097279553
991 10.046541710861518
992 10.223541988591554
993 7.786341353169798
994 8.073847021030376
995 8.3509363625748
996 9.626015211117139
997 9.942886343858314
998 8.92883231977258
999 8.241936831619412
1000 9.253725165307188
1001 8.776375699244593
1002 8.858324477193843
1003 7.762240520212669
1004 8.68942537398184
1005 6.653884714527275
1006 8.623401036787381
1007 8.522004548504945
1008 8.905703275630378
1009 8.749495716498387
1010 9.257899545017935
1011 7.506527087168594
1012 9.74473152921458
1013 9.045080364071982
1014 8.690028761658168
1015 7.839848618248146
1016 8.834765441974795
1017 9.02990443605857
1018 8.892967992675858
1019 8.599150986123488
1020 9.250208037547832
1021 7.896717250714352
1022 9.002106193862152
1023 7.7857590354442605
1024 8.655169222476902
1025 7.448608421532649
1026 8.43987553891569
1027 8.409784364196668
1028 9.011158271329487
1029 8.766229182075834
1030 10.009164165196053
1031 8.410728179763565
1032 9.419636016769019
1033 8.599562479693555
1034 6.394081312556416
1035 7.553781622933649
1036 8.73141009940911
1037 8.419636502436205
1038 9.30641607495774
1039 9.18367488086703
1040 8.356728966872783
1041 7.5655256015149694
1042 8.751389718271732
1043 10.323475333469219
1044 9.147773274640652
1045 9.526213726841243
1046 8.97147179487923
1047 8.825053643378904
1048 7.543907672498559
1049 9.671074864012581
1050 9.242057785212754
1051 9.143622994854896
1052 9.31732888134109
1053 9.096170825855069
1054 9.847856403373672
1055 9.12834392173314
1056 9.795941743330722
1057 8.465709113474428
1058 9.286219436898524
1059 9.106208254807981
1060 9.946113375000312
1061 8.667407880993023
1062 8.916812410960357
1063 7.296338175012196
1064 8.680744114026185
1065 7.991973087147288
1066 9.616130683344318
1067 8.986473880375836
1068 9.685318116641055
1069 9.507625354935199
1070 7.448285256982764
1071 8.403560347678281
1072 9.565223149039184
1073 8.492317414474416
1074 8.77262972262605
1075 8.64346511130932
1076 8.670459390537529
1077 8.522576416575133
1078 8.406013444405236
1079 8.26460953957379
1080 9.295683334768599
1081 9.049894091687605
1082 9.001620102551513
1083 8.66324830805498
1084 8.260804010792329
1085 8.334895716527177
1086 9.253873784907608
1087 7.3680607753491465
1088 9.589436641844914
1089 8.839560148080308
1090 7.903919675145402
1091 9.880221869641193
1092 8.39638058282365
1093 8.69031462637437
1094 9.214718869683491
1095 7.7407002364806985
1096 8.681200392612883
1097 9.527761396780273
1098 10.531104089328178
1099 9.259464140670266
1100 9.9632292549814
1101 9.931527824919925
1102 9.141659262167103
1103 8.958590129534102
1104 10.897235665876387
1105 10.348781460319232
1106 9.490770508720038
1107 7.750883316061419
1108 8.102585157506914
1109 9.47658232506453
1110 8.712773166394298
1111 9.274263062566648
1112 7.529822786321911
1113 9.444172782653228
1114 8.75999501016646
1115 7.910624801333623
1116 7.076243101946058
1117 8.76702099422019
1118 9.829317296358726
1119 9.870546312342764
1120 8.889632579882393
1121 9.844357514625827
1122 8.703021727061873
1123 8.982616849604359
1124 9.317084758515243
1125 7.141899252326418
1126 8.859291257826069
1127 8.056583082091494
1128 6.02406532275116
1129 6.404380071906362
1130 10.813042285871036
1131 9.733250147005231
1132 11.136302954361447
1133 12.722234266414409
1134 6.507585203728842
1135 6.481540104375383
1136 6.983021589935738
1137 6.632672159952575
1138 7.540172315588103
1139 7.496733462174857
1140 7.091514386333539
1141 7.179940212143257
1142 9.73089014954569
1143 10.504686003634093
1144 10.742015266292945
1145 11.758141492257497
1146 10.832382658953732
1147 10.803617241064481
1148 10.649028449082403
1149 11.265894150065183
1150 12.255451029327325
1151 11.283448526164666
1152 12.107145796184017
1153 11.247477746043995
1154 11.815198642142255
1155 10.89350030538152
1156 10.033856985648104
1157 7.672398850653148
1158 8.693887480868227
1159 9.30988937972768
1160 8.627879914287588
1161 7.491246140354228
1162 7.446708957455852
1163 9.269683315473612
1164 8.804594968389425
1165 6.635379325044018
1166 9.306687673536441
1167 7.262356861886148
1168 8.913033308221337
1169 7.411161336182424
1170 8.043472205983221
1171 8.20070377800684
1172 8.397585182289193
1173 8.556136860392582
1174 8.407501810979266
1175 9.778327426375338
1176 9.443771471049008
1177 8.00368853061785
1178 8.371834666043453
1179 7.547831368394078
1180 8.707118885594252
1181 6.990862248036357
1182 9.774843625865309
1183 8.706019178608718
1184 8.720722872956939
1185 8.755554896907732
1186 7.83578153602888
1187 7.01871111589703
1188 8.756335435460405
1189 8.060142766718467
1190 7.845001466355846
1191 8.755343948996986
1192 8.340572095707564
1193 7.985983798740759
1194 10.447057398208491
1195 9.90887779232161
1196 10.567594059272844
1197 8.97851289169092
1198 10.409008950667637
1199 11.179107052061775
1200 9.92853675370824
1201 11.515727005912485
1202 11.710583822622805
1203 10.879302418517305
1204 10.891193272531739
1205 9.14781929121195
1206 9.920905043225714
1207 8.406800416275802
1208 7.88161887566769
1209 8.063796712774222
1210 7.103593788286155
1211 9.883208796605286
1212 7.46362975939213
1213 8.457390714551138
1214 11.20749988015803
1215 9.907778157072723
1216 7.935670155807562
1217 8.310745025023232
1218 7.983725870438915
1219 12.51756503819182
1220 11.592546357402501
1221 11.031511992800867
1222 12.23212505719518
1223 10.171425541556374
1224 11.5197090124855
1225 12.867624976025578
1226 12.158388904465292
1227 8.748521609711034
1228 10.377286354509074
1229 10.129502592202405
1230 10.084134840822417
1231 9.19628687365676
1232 8.714351460355946
1233 10.640880377660517
1234 10.512330427111651
1235 8.27682418377781
1236 8.115468843929813
1237 8.992740270562788
1238 10.444930104563872
1239 11.521730887764157
1240 10.663038646334096
1241 11.425968376381554
1242 11.687757338997454
1243 13.159881238899013
1244 11.339667839201587
1245 13.603877128987031
1246 11.679731068688726
1247 12.307513553021826
1248 10.519568463706648
1249 10.544145266095462
1250 11.031302460889746
1251 10.843168444063748
1252 12.780571754913174
1253 10.632632133666467
1254 9.720031434248012
1255 9.693132570801897
1256 10.08505254578692
1257 10.99123925671903
1258 11.196638836762366
1259 10.961568456812628
1260 8.629312466428107
1261 6.980664130788868
1262 6.238022835733204
1263 10.5007128154337
1264 12.218275522940214
1265 11.038925714705666
1266 11.234156933604748
1267 11.554080062128715
1268 11.005488791205632
1269 9.362306825804348
1270 8.51374607019683
1271 9.612779081366572
1272 11.08257155342636
1273 11.160913625781284
1274 10.346083175829019
1275 11.236132786013348
1276 11.002653132953323
1277 11.791360591575202
1278 13.0144418125582
1279 11.353109595940436
1280 12.718505035216943
1281 11.962683288704188
1282 10.865350631146374
1283 9.839289550753142
1284 10.829162221857995
1285 9.561983227779125
1286 8.742241617696315
1287 10.500747949537415
1288 9.765370934607764
1289 8.257083683385165
1290 6.444113609919507
1291 6.77273892383915
1292 7.714702516869648
1293 8.483559857762737
1294 7.889681279037099
1295 10.731438937209047
1296 12.570177277733873
1297 12.331402441158964
1298 11.688979077388943
1299 12.910522203895976
1300 9.661059408220343
1301 9.050656217847719
1302 7.887900381370069
1303 10.771102755288473
1304 11.405176789562127
1305 11.048809767169402
1306 8.800846046480391
1307 11.238230639963277
1308 11.473169889565476
1309 10.197163629540878
1310 12.503193915752751
1311 12.638268732126026
1312 10.360998190891246
1313 9.582892370656301
1314 10.8972554784409
1315 11.056353713366907
1316 11.107402511301883
1317 9.658771060785927
1318 10.74008510649016
1319 10.293328014716732
1320 11.26446666478759
1321 10.651738383062996
1322 11.016475162063195
1323 11.150283494846912
1324 11.522072530677102
1325 10.65160340030824
1326 11.606872368287348
1327 9.16301112694646
1328 10.141814443880682
1329 11.578526836417003
1330 10.444655656589326
1331 10.081390124170897
1332 9.291901598304985
1333 8.19090231242844
1334 8.55052919379745
1335 8.243558301082793
1336 10.019893128152457
1337 11.03445518273305
1338 13.140214964272811
1339 12.50055572550449
1340 11.170671748766011
1341 12.386622903278385
1342 11.05357175315931
1343 9.421640259269331
1344 7.341118013864633
1345 7.217471521298168
1346 6.708288354440935
1347 7.619141122979718
1348 10.260504826568804
1349 11.006095693391469
1350 9.45962746739038
1351 8.571646558295498
1352 11.755425974708052
1353 10.468956448924198
1354 11.87387196060336
1355 12.858294799965002
1356 11.291325978970344
1357 11.214491729968946
1358 10.589982378981492
1359 7.741508156904315
1360 7.3556425576955915
1361 7.783693779614829
1362 7.918953110729209
1363 8.544936344275097
1364 8.79698670643316
1365 9.19032724832776
1366 8.905501275802079
1367 8.323188178421361
1368 9.05956749854567
1369 9.08345630839559
1370 8.933152711968333
1371 9.866413865132088
1372 9.96510398986519
1373 11.062294515204199
1374 11.117727252199838
1375 10.31433785818947
1376 11.003254286711522
1377 11.785271522892408
1378 13.173975016828669
1379 11.511242369698657
1380 11.519140643196092
1381 11.54763701134518
1382 11.891969367721387
1383 10.62912766348793
1384 12.346344932544595
1385 12.36219400514276
1386 12.456834424489752
1387 12.17264672238226
1388 10.870522980668877
1389 12.338885996747498
1390 12.292974283672011
1391 10.783221448438708
1392 9.026512132975421
1393 11.062044260522118
1394 10.544932807009586
1395 11.728981551481889
1396 13.112045161129437
1397 11.732610172159337
1398 9.5480608395408
1399 10.911535796034661
1400 11.345981867712615
1401 10.06342530177198
1402 10.673629754791705
1403 11.21155807660543
1404 9.556175400391894
1405 6.854951571730479
1406 9.817668652242746
1407 10.181057953972948
1408 9.997695332897127
1409 10.535607205509733
1410 9.184947916189243
1411 6.848523236427292
1412 7.898294761138239
1413 8.878547636295298
1414 9.39610144579223
1415 8.785663412996987
1416 7.794085534318144
1417 6.9186731154698995
1418 8.349237428635522
1419 9.615897843828336
1420 9.537757160427708
1421 6.6180482172762645
1422 7.21473952774361
1423 5.45849134799044
1424 3.759495887005162
1425 3.8873383125062193
1426 4.343858958419358
1427 4.86107946420201
1428 4.142304470585563
1429 4.335889793809646
1430 4.381773250665302
1431 6.373584732248069
1432 5.744641183839665
1433 5.53258997681198
1434 4.963756858126566
1435 5.7573330996767815
1436 5.4918982234467855
1437 5.035003503021259
1438 5.684502137142333
1439 8.120930195134248
1440 6.772694569068434
1441 6.618857032876142
1442 7.40070868106078
1443 8.774824074230887
1444 8.233432110817091
1445 6.831057569045543
1446 8.050128953047029
1447 6.605942308689336
1448 7.586099177219995
1449 8.664281887648247
1450 9.767382686840605
1451 10.045989028985906
1452 10.907677457692044
1453 9.456055351881684
1454 7.7948776050681206
1455 9.14579830017615
1456 9.268254728615377
1457 7.102568200491702
1458 9.700267820694672
1459 9.521527247446054
1460 8.096891159508575
1461 8.71069662680896
1462 8.988613738459721
1463 8.065728381292187
1464 8.68579886124876
1465 8.666803838333989
1466 7.482168323961609
1467 7.286209952539422
1468 7.347620642365567
1469 7.233208777821693
1470 9.095512208826367
1471 8.984309633643491
1472 8.309141328464749
1473 8.006048154566763
1474 8.528464627771212
1475 8.729946958211924
1476 8.36880511812562
1477 8.195865717416774
1478 8.933077908240545
1479 8.321018949829357
1480 8.701169924776902
1481 7.7748443610774025
1482 9.467330617253154
1483 7.828721248083934
1484 8.44548014212696
1485 7.718928216806128
1486 9.752516065675492
1487 8.1838955695348
1488 8.03922383796021
1489 8.403483254181
1490 8.22816363902185
1491 8.776310619337307
1492 9.909037898665805
1493 9.449458359689945
1494 8.3159808976401
1495 7.572040712319357
1496 8.043713011395072
1497 9.103618402774353
1498 8.898969154689592
1499 9.116576474605301
1500 7.471007640615446
1501 8.00589003573287
1502 8.416095051557368
1503 8.05807051284653
1504 8.298458440008222
1505 6.853347952439335
1506 8.57363855125283
1507 9.017745413743164
1508 7.8779347276884115
1509 8.457778561813374
1510 8.903435222890002
1511 6.929935975867832
1512 8.754849272264794
1513 9.479540146340161
1514 7.7382011419832235
1515 8.313683165206092
1516 8.3505202058685
1517 8.369138082229647
1518 7.605611262878829
1519 7.59546579710918
1520 8.610982060101525
1521 7.99060994239419
1522 8.608465174906046
1523 10.02929361159298
1524 7.907525793313217
1525 7.077653412092111
1526 8.626393780684202
1527 8.423889389828329
1528 8.59064741789247
1529 7.855606107658332
1530 7.0818611761437795
1531 7.566035096423619
1532 6.968145493374233
1533 8.889694058553461
1534 9.147471330486903
1535 8.6633529574749
1536 7.687553244514481
1537 8.362524106399356
1538 8.846612997037939
1539 8.236057973557854
1540 7.813808506172893
1541 8.536503133532415
1542 8.834654510096609
1543 7.360182154137169
1544 9.075700266463148
1545 7.322649800919111
1546 8.700791385774606
1547 6.8294934122360855
1548 8.661074596760852
1549 7.163807322145193
1550 6.876619341141013
1551 7.674361084103353
1552 6.868801801042708
1553 8.82058564612829
1554 6.52675397381382
1555 6.947812122477498
1556 7.868080932646065
1557 8.86186736110091
1558 8.707599101422309
1559 9.503090004646552
1560 7.723663826763188
1561 7.8633184319399625
1562 7.833121115469168
1563 8.394056662272906
1564 8.24223819174696
1565 8.384333121791796
1566 8.772494688300519
1567 7.738086128633312
1568 8.648130736760528
1569 7.512662542372547
1570 8.088663230315621
1571 8.478713216341182
1572 8.687631126830707
1573 8.712308379884336
1574 7.611277270766601
1575 9.06030016062178
1576 8.641163844923144
1577 8.601140059629083
1578 8.577548374644648
1579 8.488264253127603
1580 8.032907827952355
1581 8.592577068531696
1582 8.416398546842258
1583 9.499241106623183
1584 8.526737324870558
1585 9.014949862148056
1586 7.754011244029643
1587 8.028137621806135
1588 8.617390036174857
1589 9.332911456053111
1590 7.605481650693641
1591 8.315284248274391
1592 8.104283307855411
1593 8.334350456158248
1594 8.114112463207533
1595 9.312645781727095
1596 8.269645043088603
1597 8.790823965176607
1598 8.10479709374335
1599 8.192741126638058
1600 10.449136766478606
1601 8.628036909824862
1602 7.977849998313931
1603 8.128737535580742
1604 8.210030257651965
1605 8.582739578007638
1606 8.396965364253907
1607 7.761920364296772
1608 8.47789946053927
1609 7.63590558760452
1610 8.44872414482887
1611 10.73937461953176
1612 10.59993098959322
1613 10.14078069501161
1614 10.06670426966174
1615 10.547174974168668
1616 11.146648910013692
1617 10.430940605743485
1618 11.016323680133103
1619 10.351935324747467
1620 9.776607906746348
1621 10.577679106308828
1622 10.558984480054557
1623 10.576461527249135
1624 10.065885068578412
1625 9.836340810892281
1626 10.373372789760204
1627 10.66285865489027
1628 10.327245250105387
1629 11.099256622827607
1630 10.803092824589678
1631 10.620391780265233
1632 10.893436343571478
1633 11.248497333887402
1634 9.332256140012047
1635 9.776171621777713
1636 9.642321804108056
1637 10.636251603316385
1638 10.552140011232705
1639 10.976139750258527
1640 10.5308303615052
1641 10.860501808494814
1642 10.460302978776413
1643 11.530293404794289
1644 10.353582017462235
1645 10.50809307647382
1646 9.889437667404033
1647 10.959141605571855
1648 10.721951469540622
1649 10.12805673910559
1650 9.753321247706648
1651 10.659399192587333
1652 10.935008312588483
1653 11.157463266432778
1654 11.354845062992956
1655 10.479596244982819
1656 10.707015432973275
1657 10.761357857057895
1658 11.2755508529861
1659 10.074757695073435
1660 10.182129900716012
1661 11.533823738204553
1662 10.56538766736368
1663 11.39353645955859
1664 10.122657578996519
1665 9.291315796798589
1666 8.006464070313312
1667 8.936153713157333
1668 8.813881834211214
1669 7.768725221844292
1670 7.6712515373907175
1671 8.724341078997307
1672 9.344512451166748
1673 8.251247567573422
1674 8.564270733176397
1675 8.6199650715446
1676 8.703963511716216
1677 9.249616364106604
1678 9.789127615960789
1679 9.002194684339141
1680 10.398627580180756
1681 9.798862207630949
1682 10.791314422109194
1683 11.1427230359342
1684 11.142637777571363
1685 10.52457931105732
1686 10.95603473605211
1687 9.631048182466593
1688 10.143517673261416
1689 10.618699081265287
1690 11.095613453471069
1691 11.199742485691262
1692 10.163703136949115
1693 7.982257844124063
1694 7.0900415070204685
1695 7.864879377146454
1696 8.698371779722567
1697 8.871837599831236
1698 7.909061431020996
1699 8.813289204284098
1700 7.6126014182847115
1701 8.906155759506122
1702 7.524198196302221
1703 8.194360119492751
1704 8.144102536982183
1705 8.6624705631399
1706 8.714873415147537
1707 7.3786525499069295
1708 9.581265871766577
1709 8.193580100958993
1710 8.897434903353318
1711 7.9294554532397346
1712 8.683350794306213
1713 8.299189742913855
1714 8.242201334490119
1715 8.134114089725053
1716 9.563346262669214
1717 9.152819687879338
1718 9.23171864687726
1719 9.456837591546073
1720 9.143524244275008
1721 8.023088750797946
1722 7.25026838569313
1723 7.516849060832492
1724 7.010030350586213
1725 8.990914033831368
1726 9.475328260472976
1727 7.465395195449026
1728 8.13909003596512
1729 8.601782152417881
1730 9.149267725454857
1731 9.323699059809456
1732 8.030929975361609
1733 8.44898514852458
1734 8.000050815193589
1735 10.89002651348095
1736 10.017073915848378
1737 9.692582955094627
1738 9.72623691105542
1739 10.40052750561842
1740 9.445631356948383
1741 10.414042238596682
1742 10.774978245783853
1743 9.770342456226603
1744 10.329087389436305
1745 10.247842720863112
1746 7.9579309535126725
1747 9.622282181312787
1748 7.132179880937832
1749 7.930879341935905
1750 9.189215626864664
1751 9.829262215672554
1752 8.732681454025931
1753 8.98483189735549
1754 8.310417028159735
1755 8.424674357034913
1756 7.478248043065526
1757 7.977337817915724
1758 8.46381954476863
1759 8.681409928647433
1760 7.34728664363882
1761 7.394141622893845
1762 8.624076867053812
1763 9.183568501789363
1764 8.224811877901569
1765 7.493823091467514
1766 8.921519814099005
1767 8.514003150748508
1768 10.102527863772194
1769 8.604279135988596
1770 8.628321765235404
1771 8.720148915212812
1772 8.408508609276451
1773 8.477303553849444
1774 9.580731674767565
1775 7.879521509377611
1776 8.57054092592572
1777 8.555280451719943
1778 8.802850854544744
1779 9.307276045221425
1780 9.264715393701938
1781 9.155504116307846
1782 8.841786886908352
1783 8.655454323200557
1784 7.817626187430035
1785 8.044965293508719
1786 8.157665095432248
1787 8.786380282900225
1788 8.296138785596174
1789 8.302497403743478
1790 8.032898236321639
1791 8.58111397301344
1792 8.809927150209198
1793 9.092913664619825
1794 9.006706440846422
1795 8.85138881634812
1796 8.539663082253554
1797 9.228042119283634
1798 8.281313435247226
1799 10.528915682136347
1800 8.422472604205177
1801 7.316766117996056
1802 8.098731987971023
1803 7.631070392692711
1804 6.323915337515837
1805 6.741485211697347
1806 8.294520373353189
1807 9.14087751597463
1808 8.625675207907603
1809 7.312165581200179
1810 8.058596270549952
1811 8.885404291269152
1812 9.108137014934028
1813 8.78998375346262
1814 7.088776089446144
1815 8.183336970233242
1816 9.592321112370572
1817 8.949050316532649
1818 8.777584181053953
1819 8.899962078442522
1820 7.167856623212595
1821 7.710178452651393
1822 8.61584933397434
1823 8.489960180658274
1824 8.412494264564309
1825 9.202788974927754
1826 8.209056201153654
1827 8.089606504660447
1828 8.240923591458836
1829 8.255011380491787
1830 9.02449388069112
1831 8.881489063199655
1832 8.41513967891962
1833 9.248436260753124
1834 9.423208672245632
1835 8.512564546208528
1836 8.182953412856271
1837 7.7596074635612835
1838 8.073815277409143
1839 8.550308170814736
1840 8.213756835932887
1841 7.710920405135326
1842 8.014886597638526
1843 8.325580828055582
1844 6.808985048462453
1845 7.320833155238567
1846 8.928409133991593
1847 7.6923480816344485
1848 7.22216826326417
1849 7.9644665289770735
1850 9.8129557677168
1851 9.232127158342914
1852 8.971017649455838
1853 9.243956776546534
1854 7.815302153815188
1855 9.160073731389799
1856 9.221683937978392
1857 10.84149789215407
1858 10.195116430970558
1859 9.58896603897962
1860 9.591489017153222
1861 9.644562494768753
1862 8.100055570139123
1863 7.378579840555223
1864 6.0757240401170245
1865 6.849546847339377
1866 5.236160068104435
1867 5.682379784440843
1868 7.038823520527491
1869 5.134883039193238
1870 5.851138666711843
1871 6.967830794742665
1872 7.646936510072525
1873 7.588353954601611
1874 8.42109234869724
1875 5.17715190524601
1876 5.953548951937518
1877 6.145798303315153
1878 8.456231403103358
1879 7.045344689967241
1880 8.532897709238638
1881 7.265536786863848
1882 7.466057616828636
1883 7.528071094904928
1884 8.94217747815929
1885 10.310679869468109
1886 11.118352316812564
1887 9.467498583425323
1888 8.387300120060543
1889 8.472566120078005
1890 8.206132181534059
1891 7.348986730888444
1892 9.275553287722767
1893 9.916980213625225
1894 9.58287815139029
1895 8.138176774958204
1896 8.528220929240153
1897 7.3684482572280166
1898 8.88492549484546
1899 9.034943169403391
1900 7.915604507512683
1901 8.804736055184083
1902 8.206875914076454
1903 8.788273329859665
1904 8.807373680551473
1905 8.918818003562706
1906 8.349961466990635
1907 8.26967665729687
1908 8.286271061394002
1909 9.010851640397153
1910 7.873415889796523
1911 8.06315047844119
1912 8.620479588522459
1913 7.554002491938357
1914 7.966959117169332
1915 9.26965372455017
1916 8.306711771384665
1917 8.603374673636651
1918 8.156000947612128
1919 8.605455500084576
1920 9.426761157429409
1921 8.926445529216693
1922 8.656585104678646
1923 8.832477364898379
1924 9.741919003223565
1925 8.457110747734475
1926 8.581652457739512
1927 7.442643994165313
1928 6.937866296642416
1929 6.247834203184274
1930 5.9424657248269614
1931 7.455698849163679
1932 8.43549541657595
1933 7.762089012718664
1934 7.031903074780481
1935 9.715092193711452
1936 7.512959766642443
1937 7.992822932006754
1938 8.87727384543037
1939 8.252229028124644
1940 9.012174336560308
1941 7.85684062295441
1942 8.46178090356879
1943 6.821937721594901
1944 7.653697364528433
1945 7.42413040136814
1946 9.08576159014773
1947 8.094544035227162
1948 8.560155593707679
1949 8.591894417322852
1950 8.273430813768492
1951 8.855991876182589
1952 8.807105732262668
1953 7.562052766641142
1954 7.047269680947837
1955 8.450440758679443
1956 10.203985920998488
1957 11.1262608189909
1958 10.245835209934684
1959 10.96518262565738
1960 12.557419075830362
1961 13.6688827799874
1962 13.04615402848341
1963 11.889788875667374
1964 12.615878509864505
1965 14.397022081920133
1966 14.037789426067352
1967 13.01488383737223
1968 13.071355482760577
1969 12.841638983669606
1970 13.816083897359224
1971 14.352660778646381
1972 14.46550575143486
1973 12.671807989332189
1974 12.38630396989536
1975 9.72996438687781
1976 7.3693155451113705
1977 8.468126695490835
1978 7.69767063063986
1979 7.439591656003853
1980 7.573962748955299
1981 7.359030283925326
1982 8.120768499785209
1983 8.556079165681997
1984 8.278049550479539
1985 9.23433135649328
1986 8.749682480004989
1987 9.58563793998492
1988 8.421289196014751
1989 8.188726484537943
1990 6.197144377917095
1991 6.441591112310046
1992 7.0760166995837865
1993 9.091070074455965
1994 11.166711075356375
1995 8.43232523565632
1996 12.65923191490667
1997 10.430460435652575
1998 10.273628410147078
1999 11.771692593832496
2000 10.017077039990015
2001 11.420511587993007
2002 10.762063481192898
2003 11.014833531558374
2004 9.993262009466086
2005 10.189089690967727
2006 9.717825899960268
2007 10.599551699713757
2008 12.280381076812144
2009 10.571998238882301
2010 11.497648149059694
2011 11.84374684582804
2012 10.820357253061873
2013 12.590746310428859
2014 10.431925159021246
2015 10.835322090521856
2016 8.718671411431801
2017 9.102897800700228
2018 11.813714484824795
2019 8.432556674486682
2020 8.35594379350593
2021 11.297498554950659
2022 11.26338101346505
2023 11.942977911571028
2024 10.559899432014356
2025 7.967828501466639
2026 8.68180390788658
2027 7.881430036020011
2028 8.4912619044566
2029 8.181555553590618
2030 7.733028444045522
2031 9.019314164742376
2032 6.1853860448642415
2033 7.295277492103525
2034 7.264623676498182
2035 7.260864120399162
2036 7.402200858914191
2037 7.959869466806438
2038 7.852643216476443
2039 8.048757975552883
2040 6.905378859687425
2041 8.637003376603984
2042 8.17175474384073
2043 7.898546903562348
2044 7.300005708980466
2045 8.15146551639057
2046 7.925868811679677
2047 8.156112983602963
2048 8.427030618798268
2049 7.744842714522274
2050 8.660361504319964
2051 8.340360203577786
2052 8.529522746080007
2053 8.861728737154102
2054 7.209849259318504
2055 8.750604669009894
2056 9.473902135984616
2057 8.171258207624831
2058 9.153975271903123
2059 7.791602558294797
2060 7.737446052698421
2061 8.22867346614251
2062 8.200533810704366
2063 8.661203203871008
2064 8.132372555713161
2065 6.520331687421894
2066 7.855962913586791
2067 7.073341265338136
2068 7.759489274259862
2069 9.250877233294803
2070 8.424524076586211
2071 8.169434260261777
2072 8.317872931204407
2073 8.179750412157219
2074 9.190774131767606
2075 8.79159659457352
2076 8.989511534985557
2077 8.270291096066359
2078 8.795941172512284
2079 9.721733237705605
2080 10.24057447158391
2081 9.947628093011454
2082 10.166043569878294
2083 10.248583250853562
2084 10.803838165888447
2085 10.662335333714655
2086 8.630974123597344
2087 9.358964044986479
2088 8.396790205169223
2089 8.76686697335174
2090 9.52321981466418
2091 8.46733586577226
2092 8.647476792318875
2093 8.361072064078982
2094 9.495672843487743
2095 9.19658206018759
2096 8.440555151446103
2097 6.471607072263582
2098 8.43206398994687
2099 8.976790688668466
2100 8.463220103514033
2101 8.018653879732812
2102 8.845278623704072
2103 9.140396407354396
2104 9.541177679499361
2105 9.074810308388203
2106 8.570244075065064
2107 8.458344365987845
2108 8.889396006026129
2109 7.775685574053326
2110 8.421974832087635
2111 8.653866056396868
2112 8.557467588939627
2113 8.789011092756335
2114 9.139888812347548
2115 8.881562003607526
2116 9.057697571544411
2117 9.081188475400399
2118 7.6564680292737215
2119 7.7138831300930635
2120 8.443128210344188
2121 7.885492489767243
2122 7.473261707111754
2123 8.7509793979743
2124 8.588381171027075
2125 9.601252302458855
2126 8.91630692310657
2127 9.399099343900154
2128 8.80060266405308
2129 8.493729180713025
2130 8.004428267743975
2131 8.577091598068357
2132 9.125545486125388
2133 8.524942303174571
2134 8.9271663760615
2135 8.749421438115236
2136 7.8812397122256845
2137 10.985855145280224
2138 10.139882911906387
2139 10.49361096153024
2140 11.56191574201031
2141 10.246459762072208
2142 10.570489783009268
