0 4.6600649462747326
1 4.7976774858235585
2 4.6269589819871415
3 4.612674531410441
4 4.150737640639124
5 4.601731578342586
6 4.8010833008112
7 4.7500659504337035
8 4.781993382364079
9 4.754443376518539
10 4.893446868429852
11 4.597105112053661
12 4.795750285324876
13 4.715780827713672
14 4.825776936257781
15 4.926934471587731
16 4.832162738681187
17 4.733196286869224
18 4.6755015708540695
19 4.8250076951613945
20 4.596534526471746
21 4.632793199639627
22 4.8888216168545675
23 4.515914464131826
24 4.684408799253697
25 4.662600625285059
26 4.828880929102944
27 4.759548534419876
28 4.8252768957960654
29 4.748881846639255
30 4.741955286813596
31 4.6324259972991415
32 4.7359434834919245
33 4.934350844807762
34 4.675539299601029
35 4.71671488841545
36 5.151947635015139
37 4.759726005329943
38 4.45036227403574
39 4.377239313685635
40 4.6065914672969015
41 4.167580018330977
42 4.381409678700286
43 4.1856619913945305
44 4.299415248703335
45 4.610747397120167
46 4.10185191003678
47 4.050387834554564
48 4.354555733030858
49 4.459578020533301
50 4.345317747161665
51 4.414219851382973
52 4.381971750143706
53 4.188068827941147
54 4.173578616971545
55 4.540759611589203
56 4.741440464201634
57 3.914638013399073
58 4.185621300140847
59 4.462653002429313
60 3.9560386459195853
61 3.9187221656436204
62 4.118314495796346
63 4.264743435099327
64 4.368111863676398
65 4.324406408778541
66 4.270134467915984
67 4.2884382608148
68 4.4620398910850625
69 4.4922824232112974
70 4.326417435520506
71 4.279854169773398
72 4.538397913312284
73 4.517364570573689
74 4.3837430195401526
75 3.831563084660202
76 4.349206002195788
77 4.517954807601296
78 4.438173798878022
79 4.26242548592412
80 4.652255854097533
81 4.055428250237607
82 3.9689803904410605
83 3.8369475128105694
84 4.118309886670922
85 4.00326963028485
86 4.541851941545772
87 4.532507461087165
88 4.460281185348781
89 4.73235825316166
90 4.355441325289988
91 4.467769664690937
92 4.450163310479012
93 4.186756092008412
94 4.4252881257380485
95 4.595290765364093
96 4.353111721588334
97 3.755139975127264
98 3.704065973310615
99 3.7758872712002303
100 3.527234449001036
101 3.569869576267817
102 3.6195237830253717
103 3.2963838271261245
104 3.4868934813287247
105 3.639901412877471
106 3.5672050442593046
107 3.4908432066534325
108 3.5857972099823847
109 3.6823012334826304
110 3.555318340627379
111 3.667225557629842
112 3.6303003999685988
113 3.687486045746593
114 3.683754996191279
115 3.9064947453131267
116 3.6467721714879358
117 3.782342216257376
118 3.4817255125144095
119 3.6070475596056193
120 3.631876212382311
121 4.475084412032096
122 3.432036740689168
123 3.4958498126912603
124 3.547389671378959
125 3.5653621792952936
126 4.134946237421717
127 4.07861207200478
128 3.3637941964905615
129 3.484263726345963
130 3.7367021614978664
131 3.9875489620635376
132 3.8434071384031405
133 3.92978891408682
134 3.565488107405088
135 4.220428951679469
136 3.889452683976647
137 3.4313414746256146
138 3.563027764298661
139 3.9421813868110576
140 3.6331432364390865
141 3.6065902315482683
142 3.7245256365024844
143 3.6756098648380604
144 3.793934627154063
145 3.7020156964077877
146 3.6067176407261274
147 3.4323890590698563
148 3.3944629417351506
149 3.665544377958604
150 3.532702147063493
151 3.7083726977353697
152 3.5612838356824756
153 3.650649672606685
154 3.7749297982592838
155 3.8004849914251824
156 3.495518446761968
157 3.577881028318881
158 3.6072821164410587
159 3.591472877123332
160 3.610654484871073
161 3.6414565660294897
162 3.4936913592154917
163 3.5316770333522607
164 4.437851037437281
165 3.9184467870575097
166 3.8262110869714165
167 3.5871848547536525
168 4.179383598849882
169 3.9062789056960465
170 3.873135923407184
171 4.020338279915407
172 3.7446364215484866
173 3.4060055412078634
174 3.6612637361350022
175 3.4733372340465007
176 3.702255488022533
177 4.0669686092614175
178 4.094439566182511
179 3.9971436323692333
180 3.7518723194299097
181 3.9612372987796776
182 4.203786825508878
183 3.951100574366957
184 4.119712153931232
185 4.248979766589053
186 3.729102231088753
187 3.731814200106545
188 4.0298812950833405
189 3.745014100616009
190 3.7482308231327965
191 3.449847394705486
192 3.628709968854667
193 3.6367703260444997
194 3.576006434388873
195 4.326666352565932
196 4.515887637816262
197 4.413394449068722
198 3.924801398343923
199 4.103121055511714
200 3.734399625826669
201 3.9931553536305016
202 4.079991346146739
203 4.2361898781437946
204 3.932077339012598
205 3.87777706850114
206 3.731230954552537
207 3.8463930196545264
208 3.768841216439542
209 3.6120749502260177
210 3.5703189423429498
211 3.840570562422177
212 3.813635838452495
213 3.98713290737094
214 3.6657993360326295
215 3.5076804684286302
216 3.6383022186367064
217 3.8254815143741454
218 3.8781558415926116
219 3.6628829941923997
220 3.541164787317452
221 3.681033396262409
222 3.6379044120577544
223 3.6865068441453412
224 3.76344742639088
225 3.6226553630028007
226 3.667058360587031
227 3.7895066987534554
228 3.8140939369474998
229 3.8113326661106646
230 3.4740369523695134
231 3.6295291818577895
232 3.6622077325205447
233 3.7472928133180186
234 3.6049949076791155
235 3.6255980364599663
236 3.7776601633999425
237 3.5494737737985957
238 3.6261404082478745
239 4.05154025233138
240 4.043009376249802
241 3.7818578480822094
242 4.182735586171273
243 3.8313275125874027
244 4.361867687530863
245 4.490781092213396
246 4.7287504522888195
247 4.275667329034192
248 4.350015678494566
249 4.134164664924044
250 4.471691970402389
251 4.62748939219343
252 4.276536352089382
253 4.127523263661736
254 4.413847430290762
255 4.269917810050808
256 4.6044981760262065
257 4.434313006507287
258 4.475521939836815
259 4.430924246355492
260 4.528412524427668
261 4.494021346705979
262 4.482472584558583
263 4.56439991696783
264 4.512345746844886
265 4.354113698208655
266 4.3036601928190095
267 4.242444938147317
268 4.26631038169568
269 4.308998934539864
270 4.200074104010564
271 4.164602417243116
272 3.974157063979945
273 4.244749347733649
274 3.7882910404714827
275 3.867533684883819
276 3.9664605599143523
277 3.665245133328944
278 3.5250506283997214
279 3.5284523589493144
280 4.249326237593439
281 4.426842419491255
282 4.275089733347277
283 4.30685472005769
284 3.9724191085670397
285 3.9978274740376025
286 3.932283049000099
287 4.013051311491719
288 4.027053844789248
289 4.109064662563984
290 4.060634586414945
291 4.203670891349037
292 4.356161994215061
293 3.598274034638833
294 3.7785943878187007
295 4.156813046945711
296 4.518134049287607
297 4.218851645555297
298 4.024454981814199
299 3.7654546027009057
300 3.6135000734334914
301 4.287922933412652
302 3.9203718669357874
303 3.9089314483800868
304 4.273728354715631
305 4.11148687851459
306 4.035553467722046
307 4.017114214759705
308 4.183319454229865
309 4.2479545380607595
310 3.924681499627944
311 4.124813846273729
312 4.309292220457427
313 4.265543211381447
314 4.093144581637178
315 3.7312696850890483
316 4.273621876298203
317 3.829533232803587
318 4.227320299167907
319 4.124397890989907
320 4.269532937216538
321 4.203191691945418
322 3.8219596881998004
323 3.9049934927899033
324 4.166221295761892
325 4.440555726972873
326 4.1474053789800465
327 4.115332938440233
328 4.139480755218406
329 3.875201618471652
330 3.7022117007461386
331 3.946367264837003
332 3.8073144037737854
333 3.9395325999605273
334 4.102144493659547
335 3.9294220314464563
336 3.907016480598821
337 3.9354348149064795
338 3.9581206709656547
339 3.738602318423295
340 3.6837179650134093
341 3.9039001961297513
342 3.9764729398455163
343 3.974657950060162
344 3.986917676906558
345 4.113881749212879
346 4.364945806312689
347 4.007417549653112
348 4.295053502377059
349 3.811055793317837
350 3.9330177111395623
351 3.8819107665552552
352 3.8202995963371476
353 4.193007421634595
354 4.40438718897922
355 3.8178188799487542
356 3.7152976674012876
357 3.7894552001360124
358 3.828072340123363
359 3.962636939341146
360 3.9503127964229634
361 3.8361019684910542
362 4.094457156289531
363 4.082440726145441
364 3.977142250577046
365 3.738753948815886
366 4.0694579102066415
367 3.9294993301370407
368 3.9269906293069
369 3.9333798443672623
370 4.015258362956082
371 3.9763409293789755
372 4.128871295869714
373 3.9660654727440545
374 3.8718377757360405
375 4.132884488995164
376 3.8299197746484435
377 3.9078983868408423
378 3.9160268658822126
379 4.0077162316963335
380 4.149982352578235
381 3.860873255173521
382 3.7393452734410904
383 3.8734174654567304
384 4.347522160363802
385 4.112129616802012
386 4.159295403602901
387 3.9008663860806174
388 3.847813512505613
389 3.7931992330915594
390 4.080852252891702
391 3.9126409250575755
392 4.052984277909716
393 3.945150733418341
394 4.020946158449033
395 3.9765630836245083
396 4.121999113933089
397 3.815234401044875
398 3.762707614049604
399 3.931117226036327
400 3.8660441975715987
401 3.796019117374925
402 3.96221971523008
403 4.052514955671869
404 4.0451535790673265
405 3.9360925695731623
406 4.026452953012814
407 3.982460272126232
408 3.9360934765396864
409 3.9193164333601054
410 4.052684418563739
411 3.8853539185013726
412 3.8194166644340752
413 3.8510860868647323
414 4.014406340499569
415 4.0602672313949455
416 3.770662117480874
417 3.969164038689712
418 4.0054192082903155
419 3.794356235094528
420 4.228409939589897
421 3.9711923210727336
422 3.879219929937313
423 3.825534575560919
424 4.023269102797171
425 3.8440915320690006
426 3.919555070498149
427 3.591731222641852
428 3.897436921530524
429 3.7406581012205296
430 3.995948750676652
431 3.7969997697114137
432 4.027575296884661
433 3.9045159998733023
434 3.865123721722762
435 4.055900702479994
436 4.166943513832712
437 4.080345632294183
438 4.235226763292193
439 3.964755638132909
440 4.087017655694727
441 3.8840479467643645
442 3.888142874218015
443 4.096558657341477
444 4.0104162293876815
445 3.956185619658671
446 3.845323325402587
447 3.9245428916976004
448 3.9488696368281673
449 3.8457469994487608
450 4.167582964133853
451 4.008612089002122
452 3.8657497008896677
453 4.057441980305948
454 3.882620859402496
455 3.8542030833391423
456 4.043487354493994
457 3.972246663039688
458 3.6865285622753086
459 4.007482656793323
460 4.12040259549616
461 4.0617425752113805
462 3.9310485935204538
463 3.7731524704260377
464 3.8630062833259453
465 4.02101259076099
466 3.818746137363907
467 4.111999028246815
468 3.8393914198380372
469 4.237709899628187
470 4.115881763119562
471 4.51195161422156
472 3.7110680419705973
473 3.638331109484195
474 4.088070765472681
475 3.91403254749837
476 4.0562645177146175
477 4.08404894611745
478 3.92648018714143
479 3.8423374982041882
480 3.7729345851607587
481 3.909379395226221
482 3.825665159194386
483 3.9490980380232132
484 3.8551190288332613
485 3.813902427365797
486 3.9940699016326713
487 3.7566304852664785
488 3.5677785358797176
489 3.5980331409218387
490 3.7528222375386817
491 4.130442286682859
492 4.094621581607475
493 3.799755848496023
494 4.035265698726398
495 4.113586360312003
496 3.8398683951590984
497 3.8903176518976594
498 3.7137815866391395
499 3.8781459966346508
500 3.9461311282362246
501 3.7952070374041504
502 3.952178004342425
503 3.7686594687504096
504 3.9843046279624357
505 3.9266937393647465
506 3.7754565279136543
507 3.6658438161006814
508 3.8855593815754306
509 3.9120337180345666
510 3.9312515755775523
511 3.94511782222358
512 3.859954607290309
513 4.4699768116373875
514 4.581488250377594
515 4.418032662155916
516 3.6689104759081856
517 4.390024974799259
518 4.4192198433580785
519 4.488427567086319
520 4.363669357223931
521 4.254179883147457
522 4.14384712958724
523 3.953155094690668
524 3.7448462169510033
525 4.088890607710676
526 3.907841283081462
527 3.7718486598777106
528 3.888123104264216
529 3.834073593068489
530 3.5971810601118532
531 3.93408226400949
532 4.208657899294446
533 4.058659525935635
534 4.123828487680595
535 3.9471214406576878
536 4.045488026098368
537 3.710118896425919
538 3.878706334903475
539 4.0093988458157
540 4.046359377816095
541 3.960774203803061
542 3.6939034305493417
543 3.589651985802503
544 4.065710910056097
545 4.179208541903834
546 4.158601836727103
547 3.8949143315291908
548 3.7981717811014737
549 3.9309832065265025
550 3.879090299825066
551 4.104806595947998
552 4.1036036391862085
553 3.845591653248439
554 4.232223640304846
555 4.37738158706726
556 4.203408007025124
557 3.983635834358713
558 3.8175604139189447
559 3.7952162899841975
560 3.9714077072280096
561 3.8346169623284805
562 3.8856125215744055
563 4.058112700172275
564 4.378118419284118
565 3.9814010466626506
566 4.3403582181927165
567 4.203661731521889
568 4.286944069743559
569 3.7931412794459023
570 4.010401293676021
571 4.063667280647542
572 4.099187153079601
573 3.9197141416489405
574 3.766882994037886
575 3.9916857655068707
576 4.0522045799254425
577 3.8878858312432043
578 4.103988842944883
579 4.091260123612562
580 4.251422334917442
581 4.1885118891107265
582 4.65502053612003
583 4.22691619085887
584 4.0949952256913775
585 4.3348406376919355
586 4.632499197720302
587 4.1293135046898435
588 4.485307612379676
589 4.477709702233203
590 4.34606667904423
591 4.5639815418756395
592 3.9010387715110935
593 4.58740374994309
594 3.9906756359800517
595 3.968651826183482
596 3.9961158075710674
597 4.054634467868074
598 4.116950563800704
599 3.8323275754481356
600 3.8629140757416054
601 4.057550447448619
602 3.7589880171998784
603 3.8984205297051413
604 3.9135970891705933
605 4.094821363817881
606 4.248438338521315
607 4.018899754770699
608 3.8467496636341263
609 3.9458407202891634
610 3.8955123962303033
611 3.893422732851583
612 4.0750612772509625
613 4.166644140959991
614 3.8810148593496643
615 3.8370045456244597
616 4.152983679410808
617 3.6050440858890833
618 3.8294113396207905
619 3.9723298408757306
620 3.7348327949309454
621 3.994066276586492
622 4.14033735610698
623 4.141141721950769
624 4.615944320774485
625 4.180013502498428
626 3.957796814442248
627 4.052109024034007
628 3.9147228523011957
629 3.8583417075090143
630 4.121436037783682
631 4.0542105754109325
632 4.205918138371945
633 3.963953453126438
634 3.940429818174653
635 3.9113059023793424
636 3.7597318107987134
637 4.1491229188769525
638 4.222866496694305
639 4.063661306429376
640 3.8232138715076
641 3.93686029936636
642 3.797254659270112
643 4.04119653662334
644 3.830442290413518
645 3.942207110294541
646 4.124127919384741
647 4.08013074866817
648 4.009945205288424
649 3.8366167091559613
650 3.8308522395769904
651 3.6646221146970865
652 4.058539844939727
653 3.8813843493533837
654 3.965982443127428
655 4.119634085655922
656 4.161940950727606
657 3.992155047535242
658 3.8617668649986743
659 3.843112462462903
660 4.305866639987547
661 4.225062390627414
662 3.8953574633530303
663 4.0023136641989705
664 4.049338157685253
665 4.080825957673304
666 3.8617602743169877
667 3.96353996751295
668 3.857286685712661
669 3.8158097534622106
670 4.07900356286617
671 3.790482089869726
672 4.29397358467506
673 3.832627508504406
674 4.1752254928733885
675 4.122606925930578
676 4.1751538914718855
677 4.047505510574707
678 4.32133942648548
679 3.859041999109047
680 3.8176711822316745
681 3.7822773792156132
682 3.8522778923614984
683 3.8806558804547264
684 3.890979122577529
685 4.371047684832625
686 4.026009332199527
687 4.016757754228775
688 3.8545968781631412
689 3.7116450459350925
690 3.954179932844334
691 4.255390787293353
692 4.299621656652445
693 3.9357289423968913
694 4.021682790198989
695 3.8320412784072833
696 3.9496159658676504
697 3.8615965565911243
698 3.919137722480906
699 4.0373648093689685
700 3.9837275246168504
701 3.7282598715797355
702 3.9487105280860173
703 3.8241062818604377
704 3.7923555252089307
705 3.94495570278187
706 4.071571425336277
707 4.0834174483016765
708 4.022837831574858
709 4.0482980356687905
710 3.8960692686580862
711 4.240118728926636
712 3.684637468878937
713 3.944308761534421
714 3.940599629919486
715 3.95341695431218
716 3.879639429387513
717 4.074681643857377
718 4.130603732087553
719 3.8382004279459014
720 3.7931970728003637
721 3.9209309808800628
722 3.7446292450054255
723 3.8493958458349464
724 3.9262818897996996
725 4.004423177861376
726 3.9386147337104442
727 3.9025929737714242
728 3.8662909126604577
729 4.134850059438069
730 4.040604297461939
731 3.860570880698946
732 4.129587158215811
733 4.426563110562208
734 4.172846006137358
735 3.860277659644484
736 3.9107073090512388
737 3.7960667332576197
738 3.932939112950491
739 3.8806297709807276
740 3.9045160720753356
741 3.9273740853018
742 3.7469120644654863
743 3.901818998839239
744 3.8283852858751657
745 4.157863151884605
746 3.778859389590288
747 3.8664238759041454
748 3.9631118715354803
749 3.731447989354717
750 3.915788041997571
751 3.9717371000597055
752 3.8492597372651924
753 3.9975123283651746
754 4.090900921817923
755 3.922067321174417
756 3.8663545690503667
757 4.002555266968905
758 3.713933031140082
759 4.006539655672987
760 4.203712054897937
761 3.9778018268052913
762 3.959275872188569
763 3.8622619622786014
764 3.981849936844282
765 3.9764311510812687
766 4.216433372559551
767 3.867684271865864
768 4.161071506603385
769 3.981974917544611
770 3.808598531532377
771 3.787309259577378
772 3.888963324299274
773 3.75259795948376
774 3.794427446656049
775 4.102704068675388
776 4.0723732898006535
777 4.353145038156921
778 3.994232708277408
779 3.8851361158258544
780 4.005411712880953
781 4.018633759571831
782 4.048348735093088
783 3.8869505923175627
784 4.265674090634921
785 3.92116370390895
786 3.9763575431535236
787 3.9785843995375574
788 4.003755633212596
789 3.915411145816787
790 4.159259388922799
791 3.945990051108655
792 4.011673379676299
793 3.9879905207952677
794 3.868458510901513
795 4.012962421484346
796 3.7881580766374676
797 3.9947248137592464
798 4.504663695988321
799 3.9219954546411033
800 3.9395601564793123
801 3.8997465834696134
802 4.115730283098709
803 3.8704210671893975
804 3.8438365003040094
805 3.9760423881072895
806 3.913465082933165
807 3.7882883867068124
808 3.956232997512156
809 3.9827002938392737
810 3.8829152087155445
811 4.047296996638176
812 4.187788089350348
813 4.0347996244036155
814 4.126277160188405
815 4.326971974432493
816 4.696517352889243
817 4.628976623636922
818 4.346976119446833
819 4.130800672522543
820 4.214235031837104
821 4.041517007579519
822 3.974872910534829
823 4.012751259452818
824 4.035735294767929
825 3.8684703537352223
826 3.84402112343933
827 3.9843503612018893
828 4.025022550036105
829 4.057012814267897
830 4.089837985427758
831 3.934106749447135
832 4.0702523458287025
833 3.878131848884822
834 4.208773257995597
835 4.094439852014811
836 4.079078237960943
837 3.849459297769524
838 3.964507776837853
839 4.3331092194286756
840 4.089993038361226
841 4.173624645258174
842 4.060984047819396
843 3.932006820138678
844 4.307349367807636
845 3.9478698103272447
846 4.048755821913976
847 4.204271638938678
848 4.13676824959537
849 3.818719633248624
850 4.397889855986809
851 4.083256303111255
852 4.266414232830632
853 4.2317883704024
854 3.938057226664149
855 4.039807585913478
856 4.051730541275817
857 4.036012860164559
858 4.327813754301179
859 3.912732518422944
860 4.030886573605138
861 3.989539857704331
862 4.044263514850084
863 4.106846400168123
864 4.239503692772704
865 3.8118807788534896
866 4.0885234249634586
867 3.967345540248652
868 3.968666946236315
869 4.0495642437935055
870 4.517326422118379
871 3.9374163906921797
872 3.7594854246070377
873 3.9872778158641826
874 4.099399398130612
875 4.042146723533942
876 3.96688763264878
877 4.009504428014551
878 4.101372356800964
879 3.8593474759492152
880 3.9387283119289385
881 4.081346086046061
882 3.9349540311098594
883 3.696309857406479
884 3.809798527444326
885 4.034875027275504
886 3.645055433814417
887 4.255328138012457
888 4.191819437405005
889 4.096614964972199
890 3.93824808794632
891 4.259214361266687
892 4.31745432437519
893 4.529874440314641
894 4.28887681310499
895 4.1065768772652085
896 4.0214820922620795
897 4.123917708663757
898 4.261563585895845
899 4.350494773431159
900 4.3490550756721635
901 4.015262967582933
902 3.9105886821955136
903 4.129614659033121
904 4.093106525160177
905 3.8933060451651884
906 3.914247353433865
907 4.050885258092972
908 4.022863745457953
909 4.296492174307008
910 4.11261769085919
911 4.153265297028499
912 4.092684010916211
913 3.9288522434003674
914 3.898787387191391
915 3.660175793711276
916 4.299431242506795
917 4.162168917452986
918 4.026878819576183
919 3.995701656517724
920 4.179809245438344
921 3.81617840680799
922 4.354744951735382
923 4.2781162820605045
924 4.1813628563161735
925 4.373742815396788
926 4.093042889789566
927 4.020926864429623
928 4.418073254184995
929 4.1005296358743735
930 4.39074039941485
931 4.645726362332021
932 4.351673253851939
933 4.103894534837352
934 4.344027696083067
935 4.407976629581717
936 4.250986245150198
937 4.532046123138097
938 3.920086703824403
939 4.2347321294744615
940 4.114347027262337
941 4.574660619964527
942 4.433887031030036
943 4.792141910987941
944 4.500685100907291
945 4.293139413029769
946 4.279191067261369
947 4.094969576774478
948 3.901602380866423
949 3.925579565668359
950 3.921004165292331
951 4.2641095306441335
952 4.235397393767088
953 3.892050872550014
954 4.118881106318573
955 4.675300706271877
956 4.621299710703411
957 4.105242444023436
958 4.655723487752733
959 4.298659141875143
960 4.328104044996705
961 4.806629683114522
962 4.254312476522625
963 4.127133157455735
964 3.9252206114584847
965 4.266342746832475
966 3.8572458480299288
967 4.829973906597016
968 4.188759428228929
969 4.01564907699261
970 3.9257592618012978
971 4.385460290750853
972 4.287225170577948
973 4.252887303682523
974 3.850157423622329
975 4.0967797982054694
976 4.171025212361015
977 4.470593632377395
978 4.470114956290541
979 4.499854813210774
980 4.315467249706896
981 4.389810435749105
982 4.081798429701006
983 4.1839687298568435
984 4.523154894974219
985 4.21174214994161
986 4.354395434074249
987 4.120772357666343
988 4.318882043815977
989 4.212536030510897
990 4.14966050870572
991 4.56798424633273
992 4.3615648935869045
993 4.079237607289843
994 3.9260989492810063
995 4.190848872953456
996 4.112180696647184
997 4.730381248984382
998 3.9147793406119753
999 4.083228967965374
1000 4.158836820250402
1001 4.080549852448096
1002 3.9788577923517705
1003 4.13789002714221
1004 4.310406351714537
1005 4.352094357704234
1006 3.994468025917782
1007 4.357372932427046
1008 4.10421052776094
1009 3.9448154657516725
1010 4.042632821640694
1011 3.8301393597532183
1012 3.9261088434952462
1013 4.109337356108125
1014 4.138817487512488
1015 3.971912417797257
1016 4.0379351377283115
1017 4.082355645458735
1018 4.909311632603091
1019 4.368861905618189
1020 4.0846454884997225
1021 4.114229238172988
1022 4.1254579513698175
1023 4.129082322604905
1024 3.9199072720299863
1025 4.028878441412957
1026 4.172599677849282
1027 3.3582101964191406
1028 3.5904864086822412
1029 3.2078119210175906
1030 3.3305943894744217
1031 3.337674727753891
1032 3.3658691592607606
1033 3.3025793885172177
1034 3.296233886715573
1035 3.2335759227015712
1036 4.004957037589704
1037 4.060188863812777
1038 3.538551189068279
1039 3.322371566553116
1040 3.398609682005472
1041 3.378921815208286
1042 3.370530137490195
1043 3.3205116178848977
1044 3.43955985902778
1045 3.2539046830393024
1046 3.373432267971184
1047 3.2609041370541765
1048 3.1547667085970645
1049 3.3221468519740487
1050 3.2356360596091442
1051 3.299569498835725
1052 3.4219742362481194
1053 3.2831309046109776
1054 3.3213769116775755
1055 3.140574747156375
1056 3.2450919620001897
1057 3.2629070120877435
1058 3.924926575789846
1059 4.360871899161668
1060 3.946966267425879
1061 3.9928289173214027
1062 4.096295169058223
1063 3.906875237081417
1064 4.112826296631591
1065 3.8461666179562903
1066 4.129899541511407
1067 3.78018464710204
1068 4.088184925849838
1069 4.355315249014537
1070 4.072588425623356
1071 4.402247493710698
1072 4.329979461621847
1073 4.081429381594516
1074 4.107748526038248
1075 3.9179126196147838
1076 4.166839239004374
1077 3.973733877282755
1078 4.304869316841993
1079 4.229244038470417
1080 4.220552347887511
1081 4.1102432287546415
1082 4.164654488587021
1083 4.227475146302038
1084 3.9421072129043035
1085 3.9813509016835744
1086 4.308885438343846
1087 4.06737405799982
1088 4.045342933615622
1089 4.117215411222825
1090 4.074141998384451
1091 3.9955786655534586
1092 4.147299993084194
1093 3.9899733074212023
1094 3.891410538549974
1095 3.908642106582557
1096 4.290008431611793
1097 4.1658914517673225
1098 3.9192697713330884
1099 3.9010542888580737
1100 4.559117469858353
1101 3.9843629169630486
1102 4.168198713830748
1103 4.1946852409574875
1104 3.9062186293606374
1105 4.49409909488306
1106 3.8757263609017922
1107 3.5188684930808822
1108 4.030393429188351
1109 3.693817894963344
1110 4.386770998738754
1111 3.9553405495823633
1112 4.256885326597729
1113 4.070186448276463
1114 4.335120695346957
1115 3.9661300104806045
1116 4.082752798066925
1117 3.847873574325889
1118 4.110884066665246
1119 4.100975310580954
1120 4.121947538490375
1121 3.9098563456561237
1122 4.106782146116565
1123 4.0860186701661
1124 3.9209266867599752
1125 4.028440142112335
1126 4.238246763656317
1127 3.9985417893434345
1128 3.880257325835627
1129 4.098841756613456
1130 3.828845305300942
1131 3.7437418240125377
1132 3.502351236351161
1133 4.00902315957575
1134 3.9063640594104188
1135 3.9607290115938167
1136 3.8617541173429855
1137 3.8804925208666328
1138 4.115916770052767
1139 4.24074073565188
1140 4.025198478920133
1141 4.46296029900803
1142 3.885458821776014
1143 3.928270674426974
1144 4.175078642826732
1145 3.9359050168594054
1146 3.9086074458035425
1147 3.96334518232378
1148 4.228825910239067
1149 4.146085117635412
1150 3.893550640479797
1151 3.8201257476231243
1152 4.109531254759342
1153 3.973105697538589
1154 3.940096946982597
1155 4.10851030365476
1156 4.270546851751536
1157 3.770743907460341
1158 3.7661575537527656
1159 4.274861033790992
1160 4.073752207130973
1161 3.9496817280722523
1162 3.82281154287727
1163 4.055997799561819
1164 4.077068849389854
1165 3.5630248893305736
1166 4.409079415552791
1167 4.133890988573355
1168 3.7803871036200363
1169 3.8757481367475735
1170 3.8376458774838307
1171 3.9225580874226273
1172 4.046813792575519
1173 4.262095883642365
1174 4.363215863215426
1175 4.239135655194724
1176 4.2424778072495
1177 4.094592315210559
1178 3.9780012521895856
1179 3.8499908601381048
1180 3.980175574338442
1181 4.158310092485666
1182 4.107773637646857
1183 4.248623136163263
1184 4.320834897617725
1185 3.9790988246852734
1186 3.845497736500422
1187 4.392938584438257
1188 4.114248051298976
1189 4.220839158629801
1190 4.303734436796443
1191 4.140253324566269
1192 4.103351646879742
1193 4.143749287421219
1194 4.106309148025453
1195 3.921985644087436
1196 3.863711458721197
1197 4.065898796096679
1198 3.961438396719231
1199 3.7779672327484555
1200 4.152267098615831
1201 3.9922562284294645
1202 3.8319105081593703
1203 3.9229000740578965
1204 4.0576723307453095
1205 4.338954363373297
1206 4.350271737789695
1207 4.303867092931711
1208 4.481701747819838
1209 3.485859633162245
1210 4.06187775859866
1211 3.9646525809208635
1212 3.9282515288849793
1213 4.074281547171637
1214 3.9829061707305438
1215 3.6241534531237747
1216 3.7576045523387736
1217 4.509118866101904
1218 3.9473016808937644
1219 4.315514788895835
1220 4.232100472663373
1221 4.174184012860869
1222 4.108285516192833
1223 4.202033959603941
1224 4.272501672837591
1225 3.927289044643178
1226 4.1868649653842365
1227 4.031254830607032
1228 3.8641345508406557
1229 3.616648789122868
1230 4.04524159002328
1231 3.8504903751745654
1232 4.380601716356976
1233 4.27523938331746
1234 4.191328905650854
1235 4.5342484705142505
1236 4.426940554965599
1237 4.147471665712779
1238 3.982898296351342
1239 3.935395985213801
1240 4.700097980349907
1241 4.158441652086045
1242 4.260915443734221
1243 4.148764702531386
1244 3.9721791490917946
1245 3.9665246158878094
1246 4.044145805109968
1247 4.066803465030525
1248 4.033889416771315
1249 3.7282834429854104
1250 3.9791111054191273
1251 4.067405046378052
1252 4.067799446795615
1253 3.9685459864637602
1254 4.1190958263625275
1255 3.9419052404610753
1256 4.231259169622151
1257 3.9474485920100895
1258 4.085478461776088
1259 4.009446218224223
1260 4.069656447716853
1261 4.5026139637952705
1262 3.6572334796382626
1263 4.00956765542257
1264 4.097168989424197
1265 4.2120030149303895
1266 4.033506230725685
1267 4.178931152183503
1268 4.219466987093338
1269 4.185386899144168
1270 4.017511792016007
1271 4.092419072362805
1272 3.9029195631908045
1273 3.8864195724646557
1274 4.193628188546442
1275 4.1204064247819625
1276 4.0322929887651595
1277 3.925885996701086
1278 4.0351822182739605
1279 3.9930805098650484
1280 3.84462823285069
1281 3.9360254845314544
1282 4.117684333451223
1283 3.9824206871094403
1284 4.124414234992089
1285 4.077551265712618
1286 4.4989801192054255
1287 4.0610985627866745
1288 3.8926519324274373
1289 3.973609608147424
1290 4.227908080710427
1291 3.997525690563358
1292 4.047746745777197
1293 4.122908538451729
1294 4.0938397446033585
1295 3.8960491964909947
1296 3.979797777656322
1297 3.9485916742329703
1298 4.083535420431374
1299 4.2176907053158015
1300 4.24091461730951
1301 4.342386555659691
1302 4.429365448055095
1303 4.246501430501971
1304 4.113403494608043
1305 4.018166094314151
1306 4.017882651689479
1307 4.1755307148875245
1308 4.088229348250786
1309 3.846513915396207
1310 4.156811693264402
1311 4.0201930460760495
1312 4.031667698600944
1313 4.0084617206420905
1314 4.053044702254257
1315 3.8908042863737724
1316 3.8087662069640436
1317 4.279999951478178
1318 4.429412442859911
1319 4.13949796596297
1320 3.9672538809376072
1321 4.201950415891042
1322 4.078486594750553
1323 4.326554336553304
1324 4.145225944343682
1325 4.204676388444151
1326 4.05386015149821
1327 3.8513232356929397
1328 4.185718760519318
1329 4.059755265698211
1330 4.366846519072456
1331 4.178312201777951
1332 3.803107538749584
1333 4.092021811317667
1334 3.9514950795317616
1335 3.941064660367714
1336 4.058739263369421
1337 3.9546620650569215
1338 3.9934838344832304
1339 4.195493185075451
1340 3.852952234108057
1341 3.8257879809184363
1342 3.9565536336346616
1343 3.93169728981112
1344 4.048563919176558
1345 4.163981019594708
1346 4.071376954100944
1347 4.197426512941071
1348 4.029131201179099
1349 4.132280614585151
1350 4.138837141805836
1351 3.9699670163233485
1352 4.167029726218825
1353 4.134391786108704
1354 3.9607073411356297
1355 4.015452781571924
1356 4.144152157655394
1357 4.0001505340665995
1358 3.638077203255324
1359 3.525627890867182
1360 3.9413491599796986
1361 4.059988818903893
1362 4.109076669895296
1363 3.904275148044802
1364 4.301420192951561
1365 4.055114073317314
1366 4.338094572135876
1367 4.173527937578174
1368 3.797905638400194
1369 4.060477069139888
1370 4.097077937862206
1371 4.190191210839926
1372 4.027105715628442
1373 4.031502016323254
1374 4.069372329257153
1375 4.259519545582999
1376 4.369203320159921
1377 3.8858249909443776
1378 3.930473747285863
1379 4.203101466559365
1380 4.447395047992242
1381 3.92473867127369
1382 3.889239557428104
1383 3.999911392115034
1384 3.8710587310868894
1385 4.235133087116245
1386 3.934185354031407
1387 4.03486296131372
1388 3.9652217130275487
1389 4.1836542190773045
1390 3.7838963933385554
1391 3.8031652227451422
1392 3.853451264668677
1393 4.242553168679391
1394 3.991891892600213
1395 3.872588146045333
1396 3.966036720173508
1397 3.8205642706677256
1398 3.7980573857326054
1399 3.998942652076802
1400 4.823453904951189
1401 4.307868561893777
1402 3.905431732931192
1403 4.029950894004844
1404 3.8212903855096023
1405 3.8265337142051994
1406 3.394385740772849
1407 3.9868143921118717
1408 3.927599666433948
1409 3.5891910946100105
1410 4.231868480303843
1411 4.054673302048661
1412 4.241897220664491
1413 3.79385588102822
1414 4.02339239751507
1415 3.986618921293298
1416 3.3010281692148995
1417 4.215964181900028
1418 3.9725980537770265
1419 3.6503500213114863
1420 3.923992608288826
1421 4.008626653763012
1422 4.063430094768229
1423 3.9209752454390854
1424 4.272562860232965
1425 4.059859081256289
1426 4.169801217590471
1427 4.130500234969836
1428 3.7909640269241174
1429 3.87598021577957
1430 4.129571068795542
1431 3.7952120183802855
1432 3.8934900618496027
1433 3.8898205056386446
1434 4.044427546653568
1435 3.741585855839622
1436 3.5277782831737947
1437 3.881205846351268
1438 3.899074613306327
1439 4.139431366580881
1440 4.211890613900687
1441 4.2641449419266975
1442 4.051297339022277
1443 3.941235212156059
1444 4.056072777783256
1445 4.114585023016812
1446 4.080737317640786
1447 4.237283190764185
1448 3.9366149204366225
1449 4.2884440900232015
1450 4.0374354017809235
1451 4.3177773080845805
1452 4.321274938893413
1453 4.182845727311176
1454 4.434776859929371
1455 4.128929869633379
1456 3.8920288216748324
1457 3.8650590726524428
1458 4.055859312368266
1459 4.145375701529263
1460 3.793625878232851
1461 3.85695279336247
1462 4.350469080556487
1463 3.455679535322314
1464 3.9475775887207765
1465 3.2085999064573167
1466 3.282838117543271
1467 3.3707724489303024
1468 3.3633820737021796
1469 3.232632370079386
1470 3.295103908137929
1471 3.958394453124269
1472 3.3670219728697766
1473 3.3037750429523505
1474 3.20681786592872
1475 3.2957179937668237
1476 3.303036397745212
1477 3.263268263094829
1478 3.318467433939843
1479 3.3301262104646874
1480 3.264461203604921
1481 3.358678090810074
1482 3.299698571910766
1483 3.3282402519612844
1484 3.339463347124645
1485 3.4018517971111306
1486 3.2713651881521444
1487 3.2520940572766164
1488 3.352872354782376
1489 3.1979776994412434
1490 3.31950242855572
1491 3.3691526149661764
1492 3.3113580282298067
1493 3.2314425225742087
1494 3.2520283628464566
1495 3.2934366322099433
1496 3.2541763249727595
1497 3.20587436227112
1498 3.413257071563396
1499 3.2792754899047885
1500 3.303789056463402
1501 3.259148271345524
1502 3.278311452759434
1503 3.4018610370912095
1504 3.273454334170224
1505 3.306938970101283
1506 3.3162727660006963
1507 3.2979646534433162
1508 3.188019717031262
1509 4.021364688726764
1510 4.1826093495040615
1511 3.6957641810490656
1512 3.88672612129206
1513 4.122703231304453
1514 3.9864950170288367
1515 3.916446629533712
1516 3.998806051088376
1517 3.8058932908626497
1518 4.009219660236688
1519 3.8989419744985305
1520 4.0261894843532655
1521 4.25844705751917
1522 4.02477440563801
1523 3.929215317668356
1524 4.111916694750377
1525 3.8643614442600738
1526 3.8777801206416402
1527 4.234688084027566
1528 4.0010459644693155
1529 4.108124323231896
1530 3.975682437887954
1531 4.076036185948268
1532 4.1119674191789555
1533 4.573547886257903
1534 4.127830809643125
1535 4.183079305292475
1536 3.8579145569897704
1537 4.173841052152152
1538 4.175751852244143
1539 4.03198191860105
1540 3.355345956459063
1541 3.275869629257607
1542 3.2690284926842286
1543 3.2482512703718296
1544 3.249232105956833
1545 3.801230011007101
1546 4.072343402893471
1547 4.151271529283882
1548 4.133044418667658
1549 3.7757236274741595
1550 3.899328269793259
1551 4.265944844199824
1552 4.235026882650239
1553 3.8709012078707783
1554 3.844218510347525
1555 4.116658087490265
1556 3.7870859321556947
1557 4.102205601687751
1558 3.8279499470018163
1559 3.8175603808475724
1560 3.7126318972984453
1561 3.939556719648374
1562 3.7695882322011225
1563 4.335163323838445
1564 4.076587096864335
1565 4.02964615913365
1566 3.9610484900359673
1567 3.8790264927095843
1568 3.8301715629037587
1569 3.5250921701145868
1570 3.4427569426977103
1571 3.3766729838599576
1572 3.9413123152612455
1573 3.759184017770704
1574 4.1803330869630235
1575 4.184878430052724
1576 4.174747422865772
1577 3.296621701272972
1578 3.884492550318018
1579 3.9976631430248095
1580 3.714459207943266
1581 4.267334909857633
1582 3.9534056708176193
1583 3.8312006194241777
1584 3.912859337025471
1585 4.0916669683639215
1586 4.000744487914433
1587 4.256224829865797
1588 4.124746522030336
1589 3.701229739798934
1590 4.086468193467034
1591 4.057541407864025
1592 3.9147952987636003
1593 3.636359728948088
1594 4.190069874623994
1595 4.008046378956674
1596 4.001336047162493
1597 3.8885357134092398
1598 4.305349419451969
1599 3.945545368221618
1600 3.4041001289505006
1601 3.93826733249013
1602 4.098345629468281
1603 4.04808967169171
1604 4.177178709861715
1605 3.8154251403372865
1606 3.9441948543107377
1607 3.8938106941894843
1608 3.9117979818942534
1609 4.054197527466289
1610 3.970562326393646
1611 3.809063651588709
1612 4.3872808768922615
1613 4.2472189460933425
1614 3.9401167917354907
1615 4.027986222966982
1616 4.1573962872748185
1617 4.156773240065516
1618 3.7822732931535485
1619 3.886965660165242
1620 3.9850494986322684
1621 4.24654224335464
1622 4.163868419450756
1623 3.9009119249494084
1624 3.7758156613766403
1625 3.9575758049631338
1626 4.155208641769981
1627 4.145166648819836
1628 3.9259186484669786
1629 4.043038000229903
1630 4.045698414795981
1631 4.00249538237424
1632 3.9548679673709985
1633 4.077428674968191
1634 3.93995363465539
1635 4.42111246942824
1636 4.060114410979461
1637 3.9995617654742723
1638 4.081831097056945
1639 3.925124296552003
1640 4.097252852424405
1641 4.010985290611493
1642 4.205863101028916
1643 3.7816563453898007
1644 3.8601178941686425
1645 3.820918237021229
1646 4.418669433696654
1647 3.8502456241909133
1648 3.9330527058740743
1649 3.9312784197342605
1650 4.194425134048706
1651 3.6097420402026024
1652 4.212386401876967
1653 4.125809653832353
1654 3.6543805141582655
1655 3.956534577707402
1656 3.7414926978400214
1657 4.37462846469081
1658 3.9590846035792704
1659 4.2406439782466085
1660 4.026325738635226
1661 4.031909334156462
1662 3.6381746492858125
1663 3.359217791945811
1664 3.9048404455496284
1665 3.5057723390402162
1666 3.631378617469151
1667 4.105529094652659
1668 3.9857440702820153
1669 3.7614744349948026
1670 3.579907375121798
1671 3.4545277964325107
1672 4.09090264588436
1673 3.8863790334687676
1674 4.107994522274191
1675 3.208217461250712
1676 3.6494302777903864
1677 3.660305383807019
1678 4.02136272834209
1679 3.660579017894519
1680 3.957056875147667
1681 4.02046956981104
1682 3.7396854343398376
1683 4.238136195606105
1684 3.708701370678912
1685 4.007917566780879
1686 4.0630672037143505
1687 3.974690047650562
1688 4.547659921575482
1689 4.164254481899758
1690 4.213798923304238
1691 4.125311296930232
1692 4.283396115266963
1693 3.981472264083229
1694 4.192919588330281
1695 3.919801409166062
1696 3.7321225406231755
1697 4.048804069951972
1698 4.007812237205685
1699 3.8032866013468456
1700 4.448632620087768
1701 3.9612976431823523
1702 3.809240906530541
1703 4.039995027733068
1704 4.077026609202179
1705 3.6765536902318914
1706 3.644609078356305
1707 4.028046340640559
1708 4.060193598090549
1709 4.216341569453987
1710 4.232066458459584
1711 4.014616578332116
1712 3.9082425705086843
1713 3.6441859775722785
1714 4.090191914243459
1715 3.975800749492466
1716 4.037193954313173
1717 3.9475479576830765
1718 3.96920570604726
1719 3.949854355344006
1720 3.8355211915653125
1721 4.199543647017859
1722 4.031928924217875
1723 3.588732041162375
1724 3.854318653047926
1725 4.041564917235154
1726 3.8712298183161744
1727 4.049872159338231
1728 4.025693195008495
1729 3.4704954479999026
1730 3.9343344418447335
1731 4.037004271890715
1732 3.852284480205533
1733 3.8230287384495187
1734 4.311369096294594
1735 4.0732332143363355
1736 4.01847543556073
1737 4.386379087403514
1738 4.047448123567364
1739 3.7961728640574317
1740 3.942468325034774
1741 4.008560784113576
1742 4.131352448835005
1743 3.4617159108928126
1744 3.898224848912993
1745 3.8603868985671856
1746 4.106968736043691
1747 4.203898640882525
1748 4.139648747891853
1749 3.758749921489829
1750 3.7752256704592813
1751 4.007714428061396
1752 4.0736291255899575
1753 4.036216855804106
1754 4.225745603155642
1755 3.987864224458745
1756 3.9806603516554295
1757 4.071938591128841
1758 3.9962226355939423
1759 3.9707406336159576
1760 3.7602220540908333
1761 3.6741016555512074
1762 3.9408697868975318
1763 4.026829784324523
1764 4.277906321936153
1765 4.283983132830477
1766 4.22435330230675
1767 4.002204787472843
1768 4.02571641850632
1769 3.963485270283892
1770 3.7750761292397135
1771 3.7999044541974123
1772 3.979323037139568
1773 4.030120675257871
1774 3.916818194526673
1775 4.233011995022431
1776 3.8700893155871543
1777 3.7604915889769392
1778 4.195812435993807
1779 3.719322630105783
1780 4.1749343281924505
1781 4.17293483529409
1782 4.1440339538688535
1783 4.232637432045563
1784 4.104271119178294
1785 4.131860404707957
1786 4.009480955433428
1787 3.7926292009552403
1788 4.060339194981179
1789 4.1518089370834454
1790 4.17963331684028
1791 4.061973482611381
1792 4.117419573762674
1793 4.018017803853758
1794 3.805184559248517
1795 3.9661267557179265
1796 4.215290511860318
1797 3.844223071110344
1798 3.9711144620344863
1799 4.1416101746206895
1800 4.072393125405321
1801 3.828804594167481
1802 4.230021759002834
1803 4.098627882174625
1804 4.200737449329833
1805 3.72263167265908
1806 4.076031298304987
1807 3.7403688661435877
1808 4.195019294849201
1809 4.085483071068913
1810 3.8310398406652206
1811 3.552722780324912
1812 4.00921719580783
1813 4.0941529047373315
1814 4.215072548562316
1815 3.7361846803024537
1816 4.076673856276576
1817 3.951902623000734
1818 4.063657636543898
1819 4.063243820065868
1820 3.5826137010236376
1821 3.789129860643671
1822 4.267591398726665
1823 3.913618323818555
1824 4.042123353759593
1825 4.165311246004271
1826 3.973642507672933
1827 3.8746209670458773
1828 4.057646253287623
1829 4.024106698451982
1830 3.6224095495786486
1831 4.0675150037173164
1832 3.9357901196524088
1833 4.061863523460631
1834 3.9627497246378947
1835 4.10149562238157
1836 3.9835200615688624
1837 3.8758051557622037
1838 3.707308478352753
1839 4.147412209963846
1840 3.9768368339588047
1841 4.18386833094055
1842 4.249225108593525
1843 4.190201517650192
1844 3.7540009673258345
1845 4.034109157665861
1846 4.209933997113615
1847 4.193144875492476
1848 4.190783049318007
1849 4.091313106737555
1850 4.569958366323709
1851 4.10613958429648
1852 4.4662515480550935
1853 3.9923385180862065
1854 4.212655260318089
1855 4.09270836092356
1856 4.190269008585892
1857 4.091053101023788
1858 3.8211755825094786
1859 4.093813235637402
1860 3.5505909492261756
1861 3.7728276591174055
1862 3.8387328388200745
1863 4.111065710361892
1864 4.034064190162152
1865 4.035010198518065
1866 3.8636373431620044
1867 3.9863419651775267
1868 3.907504353926496
1869 4.099367503571915
1870 3.4233092623909607
1871 4.184177505295429
1872 4.053075162935192
1873 4.057820701288815
1874 3.689221848758211
1875 3.9672618172427954
1876 4.078573224611267
1877 3.8626003662056823
1878 4.063616047169043
1879 3.955370008699315
1880 3.995687922217629
1881 3.654574700903199
1882 3.8528802761997656
1883 3.8489321203646902
1884 4.545434038474871
1885 4.0191000792706255
1886 3.953652531838033
1887 3.8179851891071928
1888 3.803078189044152
1889 4.05427464707634
1890 4.117217889881236
1891 3.683676888561841
1892 3.789507473882328
1893 4.058699437168882
1894 4.290808035099385
1895 3.838926332526906
1896 3.973452064491092
1897 3.9054560950755657
1898 3.477864222473727
1899 3.648431871919953
1900 3.6246180365982608
1901 3.7268496777946183
1902 4.118860981886849
1903 3.936915450468993
1904 3.8367968478737753
1905 4.207308292772888
1906 3.8385276178128387
1907 4.326233751211688
1908 4.329442516325468
1909 3.9037629292175438
1910 3.8670737950356395
1911 3.654187144461121
1912 3.8574478872526248
1913 3.987168966295368
1914 4.065052193971091
1915 4.052021980793052
1916 3.9786557481923244
1917 4.0669662068345245
1918 4.138915512675929
1919 4.111272100246624
1920 4.151222408548094
1921 4.273710679708361
1922 3.8484738702545567
1923 3.9938551501041766
1924 3.9965765500894372
1925 4.148270602545517
1926 3.958773806029951
1927 3.879603986235914
1928 4.2331847311558395
1929 3.839462035460588
1930 4.096589104115486
1931 4.135018424102528
1932 4.025474884370042
1933 4.018404963818319
1934 3.8250252602957038
1935 3.8603513556608897
1936 4.215418650082301
1937 3.9395049761169654
1938 3.5864576926256246
1939 4.0314296287239095
1940 3.870788465348132
1941 3.9741161997567716
1942 3.9364248660697108
1943 4.001216293648103
1944 4.115463828033124
1945 3.992862961577002
1946 4.03855007020905
1947 3.826232905808424
1948 4.023033924266493
1949 4.1618462123944076
1950 4.235913261770823
1951 4.164030839909479
1952 4.057579482378501
1953 4.049651052090287
1954 4.134429524919456
1955 4.023374294601408
1956 3.844246983762895
1957 3.937857081735914
1958 4.155833024139764
1959 4.059397907811713
1960 4.11975939164405
1961 4.130610073521573
1962 3.9063280396521316
1963 4.148905012539565
1964 3.89255118664131
1965 4.253484885388685
1966 3.9712136946875467
1967 3.9010330411877003
1968 4.0497154155581345
1969 4.067475377844124
1970 4.069856907544765
1971 4.17602549747872
1972 3.9210823767177168
1973 4.2196207592642425
1974 4.154451657447531
1975 3.9723035651903675
1976 4.19155521235267
1977 3.309678741572418
1978 3.9701443717410303
1979 4.001443908105445
1980 3.9054932406685
1981 4.0012738194429
1982 4.0076748319875115
1983 4.0249600510523
1984 3.7511578679013056
1985 3.6377480828112234
1986 3.843650331053762
1987 4.117781522623014
1988 4.163856290223326
1989 4.0823783408445635
1990 4.228551514672932
1991 4.248135912581819
1992 4.08651649634236
1993 4.058460007984301
1994 4.2091548308315225
1995 4.112863989545671
1996 4.128942219726532
1997 4.014840986023547
1998 4.276336572446143
1999 3.65497663470898
2000 4.268412059771024
2001 4.108415498093962
2002 4.238201588214054
2003 3.879615079008715
2004 4.152359609296728
2005 3.924551030688051
2006 4.113593960617806
2007 3.852059113454798
2008 3.988839734123752
2009 4.334103506236155
2010 3.8449281578631065
2011 4.020404595303728
2012 4.062536461411592
2013 3.8521124068348795
2014 4.098293870473493
2015 4.075547732021074
2016 4.238943110337077
2017 3.8208715602182255
2018 3.3859280818695012
2019 4.087707223955579
2020 4.2045104661227395
2021 3.9126325875817405
2022 3.9675154339105254
2023 3.662826132384495
2024 3.7284603581150226
2025 3.8915477859654204
2026 3.9830349666086757
2027 4.10739464351234
2028 4.09234275961365
2029 3.564636046557453
2030 4.15905342740354
2031 4.359770047306615
2032 4.01644129286141
2033 3.6529145890523447
2034 3.9659046224380194
2035 4.050026721546619
2036 4.013292601235692
2037 4.1523998972479355
2038 3.9816953724864
2039 3.8413975140282366
2040 3.8618261940877114
2041 3.8852969732593325
2042 3.9843317286260658
2043 4.045652057811342
2044 4.156908929264236
2045 4.130414984325735
2046 4.0111887087521225
2047 4.154397252814323
2048 4.0244227279547085
2049 3.851018646038548
2050 3.8554765195678304
2051 4.356483823638897
2052 4.287931371901463
2053 4.116538889931834
2054 4.2067163684171405
2055 4.136927256539946
2056 4.087142722526371
2057 3.958722065217118
2058 4.141541818535288
2059 3.9278990746133444
2060 3.9230504511962594
2061 4.048294522917912
2062 4.360535080423046
2063 3.6915755533681796
2064 4.247649377723592
2065 3.926663361367718
2066 3.9345444108854486
2067 3.8742695013316966
2068 3.8119311229667234
2069 4.22688178771975
2070 4.173228100846994
2071 3.9305332888317457
2072 3.6487842720415005
2073 3.8545740793930885
2074 4.036310223826523
2075 3.9717743918442956
2076 4.192575797838674
2077 3.950726399169562
2078 3.8041390875813907
2079 4.009454110949678
2080 4.190115311810234
2081 3.93792187291146
2082 4.111028412189222
2083 3.930203300339424
2084 4.105519013274706
2085 4.300143772904427
2086 3.994129598925008
2087 4.121408906633004
2088 3.68267237563067
2089 4.224554014897447
2090 3.980456053744268
2091 4.158492526412127
2092 4.2686217595619595
2093 4.194641494784621
2094 4.007167397851261
2095 4.092089205277952
2096 4.1533895895858155
2097 3.929973227735538
2098 3.8539050884152766
2099 4.174338385077216
2100 4.4133086494971865
2101 4.27975097982844
2102 3.8827656082406805
2103 4.105195821222224
2104 4.1498603648719
2105 3.752258840788004
2106 3.5473659697470596
2107 3.691036670640742
2108 3.9567222637130506
2109 3.8980705439327985
2110 4.198527088793047
2111 4.1287781108192005
2112 3.8162953859459394
2113 4.018220734373726
2114 3.787785929648097
2115 4.053646097171449
2116 3.999907297034984
2117 4.048127130449671
2118 3.8046385226985353
2119 3.920167870786794
2120 4.2038265041680605
2121 3.7561822862022023
2122 3.730700234449807
2123 3.8697987269540075
2124 4.219398081716183
2125 3.8757832366170506
2126 3.9710825179166935
2127 4.181197625311812
2128 3.9450437838534462
2129 3.944980143842844
2130 3.914220950421041
2131 4.351891353657721
2132 4.055262034801257
2133 4.1733537034027135
2134 3.8550884383350845
2135 3.690572056998497
2136 4.141861647255226
2137 4.067130497439085
2138 3.9389663481506716
2139 4.014843593136276
2140 4.235740257891102
2141 3.8891408925676423
2142 4.112199071101061
