0 4.144670446501101
1 3.465161998483116
2 4.40170408306116
3 4.1039151567031364
4 3.4559184866164854
5 3.949371790106146
6 3.783503175921193
7 3.7941493089158587
8 3.941075874649715
9 3.9003509832278134
10 3.934287522679414
11 3.9004936468263365
12 4.007625049679286
13 4.0493698819050055
14 3.748006307263845
15 3.4679493712447567
16 4.099420736588647
17 3.965743866760588
18 3.874194409034772
19 3.807069287161995
20 3.6751400982667852
21 3.9061338159973675
22 4.17205112100775
23 3.8784683397985162
24 3.7925036987818923
25 3.6226599223391625
26 3.947636694928969
27 3.927971596021635
28 4.019736189160833
29 3.4056615404770403
30 3.906881797477048
31 3.6606936738650946
32 3.826779143533383
33 3.927286683267773
34 3.683147373732132
35 3.571394219556163
36 3.8701383829859086
37 3.9535981235479456
38 4.271516111625434
39 3.829185860429378
40 3.8149402551347964
41 3.859615709334589
42 4.247947022173814
43 3.88580261153887
44 3.679476010741839
45 3.7766430730638176
46 3.4434619776019737
47 3.498668978720525
48 3.1637828324029056
49 4.106118489955719
50 3.977458394021924
51 4.443000282466148
52 3.4547586261586587
53 3.972005112599195
54 4.071186380394782
55 4.017996544696978
56 4.037567729414002
57 4.148660290053728
58 3.9032769983519295
59 3.972045393341736
60 3.7812591261859416
61 3.725732016926102
62 3.360042982918727
63 3.394049441319725
64 3.427321031975358
65 3.42227265197993
66 3.537772767066557
67 3.364679873749496
68 3.345518925677188
69 3.3853714052650394
70 3.363092997616163
71 3.4320248557521316
72 3.3192846301715986
73 3.509219405296687
74 3.341608853255227
75 3.5082458430272436
76 3.5668782501300504
77 3.4187223432495926
78 3.2873580688360895
79 3.175944370262275
80 3.351774982781665
81 3.5120474389974343
82 3.312554016738817
83 3.4510271215505717
84 3.4165869274572964
85 3.4498656875313745
86 3.3823984669209146
87 3.5545514813906043
88 3.340939418837023
89 3.4093873406320334
90 3.294327990963975
91 3.4076470033294988
92 3.7175112204783702
93 3.540727960133712
94 3.3381907402379225
95 3.2661899509233403
96 4.227350429948978
97 3.284111962595641
98 3.628122805617768
99 3.5417350941280117
100 4.114859294431669
101 3.792471699057136
102 3.3409368352885953
103 3.5825910843121522
104 3.8023829187464613
105 3.369865221110018
106 3.6755546769579124
107 3.3558609407377573
108 3.518865131793972
109 3.6507964086798452
110 3.636953906017851
111 3.6109847219843276
112 3.385738883820428
113 3.3891740211700223
114 3.4526381590862587
115 3.3639800612974136
116 3.6263831749631867
117 3.575300901001835
118 3.8438033134044867
119 3.3706003264217093
120 3.4899991972159303
121 3.7117059186409254
122 3.75237692482729
123 3.5348564164951335
124 3.6980077998397887
125 3.453267935168483
126 3.615819782063321
127 3.4115956262375122
128 3.4066372141289394
129 3.6120767247114007
130 3.6614480907822244
131 3.555414132075535
132 4.166011498371764
133 3.6171498043906847
134 3.626600314257357
135 3.381773880124212
136 3.4491052576529753
137 3.6169922930006653
138 3.451191895418595
139 3.427950396621375
140 3.7994765489628715
141 3.2174249692634627
142 3.371805588216845
143 3.439494541915507
144 3.4150028582193395
145 3.5281950648243763
146 3.445079815742348
147 3.3195655000734687
148 3.213860076312969
149 3.4390881719329998
150 3.4134060686678787
151 3.5175308229404902
152 3.8311983146309103
153 3.372809090664593
154 3.3188884823296307
155 3.4117200719479532
156 3.306771408764001
157 3.3332047831431417
158 3.5090120870221746
159 3.5327826982680857
160 3.416150338653351
161 3.3921912703314097
162 3.5484218746834557
163 3.4241955921859515
164 3.358798476689409
165 3.4809878681237167
166 3.3667005502840097
167 3.4463271616996307
168 3.3543024047614227
169 3.263628666770568
170 3.442128851231284
171 3.4645553730541008
172 3.4681848025127344
173 3.342395797825452
174 3.2901563148427706
175 3.4288524375583345
176 3.367603832315984
177 3.3644475973236063
178 3.4083734859263166
179 3.571145217956796
180 3.3757713710397175
181 3.3506509091591967
182 3.5736050956567755
183 3.7065672334127657
184 3.7197969254928083
185 3.5180368571145726
186 3.617131873904527
187 3.3195819281328927
188 3.500087121773068
189 3.2991311002908197
190 3.9720177993441212
191 3.312125959396155
192 3.359224965994716
193 3.439016679867043
194 3.3686322326798637
195 3.55629306623899
196 3.5341752414786525
197 3.3218744841502064
198 3.3463291064184246
199 3.392533127811574
200 3.402514242440817
201 3.268296901203967
202 3.4645659617880664
203 3.5166857209011293
204 3.4004291871969943
205 3.3434304038519196
206 3.3080826227933793
207 3.4255461857715237
208 3.4120585198848596
209 3.503556801753313
210 3.4521968560194
211 3.4198994053549683
212 3.3237052972137087
213 3.3684293425494287
214 3.264248461631642
215 3.401169874649865
216 3.3790229817762163
217 3.575828888925125
218 3.3550080102434974
219 3.348253616088549
220 3.371983963627198
221 3.513007548984988
222 3.352789459135909
223 3.4686870505775738
224 3.336224371263441
225 3.5219329460722633
226 3.420729339149297
227 3.301016767738134
228 3.392862194526656
229 3.4397622052320442
230 3.56850944618024
231 3.4197094106581796
232 3.4509211148209933
233 3.388569712212834
234 3.4571034696938527
235 3.373519530829423
236 3.362540819081488
237 3.3798886329925355
238 3.3858178844432425
239 3.383796743327059
240 3.2878222994637025
241 3.33169541807223
242 3.4291645727791975
243 3.4397919360788536
244 3.4621001370695836
245 3.375824003380043
246 3.3137106979528603
247 3.236727557544407
248 3.3712641796093057
249 3.595850302883562
250 3.4455369509078118
251 3.3522546000417806
252 3.5785114367253876
253 3.585377442781268
254 3.7068194221723165
255 3.509340503729796
256 3.3552752513960225
257 3.2500262597359075
258 3.332384818428701
259 3.3624911152116788
260 3.2890067740939126
261 3.416493651603946
262 3.4897116934775942
263 3.448602598021233
264 3.3724965359698977
265 3.412488789486754
266 3.4018859511000983
267 3.4986622558118543
268 3.782546672965647
269 3.275213389657653
270 3.3530421005506454
271 3.340961135045852
272 3.455398888944775
273 3.532747078610757
274 3.39499915858675
275 3.632987825525933
276 3.363363241812331
277 3.3469451718220085
278 3.3115449106148582
279 3.4169462208336023
280 3.3863670286117693
281 3.5457137338813918
282 3.739305216225824
283 3.3455066891791194
284 3.5199569381404947
285 3.3981379983470323
286 3.4746389430756492
287 3.459642364757644
288 3.5045882613937107
289 3.4517855603739913
290 3.395903090962605
291 3.5021456895906673
292 3.438505223567613
293 3.5018603084930513
294 3.419692817981793
295 3.3930416014816527
296 3.4816215514056816
297 3.297456861956349
298 3.3470755568698665
299 3.494053184450417
300 3.5183110774188258
301 3.4363378428095492
302 3.3274558520042232
303 3.3485926211629238
304 3.411367220053744
305 3.6590476997759387
306 3.496582025876462
307 3.6088640722892342
308 3.5921706857816194
309 3.3793252194849823
310 3.2834279746966053
311 3.3686355141827486
312 3.3114976691033524
313 3.3349258090061347
314 3.475812965550707
315 3.395715064490814
316 3.418596395594575
317 3.387333936936014
318 3.3577422163367183
319 3.456832944995173
320 3.413978971402667
321 3.365387847963915
322 3.307309738581571
323 3.452309959182727
324 3.649695676085453
325 3.454277863922864
326 3.4485132035427917
327 3.354884954423086
328 3.292440278311767
329 3.478245383648341
330 3.511929538143307
331 3.300372957504689
332 3.7078667474646307
333 3.5745442140502934
334 3.4338798982060554
335 3.287764171401955
336 3.394513120423704
337 3.302765085884311
338 3.299410878762337
339 3.3658957523916917
340 3.34991066042616
341 3.462994800151999
342 3.384506333178607
343 3.5948387614814785
344 3.5589922343224587
345 3.3691881300554463
346 3.417690988576009
347 3.3823339780205512
348 3.402766776173398
349 3.3041258028325844
350 3.4014256165901253
351 3.3665723141574366
352 3.5315657938655622
353 3.5316980234245645
354 3.44550858305218
355 3.5154470603316437
356 3.7775949581885757
357 3.665659960626213
358 3.48151182130265
359 3.331065964483172
360 3.451527019988245
361 3.392433746232697
362 4.639454039175252
363 3.9430179522764384
364 3.7593922205641728
365 3.3730433098202255
366 3.413244656425999
367 3.8689321837790027
368 4.176747589170209
369 4.473532236115872
370 4.422406356997721
371 4.006253695925139
372 4.349648545439977
373 4.473996689325339
374 4.053292854462792
375 3.9756172444817883
376 4.072182707898026
377 3.883408676012452
378 4.4343095543658295
379 3.8404719808312793
380 4.298721210365593
381 3.6150792476071194
382 3.8984379178385855
383 3.3568566898938803
384 3.667712248578701
385 3.4647128167678107
386 3.5280001336753823
387 3.7211636376723884
388 3.4168106564764518
389 3.405358409447436
390 3.836237854999267
391 3.691018964375831
392 3.9193631626697787
393 3.8522880641812787
394 3.735857699682178
395 3.7459396971696046
396 3.6854516267766604
397 3.930608665098902
398 4.4313519164963715
399 4.3738453929380485
400 4.08261085782543
401 6.231065487416393
402 6.669929109485986
403 6.72000367019779
404 6.17047787770825
405 5.7324656500112425
406 4.166209908745172
407 4.261606368129649
408 3.7671657854352576
409 3.4567171640569194
410 4.309105897801061
411 3.430163696751661
412 3.9947155285910654
413 4.43236048581189
414 4.077164072674238
415 3.4126533979220377
416 3.5085943796998302
417 3.385629121250742
418 3.3418176510838444
419 3.7690617517855554
420 3.622359597123406
421 3.8263886404624765
422 3.6995002493209412
423 3.519575288233711
424 3.3833962889269666
425 3.5258213812748673
426 3.7303732773463993
427 4.378317899298571
428 4.03722077386469
429 3.4270515207840586
430 4.066194261898947
431 3.4020225110703515
432 3.3766116536141104
433 3.400913420487609
434 3.646171049263897
435 3.413981726366948
436 3.390721112670553
437 3.5650428834558285
438 3.334849038071927
439 3.326903087885218
440 3.471904857376658
441 3.5356727958169385
442 3.5351129203314393
443 3.925165361225802
444 3.335530468064421
445 3.323895513700857
446 3.480727040475106
447 4.1218890782538935
448 3.4440849576133443
449 3.240088302256119
450 3.3656563203136804
451 3.427321310625112
452 3.3672265779164086
453 3.3074728652422185
454 3.3559231402191814
455 3.5594033087230206
456 3.30787847702302
457 3.273809869286
458 3.388377319570826
459 3.3317616331657907
460 3.294525482693913
461 3.440945278013932
462 4.11239584767605
463 4.2636408319676145
464 3.5945224459603935
465 4.042787217845157
466 3.810060333447051
467 3.916933594376726
468 4.178705042962707
469 3.3909401669374137
470 3.8526041289610657
471 3.450479636646853
472 3.440966579545321
473 3.3441963568339435
474 3.66408497867051
475 3.5916165156057884
476 3.4777738116569563
477 3.5303762500848532
478 3.560588419948078
479 3.4408322069144037
480 3.540706106643788
481 3.693162152251341
482 3.8086389644012217
483 3.7849138555379875
484 3.4536333676756095
485 3.885222579558883
486 4.043375832227714
487 3.5408730403941058
488 3.905388756186367
489 3.8446758553238074
490 3.8508913228549377
491 3.974875170227931
492 3.6979369532144006
493 3.686569911423054
494 3.670230620146105
495 3.685083011258819
496 3.810493044031975
497 3.61329557970361
498 3.6610657841424463
499 3.5479216183311713
500 3.512937183981689
501 3.6609145349030654
502 3.4873314083107356
503 3.875987592566378
504 3.85017170343063
505 3.812369402847255
506 3.6406613245335615
507 3.5980857896690925
508 3.8275051991624354
509 3.4320590833421565
510 3.6614954716718273
511 4.17352978369257
512 4.00770381239013
513 4.322625574586825
514 3.704274394812466
515 3.991426837883206
516 4.422956794540823
517 3.6874467591456823
518 3.3725360356185905
519 4.065837241038033
520 4.313063310089595
521 3.535128052945927
522 4.424044271072462
523 4.050174851932428
524 4.558742959775284
525 3.6395702575967177
526 3.8016432168255982
527 3.6130897276594696
528 3.4135848606203
529 3.663272807465548
530 3.5754811688856507
531 3.522648844161733
532 3.3208784002121234
533 3.884354507710878
534 4.067213331755915
535 3.7226619592301575
536 3.7818128741452632
537 4.174593693021145
538 3.8252426789921934
539 3.5759523054359708
540 3.619077891984057
541 3.384675686969026
542 3.930841817486767
543 3.437987786708195
544 3.452082170976316
545 3.5551473581041826
546 3.802169352869093
547 3.905167172968558
548 3.8099135866350125
549 3.8980239295749923
550 3.6856067655540876
551 3.6274280351651
552 4.144206852046616
553 3.527706546884716
554 3.7972431570050027
555 3.7864434696323856
556 4.31101099923866
557 3.8963867043935365
558 3.768479754044141
559 3.356666665177476
560 4.095664995496001
561 3.8681879475206897
562 3.959991250520216
563 3.5757742177823326
564 4.08317484329601
565 3.9464533536694755
566 3.4967653459600037
567 3.5208227326913355
568 4.167448551654069
569 3.4014955652124357
570 3.992344576224553
571 3.782719441037015
572 3.668162946762843
573 3.4676077925866027
574 3.6140884105927116
575 3.42118911559824
576 3.4375524750403916
577 3.357023260736111
578 3.4231079301106004
579 3.364240703667059
580 3.690611181978262
581 3.419795320403846
582 3.37142835674889
583 3.5378842108173036
584 3.848510498442674
585 3.6964626814393533
586 3.4647466562405316
587 3.6450176237292333
588 4.436542650327104
589 3.7447869981200874
590 3.5159720340618743
591 3.483198139874499
592 4.377071178991658
593 4.093894369833177
594 3.850985386804166
595 3.85749185171594
596 3.8108304656307883
597 3.947270305868418
598 3.8040031294176413
599 3.725726926576873
600 3.8430161613461173
601 3.9176274245324194
602 4.063846868173492
603 4.082678746197447
604 3.4652431032662374
605 3.931112559931807
606 3.85413646274735
607 3.720325704482151
608 3.8294127536813938
609 3.8596266122931224
610 3.683638812512553
611 4.446597947472789
612 4.271749972283461
613 3.83895377781209
614 3.9360378957106077
615 3.715977587604768
616 3.877388064006653
617 3.7569252026414115
618 3.4786978565403492
619 3.526990214927152
620 4.255656620994794
621 4.124807872404191
622 3.83324061197773
623 3.4199297837501463
624 3.7409222566451934
625 3.758922532463022
626 3.8866807365126452
627 3.815009832892041
628 3.2091685997040704
629 3.671112644340667
630 4.243531081285825
631 4.112449488428173
632 3.8134577471745392
633 3.9829587936423345
634 4.11594373198297
635 3.798956755373178
636 3.88977606168345
637 3.8581148612797627
638 3.892557358709013
639 4.125451860422219
640 3.9526045180949505
641 3.346636736732729
642 3.71480835001428
643 3.457417452670935
644 3.89244917041736
645 3.9500087834669073
646 3.5835115292963273
647 3.57952423577453
648 3.765769712747005
649 3.982847881066621
650 3.993496919552006
651 3.8732743686194357
652 3.5239963279212656
653 3.6272849850582047
654 3.6820171825458514
655 3.583499320335247
656 4.0618039251421765
657 3.9007724297011697
658 4.103039861861997
659 3.7502142458979564
660 3.85921609387936
661 4.5900643431839985
662 4.804760019481886
663 4.223408292538762
664 4.575335302314394
665 4.9256436258986716
666 6.020803370445003
667 5.710768188715477
668 5.9874230839515405
669 5.694447515900275
670 6.031815490643767
671 5.957094863710894
672 6.208512589446015
673 6.390887284947834
674 6.516100787165497
675 5.889662729506411
676 5.9422114149362795
677 6.30370730377577
678 5.666846348178634
679 6.178587762559243
680 6.530423640591822
681 6.606854255872744
682 7.11485868485182
683 6.395118752801535
684 6.436272929551599
685 6.223770492170669
686 5.587702899042552
687 6.3432693174613775
688 6.678749360136678
689 6.4543632394582575
690 6.5235442237882175
691 6.260159466368942
692 6.370162903484811
693 6.029287333935869
694 6.2287217967023745
695 5.2419588135340245
696 5.366494823936387
697 6.201414965998131
698 5.831275197369874
699 5.971993743752193
700 6.188312674793256
701 6.506687782637536
702 6.244101381321305
703 6.2680145268052
704 6.050414424324689
705 6.291584903272692
706 6.180246373680841
707 6.339687897118266
708 5.984197442831822
709 6.363668398859542
710 6.448234457316631
711 5.932631480293052
712 5.924004537906241
713 6.083830363764822
714 6.196849738419118
715 6.519331989594694
716 6.827754868285156
717 6.206207911707435
718 6.187962100975728
719 6.178532404948469
720 5.8652776244397895
721 6.5869008914556835
722 6.564403904755093
723 5.713584558265313
724 6.341283666411645
725 6.107888269079692
726 6.298415958170256
727 5.908707137607148
728 6.7204228629153215
729 6.053950539713209
730 5.950666265850639
731 5.743595250249406
732 5.839006735304154
733 5.948398668584601
734 5.882521659769058
735 6.509438082217076
736 6.0957825522107205
737 5.983533097869857
738 5.962747620086719
739 5.984948594299265
740 6.283270010957567
741 5.610464026756069
742 6.772141466367027
743 6.490631238748742
744 4.798256939127882
745 4.1588237867482745
746 4.3643769220480895
747 4.68535538463935
748 4.357351707230359
749 4.62019310665887
750 4.727436687483338
751 4.414946344212041
752 4.401202091715874
753 4.258161054828716
754 3.857966341856306
755 3.4430631961563996
756 4.010544751999642
757 3.8079544681104234
758 4.2815598167296205
759 4.964879307793942
760 4.479995045356963
761 5.0246167072151975
762 4.463638342693324
763 4.772033589846631
764 4.6530701511686585
765 5.7526070552231205
766 5.962286905560589
767 5.770139124812892
768 4.419817684399951
769 4.183143362544625
770 4.415260008582254
771 3.8395487224766356
772 4.636326789867243
773 3.6107033341083454
774 4.153395827390166
775 3.6437070903692415
776 4.239603047869287
777 3.7193034786885244
778 3.797330739741186
779 4.159232352961514
780 3.8778280204972355
781 4.153395854938691
782 4.28153794282213
783 3.797004661149007
784 3.726167594284934
785 3.7321943898352554
786 4.020262479561332
787 3.954798120495033
788 3.8281274411730157
789 4.06164956146967
790 3.590652000216004
791 3.8965127838591704
792 3.782214277140147
793 3.828909266986513
794 3.963423905404814
795 4.032146324422891
796 3.657388500872584
797 3.783462323039787
798 3.784000349848595
799 3.4820818235408333
800 3.879683044009287
801 3.7463634464165008
802 3.9879077279714497
803 3.5437840904251794
804 3.7678322792130468
805 3.793028276165675
806 3.9680630251005007
807 3.9445920044919873
808 3.8794447326678436
809 3.8865791119207365
810 4.23372361322372
811 4.000197364722217
812 3.8046149925688204
813 3.7177507168695714
814 4.0249106181913685
815 3.410991660360384
816 3.757395858543851
817 3.753834431045863
818 3.7549355475365416
819 3.986538852018624
820 3.6982162122527176
821 3.970340291551681
822 3.873409295195399
823 3.99631794547172
824 3.835302003533443
825 3.7902312635600466
826 3.602888838670218
827 3.7678831584058896
828 3.8803419544453948
829 3.8593938973070983
830 3.5848249135067816
831 3.9896992457173415
832 3.5505464699256826
833 3.9074872299140067
834 3.810954604170654
835 3.917391904593192
836 4.039417499421175
837 3.7329878872252698
838 3.4866059235207283
839 3.9717102913448254
840 4.084987009293496
841 3.9222022309252695
842 3.427839438684017
843 3.5648142464634898
844 4.109541231656902
845 4.36180504660512
846 3.9601062545188834
847 3.4333754177902804
848 3.5404453582879594
849 3.331471861523285
850 3.6760080229898806
851 3.45869454795073
852 3.5320767440524077
853 3.374387116575908
854 3.679897195402678
855 3.3722213716452036
856 3.3760445150376293
857 3.329809551625677
858 3.63852047240474
859 3.368696042052353
860 3.3602109423200988
861 3.6982325440010038
862 3.870709396711147
863 3.9378990787344015
864 4.0435383032137375
865 3.2783670234876787
866 3.484108409292434
867 3.2960416120980573
868 3.292854251358636
869 3.412542445515831
870 3.4570448680852643
871 3.4369688379525187
872 3.5140628964525766
873 3.363086584925421
874 3.6202134794988496
875 3.5651270901161873
876 3.588771826374137
877 3.701504140579711
878 3.821248361237162
879 3.4223490521460027
880 3.4614179210930662
881 3.581852479443115
882 4.126641504718529
883 4.315275512809566
884 4.155799682776927
885 4.145325329707413
886 3.2647868861260076
887 3.627162344573638
888 3.4649684803735425
889 3.6466663977636604
890 3.416209066723207
891 3.4301752150742684
892 3.699190652888085
893 3.471146746588327
894 3.4523808962009754
895 3.9662395660011733
896 4.078007369917191
897 4.435879732783132
898 3.817105336636835
899 4.1683099717293866
900 4.553204442055697
901 4.53763927408342
902 4.073807198141347
903 3.7406836523646527
904 3.6299283784692937
905 3.688471456196694
906 3.543666212853138
907 3.485379238596918
908 3.427508458001983
909 3.4391279449715806
910 3.549601736279276
911 3.556990346499251
912 3.919047505332364
913 3.3790284171703364
914 3.5148925706136445
915 3.455285263519072
916 3.830772781609569
917 4.3919745867581526
918 3.8060736388741
919 3.9657217288556526
920 3.6475388032933607
921 3.69653073748027
922 3.8388876895151576
923 3.7458778462201185
924 3.6996323522993366
925 4.090112542623298
926 4.082246034240384
927 3.6366019561936027
928 3.9169949238476724
929 3.5472967434168834
930 3.4993869857243665
931 3.4522812115054484
932 3.661245372548613
933 3.995579588150615
934 3.330895040260146
935 3.8685736914103313
936 3.347171139643093
937 3.6675039623190533
938 3.3151277621259436
939 4.163911637031471
940 3.435914958438286
941 4.57246989336168
942 4.297811564834934
943 3.5916440110932197
944 3.5236219382376768
945 4.078745413313821
946 3.3166577463173637
947 4.0276133467525375
948 3.7221027860166447
949 4.187151733090626
950 3.807394347856462
951 4.891885346770532
952 4.57175378279228
953 3.896062638264575
954 3.380962702174943
955 3.861813506845282
956 3.516845318851296
957 4.207153024900483
958 4.168962068046549
959 3.837895222813993
960 3.407651051322677
961 4.071336531877738
962 3.4896862260728714
963 3.5383535342624532
964 3.4521767120616587
965 3.626805087571661
966 3.3363379269841196
967 3.3487556665486853
968 3.495215814143288
969 3.411198643480783
970 3.8241479260533433
971 3.470469538288513
972 3.3296710086553967
973 3.324707053454346
974 3.3594298955141504
975 3.6920836398433208
976 3.345324099069948
977 3.3705632871628373
978 3.5772676907353396
979 3.471143948377422
980 4.100945722490712
981 3.5865617873419784
982 3.6476253866276784
983 3.3451987658688056
984 3.3919608518004414
985 3.5281644467412523
986 3.3796621006986016
987 3.427496749698827
988 3.4149877469611627
989 3.7279941455262287
990 3.4824750967385185
991 3.409456619270828
992 3.3132899938271767
993 3.8039128077069395
994 3.780993028046398
995 3.5285761404256135
996 3.4645428432043115
997 4.151090686899488
998 3.5250771904475844
999 3.815130865326796
1000 4.128723143704886
1001 3.657794763662997
1002 3.342381843060611
1003 3.810570304937456
1004 3.5497300655596304
1005 3.425175817685302
1006 3.3933272983757052
1007 3.355728985092886
1008 3.1906159423870206
1009 3.4218093285042053
1010 3.357685920641196
1011 3.484830361001212
1012 3.4953342246392256
1013 3.577181353982201
1014 3.462906580834003
1015 3.5605974012778487
1016 3.434952000438626
1017 3.4430269409926484
1018 4.007859338476374
1019 3.409626296369999
1020 3.765443320997784
1021 3.57200504301013
1022 3.405019013869848
1023 3.461174410859659
1024 3.225660596452509
1025 3.3769226438794657
1026 3.6515479112175844
1027 3.3131910678422978
1028 3.354083650325799
1029 3.494775143710357
1030 3.3441699854007134
1031 3.454596505582445
1032 3.5255669473551
1033 3.4133422422705717
1034 3.3685085629134974
1035 3.3671485029354202
1036 3.5704023652707684
1037 3.4094054614623412
1038 3.346525290267083
1039 3.2765833879066317
1040 3.430621991226333
1041 3.4486831796453554
1042 3.5987237526040508
1043 3.761237364988728
1044 3.426706384218608
1045 3.367902006068193
1046 3.5605151473056913
1047 3.4032827882637626
1048 3.7178644279434985
1049 3.3222288503265873
1050 3.669773812357925
1051 3.3283715655876778
1052 3.8558719476863157
1053 3.496754440601229
1054 3.5827749882972153
1055 3.2756807507289403
1056 3.301718102412496
1057 3.3472609497938235
1058 3.424705920425937
1059 3.4203940876781003
1060 3.3379742244918833
1061 3.7873879242629425
1062 3.534535145112034
1063 3.3480267027294786
1064 3.4892320204333416
1065 3.4472424639401766
1066 3.4636229828251763
1067 3.4532679499989247
1068 3.6591060740451473
1069 3.3554029866614177
1070 3.338756633058007
1071 3.295457973018003
1072 3.791578267522654
1073 3.518735795877576
1074 3.9987773423114343
1075 3.4990202379896083
1076 3.5894470209825
1077 3.6291287047285863
1078 3.9510464129817486
1079 3.9326996898806015
1080 3.6636163981847907
1081 4.000367661030104
1082 3.921787816668181
1083 3.4109901320473477
1084 4.198402973272089
1085 3.9421014033888935
1086 4.502367163732747
1087 3.838384844470253
1088 3.834624551457459
1089 3.711240384624944
1090 3.7584589663333183
1091 4.041961699459938
1092 3.4615201652029626
1093 3.9777225633498694
1094 3.8056528048132483
1095 3.492573714602501
1096 3.2984619380242988
1097 3.3773443856976937
1098 3.5275505255409345
1099 3.1988138265220027
1100 3.3265353790881576
1101 3.3599417986986597
1102 3.353027344463288
1103 3.3949350628832637
1104 3.460659024681108
1105 3.4171338487575604
1106 3.327401332740342
1107 3.347863204445325
1108 3.5077678190509403
1109 3.685106959796884
1110 3.458251044449659
1111 3.355014119312189
1112 3.7101635046709487
1113 3.495426896001645
1114 3.2630770886908493
1115 3.431682500607493
1116 3.420022277481783
1117 3.3300796534368935
1118 3.3973651822284396
1119 3.460544488864759
1120 3.2458534572842264
1121 3.965066379037122
1122 4.2022853271045495
1123 4.002923538850513
1124 3.4651819936636437
1125 3.477454694760775
1126 4.141731255161931
1127 3.462818385998563
1128 3.321295644380043
1129 3.3580148428842596
1130 3.761052323203127
1131 3.3848920467764723
1132 3.3057386509116977
1133 3.3764895456298762
1134 3.2788372644532497
1135 3.394028901873003
1136 3.76317746860039
1137 4.293480483825879
1138 3.458684939784822
1139 3.5457300454369265
1140 4.3297057839492386
1141 3.4510344432765874
1142 3.5065323479738906
1143 3.430299416306744
1144 3.3097160698870787
1145 3.443842879782978
1146 3.4908097926337347
1147 3.3234222122823507
1148 3.777676234614904
1149 3.4075737061117106
1150 3.250577119518915
1151 3.417111450284569
1152 3.34743481849162
1153 3.383495532662342
1154 3.5487847624256945
1155 3.4961816578406895
1156 3.343318150551753
1157 3.4558365316512294
1158 3.4070767959094272
1159 3.366058174842585
1160 3.471545132178326
1161 3.3622241068563934
1162 3.2697635045567313
1163 3.3175140877014604
1164 3.362894010924452
1165 3.5388019743636105
1166 4.012395803610239
1167 3.760948753104454
1168 3.391064467161018
1169 3.3896275677321546
1170 3.2315049058736034
1171 4.0460361102697195
1172 3.7041720107894207
1173 3.438456242733146
1174 3.368449391655262
1175 3.5307949217986194
1176 3.721752985146119
1177 4.203187275603627
1178 3.5900985273161297
1179 3.646888161733801
1180 3.7085383740416282
1181 3.4114162597365927
1182 3.4506944324119373
1183 3.4145865198828176
1184 3.2177316480639884
1185 3.458262618096572
1186 3.381557487050237
1187 3.296644130791706
1188 3.6107467846780703
1189 3.434619753026725
1190 3.416509755465196
1191 3.341223640295483
1192 3.377609703895629
1193 3.3890121322407545
1194 3.403304825596097
1195 3.3700029530831843
1196 3.3552517977053338
1197 3.2581458316150718
1198 3.3601920863246963
1199 3.2834805938443843
1200 3.3931338015269414
1201 3.4139184577981223
1202 3.4239703895913323
1203 3.373886627263587
1204 3.422819959957541
1205 3.3297373485801773
1206 3.389523473000893
1207 3.3201334510615266
1208 3.331638758744835
1209 3.474380679220683
1210 3.975649376664545
1211 3.8284842496151135
1212 3.8473784415130354
1213 3.8021788371302363
1214 4.189125468561897
1215 3.435462697104796
1216 3.558040693800336
1217 3.3354613356618836
1218 3.3039836423649036
1219 3.601891736997041
1220 3.8540240515956183
1221 3.5107028380379885
1222 3.379765490535557
1223 3.4532674773083345
1224 3.3896415825007673
1225 3.468407468801215
1226 4.2368483418715925
1227 3.4499459397772414
1228 4.067082073147959
1229 3.373922702159725
1230 3.273427815649116
1231 3.5426746832031415
1232 3.412038418411239
1233 3.4895036089230334
1234 3.3679942033519876
1235 3.7202608354559206
1236 3.499127042076988
1237 3.9613222862584756
1238 3.3289650221504234
1239 3.3866703147441632
1240 3.2621297899103046
1241 3.3635643739833068
1242 3.4948270330936335
1243 3.3982842888970235
1244 3.7987129405742213
1245 3.714781158315985
1246 3.4200537737956007
1247 3.4235177704997803
1248 3.694163470863406
1249 3.618579747817418
1250 3.396825328244919
1251 3.8320038516240076
1252 3.3488708637613565
1253 3.4717356066055656
1254 3.54858493831008
1255 3.2644894356824072
1256 3.554990090170635
1257 3.5162325216289623
1258 3.58917293408547
1259 3.481558788036145
1260 3.5343864466128303
1261 3.5520865234167247
1262 3.3196711929745817
1263 3.1713894935195612
1264 3.579011008681387
1265 3.3729985712628223
1266 3.366004239759864
1267 3.423129115017445
1268 3.3257318741222024
1269 3.37146420093857
1270 4.271053388440185
1271 3.6537409635863343
1272 3.3138606870803717
1273 3.596094459977661
1274 3.4320738670963133
1275 3.3884184904658308
1276 3.4592957618667404
1277 3.330691523507224
1278 3.4486609005839735
1279 3.2826885169118167
1280 3.324115159329122
1281 3.4164230297095437
1282 3.2723571616454348
1283 3.344023867934784
1284 3.3563412229135468
1285 3.2965746743043884
1286 4.009400263678251
1287 4.035426930587417
1288 3.3758232556960297
1289 3.43551776168406
1290 4.358521949575517
1291 4.688690267700597
1292 4.263837962780236
1293 4.644444771898488
1294 4.123374576632584
1295 3.4513841208932288
1296 3.3423947656595345
1297 3.365405050267557
1298 3.430772575512923
1299 3.3735654955529544
1300 3.956708454313175
1301 3.6328510818510176
1302 3.721486045841045
1303 3.7536918148828806
1304 3.2669751881937446
1305 3.2854076200311817
1306 3.4971426819714053
1307 3.2475965056333966
1308 3.332366410288242
1309 3.683168447905376
1310 3.545041188531836
1311 3.5554374163304177
1312 3.4238770091095727
1313 3.400794133674487
1314 3.381147892911639
1315 3.258043143486546
1316 3.310888966938911
1317 3.382577028385343
1318 3.4074165346563867
1319 3.45482050159216
1320 3.543150745287853
1321 3.2917516736656633
1322 3.391875762271085
1323 3.8860644936252093
1324 3.368569877242889
1325 4.292305450322258
1326 3.595763759128789
1327 3.3130947202697922
1328 3.434941781876669
1329 3.4414670841623187
1330 3.3809133900275197
1331 3.3861405031757337
1332 3.3489089905666054
1333 3.6070245117100566
1334 4.378422975200975
1335 3.80532302235943
1336 4.2804806366416575
1337 3.484290857497079
1338 3.4770382837051246
1339 3.4103992872367415
1340 3.443089460009616
1341 3.3304745732463386
1342 3.3227607774417316
1343 3.364226636573307
1344 3.9666218028154088
1345 3.497761755275307
1346 3.4298592782636863
1347 3.4204567478841916
1348 3.389707120013344
1349 4.274404046864954
1350 4.4121712000278555
1351 4.021959895242851
1352 3.375584290830058
1353 3.3072782869664836
1354 3.369629335177211
1355 3.397874482141762
1356 3.4227379513042577
1357 3.4531934152223
1358 3.342038910588158
1359 3.3379437269406713
1360 4.153917524678019
1361 3.493904822270002
1362 3.897450120318448
1363 3.3055727034496583
1364 3.395375682072651
1365 3.500865636621661
1366 3.32877849961167
1367 3.4311855678050533
1368 3.3020534028884034
1369 3.4197833670888724
1370 3.8165639263610727
1371 3.4360654175838783
1372 3.8497830640037294
1373 3.604448143796311
1374 3.4785577151358225
1375 3.372336483666914
1376 3.4974770848318406
1377 3.467921045772689
1378 3.375297536057289
1379 3.34972229189184
1380 3.467019878284576
1381 3.343157534041318
1382 3.328689024909623
1383 3.361755058438979
1384 3.3960626382906285
1385 3.302083444095175
1386 3.398444157104547
1387 3.460174703723293
1388 3.442910549537458
1389 3.5145312914246185
1390 3.3460980821552444
1391 3.3863779132721294
1392 3.4944816010979176
1393 3.401460359057605
1394 3.396146066332196
1395 3.438467293050939
1396 3.496234896402648
1397 3.9376983620522363
1398 3.487098798763176
1399 3.287942288889574
1400 3.4034500847485907
1401 3.309708673557087
1402 3.674641386910811
1403 3.5581854713740184
1404 3.297945851421683
1405 3.4014321305234025
1406 3.398333223463572
1407 3.360597235881372
1408 3.5807664457498345
1409 3.7741370500889864
1410 3.3435392476210324
1411 3.360855922437375
1412 3.426083691202728
1413 3.3753361388620564
1414 3.525241215796246
1415 3.258857055648441
1416 3.346156962276538
1417 3.385498803205726
1418 3.4218415068590144
1419 3.3699972451493925
1420 3.4697132172289202
1421 3.5295427143819866
1422 3.431904257505665
1423 3.3638060918663926
1424 3.755208091328715
1425 3.448125139983407
1426 3.300759144077784
1427 3.400729474788453
1428 3.525145045353948
1429 3.515877265237563
1430 3.2905217993278795
1431 3.3586989186636034
1432 3.4711187958307512
1433 3.3229984565702053
1434 4.02013130613787
1435 4.049613380684468
1436 4.225371005459564
1437 4.586075471639671
1438 3.5597976691437503
1439 3.6703754601945486
1440 3.4853951561588565
1441 3.449847021573219
1442 3.662127298338786
1443 3.6108100372503813
1444 3.383386605054179
1445 3.4714512010908125
1446 3.2427959031477585
1447 4.028042138899215
1448 3.4054359538417915
1449 3.3280957799606568
1450 3.5193978592652697
1451 3.3427086017110046
1452 3.3967093010358878
1453 3.4147056228849206
1454 3.4719894332269132
1455 3.4805565197408836
1456 3.2714233524369627
1457 3.4568784166902145
1458 3.44738963424646
1459 3.3304069623796204
1460 3.5042574887901154
1461 3.5054761164696577
1462 3.344149340062668
1463 3.7300912325149205
1464 3.7263810803884554
1465 3.484760012785386
1466 3.322849809476497
1467 3.371179297237871
1468 3.470949104136448
1469 3.408072094243807
1470 3.3620489159634745
1471 3.4709923973230787
1472 3.352311444009864
1473 3.4099588890317425
1474 3.382852962343373
1475 3.4510262913301255
1476 3.4004969450697686
1477 3.3960084864505258
1478 3.2140604886559756
1479 3.393034082604831
1480 3.2876727602581437
1481 3.450497091384298
1482 3.333900864350262
1483 3.332412448163604
1484 3.377160486886397
1485 3.3647818477172993
1486 3.3551434659121
1487 3.611455624283147
1488 3.4017896079739156
1489 3.4953994617835553
1490 3.417486271942348
1491 3.456153596525821
1492 3.81194456285925
1493 3.337780119296248
1494 3.5616045645671233
1495 3.5722556227998505
1496 3.384458858258485
1497 3.3652734562021767
1498 3.458074079274572
1499 3.368612627440989
1500 3.3683510038504374
1501 3.3762763937635127
1502 3.4842416893080523
1503 3.4683615342996963
1504 4.020466159091728
1505 3.7837305517440547
1506 3.846697869533925
1507 3.7281412557374742
1508 3.6457551581456715
1509 3.8910736332127316
1510 3.4793060870962735
1511 4.275009381251896
1512 3.7130643644146115
1513 4.2427179819883785
1514 4.2842565340645145
1515 3.315581924402525
1516 3.3645024420898015
1517 3.3710483983775035
1518 4.258284950517459
1519 3.4616899656823072
1520 3.4123316443959775
1521 3.7949477536232985
1522 3.4705253590312353
1523 3.4177606627174355
1524 3.3805344888678053
1525 3.3059197975402075
1526 3.79913341871045
1527 3.9887916326791166
1528 3.800755362220778
1529 3.4456877226326776
1530 3.916685172009834
1531 3.8342222355541
1532 3.8019478015170867
1533 3.847433581277559
1534 3.5214260958855985
1535 3.801871296231323
1536 3.4240014007680903
1537 3.5404940791115855
1538 3.321264503564021
1539 3.3930630297484954
1540 3.3731793592088257
1541 3.588694370956811
1542 3.4190656593283366
1543 3.53365890920441
1544 3.478429459017147
1545 3.523259891146042
1546 3.304891280954954
1547 3.291645448479826
1548 3.4387090850277766
1549 3.809278625476831
1550 3.9414407936446234
1551 3.9212164267118403
1552 3.5367058175687576
1553 3.308782851992866
1554 3.3271707551464624
1555 3.393672738477683
1556 3.3981167539005304
1557 3.4982449756376717
1558 4.0443267999606
1559 3.319711046688709
1560 3.492938819202523
1561 3.566603954050043
1562 3.588432180964334
1563 3.7188143447800015
1564 3.3467768308821384
1565 3.7334574296582166
1566 3.6581861374471285
1567 3.5151977099058183
1568 3.3025756964004285
1569 3.3908161779701333
1570 3.855644601618423
1571 3.4746805025434244
1572 3.457656737977141
1573 3.3623981921690653
1574 3.717032846895431
1575 4.003878256140943
1576 3.3793346379600715
1577 3.431102771491824
1578 3.8346476438124406
1579 3.561866546126394
1580 3.6819854599827706
1581 3.511262002824643
1582 3.9141305725259654
1583 3.4826438662885475
1584 3.3626406624826357
1585 3.3564769288826803
1586 3.303278242575776
1587 3.693491408435666
1588 3.4241369230224117
1589 3.4124930802753695
1590 3.361588012057542
1591 3.4913662797315523
1592 3.382058818486706
1593 3.605624483903381
1594 3.3454380956892265
1595 3.556333129131949
1596 3.950495396314909
1597 3.365748243424873
1598 3.401131004473513
1599 3.386823290892189
1600 3.2339236305977326
1601 3.547472983507002
1602 3.5985173421253713
1603 3.4576810494788566
1604 3.795507338090036
1605 3.43397772856797
1606 3.8778529376104345
1607 3.753034856723986
1608 3.8813066572214248
1609 4.209542022459007
1610 3.4532557229389034
1611 3.5275320887065207
1612 3.9999990483351717
1613 3.3247697384405974
1614 3.4280607924928423
1615 3.361442262375222
1616 3.5154101228415575
1617 3.3660799110124424
1618 4.151133438462142
1619 3.3120756129154936
1620 3.4463541227630325
1621 4.024394700304613
1622 3.441092509601638
1623 3.948332313575404
1624 3.655038925791435
1625 3.835243310843945
1626 3.309794782266454
1627 3.307379877230041
1628 3.5198734347816307
1629 3.3552532924172414
1630 3.282858068741879
1631 3.3501696049600844
1632 3.3886520201832315
1633 3.276436309503924
1634 3.5583704564081042
1635 3.4195481252850137
1636 3.47607814960945
1637 3.3046342582123747
1638 3.4837409678558666
1639 4.469332816380268
1640 4.39275351675226
1641 3.9447768783983945
1642 3.9286255876905267
1643 3.6454317972334205
1644 3.341218240462738
1645 3.7293360523424024
1646 4.325504758794988
1647 3.921104075072269
1648 3.9838348903717224
1649 3.9480094444252187
1650 3.854632318392031
1651 3.9861793749008436
1652 3.9062643374241364
1653 3.611187319468253
1654 3.764050894292613
1655 3.5826036297137627
1656 4.06401791309979
1657 4.14150280392194
1658 4.071523053469942
1659 3.682639574201071
1660 3.4130440634057417
1661 3.319195508723714
1662 3.7984225005485617
1663 3.268549027746498
1664 3.8420184192304556
1665 3.8108061119202508
1666 4.497016630738222
1667 3.362473634182187
1668 4.029660025138532
1669 4.052744970044799
1670 4.2557287047215775
1671 3.7870429588623766
1672 3.7810306527027397
1673 4.237834223784656
1674 4.222936543642446
1675 4.277591630910407
1676 3.342991115673109
1677 3.863712218802236
1678 3.5340356694906525
1679 4.165878907063558
1680 3.5034047141825098
1681 3.8466312300926755
1682 4.092849002431371
1683 3.83445408807969
1684 4.211789098166084
1685 3.676266404263546
1686 4.087486143992562
1687 3.890345399279714
1688 3.4639020034508783
1689 3.649755002668583
1690 3.3764107384978908
1691 4.216279679843793
1692 3.462820940837745
1693 3.3752893172482343
1694 3.5349033812465884
1695 3.4023291776587157
1696 3.2799102131493036
1697 3.3199138401896957
1698 3.434989814867306
1699 3.864460239454525
1700 3.762630852367683
1701 3.741723343385525
1702 3.323244975288437
1703 3.9047569428034925
1704 3.7805666924757855
1705 3.879107223299621
1706 3.9607870308686497
1707 3.378548813117207
1708 3.7555311629696466
1709 3.430279193727218
1710 3.520959213825615
1711 3.4445445291931236
1712 3.396015698482477
1713 3.8721062159248687
1714 3.387661442552497
1715 3.3999588338902953
1716 3.3274421770728804
1717 3.3375706949305752
1718 3.5850538134489165
1719 4.301596506558351
1720 4.368699612962533
1721 4.2179419661431865
1722 3.920968052395396
1723 4.233265121780477
1724 3.853719069910228
1725 4.395345006123404
1726 3.434014867277434
1727 3.3635372484029396
1728 3.9278516629673574
1729 3.834865984483127
1730 3.62713038861043
1731 3.9168342992123693
1732 3.9534766557512704
1733 4.092556929428357
1734 4.21148006269712
1735 3.8158724552103904
1736 3.4534716485159036
1737 4.0377426276665345
1738 3.9224190603919813
1739 4.422515674082708
1740 4.216163074915938
1741 4.09936318318287
1742 3.8885120953367767
1743 3.294816919728145
1744 4.253083743289047
1745 3.9454671544876336
1746 3.394509610363451
1747 3.637040177892596
1748 3.983492235186513
1749 3.45121769515017
1750 3.9631575585557335
1751 4.39382334245462
1752 4.041430267144017
1753 3.966142010527903
1754 4.013666824266873
1755 3.4157079065972273
1756 3.2889796389238435
1757 3.580495888045429
1758 3.4286119155938004
1759 3.320770061241277
1760 4.012733979625254
1761 4.2868662399373925
1762 3.396490406616583
1763 4.176232549239009
1764 4.086946326665849
1765 3.8608057696700593
1766 4.155203666492734
1767 3.619762117819907
1768 4.044196695357232
1769 3.6697384445338748
1770 3.4048293149602324
1771 3.453803795432557
1772 3.3705866415060273
1773 3.3231841810155918
1774 3.4202611295870744
1775 3.724452414107201
1776 3.590074598881405
1777 3.4824258988321604
1778 3.745973126253668
1779 3.4442559505138566
1780 3.274684206275148
1781 3.3324596225509073
1782 3.3791099058755885
1783 3.432803830848194
1784 3.938095720028863
1785 3.6650534641928774
1786 3.3331905030478737
1787 3.771020009565636
1788 3.658665215066045
1789 3.4525237465112357
1790 3.824196720505203
1791 3.901065559245511
1792 3.6724273888400365
1793 3.9970149308292044
1794 4.101760844475586
1795 3.490505541224794
1796 3.7093360972956697
1797 3.86286305918546
1798 3.409412456437628
1799 3.5839441904226796
1800 4.041809590385422
1801 3.6613818674251473
1802 3.4749638888895555
1803 3.408763582409096
1804 4.013895906580593
1805 3.9946929756550418
1806 3.8549446521944186
1807 3.401005196567769
1808 3.4208653830722606
1809 3.3487741879407094
1810 4.0062621748643625
1811 3.8631608511435487
1812 4.028660475133929
1813 4.0241438973509
1814 3.9122345437751362
1815 3.8825781120811897
1816 3.47780076161887
1817 3.346264193194121
1818 3.483827176564072
1819 3.3403565883609567
1820 3.4114756774350306
1821 3.7326329714042568
1822 3.571689170807468
1823 3.7979150777130886
1824 4.036196466080069
1825 3.5261437127409057
1826 3.9362772595484405
1827 4.189722980756707
1828 4.212256180561945
1829 4.148185574980638
1830 3.8593067826877263
1831 3.5284153126282916
1832 3.3665750523659472
1833 3.4446806970036996
1834 3.453073744121545
1835 3.4578881259508827
1836 3.474879573009345
1837 3.519158371079394
1838 3.742308666575385
1839 3.5859290140968536
1840 3.972887658711195
1841 3.747689493086403
1842 4.224061049791354
1843 3.622158376563584
1844 3.6785785098743142
1845 4.022802281286551
1846 3.9551795347882246
1847 4.005387703497566
1848 3.4770797379308003
1849 3.3963588144507924
1850 3.81181637578671
1851 4.145520447251947
1852 4.0423603346570784
1853 4.251943023833605
1854 4.243788242715945
1855 3.529743600235043
1856 3.59541020407731
1857 3.9469444471486415
1858 3.9462615920134803
1859 4.009461942477068
1860 3.846574346795619
1861 3.8368927069685568
1862 3.8366404621727823
1863 3.451310058733244
1864 3.552782591182782
1865 3.6281610590956173
1866 3.568842249553649
1867 4.500069455672996
1868 3.8277026153486693
1869 3.554838014747023
1870 3.425253972687494
1871 4.0807161648081305
1872 4.020784818840145
1873 3.9653924845328596
1874 3.653609768068779
1875 3.631116101646778
1876 3.412041137717307
1877 3.4415928176063106
1878 3.3649545758223693
1879 3.767865049041661
1880 4.164689160113648
1881 3.859660066959471
1882 3.986109268127761
1883 3.316595557823451
1884 3.4318959007346246
1885 4.252862612958288
1886 3.5624851142841982
1887 3.4669349329929364
1888 3.390862582424243
1889 3.4736872029575494
1890 3.422788433981685
1891 3.8215959365284595
1892 3.7692802897734663
1893 3.821427514333873
1894 3.4748635826603773
1895 3.356585870512349
1896 4.349378804997391
1897 4.073134968488122
1898 3.6746198147063405
1899 4.176650544861362
1900 3.4367917320548655
1901 4.128641135374048
1902 3.8529446153424827
1903 3.593496439433566
1904 3.391302129252961
1905 3.483226145116452
1906 3.476677452796166
1907 3.4033074263908305
1908 3.468269446691178
1909 3.440971038687582
1910 4.084986032523599
1911 4.203604581041064
1912 3.3309025959030807
1913 3.4344219982165263
1914 3.3835853402090743
1915 3.5474388671114805
1916 3.5385242277153295
1917 3.5215379121505794
1918 4.06503796447561
1919 3.868615408588515
1920 3.590182652966998
1921 3.4267110155804077
1922 3.63294746337492
1923 3.8064501756671594
1924 3.704880606398929
1925 3.493639647019758
1926 3.4439244851346635
1927 3.63450246894472
1928 3.3725179325062142
1929 3.3758777645371083
1930 3.504203996937208
1931 4.0258477342140075
1932 4.071777330762166
1933 3.376150327130616
1934 3.9517541755038055
1935 3.8644762384893987
1936 3.731086826668648
1937 3.946552362835966
1938 4.074235668932062
1939 4.079316656690004
1940 3.581441512128182
1941 4.017942325085154
1942 3.899132412901883
1943 3.950801248302799
1944 4.119007541002217
1945 3.861453827811916
1946 4.187054824060656
1947 4.039974474310733
1948 3.4288893319126563
1949 3.350462294893032
1950 3.301762505514942
1951 3.8337668404824172
1952 3.9729909201362537
1953 3.754366269262489
1954 4.134011621498405
1955 4.000242276378782
1956 3.7043949790267083
1957 4.076710418279868
1958 3.3127436296012838
1959 3.258480855451112
1960 3.357073040622876
1961 3.628193158443858
1962 3.5615440281854083
1963 3.407513033948134
1964 4.026741755252335
1965 3.8126992874832495
1966 3.4706684948766506
1967 3.4764305213861024
1968 3.3894351163209184
1969 3.68841537339533
1970 3.8065274931713136
1971 4.301110868520226
1972 3.450080893946559
1973 3.4383608554300507
1974 3.3197525803224517
1975 3.296416036738596
1976 3.239951411129917
1977 3.3870719314668145
1978 3.368846874239498
1979 4.359605866061658
1980 4.218683384720041
1981 3.9705237001814564
1982 3.3046239378104496
1983 3.3476771798131155
1984 3.728542737867174
1985 3.634682114447309
1986 4.395101239564871
1987 3.483497514059894
1988 3.751828966941522
1989 3.8335616859593937
1990 3.894611900309534
1991 3.524932876969354
1992 3.546940327513681
1993 3.466820856495496
1994 3.32883651536413
1995 3.602044122251216
1996 3.5459411934344733
1997 3.4802043109865677
1998 4.138153228893555
1999 3.3714338620928856
2000 3.5101466629239204
2001 3.4220155967790813
2002 3.3144041394284796
2003 3.9086512893925076
2004 4.31368815884611
2005 3.6811553029022015
2006 3.994241270327387
2007 4.277279651458478
2008 3.9841659343711746
2009 3.332415736625529
2010 4.288483658544731
2011 3.453231887096061
2012 3.5330704694949433
2013 3.445909864785148
2014 3.4137892009396418
2015 3.466818980137381
2016 3.6591992320302245
2017 3.5927350628166206
2018 3.4984574335826535
2019 3.889879735502274
2020 3.8256495279285416
2021 3.9597501372059063
2022 3.5704072930069684
2023 3.448312643365023
2024 3.4069398203001113
2025 3.629011124863936
2026 3.3784018705724463
2027 3.468743767152938
2028 3.3959961731247295
2029 3.3464666147851894
2030 3.571811817414643
2031 3.3700973264627514
2032 3.3204413452135255
2033 3.235400958484691
2034 3.394277923783471
2035 3.9375425625427822
2036 3.4769810573575053
2037 3.629996344020172
2038 3.670186061914342
2039 3.4452680506016464
2040 3.7963607697726034
2041 3.5601363245640254
2042 4.051044153015388
2043 3.8424068189441702
2044 3.9843911073633955
2045 3.4430282409978203
2046 4.140005105404295
2047 3.968380853343732
2048 4.338171649291248
2049 3.5890240806562965
2050 3.9953463060501164
2051 3.512407790034158
2052 3.7192993996553416
2053 3.402240306540082
2054 4.150312685879719
2055 3.369233283957238
2056 3.768928022679313
2057 3.58759572443678
2058 3.2623577677881945
2059 3.4924805281107463
2060 3.3931325099509317
2061 4.236794846646196
2062 4.0208404824614306
2063 3.4857048852938464
2064 4.033317125641214
2065 3.9369593738377726
2066 3.3469989407280263
2067 3.3741642604123308
2068 3.4569147868606174
2069 3.484061503405024
2070 3.4978797612837704
2071 4.213049562457178
2072 3.404054421938067
2073 3.9735351626769777
2074 3.7513533875401714
2075 4.4872163773518645
2076 3.9594759249072644
2077 3.427202780919497
2078 3.3806093719421857
2079 3.383454605192848
2080 3.717758377763694
2081 3.602474418653081
2082 3.7206974030706474
2083 3.3470833737677967
2084 3.4854137771525675
2085 3.353589473016046
2086 3.3177820222648102
2087 3.9454683483886943
2088 3.4225111969645785
2089 3.881836770516977
2090 3.467418165549097
2091 3.612681409062814
2092 3.548708090147746
2093 3.448914234595964
2094 3.3689181919060016
2095 3.4389016149074965
2096 3.445547324910623
2097 3.333739657755093
2098 3.5225814356546565
2099 3.391496062334494
2100 3.370429301784943
2101 3.4131229511524315
2102 3.3114713267523537
2103 3.3864231318969447
2104 3.5039604393564443
2105 4.1174179234831465
2106 3.9110529926397435
2107 3.285129223812569
2108 3.4483892296178835
2109 3.2986410607751626
2110 3.5926587620803447
2111 3.5531992464253763
2112 4.0317327391248154
2113 3.288816431361657
2114 3.767621933434045
2115 3.4453710026465316
2116 3.4022708455012434
2117 3.869769114923848
2118 3.410302290264895
2119 3.404847456255792
2120 4.227149121189954
2121 3.4313679859785835
2122 3.3787965047211794
2123 3.267694163199366
2124 3.3154942149283277
2125 3.591144404423669
2126 3.9924145628867738
2127 3.706418782186719
2128 3.4400316388252734
2129 3.996430962110246
2130 4.0513185905648275
2131 4.05436296240577
2132 3.5375169503612605
2133 3.934265328557539
2134 3.443311921901364
2135 3.385197559787097
2136 3.790856538883384
2137 3.3717400424269814
2138 3.4329958030541317
2139 4.310972353249009
2140 3.241369898618531
2141 3.382924047952947
2142 3.567513093081831
