0 4.857521889600612
1 5.0331928301894004
2 4.813420484629231
3 4.874536678740011
4 4.89584885663245
5 4.767557731062345
6 5.601868102186698
7 4.6652688018420685
8 4.756643034532019
9 4.731460279868785
10 4.780556662594864
11 4.8871957109803414
12 4.70895170060657
13 4.66947419012694
14 4.802556912521478
15 4.719961303596479
16 4.86851964922889
17 4.893642299256998
18 4.629148630134498
19 4.831616104171975
20 5.006651189245904
21 4.760657513471144
22 4.65382843670988
23 4.7573717896425745
24 4.753031010580975
25 4.696832151414483
26 4.836357600960459
27 4.8927097065286915
28 4.832385408992093
29 4.719486906707248
30 4.589011164913958
31 4.860934164643264
32 4.739851375726148
33 4.599572447533277
34 4.702519865852085
35 4.818631794952962
36 4.862143618686048
37 4.829141466045462
38 4.9492777770240295
39 4.690844535340695
40 4.56019621786999
41 4.842747373311403
42 4.738190308271547
43 4.788874537944402
44 4.683436720556135
45 5.093550972671295
46 4.860524315331802
47 4.759936769041862
48 4.668946172688741
49 4.8629926384034325
50 4.666992576766209
51 4.851620807553031
52 4.7834114773321685
53 5.899952411846773
54 6.433341226795028
55 6.531228877875035
56 6.525829776201373
57 6.413600751546489
58 6.509959106092532
59 6.125680159901257
60 6.907022773608431
61 6.599378961638546
62 6.0256125285757856
63 6.627939539720643
64 5.883998773189061
65 6.49152322031997
66 7.154187514671895
67 6.669214982434479
68 7.386622760934044
69 6.958430563971263
70 5.535504568880203
71 5.581980876467559
72 7.597775265192902
73 7.10271146318614
74 6.393715460341475
75 6.768758045758961
76 6.259093220668262
77 6.41408547055033
78 6.446304120251042
79 7.258028478988839
80 6.186803216311655
81 6.3937282434186224
82 6.878197743101478
83 6.565764038556224
84 6.662526393381141
85 5.702435685078037
86 6.51148528791648
87 6.3931711798403414
88 6.634485485968816
89 6.942286620408003
90 7.296611779366935
91 6.870773351784735
92 6.445332986528981
93 6.326603683360309
94 6.248398814104244
95 6.036629850493723
96 5.924620345009311
97 6.007950320724835
98 7.2612066260226324
99 6.549676808565324
100 6.709150365435812
101 5.479972579530562
102 6.429489459199654
103 5.658345285169579
104 6.675933729967744
105 7.267318905342023
106 6.039394457877479
107 4.777903818852338
108 4.894365411201472
109 4.804050363369328
110 4.488543114512426
111 4.704124287161733
112 4.554351230433322
113 4.84080868893953
114 4.839354137290909
115 4.803783578771191
116 4.6749585534721625
117 4.749224839966282
118 4.969346475983602
119 4.688273443828211
120 5.064605084267983
121 4.60300186044751
122 4.893439766336911
123 4.556742670682137
124 4.796897374181979
125 4.708257704883095
126 4.519765009002314
127 4.603662785155043
128 4.972400502782921
129 4.594034078576811
130 4.590252119419295
131 4.771936230558212
132 4.63704570589378
133 4.7615966243205925
134 4.579873622873512
135 4.6138137735373155
136 5.083097268883485
137 4.8006880999006505
138 4.908391327845691
139 4.873716292139069
140 4.688292619304937
141 5.079022765245413
142 4.681148885584571
143 5.038598989222133
144 4.917274607240349
145 4.696043964959871
146 4.939949430240526
147 4.709068475754584
148 4.6833695200108565
149 5.41134227814494
150 7.3910937369904515
151 6.3810164960185665
152 5.9697079798220845
153 5.78894788799879
154 5.547821246337778
155 6.525539395152058
156 5.916711088304797
157 5.986195390822886
158 5.420959779411167
159 5.325889675511005
160 6.706690035440565
161 5.9232642903032815
162 6.048657275114681
163 6.509187395309644
164 5.750570718393504
165 6.1465628391078075
166 6.564375457257172
167 6.577471796358085
168 6.165049493217268
169 6.170086731671751
170 6.101973272386908
171 6.224168779749473
172 6.300158346463454
173 6.935791336357227
174 6.719970130230023
175 6.152315524067438
176 6.3558945441396455
177 7.098197591298691
178 6.067662679951368
179 6.901230468400614
180 7.009151776725782
181 6.510150355735444
182 6.381181554198605
183 6.952170687366631
184 6.782762315476935
185 6.606184948401378
186 5.742181379266281
187 5.966817095503092
188 6.34143609318908
189 6.785921307044401
190 6.7818208869297605
191 6.419567948244633
192 6.048564224468482
193 6.277677423688211
194 4.688901947116837
195 4.824474197661522
196 4.791020309703669
197 4.7926008719030255
198 4.5968257113975
199 4.653856114143538
200 4.803655391373404
201 4.753012892253396
202 4.914948506377336
203 4.5269018202088285
204 4.896309532518705
205 4.605239281808129
206 4.991827646390126
207 4.5393921281848355
208 4.6271265238450034
209 4.736474315501838
210 4.957192329057041
211 4.662367184768579
212 4.94615199553521
213 5.057337837545289
214 4.793409397528808
215 4.7970690383843255
216 4.78972439270189
217 5.129353277011817
218 4.948600718723633
219 4.6834671434892625
220 4.898751098896842
221 4.942652200411896
222 4.754332776848061
223 4.711708439410288
224 4.834192629434586
225 5.197428586823595
226 4.683569226258329
227 4.757004841663945
228 4.877763500234536
229 4.573256423342253
230 4.5402652187401396
231 4.667747320379644
232 4.7129574678060955
233 4.997801753986794
234 4.765114575835767
235 5.020576496525582
236 4.631450959255814
237 4.997089535116059
238 4.583814396809653
239 4.460793939097208
240 4.701165657383707
241 4.915704709095919
242 4.553998597825461
243 4.615656635864607
244 4.580753864754909
245 4.972985842240444
246 4.668465064683082
247 4.741928281531307
248 4.842279444355373
249 4.774861713956806
250 4.786528300387911
251 4.8382585478638775
252 4.762785766034506
253 4.946304976296366
254 4.764180983468554
255 4.589002751137647
256 4.638736516869234
257 4.467068973598819
258 4.894706458536145
259 4.4764979742557705
260 4.693001501265448
261 4.909605830825565
262 4.630210610716425
263 4.518679379697041
264 4.441000938101924
265 4.58696319790878
266 4.696844208520869
267 4.770430610372332
268 4.815341338770992
269 6.65639662911842
270 6.742492205864408
271 7.0471929091517485
272 6.823891055045596
273 6.855741627062535
274 6.268450572453825
275 5.81194267646105
276 6.378842683644658
277 6.293782055854505
278 6.6858091060526315
279 7.333988091361875
280 6.336932739688045
281 6.926934823266477
282 6.742030892124184
283 6.637083072298513
284 6.368931680569428
285 6.6771069621781285
286 6.250991803981383
287 7.234894259236757
288 6.13603904697286
289 6.51207823566975
290 6.2750882934962
291 6.332363792224381
292 6.5465943311345125
293 6.338161984183717
294 5.771019057248876
295 6.323566095715737
296 6.7163795061167635
297 6.6202973573279165
298 6.320520328128335
299 5.748309041108316
300 5.6269131750429855
301 7.058042395878614
302 5.715505203505556
303 7.020076076509192
304 6.432812032893129
305 6.973014006394801
306 6.467526640221696
307 6.260622445691483
308 5.735503929961011
309 5.375057266504666
310 6.168485255747376
311 6.190424962157953
312 6.621660207301906
313 6.025183409909279
314 6.312273063949648
315 6.206146056295052
316 6.088025321728135
317 6.748333346154581
318 5.987672072656278
319 6.573335786163955
320 6.320887906904331
321 5.527875462892303
322 6.661755463116505
323 6.39826670070771
324 6.4397835265395695
325 5.283509231701672
326 4.853784749832933
327 4.801305497388631
328 4.819517455545821
329 4.738473024089369
330 4.881618014249437
331 4.8875769173290955
332 4.750425913336858
333 4.835274654145582
334 4.530057690235888
335 4.777324388158734
336 4.573958343172353
337 4.5343827772896725
338 4.776368165015895
339 4.589851064327949
340 4.691283005213305
341 4.781034569622084
342 4.711801712007289
343 4.536050271362936
344 5.051005411616279
345 4.757562604339354
346 4.7333370478479075
347 5.132529918320976
348 4.84409800203533
349 4.540478820230615
350 4.768893265132329
351 4.630765237379868
352 4.606048945195721
353 4.798218200617107
354 4.568712067227273
355 4.7994888608981405
356 5.04997407814104
357 4.817766524503434
358 5.00365513555391
359 4.811476677211237
360 4.642139872731996
361 4.706386133721792
362 4.779274695635725
363 4.6820282218415334
364 4.849561886696845
365 4.995855504241278
366 4.69204524077016
367 5.231778421602181
368 4.65699693152943
369 4.815371489427676
370 4.6855604978711245
371 4.965888987376187
372 4.898559926302089
373 4.970017773990865
374 4.810914854792491
375 4.759314578457311
376 6.3276781634303685
377 6.860134347054031
378 6.699057164367702
379 6.373363985072453
380 6.7114935821861295
381 5.947346918807461
382 6.471200763117788
383 6.804366258541674
384 6.835142759160565
385 6.093241885396918
386 6.274012520085038
387 6.230320649099405
388 6.333588005475923
389 5.2186987434744765
390 5.115559132518556
391 4.69213292129452
392 4.815113369082798
393 4.52910584660696
394 4.999715408410112
395 4.93436107837703
396 4.559270554398943
397 4.950310738027909
398 4.6762830134410835
399 4.8142410496814705
400 4.593250369462861
401 4.698314156420232
402 4.780149685541734
403 4.788344497635791
404 4.90444271685406
405 4.588503821069518
406 4.675834637429822
407 5.076127072132869
408 4.736965109640837
409 4.8503085923656
410 4.917180654720809
411 4.762003188484827
412 4.654679982344799
413 4.730878843492633
414 5.029903141815808
415 5.406922124709428
416 5.008602053937914
417 4.826777398675834
418 4.8333847254179405
419 4.651857714857317
420 5.0853991234674645
421 4.5966482260695285
422 4.79484916376603
423 6.4910557918970335
424 6.2936221517457485
425 6.130564711762255
426 6.617886441166004
427 6.885276236094914
428 6.150785038325961
429 6.922458429574359
430 7.530129957879675
431 6.306921450929212
432 5.7860548881358485
433 6.5817650804782675
434 6.782109904082907
435 6.434023523036399
436 6.641626945091482
437 6.6050534663739615
438 6.712430963902717
439 5.7177963824959175
440 5.954297014560669
441 5.98548599894384
442 6.14980368004976
443 4.994612030258635
444 4.856756867453766
445 4.669343118129175
446 4.865855359032568
447 4.935615008839117
448 4.870550063436008
449 4.797535284034056
450 4.7215579251966915
451 4.751648359415084
452 4.594433632734667
453 4.888097029888982
454 4.78764006398229
455 4.976567491705043
456 4.754939195532902
457 4.684852155355926
458 4.788449147396045
459 4.504908612759456
460 4.474246692234926
461 4.8416722282715225
462 4.700190369019911
463 5.127439303683827
464 4.537178967940665
465 4.643588883462428
466 4.725847117985834
467 4.806585851253687
468 4.509675219433986
469 4.575142608110742
470 4.984305688611837
471 4.793221768876511
472 4.815487085744657
473 4.707478186486767
474 4.824116048303501
475 4.705801560335309
476 4.757917875619492
477 4.8647506375625245
478 4.463206530389508
479 4.870598263802323
480 4.632264676774784
481 4.478955681714819
482 4.890139517036926
483 4.655689329810063
484 4.8039370977662585
485 4.817970387109339
486 4.78324218552171
487 4.784859702648105
488 4.807072132362718
489 4.52665368136942
490 4.955885597428168
491 4.682744928433807
492 4.8290264923601685
493 4.6591136245416
494 4.85573029418159
495 4.7024332007678815
496 4.839669988997839
497 5.0479950235402855
498 4.724184190184381
499 4.561321507276969
500 4.872031915648981
501 4.8782019739930735
502 4.753253531337636
503 4.69337875772708
504 5.058965098135517
505 4.7176887203813385
506 4.863263442514455
507 4.763623187026889
508 4.977963274002713
509 4.783851447217512
510 4.606893641373913
511 4.604796758701758
512 4.561645664183381
513 4.797573406147938
514 4.555078300898018
515 4.6920335749858895
516 4.958386100257724
517 4.608131092387719
518 4.689381095850367
519 4.9304567802032215
520 4.929118671851226
521 4.9092914983580425
522 4.97995927749992
523 4.549752198549495
524 4.564418031544599
525 4.752615813983028
526 4.497450578509366
527 4.698292868957766
528 4.819056329692035
529 4.6230248546552435
530 4.758770206437364
531 4.7932556899541146
532 4.721200836642643
533 4.87561500326329
534 4.8802710043011315
535 4.680995715064441
536 4.8997198157014346
537 4.715930934348566
538 4.796175678618802
539 4.908556618463287
540 4.77085180739355
541 4.651077291012387
542 4.796905304302436
543 4.591341924829114
544 5.0866918461191215
545 4.646661112319707
546 4.559020431113931
547 4.6905439588198865
548 4.915553665416878
549 4.764626077861615
550 4.7074216559119
551 4.765062978414653
552 4.645872224051513
553 4.842345885262996
554 4.683907810812903
555 4.909763038823959
556 4.958142993208561
557 4.869420157832705
558 4.6863335712069265
559 5.062401620683552
560 4.7313560330136974
561 4.9309239256754935
562 4.8190933213398575
563 4.72881469649499
564 4.924522827315196
565 4.777303806156682
566 4.733830542785089
567 4.5179897310232455
568 4.891418028270665
569 4.743150958649456
570 5.011895961926789
571 4.755033220880098
572 4.638899515772902
573 4.332895621626471
574 4.789518450097094
575 4.424919000053906
576 4.955635560032415
577 4.788556651659174
578 4.993993159772604
579 4.7225187724721485
580 4.639105217848796
581 4.561772587982549
582 4.6271142939567715
583 4.902482978578841
584 4.644581945554265
585 5.227136228734878
586 4.850310537703951
587 4.6188923103762605
588 4.589213513894931
589 4.887875107620886
590 4.844726007077616
591 4.990591988131466
592 4.773423990318818
593 4.649199137571962
594 4.8975759639472995
595 4.697279631763488
596 4.546299339085826
597 4.724029018206604
598 4.732296369665362
599 4.752935310063187
600 4.8586466873993475
601 4.673651982140001
602 4.9035198230402335
603 4.9203258704063
604 4.751868463390698
605 4.776618226561802
606 4.837081481612263
607 4.8014007660325655
608 4.337244982496608
609 4.577057465978739
610 4.6911100611322
611 4.427044923874486
612 4.6540974388095835
613 5.092730736253821
614 4.759535251616956
615 5.193734586132019
616 4.935927002469078
617 4.880798003756982
618 6.747883018072636
619 6.633160158619419
620 6.935156007232801
621 6.604660122974298
622 6.088863224044924
623 6.77527444810119
624 6.727889206566794
625 6.612428688761872
626 6.6429215784412525
627 6.679272217152969
628 6.418779765363872
629 6.242359966804302
630 6.736068010012923
631 6.377509371784702
632 6.945810966105173
633 6.830262374598795
634 6.843188089980183
635 6.475820706115682
636 6.413678334437775
637 7.143424331353108
638 6.921002678509286
639 6.068873301244582
640 4.991426686882975
641 5.083733891862196
642 4.805318572380613
643 4.870477275638808
644 4.7134420252304094
645 4.76337971770274
646 4.66214290906889
647 4.557984962153831
648 4.9114370201084006
649 4.548690687891873
650 4.631241578196995
651 4.7585056679220195
652 4.890573846338747
653 4.563580531352617
654 4.494908842334659
655 4.644566508224468
656 4.6807507833056805
657 4.648456430122796
658 4.333258784568945
659 4.622753359691436
660 4.617647383925645
661 4.569419286203995
662 4.510115751004902
663 4.719160728244497
664 4.7731994215928015
665 4.663115355392687
666 4.539137566841549
667 4.653809219964701
668 4.561724100661487
669 4.719194205038644
670 4.744706443655573
671 4.896855842658533
672 4.511825638901635
673 4.68993595067045
674 4.687672124704058
675 4.6199288103577505
676 4.624011940344924
677 4.37783421396877
678 4.669333668975488
679 4.703074512208394
680 4.707816372880395
681 4.226472133697381
682 4.591255110727381
683 4.602262469023313
684 4.708006522339805
685 4.883736626574598
686 4.569389018742856
687 4.141369059725193
688 4.826468463231377
689 4.817906218645744
690 4.889679350573969
691 4.660538892665069
692 4.76750392285137
693 4.610766395205988
694 4.646315179731472
695 4.56059752237539
696 4.4743498749449255
697 4.524802173643685
698 4.564445404778301
699 4.365011539564982
700 4.412625329206436
701 4.866063240885399
702 4.771592942706983
703 4.967407279646343
704 4.89023814788
705 4.685797122440829
706 4.460560137486157
707 4.748622166781586
708 4.266612979861137
709 4.524890445647064
710 4.703959503056325
711 4.747444025766667
712 4.5661288436449965
713 4.664879099996972
714 4.1622482311084035
715 4.884264223138656
716 4.604158655814575
717 4.549759876607236
718 4.3294036156679745
719 4.604403420336784
720 4.7400480800122855
721 4.483868431706218
722 4.788103198001513
723 4.1930636148795175
724 4.578415591288622
725 4.612194550313439
726 4.595711724753116
727 4.892061133575393
728 4.634964012624355
729 4.720043631000211
730 4.6040334550428605
731 4.758749571346616
732 4.70737867008467
733 4.4937204544130855
734 4.667460020297287
735 4.647583270642674
736 4.47740251972445
737 4.5959360876454936
738 4.660374828719446
739 4.587985097945569
740 4.921094742844214
741 4.611216840188045
742 4.619379140587898
743 4.681983382108802
744 4.365986734082525
745 4.471114055157933
746 4.414804651367784
747 4.451450776281392
748 4.601179689551934
749 4.708347435551135
750 4.680957679891133
751 4.638581433389663
752 5.092177830444881
753 4.557983417526559
754 4.465135841547054
755 4.756067106380795
756 4.811814546749733
757 4.702353861995076
758 4.027764821144243
759 4.480075430610136
760 4.5745232157246365
761 4.723897310248854
762 4.838677445674026
763 4.716974914239322
764 4.420173715212357
765 4.76398907941936
766 4.0922572565710045
767 4.567879656764091
768 4.713170396526854
769 4.4199565995073264
770 4.612416796096303
771 4.789605028062153
772 4.625728874282363
773 4.720763366655769
774 4.804634598339038
775 4.5187851799946985
776 4.600305302079624
777 4.573191023008338
778 4.587370137022606
779 4.662452695287865
780 4.350082351645161
781 4.833812245428471
782 4.67311679354268
783 4.798361338530935
784 4.651924153499128
785 4.646201054633387
786 4.560958908884695
787 4.430037975099716
788 4.579979870819842
789 4.936022866847141
790 4.396976371761367
791 4.308877404743263
792 4.717605729118525
793 4.716576251225073
794 4.710235991762381
795 4.410090518569515
796 4.231385925947257
797 4.455193856703252
798 4.639844051222411
799 4.449176694520137
800 4.597209464312122
801 4.563706279305394
802 4.839275077011821
803 4.4097163645226205
804 4.633494837184793
805 4.760404210717151
806 4.717749175526258
807 4.793194161092214
808 4.456885568268442
809 4.892152562525262
810 4.774118297537574
811 4.225152310429098
812 4.478974147044207
813 4.6082037373828975
814 4.570971794269805
815 4.502504626640627
816 4.495181290429209
817 4.503637783356753
818 4.597816998833186
819 4.532131437069207
820 4.523705611806618
821 4.633175944198807
822 5.116436323076979
823 4.378774680581263
824 4.788261383054746
825 4.615036424558814
826 4.605701022079311
827 4.617027327798371
828 4.372423935846742
829 4.721217366930459
830 4.542511050688184
831 4.770179333272628
832 4.2905568076082545
833 4.77728253656215
834 4.67618673874818
835 4.854120114190106
836 4.255708364034957
837 4.698597581444489
838 5.2549124903120275
839 4.497215691934849
840 4.615039464719395
841 4.787414755671893
842 4.960669137328417
843 4.400043752093856
844 4.693564418743024
845 4.5263125072738655
846 4.6699376861652935
847 4.673748765427203
848 4.634400886000001
849 4.502241457669291
850 4.879717447629952
851 4.6549495629021305
852 4.566722834466254
853 4.7898379831458024
854 4.706772003131696
855 4.636630541199164
856 4.865467621648868
857 4.6784716768925225
858 4.664121016042
859 4.900281741235653
860 4.562698211132196
861 4.719384415992223
862 4.4040552233101025
863 4.753365531026673
864 4.833604787254074
865 4.6949876174475165
866 4.584621516325253
867 4.90072545130033
868 4.620469732744035
869 4.491373443428587
870 4.7104871806485775
871 4.6383581271154615
872 4.7347894064648965
873 4.864666446534238
874 4.5718786202183255
875 4.584643139697044
876 4.839701062081169
877 4.86110932450663
878 4.669859875250867
879 4.7160625431018826
880 4.680291067927857
881 4.639156391602223
882 4.626206627886285
883 4.717905998937465
884 4.828438285771423
885 4.726979719489026
886 4.6722279548286885
887 4.699958348223109
888 4.652906286006901
889 4.686821135407795
890 4.549611245441448
891 4.882931123040938
892 4.611216616637122
893 4.695726262306952
894 4.896718333306209
895 4.785506124358771
896 4.894618232830299
897 4.650649339039741
898 4.718954356465051
899 4.900701610289206
900 4.905954485031291
901 4.791911211064808
902 4.689561494333442
903 4.7334980425156035
904 4.90858256541477
905 4.720945755182057
906 4.622717273438575
907 4.616314279696509
908 4.788465922035622
909 4.974039478652097
910 4.488537505323215
911 4.607154956219811
912 4.918976918668383
913 4.722696484135316
914 4.791553826545014
915 4.60463434075409
916 4.666451721068955
917 4.834920079519459
918 4.604943637979545
919 4.489797911775396
920 4.924109848340896
921 4.8097121326576975
922 4.751380146813555
923 4.574321974875032
924 4.655030972035435
925 4.705174845649245
926 4.671428748292098
927 4.597706138793715
928 4.600440631136074
929 4.809413817309515
930 4.745854368634037
931 4.62119141304791
932 4.760621611494468
933 4.640844878659729
934 4.7277255534539755
935 4.800918719766514
936 4.663452608113149
937 4.715394359723927
938 4.734635614863233
939 4.598751598998622
940 4.651623314863852
941 4.729302410000759
942 4.915744692220259
943 4.689006820805549
944 4.8037620711371565
945 4.69541515717955
946 4.718384670746183
947 4.761926201930243
948 4.841596387800667
949 4.615914848936829
950 4.724137916038743
951 4.725292529197956
952 4.726402032930111
953 4.5644652202305585
954 4.633243083446184
955 4.645699932091387
956 4.619029710255123
957 4.796779646480646
958 4.953513157887416
959 4.6069941804964385
960 4.661592908476439
961 4.958480800530791
962 4.693413343250024
963 4.749295933763562
964 4.883194809836964
965 4.62059661512136
966 4.88512013798925
967 4.564346969062638
968 4.832387717308166
969 4.75160043974475
970 4.697279216964983
971 4.790133875706224
972 4.644842065374374
973 4.6698838339629996
974 4.966094100880514
975 4.590319701151798
976 4.754295152694927
977 4.675471090879462
978 4.720569956723658
979 4.765217858844392
980 4.715369673253189
981 4.88192364633029
982 4.696359179129005
983 4.577318474567474
984 4.58984361466796
985 4.57966492429167
986 4.815881224940611
987 4.6919504462124735
988 4.773988856155542
989 5.043313977657556
990 4.779069136126051
991 4.650378791517565
992 4.805098500130333
993 4.979578826329075
994 4.825147559235163
995 4.7405710786511905
996 4.786060127376044
997 4.892737668761673
998 4.824264871612937
999 4.505458638338526
1000 4.900132984413067
1001 5.087886940287916
1002 5.036317994095541
1003 4.785576091959146
1004 4.68569645344059
1005 4.8502187699751556
1006 4.860250958652691
1007 4.493277983114592
1008 4.770379605214829
1009 4.529874707115688
1010 4.8141578209865505
1011 4.559293405962429
1012 4.992834727106825
1013 4.939082697241274
1014 5.048291519541351
1015 4.67696390108516
1016 4.7864794274747355
1017 4.783106359135137
1018 4.697144997321637
1019 4.563916833119646
1020 4.6761847657007145
1021 4.694611165245207
1022 4.68412349485173
1023 4.776963268295585
1024 4.606863181019751
1025 4.689200413312444
1026 4.6397499011689645
1027 4.656438317593378
1028 4.693800466682338
1029 4.7423137484556666
1030 4.586038361472522
1031 4.765042402921504
1032 4.668248005167404
1033 4.403905998232728
1034 4.8152441580115655
1035 4.4927118001872755
1036 4.884003230955938
1037 4.640684275161763
1038 4.736790285548624
1039 4.892625603284161
1040 4.634948666803156
1041 4.68030905521584
1042 4.813766197760173
1043 4.722799836384761
1044 4.54719502735852
1045 4.639222652908956
1046 4.912629031615083
1047 4.633406864611065
1048 4.710675818191291
1049 4.716779225645424
1050 4.567156624314619
1051 4.795226347648219
1052 4.643476857212892
1053 4.713631076877227
1054 4.655101988704819
1055 4.506470814596448
1056 4.624673353667184
1057 4.656453670842577
1058 4.878770815079237
1059 4.687617638455929
1060 4.606279675997124
1061 4.70041347407977
1062 4.476937417854669
1063 4.454403523801141
1064 4.669019048688824
1065 4.761109611856163
1066 4.673158534767583
1067 4.813242587329228
1068 4.723567549673995
1069 4.559784479080636
1070 4.743689534818529
1071 4.855193496807091
1072 4.50278121612523
1073 4.766505937120062
1074 4.738571515091131
1075 4.620260652527121
1076 4.760341082763942
1077 4.988362838658643
1078 4.525323913291942
1079 4.538508391519416
1080 4.882228598120531
1081 4.521571096206142
1082 4.5046529773002515
1083 4.880848425125925
1084 4.823303245338943
1085 4.702762827977998
1086 4.520170599182694
1087 4.653426598256883
1088 4.736996035853857
1089 4.84195233980453
1090 4.604069801888092
1091 4.649149802869746
1092 4.71496590773388
1093 4.694068452138711
1094 4.6699796939834375
1095 4.606384127622115
1096 4.8617234822045505
1097 4.704690273541884
1098 4.521580922037833
1099 4.6595334846790735
1100 4.742378561021365
1101 4.609894747554485
1102 4.571359045925329
1103 4.887799506839575
1104 4.798120798902752
1105 4.685355137268025
1106 4.514362538024271
1107 4.763086507918837
1108 4.606755304246078
1109 4.603199548816193
1110 4.658886259791643
1111 4.98693376807108
1112 4.742565765051893
1113 4.80559755156332
1114 4.894572380451279
1115 4.531092416784107
1116 4.618162137131928
1117 4.838739900992525
1118 4.734508363103612
1119 4.7922190726580425
1120 4.9205132842109816
1121 4.635700974589564
1122 4.531456891729067
1123 4.588956706428351
1124 4.566765812888748
1125 4.701697846749209
1126 4.806831254359058
1127 4.689224523298557
1128 4.894265085358291
1129 4.716972970385027
1130 4.525788634686427
1131 4.647606991970871
1132 4.858286246603733
1133 4.751206700548603
1134 4.638502017019684
1135 4.599825701120182
1136 4.570093635320871
1137 4.820824987988241
1138 4.715997687395135
1139 4.822650071655491
1140 4.750940248117843
1141 4.799202796039629
1142 4.666305026243479
1143 4.5416735936461015
1144 4.77562396643519
1145 4.743149222462613
1146 4.870183182936792
1147 4.777622067937326
1148 4.732096431921736
1149 4.62040004009733
1150 4.7329837620235775
1151 4.772318920200166
1152 4.638683275197845
1153 4.573730545121533
1154 4.5017085974761795
1155 4.993632948750344
1156 4.745408470372018
1157 4.8612402181371674
1158 4.771364319885212
1159 4.412245053772987
1160 4.5523387597064175
1161 4.5241204889833
1162 4.385109612224042
1163 4.865036295174448
1164 4.883455249122269
1165 4.702701300811322
1166 4.800863765777949
1167 4.6590336430476755
1168 4.38140298962015
1169 4.808833894346956
1170 4.706044297276934
1171 4.722011824510547
1172 4.510945201963863
1173 4.719949495138163
1174 4.413629490060422
1175 4.683931156674618
1176 4.886512303775748
1177 4.674446997105251
1178 4.51059123462602
1179 4.901653425688946
1180 4.764544952051241
1181 4.766564225686158
1182 4.707118986009395
1183 4.610029651543799
1184 4.614893663915626
1185 4.73624125517088
1186 4.8775212447775305
1187 4.482400810654054
1188 4.603613705724918
1189 4.625512005273795
1190 4.637650836613108
1191 4.846352323045725
1192 4.443864238946276
1193 4.618012296657851
1194 4.6172515380704535
1195 4.5851047531657105
1196 4.458161833544944
1197 4.778507328783029
1198 4.479416773061863
1199 4.6828059903788475
1200 4.400425501996043
1201 4.1856620225591366
1202 4.705759502455499
1203 4.71852867890363
1204 4.612209161645987
1205 4.589435472095352
1206 4.905495270294847
1207 4.86450216740218
1208 4.5596482189985466
1209 4.59540183034214
1210 4.756395337186634
1211 4.767639853969616
1212 4.654371924287711
1213 4.621536275546528
1214 4.594504562085131
1215 4.902980216768313
1216 4.696860322349215
1217 4.84815834919857
1218 4.73878823604859
1219 4.530684686472412
1220 4.702307509114461
1221 4.730600432630062
1222 4.768918928340987
1223 4.856442001512678
1224 4.767844737742517
1225 4.759743522946684
1226 4.621110165890545
1227 4.540058035860746
1228 4.720770715519702
1229 4.801133491388428
1230 4.575910423387627
1231 4.495346424417403
1232 4.858870391275736
1233 4.507209146847394
1234 4.800747162599572
1235 4.57753285869594
1236 4.878576875304681
1237 4.757672840343721
1238 4.9457850048901015
1239 4.376045507758918
1240 4.113001039734153
1241 4.743754089677821
1242 4.802556553091808
1243 4.708485260629211
1244 4.610204161841851
1245 4.227625271532673
1246 4.634769514783898
1247 4.7621044732203295
1248 4.470110487932229
1249 4.601999838685989
1250 4.722363294882898
1251 4.584409026657749
1252 4.622587186627507
1253 4.460471878857544
1254 4.804604656349235
1255 4.696884168624988
1256 4.368951544069155
1257 4.487816843030008
1258 4.530395026009657
1259 4.6183998487368125
1260 4.690004252105405
1261 4.661625661405575
1262 4.711805943936548
1263 4.585441088589769
1264 4.715769144054839
1265 4.461319575153826
1266 4.585231377341569
1267 4.628603839703063
1268 4.663352093411344
1269 4.613291109118815
1270 4.4926662855838195
1271 4.485978949779939
1272 4.667186636836419
1273 4.620211072241462
1274 4.688980259847428
1275 4.452850185488378
1276 4.745831358355442
1277 4.885787142246506
1278 4.5779652021825274
1279 4.381732095658747
1280 4.540295590670307
1281 4.65278000905665
1282 4.563707050130946
1283 4.410489865085337
1284 4.820539713664546
1285 4.442482138879757
1286 4.522561429118629
1287 4.801615807640246
1288 4.31233085007437
1289 4.660096060619211
1290 4.59672277312867
1291 4.614001977641549
1292 4.271653521514233
1293 4.524742149008784
1294 4.711650242691896
1295 4.59532405195482
1296 4.46802710723926
1297 4.679779564629669
1298 4.773864985244047
1299 4.231388444263813
1300 4.601751836480238
1301 4.9052416541753425
1302 4.60531753487118
1303 4.223621341649006
1304 4.543547872342407
1305 4.702984374051839
1306 4.79169287325686
1307 4.707840424490318
1308 4.648859111240034
1309 4.866584121915055
1310 4.577433441582686
1311 4.41520264122882
1312 4.511344026766868
1313 4.457323113429303
1314 4.710852827974095
1315 4.768258722649672
1316 4.808002356591899
1317 4.752238380472554
1318 4.6511777245850485
1319 4.535770391401398
1320 4.790035159045878
1321 4.849002804889796
1322 4.598605348642137
1323 4.430152762106645
1324 4.600126139655641
1325 4.75230310086528
1326 4.591884187131356
1327 4.817665754242534
1328 4.443844288384067
1329 4.607276903729131
1330 4.55560175533085
1331 4.445879992457285
1332 4.5855051669405675
1333 4.945372986475924
1334 4.478645830065933
1335 4.664479937286749
1336 4.860483984016069
1337 4.0919798978433795
1338 4.408614347368846
1339 4.556065136787067
1340 4.577052473606924
1341 4.406711354754941
1342 4.669656237001795
1343 4.561229431250314
1344 4.569268262403628
1345 4.498645441628814
1346 4.305853500049956
1347 4.6684836105540155
1348 4.76161189820441
1349 4.807913234168439
1350 4.3755125442957095
1351 4.6285218578930944
1352 5.0334875888709325
1353 4.459794700300139
1354 4.625412072856968
1355 4.737990164050543
1356 4.7235454304442035
1357 4.678179715914823
1358 4.790009108098
1359 4.751742791881708
1360 4.887041242114837
1361 4.464936882236267
1362 4.749299689851621
1363 4.704555213819378
1364 4.989212575639973
1365 4.829915530416083
1366 4.839756480101259
1367 4.668062313002837
1368 4.818880485035196
1369 4.70372334776779
1370 4.765159584995443
1371 4.805002955874986
1372 4.716102965524171
1373 5.014718437990377
1374 4.732814301935609
1375 4.660800985388732
1376 4.895958982256458
1377 4.7570258545091555
1378 4.704103733267272
1379 4.648262333179608
1380 4.724418899717986
1381 4.779124880693741
1382 4.699544942216786
1383 4.685764253103982
1384 4.455364396413881
1385 4.64357095736616
1386 4.905168904196868
1387 4.771712245052827
1388 4.77316658459829
1389 4.670256050775582
1390 4.623085189098945
1391 4.639486430344039
1392 4.6874577406324
1393 4.90722434712093
1394 4.770778106424591
1395 4.615773210907351
1396 4.727395605399784
1397 4.623085323866612
1398 4.660895946903791
1399 4.663612505953062
1400 4.763365417949796
1401 4.652634506112779
1402 4.78699031749376
1403 4.826812640296883
1404 4.475192876914948
1405 4.759979640500812
1406 4.792734359921479
1407 4.6354086332680255
1408 4.468977429570471
1409 4.434448075699443
1410 4.6796065356258
1411 4.752965180408399
1412 4.63320729773643
1413 4.602644229308848
1414 4.667795377759434
1415 4.675010923762743
1416 4.1696757569888
1417 4.372009313731659
1418 4.608696825323359
1419 4.530047180350431
1420 4.524967562406403
1421 4.616335327872442
1422 4.855357395053399
1423 4.820147439280008
1424 4.758447976179899
1425 4.798853400768653
1426 4.495212864576823
1427 4.575779006958618
1428 4.70338170138412
1429 4.580969071801888
1430 4.731055143921178
1431 4.79649474648171
1432 4.497313560497176
1433 4.596856504440491
1434 4.448431783009365
1435 4.381251982441479
1436 4.115198504371138
1437 4.563297064215654
1438 4.670050060803656
1439 4.659153309695591
1440 4.594292384683018
1441 4.622530106833232
1442 4.656676213553308
1443 4.633662314235758
1444 4.809129754658217
1445 4.5645239106180355
1446 4.578280573336821
1447 4.692652551161568
1448 4.607776472318399
1449 4.575710674370389
1450 4.583924901765527
1451 4.715907915376883
1452 4.7611584281659844
1453 4.721767346498751
1454 4.359960870985182
1455 4.72076474771971
1456 4.544402468073875
1457 4.447737223785901
1458 4.538879112751872
1459 4.490457071293167
1460 4.5729128745337855
1461 4.327304963674115
1462 4.381574580260482
1463 4.620197954653298
1464 4.384549399641979
1465 4.564909224323774
1466 4.897207494144728
1467 6.044646895233696
1468 5.555980728308438
1469 5.634285950972947
1470 6.138626988631808
1471 6.0420780534089085
1472 5.338443949168542
1473 5.209658201272311
1474 5.861603425466587
1475 5.336989051486332
1476 5.561570806118603
1477 6.079996652121513
1478 5.303591803714921
1479 5.681481788124249
1480 5.436729422521438
1481 4.266826084880871
1482 4.37647714060129
1483 4.5583939569627345
1484 3.8818455487177714
1485 4.482397880450762
1486 4.493949036647099
1487 4.320125660406597
1488 4.463642041061649
1489 4.583861043517607
1490 4.669895413844298
1491 4.039877176023661
1492 4.287452311363903
1493 4.589903597909209
1494 4.2581051270042
1495 4.4776061830140135
1496 4.468222577855541
1497 4.427283645420061
1498 4.590460666919657
1499 4.5436603563307
1500 4.556694068896521
1501 4.493770519069243
1502 4.514712462406521
1503 4.424211711489594
1504 4.491872727138005
1505 4.3166561103949235
1506 4.468510446807634
1507 4.146070481326355
1508 4.356567187553357
1509 4.599905536573454
1510 4.097175683783545
1511 4.246224283337671
1512 4.4535891180615295
1513 4.590643721097475
1514 4.433594520262147
1515 4.567131934790947
1516 4.478047822296821
1517 4.807323536353499
1518 4.197007763409533
1519 4.517795883645061
1520 4.768266176359084
1521 4.665875785081248
1522 4.2293537643832995
1523 4.677064194108941
1524 3.967413750144107
1525 4.320344305325786
1526 4.448813144014441
1527 4.835523660573022
1528 4.742405268977184
1529 4.738032018262505
1530 4.3680185518806995
1531 4.498223006633602
1532 4.158200639155885
1533 4.476174849695082
1534 4.645777469646887
1535 4.171713677139156
1536 4.460560882070529
1537 4.650872916714355
1538 4.844669375151652
1539 4.617629643094664
1540 4.5162888564801404
1541 4.483834284731689
1542 4.689168830339841
1543 4.576481881399989
1544 4.456947392444547
1545 4.48179285310886
1546 4.640146343415033
1547 4.658469365548539
1548 4.252596788455
1549 4.5131431990161985
1550 6.125620999709299
1551 7.005971746638677
1552 7.156938867953087
1553 4.627597974856937
1554 4.842322021743355
1555 4.759042895669212
1556 4.683345572049894
1557 4.822168915002792
1558 4.7484668878393
1559 4.658372893311721
1560 4.651555010341531
1561 4.788537598939157
1562 4.899224989854081
1563 4.874993579737135
1564 4.514781777341823
1565 4.663784083604663
1566 4.86708610672497
1567 4.640457880867663
1568 4.44868401252636
1569 4.5350874566847015
1570 4.435327832319916
1571 4.571441259192874
1572 4.6833473321236205
1573 4.505739773359349
1574 4.569011291246771
1575 4.782033456828889
1576 4.843761917889748
1577 4.642788514592996
1578 4.890668031387676
1579 4.563984776749333
1580 4.4445546025808484
1581 4.692218430410153
1582 4.467916355523079
1583 4.503581298116932
1584 4.722758287006195
1585 4.399467024796826
1586 4.464401642724501
1587 4.2022727982214505
1588 4.685873821157768
1589 4.404245999719685
1590 4.622902321252028
1591 4.388332377652791
1592 4.616921425392306
1593 4.481038648802162
1594 4.79787340708364
1595 4.285596016015289
1596 4.301959327779113
1597 3.9419356239922867
1598 4.48367419415363
1599 4.254805905369693
1600 4.239549659422821
1601 4.022973183662344
1602 4.828174502164149
1603 4.233106003086456
1604 4.504192750400152
1605 4.47976873179303
1606 4.161520127970274
1607 3.950816120119038
1608 4.166846089456917
1609 3.9093926039596956
1610 4.455044703859755
1611 4.327410932301604
1612 4.136715652314122
1613 4.425341683830556
1614 4.165683801228546
1615 4.5926029574419145
1616 4.308931220914513
1617 4.438112467530665
1618 4.608544348256475
1619 4.655704898218231
1620 4.508909284436805
1621 4.5544483516717476
1622 4.276453957708199
1623 4.419375715321236
1624 4.5157173407211815
1625 4.334772888353566
1626 4.273658414608265
1627 4.142406995331165
1628 4.346920191972552
1629 4.666338333411685
1630 4.043056556023932
1631 4.160656811566149
1632 4.787561066469231
1633 4.455468164784987
1634 4.207165836275947
1635 4.04148926284341
1636 4.6121373649818125
1637 4.198227610530105
1638 4.4888546376630405
1639 4.196109209268432
1640 4.553710345445388
1641 4.158426910379165
1642 4.2902187332385
1643 4.64658359959655
1644 4.91819638799725
1645 4.1115897845458225
1646 4.455810214188236
1647 4.690991186011838
1648 4.650846315913287
1649 4.099410625466189
1650 4.984561921083282
1651 4.228095975182981
1652 4.418290619818959
1653 4.530201853489347
1654 4.427859927973585
1655 4.592022946099556
1656 4.557594400027688
1657 4.609091894866573
1658 4.17641461465618
1659 4.620592933730436
1660 4.7347918721472535
1661 4.6046694149828475
1662 4.340275423707171
1663 4.351115632099375
1664 4.471277881828743
1665 3.7802724918306825
1666 4.551524730232903
1667 4.45092594627019
1668 4.694630151272171
1669 4.819746633348496
1670 4.594393813820123
1671 4.770042013485775
1672 4.4263143776984
1673 4.687123879513152
1674 4.684740450019169
1675 4.68793019751766
1676 4.9031758919504185
1677 4.38797021672729
1678 4.35291595429133
1679 4.543375421296676
1680 4.6789023152427704
1681 5.886403232457874
1682 6.403046071260336
1683 5.57606639612211
1684 5.384039405281578
1685 6.09851793837044
1686 5.853668788278234
1687 6.002915159720674
1688 6.280510953362151
1689 6.460734273571589
1690 5.947511412704376
1691 5.5055710381999665
1692 6.463902096790444
1693 6.354523183954609
1694 5.786086400912314
1695 6.314627199563583
1696 5.831841585343553
1697 6.096324427926818
1698 6.337542239669474
1699 6.6307570331709975
1700 6.303089065936399
1701 6.767973793384919
1702 6.70404767748357
1703 6.5702888523963425
1704 6.142736096394622
1705 6.060632960274426
1706 5.613257030101709
1707 5.299287826670781
1708 6.36976188048439
1709 5.811241393766005
1710 5.630898862636058
1711 5.8256988562657
1712 6.645000780849761
1713 6.29249195057681
1714 7.622571447813474
1715 4.441619975842194
1716 4.790746477890256
1717 4.467637240034918
1718 4.563162229972706
1719 4.708762700315056
1720 4.634487644111899
1721 4.699948148405366
1722 4.40833325347287
1723 4.4222987482338185
1724 4.150495000017404
1725 4.296046839836547
1726 4.617461484824256
1727 4.423115934607548
1728 4.526425684072737
1729 4.767233357225173
1730 4.583316444485304
1731 4.4251232125813456
1732 4.453909822211458
1733 4.662618916617455
1734 4.706986870312204
1735 4.365665944837454
1736 4.646618843325947
1737 4.414284718687482
1738 4.493371178226454
1739 4.311581972156713
1740 4.429378558202223
1741 4.683075836279539
1742 4.526103132159431
1743 4.610457751162596
1744 4.510239115086976
1745 4.735003148221792
1746 4.614394934878061
1747 4.4214502114522345
1748 4.349763293645334
1749 4.902945318970441
1750 4.717511403951818
1751 4.752072228746253
1752 4.648194984285055
1753 4.398895837010485
1754 4.639689590240398
1755 4.764424451182521
1756 4.656498616619233
1757 4.415567045693855
1758 4.500478243425885
1759 4.537618429816321
1760 4.658532937081876
1761 4.394534181739493
1762 4.714441642779334
1763 4.572991493510357
1764 4.62438979858689
1765 4.640389447863206
1766 4.715507279607127
1767 3.8996384783783786
1768 4.6392509025841715
1769 4.347764095705268
1770 4.15727334248799
1771 4.3075687885996965
1772 4.0435114083777
1773 4.656539197869905
1774 4.537869467310146
1775 4.499902189865344
1776 4.289349090666478
1777 4.7258311326162765
1778 4.954978960700019
1779 4.756357814917184
1780 4.57772884407311
1781 4.639253121739812
1782 4.406166249748059
1783 4.498783351908477
1784 4.2516627701557
1785 4.422274052420072
1786 4.515384729338629
1787 4.706918434306232
1788 4.253032776512851
1789 4.557856133142486
1790 4.2365980156313725
1791 4.415381357680755
1792 4.5690305376742755
1793 4.755361170984864
1794 4.812369870278431
1795 4.5682764239116285
1796 4.34765225092722
1797 4.6736827303964725
1798 4.595622633162065
1799 4.5676793717642
1800 4.460131924148682
1801 4.6343103161856725
1802 4.39540972653221
1803 4.602474438517326
1804 4.162371705327732
1805 4.5008296710741496
1806 4.6408805374574555
1807 4.669543656694163
1808 4.573129921337121
1809 4.419410961822326
1810 4.784079213138834
1811 4.622794159421026
1812 4.427885422436032
1813 4.45715382750262
1814 4.499594716357728
1815 4.4138138530314786
1816 4.534856153165561
1817 4.509758972341851
1818 4.597697694657477
1819 4.608155737516191
1820 4.607297901571115
1821 4.299871462096041
1822 4.520101525848634
1823 4.38833927382551
1824 4.554289073751373
1825 4.250300214180415
1826 4.684441744311347
1827 4.679425179259199
1828 4.827941047470965
1829 4.718202964052482
1830 4.38736382881187
1831 4.233147712411154
1832 3.8970644253192592
1833 5.067779655918018
1834 4.763535151012861
1835 4.683417159128869
1836 4.73177230898943
1837 4.718462429803293
1838 4.448926658513821
1839 4.373238301288374
1840 4.556301800447733
1841 4.607630463728938
1842 4.842167448262026
1843 4.493584177612057
1844 4.603223993262186
1845 4.7912319055902755
1846 4.374969355159523
1847 4.5230467255111675
1848 4.770774195894116
1849 4.5144220688777414
1850 4.729179923503324
1851 4.69269669515248
1852 4.653341875816129
1853 4.638175890057199
1854 4.126048547800015
1855 4.351543486774729
1856 4.426953592438773
1857 4.672473690507982
1858 4.4148149917567
1859 4.5050598388689975
1860 4.778096456682028
1861 4.738317895154134
1862 4.364351109803648
1863 4.768105910392681
1864 4.46451069898147
1865 4.532919814864663
1866 4.503982272805544
1867 4.286683736573063
1868 4.501307075989563
1869 4.686759449046862
1870 4.417796367894643
1871 4.526064541672703
1872 4.41622290997882
1873 4.530751998759119
1874 4.628926772647848
1875 4.579575397356185
1876 4.316963741225869
1877 4.53776995090965
1878 4.284018001132381
1879 4.586159031480271
1880 4.559793186465539
1881 4.211107466888093
1882 4.701753229690151
1883 4.927596046821638
1884 4.729131487231582
1885 4.382105887824296
1886 4.5344494556819015
1887 4.453746903898136
1888 4.572460452526128
1889 4.210845316035891
1890 4.406895151718263
1891 4.121920951279066
1892 4.476298776038587
1893 4.554467169898756
1894 4.354725132865051
1895 4.3769304717369835
1896 4.489197793938834
1897 4.22890626803345
1898 4.709941205169186
1899 4.516572132115545
1900 4.604870554598331
1901 4.749705056375714
1902 4.711370487733921
1903 4.600440978894013
1904 4.630678325424113
1905 4.813163749997661
1906 4.424531737514424
1907 4.396916090975855
1908 4.31933142909735
1909 4.652360306428683
1910 4.326903719657285
1911 4.233744305641536
1912 4.844760511248836
1913 4.571992351396347
1914 4.4310102691550295
1915 4.144767700526743
1916 4.512188036863921
1917 4.8765618230171475
1918 4.862471223475445
1919 4.6815976845403116
1920 4.703581543786329
1921 4.579007329820129
1922 4.443443191324215
1923 4.70393795247527
1924 4.649801308459757
1925 4.329246793176655
1926 4.548319347742436
1927 4.910488526568984
1928 4.645886016129521
1929 4.621490992763224
1930 4.192100639746388
1931 4.399342242660811
1932 4.681991679934829
1933 4.462822472134371
1934 4.728226290671364
1935 4.773093956687263
1936 4.655421471105194
1937 4.716926056330173
1938 4.548078604004169
1939 4.739167783384909
1940 4.924657774692792
1941 5.627963477304429
1942 6.418455495910835
1943 4.7829302393106445
1944 4.442206907627527
1945 4.546336198432544
1946 4.684334225073604
1947 4.354192066823773
1948 4.268102734059139
1949 4.658443492241724
1950 4.513082662831669
1951 4.567498149429167
1952 4.006185481440928
1953 4.445505668987976
1954 4.554288762945696
1955 4.668452102302246
1956 4.618050109981231
1957 4.222928170284691
1958 4.599035333870255
1959 4.453600468069091
1960 4.507252385623412
1961 4.3436445463412285
1962 4.508634809767773
1963 4.159600332810234
1964 4.789713635860409
1965 4.787452761312625
1966 4.6477153325810665
1967 4.654066566865037
1968 4.632577338490371
1969 4.557876100991925
1970 4.792560374865917
1971 4.773437285877452
1972 4.514676422754569
1973 4.5438360734111045
1974 4.731529824279922
1975 4.492944758240236
1976 4.642926175625843
1977 4.737312911844129
1978 4.59876423926711
1979 4.719016198901961
1980 4.753179364045426
1981 5.044982421417357
1982 4.810146332409674
1983 4.6541806100124585
1984 4.561734805519938
1985 4.675036800739959
1986 4.684171246780392
1987 4.797771010977552
1988 4.841941335105868
1989 4.642688273209233
1990 4.8638846578996455
1991 4.49426310632631
1992 4.729263356572787
1993 4.830137428213041
1994 4.855109218600705
1995 4.752549035688533
1996 4.818829523064626
1997 4.503410934668597
1998 4.764586273181924
1999 4.309451413964661
2000 4.3410011626448295
2001 4.5136931833472556
2002 4.744381823236194
2003 4.676077818775497
2004 4.535054508627069
2005 4.587262155297093
2006 4.600006892259587
2007 4.677050807436728
2008 4.93133721642858
2009 4.675888613234062
2010 4.767161368664795
2011 4.175058944158062
2012 4.629699943975316
2013 4.471337802588208
2014 4.710778152264989
2015 4.645503499712946
2016 4.836183782150674
2017 4.234009873723036
2018 4.703110227524855
2019 4.5116883148797085
2020 4.5593686300646015
2021 4.654155811728746
2022 4.025241870053201
2023 4.513874481065998
2024 4.793714860663491
2025 4.414330348238171
2026 4.866517916637349
2027 4.71874619214172
2028 4.857824483567306
2029 4.278249128158451
2030 4.246349971027519
2031 4.534414154314306
2032 4.3794082946067485
2033 4.580719375759102
2034 4.699120372317981
2035 4.96862311483579
2036 4.542235957714251
2037 4.7490792665851025
2038 4.559563210249989
2039 4.828692765542766
2040 4.777681034387992
2041 4.569876422523043
2042 4.443347866747762
2043 4.629793586194517
2044 4.389537898311209
2045 4.352090211230302
2046 4.365643908802734
2047 4.677015133876447
2048 4.567178036795589
2049 4.429642323208328
2050 4.541947188801867
2051 4.40255947587635
2052 4.440975926516299
2053 4.524572137307944
2054 4.728904122345435
2055 4.224168747410175
2056 4.493533947184573
2057 4.478325318033017
2058 4.426693631804146
2059 4.636594328788363
2060 4.375884632887043
2061 4.671075912966155
2062 4.503412126924276
2063 4.69813946610539
2064 4.501504789084972
2065 4.444918498629477
2066 4.295563775449848
2067 4.169610125060208
2068 4.562892807430457
2069 4.5659518877423
2070 4.409420698315484
2071 4.531279613145519
2072 4.66743113306769
2073 4.589885506028864
2074 4.6839740016621425
2075 4.605912564174929
2076 4.753960879986013
2077 4.583156512847323
2078 4.68354875937611
2079 4.626437844294724
2080 4.45051937684826
2081 4.544339858724411
2082 4.481762043066232
2083 4.3959036718382025
2084 4.943223906537536
2085 4.408708762565962
2086 4.571120184750674
2087 4.16089715109098
2088 4.914019358494207
2089 4.399734677533855
2090 4.297449590459939
2091 4.57000481690064
2092 4.603743493303763
2093 4.400986136750208
2094 4.428788963245617
2095 4.6240634770169775
2096 4.437002844912324
2097 4.694027195437703
2098 4.57855106222481
2099 4.603679978444549
2100 4.436822598891972
2101 4.517523313024044
2102 4.612941852807231
2103 4.515867967243157
2104 4.862869422818187
2105 4.660837801103424
2106 4.412056415069503
2107 4.232892448731431
2108 4.5549385202851385
2109 4.500460649126077
2110 4.843246869518244
2111 4.638399931078351
2112 4.651599282581249
2113 4.194001855785355
2114 4.573745215236403
2115 4.4901552474143305
2116 4.528517656902105
2117 4.409902241568169
2118 4.470916561750848
2119 4.695108212789506
2120 4.445641546507537
2121 4.3454308093817
2122 4.649843376427094
2123 4.416772119002289
2124 4.546703545197853
2125 4.51972997003142
2126 4.516912876328542
2127 4.701169574968412
2128 4.473668355647634
2129 4.439141829876931
2130 4.544930988354115
2131 4.341088260168122
2132 4.4353232894526196
2133 4.345935558561049
2134 4.522723101898331
2135 4.486766270762441
2136 4.608927132257128
2137 4.40057077560881
2138 4.595437251323236
2139 4.67619241270643
2140 4.3669884948979965
2141 4.612425703679604
2142 4.306583283806982
