0 7.312133758154892
1 6.883206293161022
2 6.731180298343049
3 6.738229459465328
4 7.763495884183404
5 6.6001439040007
6 6.605278968390592
7 6.906014207768905
8 6.41795026727875
9 6.733089060390997
10 6.47033662727734
11 7.138149060046208
12 6.643483939122972
13 7.195625397050905
14 6.395113051282404
15 6.925205059415328
16 6.3770331666526054
17 6.514280498704533
18 6.651988383821068
19 6.346694814741569
20 6.955257235345673
21 6.819257738965411
22 6.371065971062774
23 7.018081521925861
24 6.612285796996698
25 6.818222694036641
26 6.298805050154369
27 6.949494904102991
28 6.994771909702709
29 6.735426541058061
30 6.433764653357547
31 6.745728181944865
32 6.63893904573806
33 6.611466517718891
34 6.748226421419793
35 6.688489171948275
36 6.99798233635991
37 6.613020904482147
38 7.313628236233338
39 7.143231173151904
40 6.227173109983797
41 7.166142694774857
42 6.8612241593401215
43 7.6139803441877385
44 7.296654927501111
45 6.427155801935711
46 7.977689062239238
47 7.719769623138028
48 7.074766149982698
49 6.966760752175681
50 6.847544050527218
51 7.07380217505629
52 7.337261323648413
53 7.496338152101004
54 7.076367202106157
55 7.683144510018672
56 8.355028897665925
57 8.743519278364566
58 8.378022752676863
59 8.130407243772952
60 8.341100891746208
61 8.132178733872129
62 8.1418277210899
63 8.535748092453447
64 8.959483821595219
65 8.751933720885845
66 9.341502460985135
67 9.209800577601827
68 9.84163851104509
69 8.673917787915359
70 8.178169922307523
71 7.9360659343488225
72 8.506295756670912
73 8.277753404784374
74 7.97053501708289
75 9.503616133392388
76 9.12891087992919
77 7.9265371022066375
78 6.137537499718511
79 6.59752725290502
80 6.805091235946371
81 7.644308135040463
82 6.76600819118548
83 5.955382771077918
84 6.859022116591262
85 7.924797595325078
86 8.085046957624845
87 6.723936954349124
88 7.951469370122729
89 7.781293050235437
90 6.5640550101982855
91 7.220641315482213
92 7.656502073522167
93 7.9219992477937895
94 8.17746384367957
95 6.987014627918377
96 6.987753023736987
97 6.725051273125226
98 7.533145014057133
99 6.307852287422301
100 6.472699878708779
101 6.788996234029456
102 6.474260781053179
103 6.10477969158827
104 5.614581291072076
105 5.2389768559854195
106 5.430706623816684
107 5.776705390229576
108 5.043728264440961
109 5.889594155819635
110 6.021469748518514
111 6.535819323400573
112 5.8108016769057995
113 6.901005815769192
114 6.394503795492149
115 6.387879342072843
116 4.989682889690269
117 6.124942155517197
118 7.635694180647376
119 7.758538537606451
120 8.296250387331552
121 6.4814759932336825
122 8.81309793150559
123 7.170839844021201
124 6.773776869545697
125 8.36645600709738
126 7.022391854382477
127 6.6563274221286095
128 7.360276270199296
129 7.571454550076593
130 7.6194109030727715
131 8.021129893763328
132 6.960603464636713
133 6.92486791316994
134 7.239007267101269
135 7.270546516531507
136 7.225026258960961
137 5.89185899800063
138 6.563607741185266
139 8.083242943841956
140 8.334427493956204
141 8.521501965783274
142 8.499306337583338
143 8.895985229963271
144 7.218563577823622
145 5.313841319367458
146 6.425997771354025
147 6.953642992706727
148 7.009459503996785
149 6.037173601903747
150 6.23433254709062
151 6.090721230897277
152 6.204973663086842
153 7.258925174556533
154 6.544702192344763
155 7.633224915070926
156 6.388410916452631
157 6.490484761305543
158 6.504454738072314
159 6.050346578051629
160 6.553857737967062
161 6.844554032629905
162 7.76030322976291
163 8.573587873222756
164 8.700936578318567
165 8.092219127482908
166 7.045685947143222
167 6.798425481913274
168 4.63453557222644
169 5.808604442254995
170 4.708846416476546
171 4.461875033635919
172 5.197469594605738
173 6.276260202228871
174 7.9264126873142065
175 7.242291212635702
176 7.5164324856212215
177 7.559277072999302
178 7.218683959239294
179 5.786785535356775
180 5.252083050528017
181 5.452998148926592
182 4.564347982025151
183 4.4997807724933665
184 4.545259899996687
185 5.755608849283776
186 4.8001657994770905
187 4.838227040442646
188 4.6234219676357995
189 4.269224493416016
190 4.985731409471603
191 4.8782628746857455
192 4.662689813619406
193 4.8957945189175245
194 4.465655681572718
195 4.720510605324739
196 4.437592260466615
197 4.540050439753043
198 4.516394341688624
199 4.772971914879623
200 4.863502655706867
201 4.747357178274457
202 4.608890470910101
203 4.660950730744839
204 4.21414061723289
205 5.907167552160466
206 6.058459651822945
207 4.642203200431139
208 5.931361756081197
209 6.12239681153204
210 6.191616598390006
211 8.037408766230023
212 7.481298248759106
213 8.067934722602615
214 7.099402038226688
215 7.529449020031091
216 6.784974793279541
217 8.988781205325424
218 9.176953569051111
219 10.10118284028207
220 9.860386881446432
221 9.509042420563652
222 9.577059532194914
223 9.380590059639694
224 8.97363977998048
225 8.65408695540442
226 9.406063528982264
227 8.687666416940445
228 9.697197709579704
229 8.803265078549787
230 9.023052090766827
231 8.586485437309078
232 10.174817533603543
233 9.2915123900809
234 9.290312025529643
235 8.726137337458319
236 10.211760912259956
237 10.283782569902797
238 10.275444882833302
239 10.56895421482793
240 10.072776305290683
241 9.05579286697436
242 8.791076837834552
243 9.332059914763166
244 7.8719069089003915
245 8.409453027422973
246 7.541518130677843
247 7.218851950990036
248 6.909982034044973
249 8.151330844345084
250 6.945274506820619
251 6.81014245733377
252 5.842835350157383
253 9.461154071636043
254 9.156323134529883
255 7.85549971803571
256 7.995580683032679
257 8.203319914306883
258 7.23656621428077
259 7.195663581820848
260 8.063957397505948
261 8.009708716276103
262 8.829516596682756
263 9.244237457400756
264 6.832791705529342
265 7.604254250015579
266 7.858165287476587
267 8.412656571685952
268 7.878531185268568
269 8.378769419955871
270 8.453399373022567
271 8.516369849203747
272 7.851782786309219
273 6.491506990044503
274 7.510066391906442
275 7.606914807212425
276 5.885879177003461
277 5.599572388045246
278 6.083100912877346
279 4.5200698312437355
280 4.352613573912666
281 4.553318256916151
282 4.648083543425716
283 4.739469812658563
284 4.407467370483563
285 4.744311688358356
286 4.661511419175668
287 4.800645111781435
288 4.633569298401417
289 4.592580445247321
290 4.382775438907138
291 4.381524300605251
292 6.266633749135311
293 4.351359189041619
294 4.787310243175397
295 4.148138698011412
296 4.565704657517549
297 4.513008952215901
298 4.656138108630876
299 4.513346884074644
300 4.446406678848919
301 4.7275533433311265
302 4.551427465227555
303 4.6718810425401855
304 4.670972842301891
305 4.342043665859465
306 4.778519428757119
307 4.666565210273467
308 4.47562336771709
309 4.630340971590601
310 4.816807482730942
311 4.5219054985232585
312 4.586043784435813
313 4.545639671757719
314 4.663936384977082
315 4.648667358105547
316 4.4276729820764436
317 4.96887636731874
318 4.391280519647668
319 4.546884805771425
320 4.358905528447606
321 4.28840686259271
322 4.531847525838863
323 4.779827683721047
324 4.529074486696376
325 4.738722347013114
326 4.519270897995468
327 4.748297028638069
328 4.812133388388097
329 6.813148604018839
330 7.537881130290323
331 7.152591835334995
332 6.859553379033239
333 6.4308823918399955
334 7.008382120814935
335 5.57844203882883
336 6.731152123092771
337 7.361073042330882
338 6.374961092662012
339 6.388162686218296
340 6.309829879016097
341 6.490693016800719
342 6.727062808342053
343 6.081403722839168
344 5.029676772044881
345 5.94280856430665
346 6.837525849065115
347 6.9042183541775906
348 5.918332914788429
349 6.347137125933137
350 6.459929794633367
351 6.858673775038656
352 6.577715684919301
353 6.848020865353441
354 6.286386877821865
355 7.1580833794090655
356 8.119637800830231
357 7.122991320026396
358 7.372687023471048
359 7.712958789062581
360 6.3171076538264135
361 6.415509693100078
362 6.727090147428456
363 6.0093056561756395
364 6.288744679903623
365 5.909521658772319
366 6.280263672042537
367 6.184400588353002
368 6.3355041686915285
369 6.938528417476453
370 6.273122382768665
371 7.559575879074412
372 6.205954871353011
373 6.814234980745127
374 7.073547512580888
375 7.192471738399585
376 6.466310528409187
377 7.007807506574732
378 6.74703690714322
379 6.474450469215913
380 7.012890538471493
381 7.5656006471575274
382 7.862184536559817
383 7.4506015049648955
384 4.589743156701334
385 6.285127212189866
386 5.082652914165564
387 5.122018341200925
388 4.976676948458406
389 5.002896123445055
390 5.720963013822968
391 7.624304447956307
392 6.620172153024985
393 6.094403827634281
394 6.6610721949809175
395 6.299975669809965
396 6.084034770233829
397 6.478168812780556
398 6.71670957928982
399 6.323545136168343
400 6.8005117134565145
401 7.304882283811455
402 7.1121671436140925
403 6.349120554560637
404 5.823504033529415
405 6.306911215518229
406 6.777606660630192
407 6.649765827062894
408 6.461752614240243
409 6.257376910732236
410 6.695809165318445
411 6.603930635356238
412 6.893677536357774
413 6.714928599372101
414 6.63412394110305
415 7.112226081253715
416 7.81842976565193
417 6.749252274572488
418 6.477811273345783
419 6.891759157262322
420 8.33416394580153
421 8.19086834899789
422 8.237428567273938
423 8.302526297552038
424 8.192729151153825
425 9.345039161256059
426 8.496492420785302
427 9.486340563186278
428 8.34615908138229
429 9.570374811265047
430 9.493911677527755
431 8.921398105150589
432 8.754027096098948
433 8.05907064849007
434 8.330893036070421
435 7.46034169089336
436 7.495146543159944
437 5.186829564081827
438 5.57437765860894
439 6.803565610837501
440 6.857346232514369
441 5.980425733184214
442 5.791014810611239
443 5.895271457535474
444 6.96933066594867
445 9.02431304066067
446 8.420780963472133
447 8.54860580377866
448 8.396862724878309
449 8.59199715621476
450 7.0031871353240716
451 6.77562710684411
452 7.073926659081213
453 7.853229090244361
454 7.444799423925384
455 6.728848136247433
456 7.214123543066128
457 6.664487885308717
458 7.796057073469168
459 6.811962858550374
460 7.515223844480788
461 8.100573595915249
462 7.90408130402521
463 8.108474822235355
464 8.588060708152982
465 6.608605693139907
466 8.008430670148247
467 5.797885278014322
468 5.876509088826613
469 6.422185218245811
470 6.0203139616178465
471 6.8666302433670285
472 5.6698418519454465
473 6.707177692093169
474 6.116552853708057
475 6.302488384663274
476 6.290722354379416
477 6.293509705130357
478 5.798174470484626
479 6.171530765589092
480 6.035263293346334
481 5.678906518596275
482 6.507378028964339
483 6.428464088792626
484 6.776107775858573
485 8.373917681974289
486 7.437862380503869
487 7.972244972650197
488 7.294218915536739
489 6.623321682744882
490 7.047780999070599
491 7.680812767502699
492 7.288818356519813
493 7.529293319803364
494 6.735597681093175
495 6.947907979746178
496 6.739348910018308
497 6.530815829050977
498 6.133418017880344
499 6.843371165483915
500 6.583634274399692
501 6.703641920986822
502 7.437246009018937
503 6.809092198516067
504 6.844467891774503
505 6.5604807991016445
506 6.399936154156977
507 6.026543631039395
508 6.326061604281038
509 6.471589806081932
510 5.954213159896304
511 6.677953586071643
512 6.022393399461114
513 6.190581263047545
514 5.804562630788444
515 6.238978683137584
516 5.364511581428479
517 5.3693423667490725
518 6.052196029249284
519 6.817490659588293
520 6.003584679584893
521 6.597445969409337
522 5.613069825838443
523 7.58297059651278
524 7.327153488957846
525 7.362732835144612
526 7.8569918879652745
527 7.451403907935481
528 7.821507972540075
529 9.080380953689692
530 8.772393740800297
531 9.346807361046297
532 9.786180614864039
533 10.435983837924477
534 7.537525373455167
535 7.765705119740656
536 8.589019409685827
537 9.494776173893786
538 8.89448698023449
539 8.295286116734287
540 9.230636937894088
541 9.609356502446452
542 7.769157148043766
543 7.781400974741973
544 9.215137512425807
545 9.571819443903246
546 8.3346326242151
547 8.86125617135262
548 8.995319456009067
549 9.80102444499089
550 8.445211574249619
551 8.750085774034918
552 8.442889876619672
553 9.774155320111033
554 9.602274786815375
555 9.595722642301896
556 9.332620567202408
557 10.657984999188827
558 10.311821517164459
559 10.63170256773984
560 9.491859986808333
561 10.434643472925883
562 9.646938085100876
563 9.25115130387621
564 9.109368371784086
565 8.870387890091253
566 8.85410208285486
567 9.323375542031181
568 8.383232955044516
569 9.082155049496121
570 9.595275280260168
571 9.098702389032601
572 8.798365002166884
573 10.131068225136726
574 10.115405113855662
575 9.080352419988698
576 9.733390941529713
577 9.138838448026894
578 9.146196541383047
579 8.736487392131096
580 8.042039592453467
581 8.927883500154097
582 8.488503961867588
583 8.102313027711228
584 8.32226489542919
585 7.39924139755734
586 9.212328860974665
587 7.602009966367299
588 8.135766784235201
589 8.416695810322052
590 8.382560599382328
591 9.487163660297746
592 9.9134611741138
593 9.02358114979825
594 10.017741460957833
595 10.545407869289692
596 8.649235693210999
597 7.303370273981139
598 8.441714575946893
599 10.001420551679166
600 8.597981015335007
601 7.413270240480578
602 9.272551873557832
603 8.515046595342254
604 9.831852903021527
605 8.975770708869595
606 8.249813666082906
607 8.08162774019564
608 9.575962667916794
609 9.955488379862961
610 8.997140141033581
611 8.976434594699505
612 9.150623839931386
613 9.65722175755553
614 9.591525567374871
615 10.261303364534724
616 9.795677658295906
617 10.352872703810714
618 9.540168050902578
619 8.980593145048136
620 9.132331766487845
621 8.007824621601708
622 7.277017774800498
623 7.904614116867487
624 7.991802637670372
625 7.282877837064303
626 8.251805694097463
627 8.211661037704236
628 7.848736773455364
629 8.379840120611117
630 7.873394068108598
631 8.344964148204859
632 7.959961477455082
633 6.644091644506776
634 7.723790954088451
635 8.606522440795526
636 8.894534163384494
637 8.306193547354583
638 7.199114845818255
639 8.673585353813303
640 9.019238955831936
641 8.355063866739968
642 8.26817462116302
643 8.311148868545393
644 8.690037699581755
645 8.611792895900921
646 7.645106761578495
647 7.276403022983368
648 6.701678750927096
649 5.965504030077493
650 7.4675444449829165
651 6.128651768703689
652 7.4305506146853615
653 6.362114273935191
654 8.032104439062836
655 7.180358974121034
656 8.12230176276599
657 9.076841312986561
658 8.364712870361402
659 8.617579473454894
660 8.239209230687585
661 8.438788576010714
662 8.423291454700003
663 8.605936671904127
664 8.034840867675959
665 8.38095472786713
666 9.31602537444836
667 7.926562280813058
668 8.52780828011576
669 8.029097022285452
670 8.275613640883497
671 8.863152293108648
672 8.72876298875696
673 8.402903841702226
674 7.966985579055918
675 7.888370363605741
676 8.337644737507103
677 9.344296705235905
678 8.867900642900672
679 8.537401744986958
680 9.274528188984133
681 9.052502069008188
682 7.287651724803758
683 9.863254841627244
684 8.497919338324985
685 8.051257681504223
686 7.738665253066257
687 8.225360870155667
688 9.008178307927102
689 8.364438788562328
690 7.986044918438249
691 8.954721050764295
692 8.081537719398598
693 7.528233897476486
694 7.778135977193052
695 8.028771572053328
696 8.80890229564094
697 8.608127897128348
698 8.09918001189095
699 6.732006897041131
700 8.503870156097099
701 8.869459470859258
702 8.74695352303756
703 8.874976985296826
704 8.219749150303407
705 8.255296017521784
706 7.234556963695473
707 8.159354659806564
708 7.831697765895615
709 8.634915538383561
710 9.019447055772416
711 8.716971154469517
712 9.102399999791613
713 8.649229062443613
714 9.119241620047811
715 8.506171689403967
716 8.704343809716311
717 9.085945923167488
718 8.397437758828545
719 7.979727132276961
720 8.773897406536342
721 9.068385292739457
722 7.793168613076896
723 7.800674305472392
724 7.646628671747349
725 7.628255530085329
726 8.337624323135149
727 8.068357038121425
728 7.940010623068798
729 7.664439512282539
730 7.828308617387923
731 8.560477066210211
732 7.911700968991148
733 8.52576038585158
734 8.98784894103246
735 8.33446099470573
736 9.217418181670062
737 6.857621768304243
738 7.174544775328055
739 7.617448578583011
740 7.9740549638723275
741 8.931578012297093
742 8.624438899848219
743 9.281768300877085
744 9.103848180155945
745 8.84276215639582
746 8.045436703762247
747 8.312178087389777
748 8.13588465670399
749 7.900497419817834
750 8.434446251806392
751 8.191510229716421
752 7.76611680629623
753 8.042804261548769
754 7.464399404958115
755 7.584572163768337
756 7.495796172963017
757 8.800988980657968
758 8.760436340791557
759 8.415292522416705
760 8.352559695980386
761 9.320926697733448
762 8.872227891550283
763 9.37199059640577
764 9.347936127186864
765 9.024635743934844
766 9.158187931155172
767 8.750110548149287
768 8.304274635908131
769 8.927173169448723
770 8.783392688442627
771 8.907165398829443
772 8.327364635874702
773 9.307398832267346
774 8.071910753535734
775 8.489049584264384
776 7.42706765588299
777 7.856518067019465
778 7.885967038108072
779 7.82145058434328
780 8.051542264984233
781 7.850471679069034
782 7.557049497230407
783 8.346352952917735
784 8.965612202114702
785 6.635660998723373
786 8.86858361922295
787 8.578415617237006
788 8.008286240109163
789 8.06037835436735
790 8.025921784587169
791 8.533962740317014
792 7.008094560584233
793 8.242200147981006
794 8.17117980596983
795 8.325812012961226
796 7.2697224357117305
797 8.011892844721693
798 7.203328437845308
799 8.120371550282524
800 8.720220098170834
801 7.778162396948574
802 8.12572986591783
803 8.76031286416058
804 8.978535121628692
805 8.187191407722311
806 7.463566993552879
807 7.965113693921412
808 7.098979983480961
809 7.520673133461374
810 7.616378980986189
811 8.161737635965023
812 8.088044329189675
813 7.182415440272464
814 6.980640492937251
815 5.833812893444135
816 6.139645042540229
817 6.571520475229505
818 7.354369069288333
819 7.522880988078061
820 7.029028748981859
821 8.277522600488771
822 8.920327362760238
823 9.298456602012655
824 8.762103540813843
825 7.329295737988933
826 7.1298972784260926
827 7.659191039714002
828 7.8712142751457215
829 8.124503121292486
830 6.826156706525462
831 8.153973697107155
832 7.182539136386227
833 7.027788009501033
834 6.593789838677971
835 6.685348139575533
836 7.482670950555964
837 6.747917478854073
838 7.412824961023134
839 7.669317663979285
840 6.653631203960964
841 6.36407416937788
842 6.007211751731865
843 6.609765020385499
844 6.530944807323901
845 6.798666253755213
846 7.176792464893033
847 6.704820082027136
848 7.135277353002086
849 7.235909409413417
850 7.273988388864269
851 6.958030674368115
852 6.5944264667488035
853 5.9428392645509724
854 6.828690041111379
855 7.282962406634791
856 6.9135150910081595
857 7.422524085229729
858 6.329124868171736
859 6.8058740678581655
860 5.796198756938158
861 6.630350774657986
862 6.598928378443375
863 7.230665402110764
864 7.328017793287144
865 6.52939798917359
866 7.044328206171508
867 6.255910592628123
868 7.31247044590718
869 6.712549414712915
870 6.810104547470775
871 6.605540008054918
872 7.437743061761485
873 7.147083179640494
874 7.129777943872845
875 7.275062592262889
876 6.596396933808652
877 6.629714163928705
878 7.083147567600688
879 6.896342727741271
880 6.3665552870449345
881 7.721977773181209
882 6.966664681422543
883 7.21572009022398
884 7.042551980741236
885 7.506874246522023
886 6.425096887229073
887 6.874228174883883
888 6.608037184773037
889 7.313589861576242
890 7.580033055898031
891 6.971634643887371
892 6.534071581778029
893 6.727866835603147
894 7.286943254855578
895 6.218478937991658
896 6.933587891213501
897 7.538567075941754
898 6.7103535922563
899 6.5536280930255995
900 6.664957765022809
901 6.7864162464673035
902 7.233754575130383
903 6.445227981359313
904 7.1979199952495625
905 6.304825502261875
906 6.825048642623336
907 7.063190228169751
908 7.195193576497982
909 6.964207144454734
910 7.152199059933974
911 7.4271415056777395
912 6.2894492160444155
913 7.151689325115939
914 7.477942095057586
915 7.231954392820854
916 7.479583869357981
917 7.38626402078737
918 7.288128357376822
919 6.907647190890441
920 6.947542303457524
921 6.656076591309549
922 6.5497373226409685
923 7.072340033642523
924 7.315272695409205
925 7.004064874854108
926 6.994188425994452
927 6.816721606555012
928 7.246617334082255
929 7.261880503566143
930 8.148568997872468
931 6.989135550427049
932 7.905319692389216
933 5.709988791227268
934 9.680840652178405
935 8.241318045105087
936 8.299274759423227
937 8.991793780803599
938 8.977537043296948
939 8.848855766358595
940 9.725152353519594
941 8.616030870239467
942 7.443486433299995
943 7.598555963468451
944 8.88459669089539
945 10.14699197710247
946 9.294285091729623
947 8.803277750800854
948 8.659458693870773
949 8.410999284146161
950 8.361531038897821
951 8.25451356712811
952 9.249391054382004
953 8.272908129119344
954 9.300521535523657
955 8.49499085143843
956 8.589569185361627
957 9.124533626411216
958 7.959402204657635
959 8.902394861960541
960 8.60576456841163
961 8.693987743914478
962 9.552215010974816
963 9.202425213290288
964 8.86435215402719
965 7.953019973155634
966 8.834350656696884
967 8.35738281170353
968 8.535241701816469
969 8.915419195158087
970 8.978614047675233
971 7.891008251420022
972 8.548034292930579
973 8.915048208022444
974 8.892249512909554
975 8.691006243095051
976 8.71638004945685
977 7.99872048704579
978 7.73333284480562
979 7.9540126526881725
980 7.976916065652844
981 7.72880004323093
982 6.293829377760752
983 6.908492130379614
984 5.961275796378851
985 6.805511403481142
986 7.604039031378586
987 9.32922459732277
988 7.71479570199424
989 7.267071788988589
990 7.175328269930369
991 8.06119962385965
992 7.116068224060406
993 6.701362370941592
994 7.172020885303445
995 6.850792730126372
996 7.129778682309003
997 7.059458593519774
998 7.5486771468793945
999 6.997873484132339
1000 7.392358762097107
1001 6.954451135854613
1002 7.055780551393168
1003 6.931007418476311
1004 7.717200347545109
1005 7.1135352604465005
1006 7.894521072490494
1007 7.231510285279839
1008 8.158158057758358
1009 8.648615121115464
1010 8.743990344748816
1011 9.287783266170067
1012 9.737247356997358
1013 8.967655335765917
1014 8.80809322542053
1015 9.261894140564921
1016 8.528707678210544
1017 9.334754254476502
1018 8.026925272737651
1019 8.627254087419848
1020 7.9940934218934245
1021 8.75816891457441
1022 8.413818381774641
1023 8.67084603946063
1024 8.355248567225413
1025 6.809266827910578
1026 6.672398285994744
1027 6.235242896513533
1028 7.5722558623805565
1029 7.348926976714572
1030 7.474012874988891
1031 7.571174378687615
1032 8.129186708577837
1033 7.126204622623108
1034 7.291681988193241
1035 7.703515927517344
1036 7.094900198052371
1037 7.152071158297328
1038 7.700611616769446
1039 7.386585450964141
1040 7.560342224943031
1041 7.230095814565448
1042 7.466815986237394
1043 7.283409571737941
1044 7.617370373764558
1045 7.908435969549494
1046 7.263907301109861
1047 7.514428631825061
1048 6.9953382991124435
1049 7.7853480984273435
1050 7.277567543854773
1051 6.816615695249716
1052 7.722048901841334
1053 8.096973636866734
1054 7.79349108307811
1055 7.786995653743143
1056 7.22386564128388
1057 8.002903426206352
1058 7.10917993238336
1059 6.779407137296791
1060 7.0197085073179775
1061 8.480746630745507
1062 7.269640078910568
1063 7.146931688139641
1064 6.306774439928966
1065 6.894586921689874
1066 5.9384378135902045
1067 6.8583219549415855
1068 7.055371826921027
1069 6.81830682834538
1070 6.826039733084792
1071 8.345104417758373
1072 7.099767196877562
1073 7.248449303309473
1074 7.394305813812055
1075 7.028736500554189
1076 6.951974535432632
1077 6.612447139021004
1078 6.694179506579558
1079 7.102226235761257
1080 7.037192110585989
1081 6.46545715328024
1082 6.80692606929994
1083 7.022935673406939
1084 6.9035047825447045
1085 7.041787575516423
1086 7.148129543524768
1087 6.624210617074677
1088 6.186729269735478
1089 6.635879968000488
1090 6.6772463748024435
1091 7.276884469422094
1092 7.4513474738952725
1093 7.256883864745513
1094 7.415000447821561
1095 7.08696400768767
1096 6.561648472654025
1097 7.16807376528642
1098 6.917225085630209
1099 6.638795395081756
1100 6.96735681473327
1101 7.363446594410544
1102 6.975306679204472
1103 6.370922784359369
1104 7.019510087308828
1105 6.706354736121706
1106 6.473804016530636
1107 7.177863815678968
1108 7.547761969541524
1109 6.885285925845321
1110 6.681591749688167
1111 6.643809380416675
1112 7.155841993391054
1113 6.891433681798364
1114 6.751463461249912
1115 6.2626811053589995
1116 7.526622114376324
1117 7.017883781938126
1118 6.621590831336077
1119 6.577558798198616
1120 6.839989163820261
1121 6.786444179947591
1122 6.934390520751364
1123 6.6884103770738985
1124 7.173714587982384
1125 7.562304517424824
1126 6.852633283795866
1127 6.946086901849931
1128 6.916288016397016
1129 6.393933959647858
1130 7.50404139831854
1131 6.910923395435356
1132 7.695933115158353
1133 6.782162881920455
1134 6.889099130379087
1135 6.581093225761211
1136 7.243917668771181
1137 7.133657633511268
1138 7.029488127840609
1139 7.024226552416614
1140 7.225465899423658
1141 7.13846182370272
1142 6.89882801952459
1143 7.142799310613601
1144 7.021293217020671
1145 6.811479558493681
1146 7.349652753812445
1147 7.147014585454279
1148 6.722324872304649
1149 6.646830209386874
1150 7.170470664155491
1151 6.755728977463834
1152 7.363686462080958
1153 6.99356286616007
1154 6.9941267603742325
1155 6.533596554253926
1156 6.867241433226711
1157 7.0326817886577135
1158 7.226930854203699
1159 7.241738487591093
1160 6.805801048296473
1161 6.502196020727572
1162 7.075586976351581
1163 6.643485025944799
1164 6.904535088951098
1165 6.694366465962271
1166 6.929332083812007
1167 7.10779970026694
1168 8.624788078469198
1169 7.778687535354057
1170 7.55713402354877
1171 8.668969284192242
1172 8.591647431558947
1173 9.116975358660804
1174 8.625526359993247
1175 9.111458263178065
1176 9.057977526263405
1177 7.392009084344182
1178 6.815650845725286
1179 7.204269794873132
1180 7.137798414277031
1181 6.855376513613702
1182 7.149594949706232
1183 7.296446319676433
1184 6.482132088227123
1185 6.649498450421752
1186 6.297151078321161
1187 7.097044890032156
1188 6.744228559154016
1189 6.616072574733713
1190 6.701246638885683
1191 6.974444255010139
1192 6.574352314849462
1193 6.957133709105502
1194 7.013892037585312
1195 7.286987068700704
1196 6.866218352019042
1197 7.193864474628038
1198 6.515807374399044
1199 6.790828908048713
1200 6.0606576727817325
1201 6.971003171424565
1202 7.231187818465034
1203 7.2560134495955575
1204 6.6474814080843485
1205 6.5795478816952615
1206 6.879375094432576
1207 6.8698731735188
1208 7.259887361005271
1209 7.191462276380258
1210 6.926068391468365
1211 6.760860500141467
1212 7.154089918046233
1213 7.282717286421222
1214 6.996356912476104
1215 7.189022736224258
1216 7.283094208370296
1217 6.434422199179491
1218 6.636017463436281
1219 6.626707564677685
1220 7.177210471445978
1221 7.528706431683086
1222 6.518948203589581
1223 6.404607972164577
1224 7.009699139136423
1225 6.051145243053001
1226 6.656460612759374
1227 7.0438388952588715
1228 6.4599007078225865
1229 7.078189264923336
1230 6.572042489447122
1231 6.816457040273887
1232 6.130639139835585
1233 7.223949000742353
1234 6.165471574241175
1235 5.74623942437777
1236 7.185829687476173
1237 6.651917107573681
1238 6.424807370360161
1239 7.205982382998964
1240 7.1163725305186905
1241 6.98823554290606
1242 6.684796949103255
1243 6.951139367095863
1244 6.239763560343684
1245 7.358658154121724
1246 6.978625272584897
1247 6.6487082941793725
1248 6.699370693474054
1249 6.571801615091255
1250 6.871702232116405
1251 7.036303877240807
1252 6.6294606518494055
1253 7.019213682061508
1254 6.840176592258538
1255 7.049739261999313
1256 7.444908918574396
1257 6.880945551503617
1258 7.194412656967217
1259 7.37531113589361
1260 8.306453088716902
1261 7.943697759577947
1262 6.871993648974994
1263 7.081629922629435
1264 7.075177075737707
1265 7.1342028131179465
1266 8.515650226222474
1267 7.179250768981793
1268 6.871441267564868
1269 7.26530362663541
1270 6.108347539947868
1271 6.915140685735631
1272 7.622505410176907
1273 7.275746077579125
1274 7.247288303098845
1275 6.542419648265451
1276 6.704481024110699
1277 7.409431416480608
1278 6.956052781148685
1279 7.243342942667221
1280 7.282274105317893
1281 7.101207605723948
1282 6.3462895480149335
1283 7.215803212794506
1284 6.94235440017182
1285 6.761406894616063
1286 7.024627559541535
1287 6.72498625688052
1288 6.912431858905647
1289 6.705098455648359
1290 6.850099563148493
1291 6.7240556255905055
1292 6.812845070042639
1293 6.416715402860609
1294 6.737608055323609
1295 7.083794782816916
1296 7.14674988996786
1297 7.589210187971414
1298 7.324189751012538
1299 7.727438671442655
1300 7.545854815261181
1301 6.862032434511173
1302 7.305574467053172
1303 8.31760605503827
1304 6.67258998913596
1305 7.315492029776699
1306 7.25642634041164
1307 7.433163471566206
1308 7.194419962804285
1309 7.135562115218696
1310 7.148701504554305
1311 6.620082961422396
1312 6.919029823064775
1313 6.861740311303556
1314 6.740576461610079
1315 6.775553760592763
1316 7.069021607802385
1317 7.389171306202431
1318 7.179247152190312
1319 7.0767971348337575
1320 6.733089144548388
1321 7.0703735721800225
1322 7.09454849567206
1323 7.467028527057784
1324 7.010861535112847
1325 7.16041854653106
1326 7.063336735264019
1327 6.90073316673737
1328 7.1519354106872095
1329 6.580951155313103
1330 6.577775511701276
1331 7.904104989119739
1332 6.656960102466109
1333 7.250890922998759
1334 6.812535225080362
1335 6.850461742824484
1336 7.236222439533886
1337 6.072977036770407
1338 6.5377983256310115
1339 6.766901808951855
1340 6.940976546613286
1341 7.2291987246835285
1342 6.799843798025933
1343 6.859438204495089
1344 6.830183474581926
1345 7.144635681184515
1346 6.572989419706956
1347 7.343820689588278
1348 7.117299567152015
1349 7.53621088075194
1350 6.067388794847145
1351 7.020184456408744
1352 6.290476822524821
1353 7.526534360394995
1354 6.840426746757472
1355 7.319692584662261
1356 7.127306191121549
1357 7.30624643075699
1358 7.223513697304162
1359 7.19963056776321
1360 7.101343529526067
1361 7.40785615152794
1362 6.837999150183378
1363 7.4414393673434995
1364 6.9115376230205126
1365 7.2279479912420195
1366 6.740721993543221
1367 7.306899290666584
1368 7.2648506450288215
1369 7.203449800141685
1370 7.43367724308493
1371 6.982952636103785
1372 6.88981148021741
1373 7.227319204717227
1374 7.120294728737746
1375 6.635381608022676
1376 6.570532457887611
1377 7.373238617645986
1378 6.310149226794435
1379 6.387900443988353
1380 6.93211455266784
1381 6.868252650885413
1382 6.9351763722372235
1383 7.2584317756628876
1384 6.990723330913962
1385 6.8598046449337815
1386 7.349945136473709
1387 6.937064373297821
1388 7.279053637013924
1389 7.231333099925017
1390 7.178076299929347
1391 7.301223248856393
1392 7.186894803600364
1393 7.1695856515013965
1394 7.327480835601918
1395 6.763151922064336
1396 7.313205677265097
1397 7.260139231679454
1398 7.078280869757401
1399 6.794494708092742
1400 6.980430084058485
1401 7.034070760293452
1402 6.31792645572994
1403 6.644859194282062
1404 6.995405554198967
1405 7.29282444738701
1406 7.263941205382684
1407 7.192531124875504
1408 7.2528954680311815
1409 7.161642281157587
1410 6.8925490958563564
1411 7.346224870660282
1412 7.113189242457011
1413 7.287455897411044
1414 6.714868885697247
1415 6.859289288605593
1416 7.249906981930347
1417 6.551929367458785
1418 7.486344697001032
1419 7.1638798364683485
1420 6.832652280360661
1421 7.300715958487639
1422 7.7349483240528265
1423 9.10650789077184
1424 9.237097091893299
1425 9.095882351914165
1426 8.932865737800265
1427 8.604205216637974
1428 8.63284760789595
1429 8.411677352837769
1430 9.55179823992678
1431 9.064576347065273
1432 8.612648547561351
1433 8.720151656658587
1434 9.143166369783177
1435 9.464796898428158
1436 8.917694465030747
1437 8.354909955606823
1438 9.391795674049197
1439 8.963324581765995
1440 9.499205267189115
1441 9.974912225786023
1442 10.178577618990904
1443 9.243299802596312
1444 8.599636262962154
1445 9.159650178339694
1446 8.698520135156084
1447 9.303849632258046
1448 9.305329981871626
1449 9.08887512630667
1450 8.876041504623736
1451 9.749697258643408
1452 9.285630773124081
1453 8.954416575638453
1454 9.332678617178615
1455 8.891001396314657
1456 8.977870318500724
1457 9.045572932994187
1458 9.117035336037716
1459 7.4704951363308085
1460 7.054971066860429
1461 6.821852979641115
1462 7.480608494459831
1463 7.385078017322963
1464 7.254007848395779
1465 7.328070822948832
1466 6.765598030198287
1467 6.724964008102305
1468 7.165674946085419
1469 6.611121297339319
1470 7.209266606773633
1471 6.980598099537055
1472 7.229097641020831
1473 6.94339122190095
1474 8.039660281424888
1475 7.777213737477072
1476 6.829955078682466
1477 7.042178192204491
1478 7.557254066798987
1479 7.924277069102552
1480 7.534064801036521
1481 7.607956538023781
1482 7.455450945384741
1483 7.4418054245524194
1484 7.408305656755837
1485 7.09304297708788
1486 7.352259502259048
1487 7.2783253741373715
1488 6.9483598398420074
1489 7.241553834270032
1490 7.141729271561331
1491 6.678432559392579
1492 6.668284716232025
1493 7.439303454691248
1494 7.177852663000513
1495 6.979542335832135
1496 6.962060890442618
1497 7.121652403821349
1498 7.011545738148741
1499 6.593755526902938
1500 8.040290206729617
1501 7.372893104776651
1502 7.71029399626794
1503 7.506372806342061
1504 6.948352144751943
1505 7.62097891271927
1506 7.264067779071629
1507 7.104340085138792
1508 7.107291003763044
1509 7.381319589196647
1510 7.814370529053091
1511 7.116738439931308
1512 7.442328734603465
1513 7.205856045828824
1514 6.771501234234775
1515 6.77532787308256
1516 7.593111272225785
1517 7.213538811869106
1518 6.302413192133886
1519 6.698264924892745
1520 6.833958961895448
1521 7.277288502858582
1522 6.797313277469778
1523 7.0945525806773375
1524 6.622125695428883
1525 6.9220001439563426
1526 6.648309865491498
1527 7.002359741321985
1528 7.000243695697067
1529 6.393830051819893
1530 7.3951678118831845
1531 6.956534395069777
1532 6.928957783994317
1533 6.826383926319326
1534 6.568384333747223
1535 6.745365776161223
1536 7.398923603694532
1537 6.497184934787463
1538 6.96116754153567
1539 6.83382828249214
1540 6.581767219928882
1541 6.984813758759179
1542 7.188706051864082
1543 6.852530821000567
1544 7.034752089978922
1545 7.336583873970386
1546 6.8774348378995125
1547 7.010418719641607
1548 7.263265751224775
1549 7.024685681018958
1550 6.327122637776315
1551 7.142119880744872
1552 6.342900920015997
1553 5.897310640792419
1554 5.924085275623971
1555 5.926084140580106
1556 6.088695416042562
1557 6.746266011184498
1558 6.293023253998298
1559 6.265760637236114
1560 6.7437977036364884
1561 6.569340975438336
1562 6.363312975557809
1563 6.5090475703808774
1564 6.109334915579961
1565 6.449395780893133
1566 5.831032612835759
1567 6.122525552611302
1568 6.406968842523509
1569 6.430825773869908
1570 6.463087893893682
1571 6.464656544000991
1572 5.979450917162273
1573 6.564696348712335
1574 7.844220509647976
1575 7.959204646714204
1576 6.204828273861847
1577 6.030196028711825
1578 6.339153806603969
1579 6.412199978226573
1580 6.079322683553926
1581 5.673757341461912
1582 7.353687707987481
1583 6.17641683952058
1584 6.370069176495027
1585 6.1891797658641
1586 6.617972335959579
1587 6.451293446922718
1588 6.322103670387252
1589 5.923979165635485
1590 6.970748704594621
1591 6.0664836858602795
1592 6.480903661284117
1593 6.345420988356629
1594 6.1498472468483465
1595 8.16498011155765
1596 7.061122969669931
1597 6.485875662199633
1598 6.15936785880171
1599 6.210717817665526
1600 6.531668052408493
1601 6.172112036003184
1602 7.146569241076293
1603 6.774224583849127
1604 6.1453648464449255
1605 6.131523020874584
1606 6.021970091537079
1607 6.282613391675404
1608 6.149608065085546
1609 6.237442541999938
1610 6.9135655289694515
1611 6.158923822262867
1612 6.607413514695735
1613 6.677124487774405
1614 5.754529107354014
1615 6.220105449932646
1616 6.239936892391445
1617 6.228199422665273
1618 6.539589044704488
1619 6.0858806035679445
1620 6.090076160251566
1621 5.932206227995053
1622 5.981620789676435
1623 6.33860257879746
1624 5.9379019595885
1625 5.906058301399854
1626 6.341037256841486
1627 6.523220661633977
1628 6.541971121324131
1629 6.728137478338759
1630 6.073463105883225
1631 6.504634878597572
1632 7.053808150255164
1633 6.056006250143114
1634 6.397194784275906
1635 5.820485395010793
1636 6.495538735298274
1637 5.868018436384505
1638 6.446379372175929
1639 6.2667389061518755
1640 6.424408684079096
1641 6.62033294725863
1642 6.152621128165227
1643 6.909375842245812
1644 7.729525162404123
1645 6.121874210145547
1646 5.977927917297821
1647 6.208773812970796
1648 5.859594750738987
1649 5.8693287930885685
1650 5.8804541936909684
1651 6.166273452587544
1652 6.282716830281837
1653 7.091435789699588
1654 6.184751537235358
1655 6.4375153689861495
1656 7.007128484481504
1657 5.879463383650412
1658 5.869647708987373
1659 6.3620710031487215
1660 6.263890690551413
1661 6.390727985919687
1662 6.757549532583083
1663 6.043292282849424
1664 6.236469158753837
1665 6.724385091498365
1666 6.562409763824059
1667 6.261963442098476
1668 6.519100500518289
1669 6.720546963737396
1670 6.119915737272772
1671 6.911351630002873
1672 6.129890792781924
1673 6.006895615845768
1674 5.745003687430126
1675 6.688521074239764
1676 6.1276240333503065
1677 5.843324164513184
1678 5.893556826654395
1679 6.787390324285478
1680 5.942157008547882
1681 5.582074297162842
1682 6.394439164369705
1683 6.199208447756668
1684 5.893500990737224
1685 6.330694390312667
1686 6.665531797907733
1687 5.996588373769602
1688 6.532247053385448
1689 5.888793546006113
1690 6.553867545036758
1691 5.965400281632466
1692 6.466749208262413
1693 6.403322254106934
1694 6.9748676021859515
1695 6.452414696442435
1696 6.323616007673995
1697 6.149054484531259
1698 6.018193708245096
1699 6.044963961243042
1700 6.36776369959545
1701 6.266622943032383
1702 6.432136304535126
1703 6.201353271955781
1704 5.977036467312914
1705 6.004229962250035
1706 6.6887221710662725
1707 6.346241606250349
1708 5.492211356642281
1709 6.255210839891249
1710 6.332229185685739
1711 6.539028746907694
1712 7.806599192711572
1713 6.143074845993195
1714 6.355199276319588
1715 6.240097302553937
1716 6.559201657415411
1717 6.263787126597122
1718 5.93680847172157
1719 6.4043099374358174
1720 6.158305006473538
1721 6.209749724521308
1722 5.946272993653197
1723 5.967765812782
1724 5.8924867621350545
1725 5.96174565727104
1726 6.022910362156574
1727 6.444105157325357
1728 6.3550432073154495
1729 5.951384326778278
1730 6.400564770838956
1731 6.954914116536905
1732 6.770601938778534
1733 6.664504133807903
1734 6.441137504613072
1735 6.56779727069261
1736 5.86948545790577
1737 6.13327172196874
1738 6.487956926479044
1739 6.108937458229917
1740 5.667005562356264
1741 6.07812213003488
1742 8.567215594651437
1743 7.88783236549064
1744 5.858355971985204
1745 6.379191641762879
1746 6.409606351131079
1747 6.2019285787595075
1748 6.234102649082519
1749 6.501709537028003
1750 6.926791386531896
1751 6.345480047642203
1752 6.385057723412156
1753 6.2460357541193305
1754 6.584578137885319
1755 6.125302595676744
1756 6.336760961380368
1757 6.091597241024225
1758 6.755622075024029
1759 6.141392325599703
1760 6.985697999236733
1761 6.159264084563013
1762 6.244824477965914
1763 5.683211493549764
1764 5.931829114235822
1765 7.298494128996582
1766 6.13480926453533
1767 6.8012143190808185
1768 7.053061316861808
1769 7.033619441137026
1770 6.624898691917848
1771 7.046377955728694
1772 6.1513315626590135
1773 7.268007820050014
1774 7.169064656367107
1775 6.876994885057567
1776 7.114274719355123
1777 6.415133462716502
1778 7.016043129563156
1779 7.0172207221464
1780 7.378759131725729
1781 7.082629798031703
1782 7.603584806675782
1783 6.725453125379877
1784 6.981921818382768
1785 7.091345585512196
1786 7.105761096126799
1787 7.291593207150855
1788 7.286449971342548
1789 6.539523533228474
1790 7.342870336001066
1791 8.532475087843855
1792 6.402028658666392
1793 6.953514146606028
1794 6.707336616961616
1795 6.887325179626155
1796 6.6180546759699554
1797 7.307346332328778
1798 7.197465071352078
1799 7.8499590386601295
1800 7.152427010632388
1801 7.229972029555422
1802 7.1751167548722625
1803 6.382974035192968
1804 6.501942904738972
1805 6.893632001757163
1806 7.039737821987175
1807 7.014796068840823
1808 7.048410960893191
1809 6.57073709688329
1810 7.232506821061657
1811 7.486437179373309
1812 6.982734174193845
1813 7.069542864991012
1814 7.393414457663902
1815 6.8792324955703545
1816 6.625615843976437
1817 7.448543404127938
1818 6.735368115803741
1819 6.711842263294003
1820 7.248626392689902
1821 6.45377667635847
1822 6.560116238507833
1823 7.264605046087992
1824 6.083086464000392
1825 6.940060672153991
1826 6.422124992927529
1827 7.159360196668244
1828 6.555307866061796
1829 6.7635561391147565
1830 6.306262395581895
1831 7.158434668475151
1832 6.685952100522857
1833 7.180821206801071
1834 7.4884805318828285
1835 6.891992367161859
1836 6.719268995704089
1837 7.301532485845858
1838 7.269616621617473
1839 7.376749187249399
1840 6.447287100167721
1841 7.054335888531986
1842 6.641390110524486
1843 7.1747705582754016
1844 6.984202590239496
1845 7.1127580534487835
1846 6.527599812395185
1847 7.1362844222548745
1848 7.542072190114262
1849 7.055925797950571
1850 6.602103514162811
1851 6.81372360018919
1852 7.949188328512011
1853 7.568850727300591
1854 7.13803204756069
1855 7.546086482324569
1856 6.469660992667203
1857 7.468826850512481
1858 7.029857632213983
1859 6.843289257427961
1860 7.097934178554172
1861 6.684476755872934
1862 6.992836763894286
1863 6.783308625703594
1864 6.17230913921956
1865 7.356197323201551
1866 6.573237581216469
1867 6.621852971044196
1868 6.278770255302989
1869 7.16762873205315
1870 7.275245984289608
1871 7.256548241680125
1872 6.8774533141372425
1873 7.544362969251683
1874 6.598735749566991
1875 7.111328777536054
1876 7.141496702689369
1877 7.065122570185006
1878 6.621219904000263
1879 6.980463154125693
1880 6.758161703758986
1881 6.81434397239441
1882 6.728337930339197
1883 6.9866978996073525
1884 7.609573478927728
1885 7.409036504911136
1886 7.665278196606851
1887 7.347625553830698
1888 7.238763648694375
1889 6.504905550404681
1890 7.151910620290009
1891 7.007229577653731
1892 6.636872142444405
1893 6.79732966461626
1894 6.9628870291979155
1895 6.964459187158379
1896 7.363511609677576
1897 6.7107383691866955
1898 6.989751591866791
1899 6.965307640848849
1900 6.932543961783641
1901 6.51408957509494
1902 7.28856467815551
1903 6.7945404708862105
1904 7.424021031242971
1905 7.259747986821973
1906 7.203344653136857
1907 7.592019213926042
1908 7.296125696084627
1909 6.934944552145085
1910 6.934305704971853
1911 7.700949106565516
1912 7.0973105469293625
1913 7.175844922347023
1914 7.682591880857858
1915 6.37064654800021
1916 7.32359698484925
1917 7.474660679187092
1918 6.907392319174867
1919 7.318739873976917
1920 7.337888509255118
1921 6.856467983278147
1922 7.085024623680658
1923 7.135451533619771
1924 7.529633844637811
1925 6.9894860353458395
1926 7.189971110122006
1927 7.66004180552061
1928 7.082613496815805
1929 7.440576362738791
1930 6.826551785951479
1931 7.3250823231931115
1932 7.105975722864613
1933 7.704167614172456
1934 6.8605195000760375
1935 6.907580108607509
1936 7.01016354669019
1937 7.31473831528179
1938 6.7150356534686475
1939 7.311218152787836
1940 6.374486088318868
1941 6.642949739050347
1942 7.221696939267584
1943 7.618739805008659
1944 7.525190203861454
1945 7.214972091684818
1946 6.9958821179178905
1947 7.293887182621509
1948 7.451744514530017
1949 7.682134174919627
1950 7.04640720114207
1951 6.661090370857102
1952 7.443994419953823
1953 7.034614340087716
1954 7.410290303897401
1955 6.956721207572439
1956 7.006743978507196
1957 6.712146629927298
1958 7.32036865964161
1959 6.938391702349117
1960 6.793408103202463
1961 7.212139200704516
1962 7.433796885590383
1963 7.181119022699286
1964 6.831922474848966
1965 7.981693058824285
1966 6.961374492849896
1967 7.2747733233397085
1968 7.548994471528826
1969 7.3361837839558515
1970 7.167201153842206
1971 7.184744013692898
1972 7.133719166741137
1973 6.725418359030407
1974 7.57219306388209
1975 7.332142900858881
1976 7.672946307683556
1977 7.33221192068139
1978 7.323446841749249
1979 7.3324868078688
1980 7.107436789278371
1981 6.5419312141180646
1982 7.905230586836091
1983 6.171946133584502
1984 7.2301086090952875
1985 6.692439030544345
1986 7.071078285133268
1987 6.973304937204603
1988 7.530590530951966
1989 7.494892697713216
1990 7.169264432243742
1991 6.945660196525615
1992 7.572886384205534
1993 7.76212080128641
1994 7.457147914989645
1995 8.360256630229859
1996 7.441065911689329
1997 7.323249908118966
1998 7.818609614011189
1999 7.125833100030037
2000 6.901710006901897
2001 7.627783620039324
2002 6.964832732565255
2003 7.115893090926076
2004 6.951446876829255
2005 7.090077283028632
2006 6.527345042242166
2007 7.030482896864754
2008 6.9085996674361905
2009 7.3950130011599295
2010 6.843980579916848
2011 6.852657144306208
2012 7.3494685892605665
2013 7.124320399506586
2014 7.383044106522564
2015 6.727704278086548
2016 7.074439004844494
2017 7.157263441140869
2018 7.360385405127524
2019 7.325870784911119
2020 7.433067929993119
2021 7.004330424150864
2022 6.624143341019131
2023 6.820245006452643
2024 6.611393482610553
2025 7.155809742099447
2026 7.429415931903027
2027 7.194125029907209
2028 7.531277835764763
2029 7.17884216744678
2030 6.794733544144851
2031 7.523687070031487
2032 6.727820057913087
2033 7.19568866097303
2034 7.288280357015487
2035 7.2501214052196366
2036 7.290737945320309
2037 7.327348601885809
2038 6.482124217858682
2039 6.735642859434406
2040 7.091139354299994
2041 7.247259170591679
2042 7.3021659266020675
2043 7.220150505090683
2044 7.409544950060184
2045 6.694085513173989
2046 6.969676513712692
2047 7.103749667486428
2048 6.860367914275665
2049 7.423787494822713
2050 7.048032573309096
2051 7.267157252315079
2052 7.254910483586022
2053 7.040390232957862
2054 7.123335727802924
2055 7.102592936155934
2056 7.001430487145465
2057 6.897186575562819
2058 7.296971144164807
2059 7.119178263772083
2060 7.295834492894626
2061 7.277140027435379
2062 7.115396408397571
2063 7.154013628347861
2064 6.298251871788458
2065 6.944057421113313
2066 7.0955612534524075
2067 7.122854972194074
2068 6.89428633155581
2069 6.460445984426465
2070 7.241421366698546
2071 6.692462808867336
2072 7.169429788842219
2073 6.659938329100577
2074 7.046638628709719
2075 7.140353815643667
2076 6.979907894515775
2077 7.082310262925977
2078 6.600065304216424
2079 7.039022929232286
2080 6.8979406062154265
2081 7.2966600738262635
2082 7.1282352011178265
2083 6.646174302701961
2084 7.128998257215423
2085 6.961285749959562
2086 7.160040071366312
2087 7.029049855684507
2088 7.047937732083844
2089 6.418160769532759
2090 6.4701073828711975
2091 7.325854788114998
2092 6.820141545045984
2093 6.43164784934779
2094 7.697625244988673
2095 8.049148689238795
2096 8.347500369611778
2097 8.206054680762374
2098 6.349235451973021
2099 6.124504466404155
2100 6.38144046204464
2101 7.416495180636208
2102 6.388610675395752
2103 6.195396494371036
2104 7.037141306129684
2105 6.622452370687832
2106 6.184765324931124
2107 6.339810502225437
2108 6.038252897804633
2109 7.490849881758889
2110 6.416681675997421
2111 6.507741181457154
2112 7.594021654787625
2113 7.6631397946530875
2114 6.204254967177726
2115 6.148168880304299
2116 6.2305714175423885
2117 7.089945258896677
2118 6.334138869681358
2119 7.064900013327402
2120 6.93874263014473
2121 7.12496150066606
2122 6.771203297428506
2123 7.296512843093552
2124 6.9388632493112725
2125 6.963755048429259
2126 7.180671361291573
2127 7.399177610203138
2128 7.141757767823651
2129 6.891820037174301
2130 6.376155977268661
2131 7.129688358702972
2132 6.622782796830125
2133 6.097158235791284
2134 6.528967631431781
2135 6.59412197586306
2136 6.319828389164279
2137 6.894444606872258
2138 7.225743495722829
2139 7.03143322078353
2140 7.235866104898057
2141 6.894052176294993
2142 6.910189650027083
