0 3.4226327875896994
1 3.3033296340457214
2 3.3175772775487666
3 3.3334970622578104
4 3.304069012785586
5 3.3094108593535543
6 3.519785197334691
7 3.5268418626731686
8 3.6277301875872223
9 3.4354356106313455
10 3.196669849005827
11 3.35182936182927
12 3.314534946546654
13 3.3656543233869516
14 3.4157065321195947
15 3.7334513167715335
16 3.2840505740936354
17 3.293978990923872
18 3.3229162033678397
19 3.3251729568089763
20 3.407738458469704
21 3.4220165032260246
22 3.3633161219151586
23 3.339518576834053
24 3.376942535023341
25 3.5591631132412584
26 3.3568772501045645
27 3.619003925874713
28 3.3125776735317354
29 3.4433360145554315
30 3.3161140806827
31 3.468027179550256
32 3.4403909409211653
33 3.6995567732480965
34 3.324630501049604
35 3.3521392256299922
36 3.362165630075103
37 3.252281448327842
38 3.471544531547992
39 3.5109440737104225
40 3.644811998747901
41 3.377713611999231
42 3.4794745732274355
43 3.3815295440552555
44 3.383759244997383
45 3.320638732183183
46 3.394848635993966
47 3.546607931429375
48 3.3809854173515856
49 3.4113057220672176
50 3.3319763565070857
51 3.3323663837420963
52 3.3527824315420958
53 3.784541452011401
54 3.4372232538715606
55 3.375447752366874
56 3.6962528467262574
57 3.3865831684598087
58 3.336236246183831
59 3.4185847068529323
60 3.3772956349208787
61 3.5276016940601114
62 3.392340984630082
63 3.459648782976201
64 3.3895598793786403
65 3.296485820964183
66 3.5565958677042118
67 3.5439798904674262
68 3.2263525459415
69 3.428148275534536
70 3.223291528668235
71 3.605787722813966
72 3.502636931582132
73 3.340750228086073
74 3.4027887945736226
75 3.428709989291502
76 3.467658353218133
77 3.426574815956458
78 3.3531043888608254
79 3.460080340665963
80 3.361700962922238
81 3.382674653017392
82 3.5540362059958603
83 3.4247267813759135
84 3.354639582171497
85 3.402460664929062
86 3.6222150156917214
87 3.326619898689472
88 3.7325547943729425
89 3.451905773542483
90 3.3630571863690495
91 3.3377474406275427
92 3.3199277854808735
93 3.3354702225007236
94 3.2823782018771377
95 3.329811167974991
96 3.3302871280229494
97 3.290228181721801
98 3.5150889785984223
99 3.369703047722238
100 3.5248706398655134
101 3.7636760091145938
102 3.3510220458449766
103 3.3500353763098274
104 3.3680429615829395
105 3.4599268921600967
106 3.32277600283779
107 3.4281959777763973
108 3.34598250723474
109 3.4223329555599475
110 3.36965593157373
111 3.75696297334407
112 3.246035353547162
113 3.312385186208227
114 3.4411507601479885
115 3.5644068023519924
116 3.474982963317184
117 3.343299911449331
118 3.6822071409843042
119 4.2763757339153745
120 3.9328059846688035
121 3.9911425653882744
122 3.399333816182338
123 3.3649102185032227
124 3.381251164027032
125 3.4295346646740654
126 3.3820047403421016
127 3.4643873197178983
128 3.27652935109685
129 3.420450703315195
130 3.3266272698644728
131 3.398733888080583
132 3.33244528801756
133 3.337173904338983
134 3.565455252231037
135 3.2649797566627923
136 3.2892634848085094
137 3.908651238127516
138 3.455120134499816
139 3.2206682513747773
140 3.3833951455365106
141 3.263851051868378
142 3.316530862377283
143 3.2950099412791216
144 3.5288664863138526
145 3.463115261166044
146 3.515582614114412
147 3.3076459978477213
148 3.483967259628281
149 3.388350822802506
150 3.3326508592230075
151 3.18055141294405
152 3.8160808267275876
153 3.246808058281504
154 3.5080367797478296
155 3.471651161138114
156 3.6273011977153993
157 3.3501134660692005
158 3.3133088463675784
159 3.4883125493238434
160 3.471726897832892
161 3.3273173139883663
162 3.3856498138165922
163 3.46113052203992
164 3.5458197347066083
165 3.379338900214497
166 3.603532329590562
167 3.3993571206346487
168 3.366040730336218
169 3.3481728527900128
170 3.3480640233362107
171 3.5309691731906248
172 3.3693261758915334
173 3.279687096312437
174 3.3989635974873624
175 3.392077157201232
176 3.403976728806985
177 3.415206557847739
178 3.3259606730829607
179 3.300440577146406
180 3.3596903828491977
181 3.333054153068994
182 3.3733993555361304
183 3.3521978058390007
184 3.2672126966010757
185 3.523878972460301
186 3.5815740646689145
187 3.573341639615935
188 3.4507690616544426
189 3.3339600501976863
190 3.3617176512010345
191 3.6680189733859714
192 3.273841359618794
193 3.415115860929373
194 3.787243367519397
195 3.475937775674768
196 3.7485104234306377
197 3.6833897341998876
198 3.490125296725484
199 3.4554737323722047
200 3.689359766334014
201 3.54789735797703
202 3.3687005547759172
203 3.515144705565296
204 3.3305272940454325
205 3.4696439358680875
206 3.560127553531101
207 3.4256236678961565
208 3.346779497020695
209 3.6099261489528622
210 3.404600241548842
211 3.304462953034076
212 3.427203806080297
213 3.3043799569836647
214 3.3549150538675545
215 3.4898552768701205
216 3.4807310751681
217 3.4957179617287224
218 3.3326937441284517
219 3.2828844457099176
220 3.4095723025165534
221 3.335020386674087
222 3.5767709655896573
223 3.5253303074133138
224 3.323888612955671
225 3.5235990520934286
226 3.3494637539584904
227 3.4750438043850806
228 3.738040492365678
229 3.3002984792731924
230 3.3795396767838635
231 3.7833334010236075
232 3.35501527270723
233 3.3843326657115003
234 3.4680981423424573
235 3.2981564613613976
236 3.414008547265753
237 3.3388328054401524
238 3.4769339392953285
239 3.355810791336257
240 3.4387157049925476
241 3.4030570507361784
242 3.563307311966924
243 3.5429542083865004
244 3.4487624196966684
245 3.4570136809613214
246 3.5379115658774234
247 3.4203855772318255
248 3.385699664176469
249 3.627831707948318
250 3.4435293190587055
251 3.4579672264774355
252 3.299050132102069
253 3.424399184594921
254 3.3649781311200635
255 3.688860896062304
256 3.4892408502320094
257 3.45266689931665
258 3.385150671695358
259 3.572309371950344
260 3.3427608287652717
261 3.5378463527773634
262 3.312229093276138
263 3.2517429978273205
264 3.2568579571764418
265 3.360466716552887
266 3.4044270926482465
267 3.3210393072914357
268 3.4278314080602277
269 3.467019817170745
270 3.3625807666436995
271 3.4655408877991434
272 3.4859249696936088
273 3.304433555924525
274 3.4082682343365196
275 3.3436830173783285
276 3.3160775667477487
277 3.4010116841322997
278 3.715112576675623
279 3.7306414862683845
280 3.445787298534708
281 3.4767695004890076
282 3.451558799467303
283 3.4733002883229087
284 3.6978825283679053
285 3.386742750547464
286 3.439160277912007
287 3.411631656718578
288 3.304227634560047
289 3.400486606734332
290 3.467036381201015
291 3.347387432997109
292 3.4676970964734726
293 3.530151570833434
294 3.2930740897361113
295 3.515160226910586
296 3.3493081412086134
297 3.642965089040227
298 3.3841088897294354
299 3.3839357578985867
300 3.310429531607577
301 3.390581003053331
302 3.366634480971562
303 3.48814081498754
304 3.657719268673472
305 3.3776698325542203
306 3.4011941304396496
307 3.425297487581106
308 3.3091315662992007
309 3.9812454561884705
310 3.456896015533539
311 3.462504654071592
312 3.3818192731348957
313 3.4301053388636364
314 3.860145361881978
315 3.4708908454297562
316 3.4220886914302278
317 3.4804284511891526
318 3.4405351791128442
319 3.394141840713592
320 3.453634916341452
321 3.523980388608124
322 3.435765599241363
323 3.4782908112594533
324 3.660537131442589
325 3.4122061779823163
326 3.7895962454323127
327 3.3311765122795958
328 3.3578987478860634
329 3.425936163453931
330 3.3365308171912864
331 3.278688428826192
332 3.3554810624940337
333 3.4371973906121522
334 3.415280325619478
335 3.357201914035706
336 3.3741775574927244
337 3.563328281402881
338 3.4497524917031703
339 3.3980766248672367
340 3.5154245557374075
341 3.38125296149693
342 3.2788137365639036
343 3.532230970189712
344 3.3688114232297273
345 3.3420731948630866
346 3.4149788280856543
347 3.6196489992182452
348 3.4443279372978974
349 3.375739389655897
350 3.3303358477038256
351 3.3992872571684716
352 3.372076278415009
353 3.3416715946775417
354 3.363257321825127
355 3.327296962974809
356 3.291526298541928
357 3.4699159343719903
358 3.2573679856045334
359 3.4297845451993294
360 3.374445909895596
361 3.662368776170816
362 3.361988705040888
363 3.4244439520807144
364 3.3990016845745448
365 3.349329369316406
366 3.705996574205994
367 3.359009094227384
368 3.398973234106748
369 3.5456114606964144
370 3.461484350191464
371 3.419091642792867
372 3.2308669036997846
373 3.364476034651662
374 3.3749602514318418
375 3.3690739262306004
376 3.3327883829981406
377 3.3723679377426694
378 3.4998225769233784
379 3.478318361550711
380 3.4567371895105405
381 3.3320463414058827
382 3.4192963345443568
383 3.689799410969595
384 3.3300966172189943
385 3.5279559092131376
386 3.4881576068513622
387 3.4096694791226843
388 3.5408229885908353
389 3.381962958238307
390 3.3076752253551827
391 3.4212279967080352
392 3.4368648791917575
393 3.4157993254305286
394 3.3809660119288325
395 3.359827011748248
396 3.4929908550751514
397 3.210225262859148
398 3.34608365225542
399 3.407898557887963
400 3.413705366103697
401 3.39759091038651
402 3.708530859914818
403 3.460106417980357
404 3.557420613971058
405 3.4351625481534525
406 3.5057394935474875
407 3.351210280311304
408 3.402905100926459
409 3.4847310311309987
410 3.47893723000323
411 3.3498605891624575
412 3.3952460428452125
413 3.7198319174044654
414 3.600044538095539
415 3.2678072555925493
416 3.49890040030369
417 3.274899687151105
418 3.328140664938952
419 3.4330294598931097
420 3.3227777687107594
421 3.217477378623409
422 3.3100819321267547
423 3.3076572828430577
424 3.477840932815332
425 3.455987744666198
426 3.3607617409770656
427 3.2814841328495077
428 3.410365097947786
429 3.3148884185381067
430 3.29670652327042
431 3.3786378205442475
432 3.3259432897498926
433 3.3985793575700893
434 3.447477995687139
435 3.2634094028193097
436 3.7956283916219227
437 3.393464918892066
438 3.6021276383945118
439 3.3372582878466197
440 3.7241512844992144
441 3.374819160973445
442 3.3566814842171158
443 3.5663710288759067
444 3.3836740322505547
445 3.4749469415050216
446 3.5216314703011773
447 3.299080736958619
448 3.377272919229082
449 3.402127867364196
450 4.017364110696485
451 3.4176209375306783
452 3.309457669721511
453 3.3389247773068864
454 3.6195149744995256
455 3.2941424584393193
456 3.3352504044053575
457 3.3118114982842606
458 3.4280670779016544
459 3.7927997298659313
460 3.378459403278468
461 3.395997861038673
462 3.320998735614906
463 3.5826793270579804
464 3.2587317004313054
465 3.5489568657982837
466 3.343040085259934
467 3.256577607163907
468 3.394538385732481
469 3.411963633066719
470 3.3058811595674458
471 3.2906049783186604
472 3.536832640586093
473 3.277609511185824
474 3.281001127216319
475 3.436254130817446
476 3.400706084919701
477 3.2865804085458725
478 3.421461639557974
479 3.34978147183429
480 3.433652476593268
481 3.3345337429508537
482 3.459173800925967
483 3.40340265962294
484 3.347962716747032
485 3.365913134144684
486 3.3553967441837207
487 3.6555483978047962
488 3.304074787460916
489 3.2988539403219335
490 3.3390772285287786
491 3.3392675419031757
492 3.347232498973264
493 3.37836061578737
494 3.33238133725803
495 3.58113661360083
496 3.4322261406505215
497 3.3931914137809187
498 3.243601273784738
499 3.3874398053612254
500 3.456980000678133
501 3.4433665332043297
502 3.3958948985340034
503 3.2833307960583524
504 3.322773801397694
505 3.3861967161552142
506 3.3544732422925265
507 3.361237759152862
508 3.4700624631398784
509 3.387438742919065
510 3.310091313134456
511 3.273586921242417
512 3.6286322822429584
513 3.5556661577789863
514 3.3188524608111605
515 3.3509205019655712
516 3.334226284057662
517 3.349222540990962
518 3.394498894333953
519 3.4911067622037146
520 3.5395280765014228
521 3.336056010883881
522 3.347415798180363
523 3.3967777666743384
524 3.2474385053011363
525 3.4496847838690403
526 3.3550596941183044
527 3.286437713180813
528 3.419610221031524
529 3.3768792016488773
530 3.4219705395270923
531 3.340818756548459
532 3.7292187792084905
533 5.027591337297576
534 3.4758461097445528
535 3.5336804458709805
536 3.163607046944617
537 3.3132483055221287
538 3.312727630442117
539 3.2802310399662016
540 3.342839361518445
541 3.2771439396624404
542 3.7190257984364057
543 3.9000831295361844
544 4.34044511802272
545 4.080482457187789
546 3.368945812302675
547 3.3227325064237188
548 3.4165308395448375
549 3.245508510649334
550 3.470728934861554
551 3.3676796240457096
552 3.3742461271400366
553 3.3604983855724737
554 3.3461523892879854
555 3.3545741263617264
556 3.7376855342204847
557 3.473884827249927
558 3.4469976561134774
559 3.4849793747155298
560 3.3362533841839506
561 3.4933536466258723
562 3.5848577220684246
563 3.750078773980101
564 3.5112882963437784
565 3.419496263039541
566 3.495044517117673
567 3.3915999049890364
568 3.4400202645040188
569 3.8208870275275024
570 3.2991119189691407
571 3.3588110564782907
572 3.3102202303316037
573 3.3985234772894293
574 3.320526902144993
575 3.3820904355237
576 3.429666525829128
577 3.429736418087617
578 3.3758079598252855
579 3.528758883990088
580 3.347201627201127
581 3.4140751287817492
582 3.416964152901967
583 3.3892400820926696
584 3.521609822330021
585 3.349583113690495
586 3.3631385852556304
587 3.3873366627168378
588 3.3463385047024694
589 3.377018754344544
590 3.469663149491881
591 3.424574585769664
592 3.2945283926094344
593 3.3973418351515274
594 3.343999428175261
595 3.4228244040491216
596 3.4224170816132844
597 3.3212017232697812
598 3.555430028406974
599 3.2889398272954353
600 3.402525399540764
601 3.3006236922803547
602 3.4390797093822925
603 3.2612828232369506
604 3.31338903597742
605 3.3253204685087767
606 3.3344895212155836
607 3.418763109574802
608 3.318258488809019
609 3.3780890886121533
610 3.413776374768838
611 3.4618998948084747
612 3.464777197964838
613 3.4810390988686626
614 3.175518631344347
615 3.27085137894367
616 3.3992619079365918
617 3.4486973109076353
618 3.4016643035926393
619 3.5894467990055556
620 3.4565067875047197
621 3.461552967915662
622 3.372185206170046
623 3.4046559293939405
624 3.273153066866307
625 3.7441992086090963
626 3.0975122678757145
627 3.5822789174732725
628 3.2939743830104877
629 3.266313133623682
630 3.3609727592909375
631 3.3848454027230814
632 3.377044707768579
633 3.3608786891756015
634 3.624826472319805
635 3.449780443013929
636 3.283697130300108
637 3.3148361834689934
638 3.469801525219252
639 3.52345579080436
640 3.237725655453053
641 3.3478844393773968
642 3.361397822907705
643 3.5287674298688714
644 3.346205172308348
645 3.3903535292183733
646 3.3002269899586483
647 3.141552969402399
648 3.2737663578177125
649 3.2979649899614256
650 3.442904293204304
651 3.612144280164392
652 3.458571227924964
653 3.344613270748569
654 3.3439808401103104
655 3.5181483944783953
656 4.1071965859417405
657 3.9082817114771458
658 3.483222503463251
659 3.3763400143862587
660 3.448932621573274
661 3.3161685737238744
662 3.7130625353011997
663 3.385403153360541
664 3.3807347945719757
665 3.2994790550695505
666 3.3826781316182677
667 3.3536693878754478
668 3.502686792024174
669 3.4556174542201172
670 3.368634599152457
671 3.415812931192844
672 3.3122292396921824
673 3.3267770289284146
674 3.4928428641549822
675 3.379469459517544
676 3.507544220832554
677 3.385043560831781
678 3.3966671647395548
679 3.7397808466571947
680 3.343803200799662
681 3.412030999833583
682 3.305628403318594
683 3.3624260205702674
684 3.5099836669528695
685 3.2519719008140475
686 3.4927524732231614
687 3.3700643974914577
688 3.4059778803933622
689 3.4440300377033517
690 3.5175247446005296
691 3.445810288121012
692 3.3996669771700665
693 3.4625796655231706
694 3.4127513021639797
695 3.296229533487935
696 3.4028192207667054
697 3.344054755461538
698 3.47632858778218
699 3.4011111885687653
700 3.379796456233782
701 3.4093833899016786
702 3.4071349729544713
703 3.2236906468512685
704 3.438971450315019
705 3.52572655649964
706 3.3930977605241353
707 3.3185294397166496
708 3.4944649101534844
709 3.576733643258399
710 3.353785435465495
711 3.5364232812658196
712 4.027156820378752
713 3.3776014554605056
714 3.1758456004948163
715 4.477276091159935
716 3.9384446510566993
717 4.482563747334166
718 4.298404264972238
719 4.376285728851797
720 3.678051523975127
721 3.3665604005591194
722 3.732162332264144
723 3.4703916245560276
724 3.5328475136156903
725 3.480769821523808
726 3.425226839692712
727 3.368756455955337
728 3.4415080483683727
729 3.902424775267672
730 4.5944351768946134
731 3.389579744297657
732 3.5684977038096957
733 3.2793258128717855
734 3.316748741934844
735 3.9084349808168213
736 3.5420184755451047
737 4.745732852144402
738 4.4436789376795796
739 4.161379038023489
740 3.457415481535889
741 3.4842075181026
742 3.310882097095989
743 3.558849768723067
744 4.048493332915291
745 3.3118983905806743
746 3.37242376731528
747 3.3873987539099057
748 3.3751172898204023
749 3.374696201850407
750 3.386453824092532
751 3.3159580952352306
752 3.4288083202473962
753 3.2079837280015453
754 3.472649832011877
755 3.3498656717828883
756 3.321537610951033
757 3.3559329512028455
758 3.1550842854080643
759 5.163267501184348
760 3.3088337101875442
761 3.168271617807158
762 3.361085344176343
763 3.394001248958727
764 3.270355628074284
765 3.3172407911688553
766 3.6510396626566743
767 3.9461037697249153
768 4.067638771734353
769 3.229911385777017
770 3.279232725334281
771 3.437798547731913
772 3.422516998874707
773 3.9696319755818883
774 3.422586512356739
775 3.472080792886637
776 4.02127412692797
777 5.600558416909333
778 3.767891350391279
779 3.9237039515418353
780 3.360355413229069
781 4.140719532880456
782 3.91753572221592
783 4.439975217183556
784 4.473256076504059
785 3.936968376215564
786 3.61305779624298
787 3.967373492129893
788 4.00905353664088
789 3.9738633952351123
790 4.392012925337402
791 4.72314945416629
792 3.5223859782586073
793 3.271636063846557
794 4.182987361687495
795 3.289638528408526
796 3.3641551461228554
797 4.439969583193685
798 4.127331827836571
799 4.471179881435024
800 4.629518835873405
801 4.184190384406975
802 6.261697946891886
803 5.547835340203361
804 4.091093017617798
805 4.212284005594943
806 3.60736646991966
807 3.332483153746602
808 3.7476007209162407
809 3.5079217157843803
810 3.444006256562922
811 3.276771717139275
812 3.2995677740690836
813 3.475844985284274
814 3.274419545216544
815 3.4365379280185193
816 3.1499650976679536
817 3.3702115230035914
818 3.358833203770017
819 3.3288389602370034
820 3.350340742654361
821 3.3792843190350523
822 3.379382345551861
823 3.376656115939344
824 3.4178337735676934
825 3.4251619606051062
826 3.3887911060559675
827 3.462829054940775
828 3.3541367000017988
829 3.358931424664815
830 3.444463435117081
831 3.363157196402179
832 3.410858537554954
833 3.5800615278272807
834 3.4027198206273646
835 3.3518441064029454
836 3.316379445855951
837 3.311217020953181
838 3.478077013373915
839 3.8925674566975625
840 3.356462022279472
841 3.3812229984622566
842 3.3774828924219022
843 3.365672629337561
844 3.5388781166352388
845 3.3668608609135817
846 3.2528043690126553
847 3.5485687039991842
848 3.323572775904696
849 3.453306218599217
850 3.4656911460949833
851 3.4875580239465043
852 3.2600707505341537
853 3.454383538595962
854 4.279581824639454
855 3.431648546973367
856 3.3236848195765187
857 4.275604331425647
858 3.569902500623429
859 3.4208339363808737
860 3.5164030636265386
861 3.377614736521219
862 3.4230078064978406
863 3.3045571266412077
864 3.4455288895466527
865 3.3359638527430593
866 3.511335012783872
867 3.3004396367816318
868 3.327757592257876
869 3.5132761503325516
870 3.4744642228850697
871 3.3129825799121666
872 3.435491062035371
873 3.4874016909412227
874 3.3447340510399917
875 3.3439561138493326
876 3.5241782809846622
877 3.2871691640223726
878 3.399763003419443
879 3.855294707383127
880 3.359876869369393
881 3.319732908655056
882 3.734280441846791
883 3.529809060128659
884 3.382069823505708
885 3.5504918673154084
886 4.048449763674834
887 4.184696017099641
888 4.443904899101735
889 4.174861607585118
890 3.396971109676699
891 3.294497724025389
892 4.240214471098076
893 3.3865628210728764
894 3.3474280478114595
895 3.4321834177259842
896 3.371052076433414
897 3.378852163892685
898 3.7478647755690413
899 3.601146396084012
900 3.437198863574016
901 3.353546226106781
902 4.072830429691986
903 3.482185239023639
904 3.4066101487948823
905 3.779107410926791
906 4.366617619189059
907 3.870657844191074
908 4.074311940381115
909 3.9341261939784236
910 3.376254426768635
911 3.4357286788106136
912 3.69863159420199
913 3.9255462789304163
914 5.6903949076338876
915 4.591039096331594
916 4.220944491798182
917 4.479097424025907
918 3.397347835801046
919 4.431352829762145
920 4.392019701699395
921 4.594595813883713
922 4.3562087326452295
923 4.0704971606265286
924 4.561800581221239
925 4.458598906615803
926 4.140309067853309
927 4.142900427157624
928 4.278551580927471
929 3.808142274597463
930 3.4811475499757494
931 4.603707684408914
932 4.278797142181697
933 4.770594720361473
934 4.1824751749159965
935 3.4935198777871177
936 3.3698995936762546
937 3.9578027979022585
938 4.422619110076833
939 4.188660070808201
940 4.4455285035400856
941 3.4926708557816717
942 3.3774802856361936
943 3.8056093631058014
944 3.9351433862011724
945 4.089307084882282
946 3.3850560721155496
947 3.4225402832748792
948 3.396159739055667
949 3.5304269161181625
950 3.4240849155659485
951 3.4659563623047718
952 3.8577135196782635
953 3.394974577711643
954 3.4961044288539362
955 3.253959167105453
956 3.42887191726234
957 3.2884842470065365
958 3.4722119159140568
959 4.048917818033989
960 4.368113245570357
961 3.3754505983183063
962 3.5500151711550902
963 3.364390953978183
964 3.384015481305965
965 4.4304858167520775
966 4.427114779998192
967 3.234108445290013
968 3.5375176051635924
969 3.374148443802253
970 3.4110588746715127
971 4.416406993353906
972 3.250098769311514
973 3.388020498678355
974 3.6317223226598196
975 3.300169925795718
976 4.3612900701387876
977 3.3558953886427085
978 4.4281056394615605
979 3.3502081926099403
980 3.557627274709402
981 3.467924098902191
982 3.481439089477359
983 3.3725147392770944
984 3.4331151548571306
985 3.4974680555814692
986 3.457162410204903
987 4.582607214568192
988 4.498746524051884
989 4.273701113084928
990 4.104671558687221
991 3.3310602569621888
992 3.340119127659875
993 3.4457585178266883
994 3.304908985734881
995 4.518064617873069
996 3.897641937772567
997 3.436054628510781
998 3.540971257628662
999 3.31513793501656
1000 3.3232091407107793
1001 3.3786599259353234
1002 3.3882892206005164
1003 4.124402739583435
1004 3.4647164629234344
1005 3.6717212521589118
1006 3.465452088437162
1007 3.4544047815415735
1008 3.4239470365212084
1009 3.321319507538182
1010 3.4906456745258114
1011 3.374892472208281
1012 3.409137457896131
1013 4.204796203546444
1014 3.8642308773730805
1015 3.439785951238334
1016 4.0768891854269995
1017 3.3970019794338757
1018 3.4912229853337897
1019 4.1305602095059815
1020 3.478522747130745
1021 4.205103743367253
1022 3.4606220279924074
1023 3.223808920244646
1024 3.272445818309641
1025 3.5267093062707713
1026 3.3269410845530385
1027 3.3430477334477424
1028 3.276663971058405
1029 3.3446851795187507
1030 3.3125246999205427
1031 3.5010101637636564
1032 4.432196100882426
1033 3.3221595870292444
1034 3.2744759729637405
1035 3.371761991362393
1036 3.5790710757437054
1037 3.4657546718082104
1038 3.383348269626312
1039 3.286130105091436
1040 3.3619465938281086
1041 3.3964843687893866
1042 3.388653826688614
1043 3.3817056480570407
1044 3.2567235698661015
1045 3.502625562108974
1046 3.3800961583369196
1047 3.2685540124144703
1048 3.338751148341102
1049 3.402506584266399
1050 3.3209467292838597
1051 3.4746664907509164
1052 3.426765070208487
1053 3.3285876682325033
1054 3.35565428953148
1055 3.745636664881328
1056 3.2793392680284525
1057 3.6585422782321895
1058 3.394412707459518
1059 3.4771969453041414
1060 3.295330364139478
1061 3.3623658563084837
1062 3.8539837664192675
1063 3.405864482001684
1064 3.5866894541872774
1065 3.3677488385513143
1066 3.3796972959185063
1067 3.522740349240047
1068 3.3298639388767444
1069 3.398103768508294
1070 3.8809349965502533
1071 3.306110909015172
1072 3.4328732457034308
1073 3.375830065615436
1074 3.320792218976533
1075 3.4955460471883226
1076 3.433250222729477
1077 3.3734426835984648
1078 3.36290020980154
1079 3.4250663708056437
1080 3.331555419173691
1081 3.4161167658865943
1082 3.3504165943596695
1083 3.4390720497903566
1084 3.3004736781730246
1085 3.4424223944410857
1086 3.5203441337518617
1087 3.3881765819664755
1088 3.37057147081663
1089 3.3456251970150013
1090 3.486291965903117
1091 3.3649171150379655
1092 3.2748772465243094
1093 3.4959528109910414
1094 4.148123849401016
1095 3.270940559570766
1096 3.2637124688622627
1097 3.3604873203482994
1098 3.3186867552338812
1099 3.3052244347858393
1100 3.363938720038202
1101 3.4007806694309157
1102 3.475379749910015
1103 3.7465562914916273
1104 3.388358077970495
1105 3.4893274391416305
1106 3.966197689290197
1107 3.7798587837987836
1108 3.6824425036361528
1109 3.4033619743280896
1110 3.4976253393112935
1111 4.346216017857475
1112 3.84847997394123
1113 3.349051919215851
1114 3.7782797488854913
1115 3.276428381451837
1116 3.5058944244904446
1117 3.420587519971083
1118 3.5071761095268483
1119 3.820870348470621
1120 3.4158918031560104
1121 3.3000209973517496
1122 3.380294723731451
1123 3.339193118843951
1124 3.368306364089157
1125 4.219286939069295
1126 3.6428954973082477
1127 3.465222650330177
1128 3.5955972492787986
1129 4.381028404172816
1130 3.992718174512049
1131 4.02173093486475
1132 3.4935375937729107
1133 3.3977715334748364
1134 3.3717318056940746
1135 3.3516420806257856
1136 3.4870804189890587
1137 3.324613184090446
1138 3.416090280703762
1139 3.302050349464577
1140 3.4383054940355957
1141 3.2818176360078337
1142 3.408910338265966
1143 3.4816251088237338
1144 3.4149603726887117
1145 3.48166234687866
1146 3.536309570257449
1147 3.4151620187410985
1148 3.2310381850796723
1149 3.438770757599595
1150 3.4080019983230656
1151 3.6971066842518296
1152 3.368322280045004
1153 3.5438409978692738
1154 3.3790865610638416
1155 3.3617995162390444
1156 3.3665150645714452
1157 3.2986035867944428
1158 3.527497252307001
1159 3.2603980683081213
1160 3.314362160462825
1161 3.2859674187707855
1162 3.4322045437718813
1163 3.4711266882274323
1164 3.305461808127116
1165 3.301073920275767
1166 3.455490055283674
1167 3.3379843251648946
1168 3.666054829880709
1169 3.3623036399659294
1170 3.257200070388326
1171 3.423420859123822
1172 4.318847487388927
1173 3.2698541298444708
1174 4.066643100680278
1175 3.4270624089219957
1176 3.364585898195117
1177 3.442245926898173
1178 3.5735646476971854
1179 3.383765683658218
1180 4.43994787091981
1181 3.3278255118093423
1182 3.3769319976196903
1183 3.369087072727982
1184 3.4314967952654967
1185 3.3550129767015457
1186 3.3530802180914017
1187 3.352248773097968
1188 3.340818578046012
1189 3.2792148386251627
1190 3.367810706936729
1191 4.583307328078984
1192 3.464639454855894
1193 4.669936507444306
1194 4.851726297035933
1195 3.277046318484698
1196 3.4444246141778647
1197 3.328789552851243
1198 3.7829693467331547
1199 3.904158756574312
1200 3.9104109932084024
1201 6.843803110883409
1202 6.732882983905191
1203 3.559385057052323
1204 3.3982601085683264
1205 3.4669047217220164
1206 3.3282429993646927
1207 3.2971447101534044
1208 3.4071795247200845
1209 3.4336251959436974
1210 3.5203020938422482
1211 3.492227645398467
1212 3.7017032675778387
1213 3.4024971897092375
1214 3.399094400424431
1215 3.419400195783032
1216 3.2949554843120907
1217 4.001595531129939
1218 4.321436732601705
1219 4.598005438933209
1220 3.776731460822388
1221 3.3654995691537772
1222 3.467886328620286
1223 3.449350772644063
1224 3.377609305082001
1225 3.4961994246492374
1226 3.3248769683185477
1227 3.6266065006819477
1228 3.760832535963682
1229 3.4480008117847203
1230 3.422437049475827
1231 3.348670447179911
1232 3.4424174062645054
1233 3.5287991286392595
1234 3.291035465609054
1235 3.4391320290688228
1236 4.127072347781879
1237 4.498619773352827
1238 3.8695655743434525
1239 3.45952047818444
1240 4.316092911474046
1241 3.4157407531518174
1242 4.338579199876281
1243 3.3236577856549743
1244 3.6458464475950536
1245 3.995797477599724
1246 4.283150467411924
1247 4.272607389155837
1248 3.4513593144692036
1249 3.3428213247307346
1250 3.4008019251539583
1251 3.3578328777049626
1252 3.3403196730884543
1253 3.839511209262352
1254 4.016863407233556
1255 3.267352098577291
1256 3.4835582864130883
1257 4.071930255880187
1258 4.2064658958820145
1259 3.629862395323242
1260 4.555437008811018
1261 3.3893274302894785
1262 3.2993722665106575
1263 3.3917580511712235
1264 3.3877427623392795
1265 3.276806941780054
1266 3.3506179174741324
1267 3.8792906509729463
1268 4.0066947959124315
1269 4.4534526704644835
1270 4.3750871417700665
1271 4.5400787951251855
1272 4.562235892280071
1273 4.542950376823944
1274 3.4532115438173747
1275 3.3565128109689133
1276 4.422391360346763
1277 4.107816318383396
1278 4.5848004205231305
1279 4.033952166019951
1280 3.897601599535862
1281 4.01029297345564
1282 3.2527744793731874
1283 3.3881123985545853
1284 4.129904664152515
1285 3.231525142884021
1286 3.400676687147685
1287 3.5353420128698816
1288 3.5998923628694546
1289 4.312918755260775
1290 3.430498530119075
1291 3.3917080562317365
1292 4.203549468346979
1293 4.677195047227573
1294 4.525714987942385
1295 3.9920681924181536
1296 4.018121420812986
1297 4.39399185919249
1298 4.371340230339525
1299 4.2157076519062695
1300 4.317804781055809
1301 3.6549377114225896
1302 3.383572820687136
1303 3.425288780470336
1304 4.156241671027701
1305 3.2838728049846537
1306 3.3571016907787494
1307 3.3472048535078116
1308 3.3650506728720324
1309 3.350465213400116
1310 4.235479153799872
1311 3.2759953043957672
1312 3.4727163999315502
1313 3.295503028854115
1314 4.040255638163119
1315 3.3971662743891473
1316 4.59582894886564
1317 3.4017267510764757
1318 3.452531539494527
1319 3.4353311270022253
1320 3.39231169320328
1321 3.5462609593138494
1322 3.397291366677788
1323 3.2986302899653506
1324 3.4748790207164086
1325 3.611575559445105
1326 3.520668919711875
1327 3.8396151547374187
1328 4.005233063758815
1329 4.122350657496333
1330 4.320248833681195
1331 3.379704316227641
1332 4.384896975403647
1333 3.6985803144406173
1334 4.455300569744538
1335 4.315729787785108
1336 3.9608118880142147
1337 3.9562325812477237
1338 4.023334550597621
1339 3.796766359954497
1340 4.1639734936889
1341 3.9969670350581628
1342 3.913999247986285
1343 3.4472813359737233
1344 4.183122564942172
1345 3.779621477217951
1346 3.8347656617614563
1347 3.3666346814986507
1348 3.442251524419075
1349 4.505955748732555
1350 3.9621248853263977
1351 4.114548614806777
1352 4.3254067438603805
1353 4.196725902007775
1354 3.4420498939465043
1355 3.7783842610919867
1356 3.4541834990961426
1357 4.3043540012205845
1358 3.50386175535593
1359 3.981345648716699
1360 3.2786380927426952
1361 3.2779677550558195
1362 4.153744090331899
1363 4.806402491198175
1364 4.509683701606666
1365 3.851863527451129
1366 4.2550037443967845
1367 3.8204529880891838
1368 4.2819904077069895
1369 4.198136721651578
1370 3.961867923864588
1371 4.265870020905059
1372 3.8777015456825334
1373 4.297789659252064
1374 4.178935146269418
1375 4.3038502152653875
1376 4.258848535832024
1377 4.047615043939431
1378 4.288566484833622
1379 3.8570846131925816
1380 3.9885602893292624
1381 4.443960822116253
1382 4.04934447154416
1383 4.124872860885907
1384 4.029455718417999
1385 4.038618071204344
1386 3.455047218630203
1387 3.379751075602793
1388 3.265012960870844
1389 3.4980562591998874
1390 3.5385795698600915
1391 3.2314500927234815
1392 3.4551603624371414
1393 4.313730963052985
1394 4.060593803530418
1395 4.14866437639314
1396 4.339347339862487
1397 4.212251966781544
1398 3.9241986357731924
1399 4.071582149365969
1400 4.316139995316308
1401 4.461058969851551
1402 3.8308284424167343
1403 3.9116264633040276
1404 4.37858365364346
1405 4.423529064055571
1406 3.3904820868193988
1407 3.808264241045348
1408 4.543145864275848
1409 3.4692339831380776
1410 4.187262789999734
1411 4.588864905180591
1412 3.3549834753376864
1413 3.314002431710044
1414 3.4783755155843727
1415 3.3103736736091993
1416 3.3193649190373753
1417 3.2906983895509523
1418 3.30780609430236
1419 3.389213667686685
1420 3.3236070291778783
1421 3.279374216126628
1422 3.4564863446712213
1423 3.4075017062238846
1424 3.6193877720810286
1425 4.290639377805722
1426 3.374692103407035
1427 3.2889213248620184
1428 3.306987281539939
1429 3.4545559008901936
1430 3.41650309186884
1431 3.3083646449745676
1432 3.3860516071150357
1433 3.4758370437000723
1434 3.361408424486232
1435 3.786500413115964
1436 3.400371720559994
1437 3.8369294501961315
1438 3.365227790134758
1439 3.8740768329509394
1440 3.289916137902376
1441 3.3402214761804565
1442 3.3743501851511675
1443 3.4350710557991473
1444 3.4375318520007223
1445 4.134192157349029
1446 3.9379069722011244
1447 4.334753591273326
1448 3.8790337902702245
1449 3.498167078569157
1450 3.3043080653980526
1451 3.6065076987127584
1452 3.4326661244435996
1453 3.231879091757898
1454 4.49842428608987
1455 3.716622110156704
1456 4.075184459421591
1457 3.6807459073155413
1458 3.4049053341040936
1459 3.7815157400597044
1460 3.6215447271765315
1461 4.118849927861431
1462 3.4701190234928396
1463 3.8855815080113074
1464 3.4949294177240993
1465 3.3611254697347843
1466 3.6722187046124533
1467 4.287320678813681
1468 3.3047372776909922
1469 3.391701541129577
1470 4.351370527927493
1471 3.869403410474685
1472 4.08106649482576
1473 3.5142622321320345
1474 4.012997433009679
1475 3.841939439411617
1476 4.113059284712185
1477 3.4316524196464964
1478 3.3048049007037363
1479 3.477121873967974
1480 4.36489286990554
1481 4.310893800824264
1482 4.003109255823644
1483 3.3133771833873875
1484 3.8726034393129183
1485 4.346025601808632
1486 3.624486762716155
1487 4.283123637296598
1488 4.586027452619518
1489 3.2514466792361083
1490 3.3406789754877058
1491 3.6510318776518567
1492 3.3925519206431933
1493 3.450494525265083
1494 3.2723371476891003
1495 3.4660191204319224
1496 3.381578127565664
1497 4.44918638317158
1498 4.062902659365637
1499 3.5237639139240073
1500 3.399936199632154
1501 3.3669241304400486
1502 3.9880735276105916
1503 3.3581086830931834
1504 4.487496369730234
1505 4.380288911391058
1506 3.3737547113482167
1507 3.296173284808932
1508 3.341382311417018
1509 3.4552103650286536
1510 3.72024763352416
1511 3.539202007054407
1512 3.57132538397491
1513 4.441750133113155
1514 4.344021169415449
1515 3.29163203853566
1516 3.6385179548869995
1517 3.360230866844917
1518 3.4245263054506476
1519 3.308902978977655
1520 4.380928046604516
1521 4.491570096054178
1522 3.340044278844227
1523 3.335173553409333
1524 3.4173512178609817
1525 3.3376748232511138
1526 3.935162989194566
1527 4.298867848491716
1528 3.843119625663676
1529 4.572173795334924
1530 4.224858110836353
1531 3.8109608380150437
1532 3.3425927732564897
1533 3.537335624539752
1534 4.504747305083233
1535 3.94796119241346
1536 3.892560865376036
1537 4.58315491897321
1538 4.256884617766379
1539 4.364301336490394
1540 3.3900635027761963
1541 4.2999896405853555
1542 3.810213853990064
1543 3.413330912654007
1544 3.4758764601058956
1545 3.2549998419423676
1546 4.366783710528611
1547 3.8432043713048105
1548 4.1533596900451935
1549 4.077956554267974
1550 4.324466086750076
1551 4.418335290740283
1552 4.355403681477453
1553 4.256095129163672
1554 4.3224826226340936
1555 3.358877365253462
1556 3.3776982373592888
1557 3.452966022095007
1558 3.3782972776521185
1559 3.412085161173959
1560 3.407978343287837
1561 3.3652427864759344
1562 3.4458310033531356
1563 3.4593143407556517
1564 3.312313857536555
1565 3.3139274028183707
1566 3.311384788613249
1567 3.3928894448390956
1568 3.201050908936381
1569 3.3435649195308614
1570 3.3060497511066314
1571 3.491945519514762
1572 3.326209213162665
1573 3.4558099646190517
1574 4.043850371950814
1575 4.663765121908505
1576 3.9605441039265847
1577 4.120703690517525
1578 3.9345736528140445
1579 4.0842384174787085
1580 4.432638722854931
1581 4.172323177193489
1582 4.309743101507568
1583 4.250124334448932
1584 3.816725966224935
1585 4.592047050094686
1586 4.0690706999720705
1587 4.529890813448873
1588 4.199183035433347
1589 4.189538992883523
1590 4.048014376768402
1591 4.197854077315032
1592 3.3783735515474653
1593 3.4389061542636443
1594 3.3642287868214193
1595 4.05535767143404
1596 4.075255766785455
1597 4.541010540457636
1598 3.4763662460543463
1599 4.312804288240723
1600 4.509883214653969
1601 4.178361383618492
1602 4.368842703972925
1603 3.7569845745298096
1604 4.392554598772802
1605 4.402725538856331
1606 4.321568460896918
1607 4.392330965508738
1608 3.8667541965449046
1609 4.279340823145525
1610 4.365573080242404
1611 4.318717309049832
1612 3.828282916195489
1613 3.3981035394970265
1614 3.7214548609040348
1615 3.8879008153483734
1616 4.300285216745772
1617 3.96175365689963
1618 3.3780289291084893
1619 3.3642482150601474
1620 3.4130986060159136
1621 3.7533657027310205
1622 3.508616179349675
1623 3.270293285129524
1624 3.5030142117028045
1625 3.302705079987173
1626 3.391310711739609
1627 3.326876694737344
1628 3.2997066168692557
1629 3.489657939222321
1630 3.344833332323951
1631 3.582188186146755
1632 3.342366909996451
1633 3.8271982282906283
1634 3.462480901572975
1635 3.438151779998501
1636 3.518125809724851
1637 3.42546212723556
1638 3.3043321772239644
1639 3.2635368005097996
1640 3.4227309550171063
1641 3.4365856361476856
1642 3.2548210013787235
1643 3.3702643797470735
1644 3.324992469558911
1645 3.422197175286977
1646 3.2955893470924127
1647 3.2665898566044604
1648 3.4392340455100108
1649 3.7450651216601045
1650 4.119385321461104
1651 3.902295890984448
1652 4.474723045103573
1653 4.185122871369658
1654 4.2915569455965406
1655 4.70924645784314
1656 4.4119847643079035
1657 3.9919899349560595
1658 4.130882354194909
1659 4.424960408506104
1660 3.3620055042820804
1661 3.2712250984753526
1662 3.3619503658915937
1663 3.9079031621716
1664 4.124098260436348
1665 4.013446887723317
1666 4.791804459155175
1667 4.299751742991967
1668 4.258464222429266
1669 4.849120096541244
1670 4.080968812013163
1671 4.309857824732284
1672 4.470328204860992
1673 4.426667593334368
1674 3.5252933116501692
1675 4.258515713162876
1676 3.861914661842167
1677 4.053212174355143
1678 3.5419515816279064
1679 3.4234619612089077
1680 3.3783968413640104
1681 3.8836173309842374
1682 3.3659691685233755
1683 4.3922998356495535
1684 4.332375898027874
1685 3.867617473453914
1686 4.404799430105017
1687 3.394917085159136
1688 3.4844270333308347
1689 3.3864573756128107
1690 4.333212145512804
1691 4.580779168653725
1692 4.2526590093513414
1693 4.243517506285222
1694 4.481595679652122
1695 4.220991104549824
1696 4.397333960957849
1697 3.6116200993630483
1698 3.514794642855891
1699 3.363251435197764
1700 3.4537435579859994
1701 3.407757748353705
1702 4.4525431233731805
1703 4.2313531536569835
1704 4.324496165883242
1705 4.056301700588506
1706 4.543935024526174
1707 4.259835787932899
1708 4.2577506775291605
1709 4.295323631382287
1710 4.410921974473056
1711 4.20977440968482
1712 3.285147173365682
1713 4.2581311668249855
1714 4.596511030572984
1715 4.1056377992571385
1716 3.923841473313278
1717 4.094673584026683
1718 4.026911905094776
1719 3.8737586363234002
1720 3.999278631337424
1721 4.070794833314549
1722 4.421194971549188
1723 3.9991012363269354
1724 4.037912081777332
1725 4.2952906835033104
1726 4.646368943483671
1727 4.538546608751974
1728 4.463055743800909
1729 4.645465333339251
1730 4.499471080321655
1731 3.402828370118093
1732 4.374558609928232
1733 4.2628973298689115
1734 4.485288453280008
1735 3.907306467814652
1736 4.398275902726271
1737 3.872046049902025
1738 3.5793544709179788
1739 4.697140489962738
1740 3.766038502385476
1741 4.008155311665519
1742 4.064094853439826
1743 3.9950641995565284
1744 4.239783510153753
1745 4.285491685392
1746 3.9785260358144128
1747 4.363107024781547
1748 3.4877181088332745
1749 3.3857576787566783
1750 3.84297522037323
1751 3.2627612691585903
1752 3.439398181611201
1753 3.556368576072837
1754 4.048387073598881
1755 3.302914763486752
1756 4.251865410575268
1757 4.260285975373719
1758 4.276190452202436
1759 4.461052614073496
1760 3.5552862360415607
1761 4.416193079729289
1762 4.406789613173343
1763 3.4020987907127513
1764 4.010169131367476
1765 4.0288012179900985
1766 4.299457488138647
1767 3.8903558945385557
1768 4.205661192507457
1769 4.49441155765742
1770 4.150013991417597
1771 4.898721354547758
1772 3.9388315563218
1773 4.235136800225237
1774 4.831953767616246
1775 4.264430569183293
1776 4.370136302407792
1777 4.311880963055374
1778 4.35540812626033
1779 4.09580608462364
1780 4.404487278955386
1781 3.276920393421369
1782 4.383712589485255
1783 3.3310330212412635
1784 3.368792870195281
1785 4.1909383205661515
1786 4.061730457400399
1787 3.9719809225738576
1788 4.149943746708585
1789 4.242858354962264
1790 4.0239316784253125
1791 4.095389761820441
1792 4.529291562479305
1793 4.138925180672247
1794 3.450288328513227
1795 3.4650812722699826
1796 3.868917328544974
1797 4.69014656856203
1798 4.142637884738568
1799 3.968989000614544
1800 3.9740211137268155
1801 4.2451712152174546
1802 4.169820025739693
1803 3.8872426865294365
1804 4.322378774298991
1805 3.547762938754294
1806 3.645330067216947
1807 4.123205666692825
1808 3.5305688558353334
1809 4.253510428141689
1810 4.029167067820306
1811 4.2020605309075405
1812 3.4258582836123344
1813 4.338157608587746
1814 3.6051314211749643
1815 4.332915995222226
1816 4.1025702729336295
1817 4.1730989738734605
1818 4.5506690185282155
1819 3.3647141810344716
1820 4.406900002684431
1821 3.671652072010941
1822 4.299307774314516
1823 3.9703924339008707
1824 3.3713736629048947
1825 4.391381401228889
1826 3.3502553061015106
1827 3.3590167478599544
1828 4.1797043630228075
1829 4.149537656454993
1830 4.443058127282445
1831 4.2483307414987594
1832 4.141247351647448
1833 4.339364524688304
1834 4.278175441873061
1835 4.46293556103188
1836 4.120851357547963
1837 3.6836578335448618
1838 3.463261990035547
1839 3.46741735030211
1840 3.461499344707312
1841 4.366414846461553
1842 4.55062424121538
1843 4.552856853226551
1844 3.9027386520408007
1845 4.160212430257335
1846 4.392638398911579
1847 3.354350569039191
1848 3.6663863375809904
1849 3.3037508239509807
1850 3.5792372149470255
1851 3.9646317599334098
1852 4.454262380784588
1853 4.405584805086569
1854 3.3855501290873784
1855 4.154599937460944
1856 4.486234145063751
1857 4.091825213139272
1858 4.159792097732825
1859 3.717591683502276
1860 4.512074297599974
1861 3.2753314172177426
1862 3.446143771081652
1863 4.394817015166089
1864 3.3221404998967192
1865 4.425802109935498
1866 3.4554394958392405
1867 4.146587458921312
1868 3.5721227927858816
1869 3.805486424944867
1870 4.4277406859488275
1871 4.215478016818477
1872 4.114083977644246
1873 4.249185392992877
1874 4.278974902935144
1875 3.976125763294036
1876 4.066711251868913
1877 4.128054754559982
1878 3.9815862092615584
1879 4.374610329582467
1880 3.808852250421692
1881 4.256292098243494
1882 3.5740600168782253
1883 3.7592793249781637
1884 4.082501966690567
1885 3.8685712916329646
1886 3.8198258998917893
1887 3.570574785874088
1888 3.343029778686001
1889 4.2853469384687
1890 4.15970161608341
1891 4.028967433992348
1892 3.915277225737562
1893 4.418854564885617
1894 4.245443849144363
1895 3.899823613031517
1896 4.234241184488412
1897 4.055710387776297
1898 3.74772361809081
1899 4.161403658895809
1900 4.073374640651098
1901 3.7894547800007135
1902 4.147361568318388
1903 4.035626187284168
1904 4.340626890582106
1905 3.7478644913511454
1906 4.0820716052675285
1907 3.8908826732512014
1908 4.080111219941571
1909 3.3943524070686597
1910 3.3750187486829413
1911 3.3183863891512924
1912 3.8601336787604303
1913 3.557846066728153
1914 3.3340917093766183
1915 4.867908555787198
1916 4.725667783907412
1917 3.845124339031422
1918 4.587176243581599
1919 4.120659558766534
1920 3.44485350694828
1921 4.379986744131012
1922 3.9782218961774216
1923 4.080579535932428
1924 3.3316558925121718
1925 3.776685238674443
1926 4.401215860971504
1927 4.859749272635553
1928 4.3332917480447835
1929 4.540856697032151
1930 4.379574998328515
1931 4.374777887918182
1932 4.14183727448288
1933 4.396508710223089
1934 3.4109733548122523
1935 3.288903802658315
1936 3.364396683053714
1937 3.272875218474904
1938 3.3416714814961375
1939 3.38143256327879
1940 3.4903212405836515
1941 3.299204377796111
1942 3.3687264461980417
1943 3.4491139519497547
1944 3.496958008097122
1945 3.750841618017172
1946 3.491936759632307
1947 3.5054337776947455
1948 3.3157065720877736
1949 3.438011027782235
1950 3.3878615311431237
1951 3.4002144852315883
1952 3.3210254629614675
1953 3.5903597399449767
1954 3.644636741496858
1955 3.457001628816543
1956 3.414022969069584
1957 3.3226107354158727
1958 3.327770750134667
1959 3.345083040958888
1960 3.3502508233766846
1961 3.414621467405676
1962 3.436427117787526
1963 3.476910251129358
1964 3.339368195648583
1965 3.4436580940118064
1966 3.2818498864333225
1967 3.3716411681461143
1968 3.3300317254228586
1969 3.3437953669169698
1970 3.7691742639096257
1971 3.465521971211784
1972 3.3614743868368397
1973 3.3466946508236304
1974 3.4282137484072766
1975 3.4124875413312665
1976 3.766105158977594
1977 3.2084208879437153
1978 3.4143739277777487
1979 3.453394944919076
1980 3.4171222708479743
1981 3.4393092497675832
1982 3.2132219143553318
1983 3.438373013328993
1984 3.3658417629295205
1985 3.3659940367201546
1986 3.352742791482501
1987 3.3608905657215686
1988 3.387507994287174
1989 3.34271941638972
1990 3.305584343000536
1991 3.233094729036957
1992 3.3140620371484286
1993 3.379550230353124
1994 3.3970006162469506
1995 3.4210579245613513
1996 3.3512188621767116
1997 3.4289054169940036
1998 3.371633426057391
1999 3.3977285479830033
2000 3.5069332936980993
2001 3.4250228574158936
2002 3.3343924065894988
2003 3.436945804753868
2004 3.3975360577473963
2005 4.313504683253118
2006 3.32564129273826
2007 3.4587900466491504
2008 3.330077895032414
2009 3.498002292290859
2010 3.3894037776294184
2011 3.403031602385731
2012 3.222343549808043
2013 4.521094803876367
2014 4.02598220873578
2015 4.226890806056346
2016 4.48305688158346
2017 4.298502641927597
2018 4.670020641473285
2019 3.6033300826074233
2020 4.415073102195497
2021 4.3934556758750825
2022 4.510606011775807
2023 4.080533740507654
2024 4.425256872344813
2025 4.306215403721914
2026 3.8507408710246556
2027 3.3920736892230177
2028 3.406799219379612
2029 3.6674793178981404
2030 3.3723451290556867
2031 3.3900306651337866
2032 3.72095825396996
2033 3.7522078454415917
2034 3.837461946855433
2035 4.272477004498926
2036 4.245925916112481
2037 4.009320793817271
2038 4.372467841209816
2039 4.372502514221192
2040 4.22407676143825
2041 3.7865933137704717
2042 3.312704057217769
2043 3.3150465198206476
2044 3.47239260718616
2045 3.3669530236200886
2046 3.667748142011829
2047 3.3816297173717635
2048 3.4366310520817565
2049 3.5228437070332315
2050 3.3436543653741344
2051 3.520246002063402
2052 3.292037159687203
2053 3.4101159614175196
2054 3.45398382714181
2055 3.464125406495306
2056 3.4413962130034554
2057 3.49024080829472
2058 3.9485083624548896
2059 4.140878829454034
2060 4.145309265838481
2061 3.9716441744791675
2062 4.184951175933441
2063 4.491427692821021
2064 4.103273946073117
2065 4.171741399483105
2066 4.147182197827615
2067 4.267687792798795
2068 3.7523368409776396
2069 4.470408780451136
2070 3.4089553715122536
2071 4.410628397849733
2072 3.3348976491508653
2073 3.323574212949973
2074 3.538424330107944
2075 4.207709050604324
2076 4.457647840566128
2077 4.064558235993
2078 4.5905396142436805
2079 4.317143922892642
2080 4.440060303780202
2081 4.545671603761669
2082 4.652420413999027
2083 4.341099944862746
2084 4.198848561012025
2085 4.3893450950281565
2086 4.321751937365841
2087 4.770684435182169
2088 4.3325741863060765
2089 4.262654924739493
2090 4.152157690677763
2091 4.027929340103985
2092 4.175822832146109
2093 4.627763439690539
2094 4.316539795703043
2095 4.089610232802191
2096 4.325716527908726
2097 4.590998270683838
2098 4.348358510768084
2099 4.56673061767658
2100 4.482207278870075
2101 4.587652212543602
2102 4.429609695437594
2103 4.330287817207112
2104 4.198663830629174
2105 4.523505938647684
2106 4.419152897670746
2107 3.5618218149166143
2108 3.769745846179538
2109 3.9561165534986054
2110 4.131778410500882
2111 4.574028792624914
2112 4.680689388451111
2113 4.202592183792659
2114 4.22403989362912
2115 4.419630723509444
2116 3.4690327673901526
2117 4.370223870470972
2118 4.2347573021975915
2119 3.997810182512603
2120 3.791854015411762
2121 4.200485351626353
2122 4.12578314599965
2123 4.193981904960136
2124 4.11520407961459
2125 4.294348314244691
2126 4.0357813823778965
2127 4.036688872488995
2128 4.317179933994925
2129 4.202739310265354
2130 4.253093248711993
2131 4.137418119333665
2132 4.072465528285347
2133 4.1090585412166964
2134 4.09611620499109
2135 3.4292042325677956
2136 3.361862551935883
2137 3.458849060891907
2138 3.33919517422009
2139 3.764217613511659
2140 3.344407835021907
2141 3.259798027267672
2142 3.292468818489631
