0 3.587373414918929
1 3.9916876653042714
2 4.580605709575151
3 4.286620833550292
4 4.227872621117053
5 4.1873178108102955
6 4.325955044875849
7 4.295549296220033
8 4.08973308174314
9 4.2745810475107415
10 4.209854010023425
11 3.953905437068982
12 4.108057616910977
13 5.715784121396861
14 3.875029034060422
15 4.060051162805004
16 4.192274512445684
17 4.130692766335043
18 4.034028499790832
19 4.2794954864254855
20 4.075455286137559
21 4.1846644120681145
22 3.611078473073877
23 3.7938819209864674
24 4.54290600796684
25 4.020971976169883
26 3.9033113667285626
27 3.727850083704806
28 3.9142909136262274
29 3.7780757258667292
30 3.7769333633017674
31 3.6652758673682113
32 4.45683272263382
33 3.3464625461005544
34 3.873551338344567
35 4.135082490607854
36 4.1577559406897935
37 4.191516917149402
38 4.158407039640188
39 4.084005970355143
40 4.2971592958522
41 4.288335179702991
42 4.46536625938154
43 3.5179061266716216
44 3.437680866060305
45 3.963629042854908
46 4.25602258963783
47 4.161917429980964
48 4.164127666836305
49 4.19992206613716
50 4.012785955708942
51 4.0469153340889354
52 4.234141862011031
53 3.8126893621690994
54 4.416266984215382
55 3.661330539803594
56 3.5389486624921602
57 4.1626173527350145
58 3.8037286103649985
59 4.232188002241214
60 3.7897773016670953
61 4.3000934706518725
62 3.9910468260785823
63 4.043262750509041
64 3.8725098764264883
65 3.914095258376268
66 3.683476258241077
67 3.7245291388995656
68 3.1597374484433045
69 3.332629028286404
70 3.943209245582589
71 4.294594427825725
72 3.8439886173343654
73 4.338491318480426
74 3.897096382696136
75 3.974891151762627
76 3.899019295497134
77 4.405533884041984
78 4.275490260164263
79 3.5790737352117046
80 4.19202381125465
81 4.335938174121288
82 4.283711693317806
83 4.410021641765774
84 4.102304291223476
85 4.327598904397056
86 4.098715833911119
87 4.074892728428802
88 4.184196202277287
89 4.072794155528549
90 3.292744074175837
91 3.964587589682691
92 4.121104307766524
93 3.919476922563933
94 3.902681350721497
95 3.616627387506716
96 3.474194015116623
97 3.984019614242183
98 3.729827859985297
99 4.317290768527181
100 3.4023453274031454
101 3.9983466482925976
102 3.9918837272357774
103 4.068533469931279
104 3.8905330308129793
105 4.368408861432719
106 4.2819735935439125
107 3.8825108972308344
108 4.227582565357388
109 3.2897132925502905
110 3.869431704917122
111 4.15965422912152
112 3.8741027021938197
113 3.8407993811387424
114 3.896352234634787
115 4.195865093933264
116 3.7617722289123416
117 3.2843689644053695
118 3.7014742604269566
119 4.083591028775857
120 3.839121661249661
121 3.4475242203852723
122 4.312518268825409
123 3.8035614791268104
124 3.9559823916735994
125 3.426210248038374
126 4.0808935958863986
127 3.8253967090452274
128 3.7109347218025714
129 3.8841342119862996
130 3.292384751438263
131 3.232560270605994
132 4.0876117492081505
133 3.812612458810548
134 3.4052986128952574
135 4.080319043473709
136 3.6575011905546306
137 3.705471252699559
138 4.404515751857417
139 4.004581438164537
140 3.7491905601280866
141 3.9258308832660376
142 3.3655282001019637
143 3.845867500086489
144 3.4403663472365986
145 3.337459228414354
146 3.5972352460194394
147 3.8549184133368786
148 4.150041891617379
149 3.754205597530438
150 3.4128616770971516
151 3.7807218350146403
152 3.1554970248841285
153 4.055850513911908
154 3.988360313071264
155 4.773337190634693
156 3.850119905524616
157 3.909066393642791
158 3.8895782326703663
159 4.000408807136866
160 3.2087218776942397
161 3.6174523245527404
162 4.08461683351396
163 3.314504383717776
164 3.403249983655029
165 3.335580579140253
166 4.154944943384261
167 3.9454792201426407
168 4.0191833673073845
169 3.2065612270386965
170 4.088179347090625
171 3.9352973577659154
172 3.326801759101669
173 3.9619818643305007
174 3.737934996746477
175 4.307550694235711
176 3.679250204316489
177 3.8875554836511097
178 3.83912620099535
179 3.7784961500139764
180 4.004106888242279
181 4.042619567545588
182 4.315874451068383
183 4.114327161317762
184 4.166720415390056
185 6.065832426411819
186 6.599216808832231
187 6.557330212728104
188 3.9266492019666197
189 4.014204599039768
190 3.603561839300487
191 4.132460666699522
192 3.9186840512309375
193 3.918486242635309
194 3.5810745530259025
195 4.181718869515472
196 4.28282686471323
197 4.194028129642365
198 3.816821238896307
199 3.315198164033625
200 4.109035404027484
201 3.8344143611855395
202 3.266689193750463
203 3.4474282328783707
204 3.7872917613078765
205 3.302472289049153
206 3.2810132753261967
207 3.471568989480364
208 3.7292690604530985
209 3.2948277743173526
210 3.4629847103543714
211 4.033821771607466
212 3.3444870918223994
213 3.897804400560956
214 3.8426179359783066
215 3.992880534370794
216 3.5060831933204653
217 4.387954085367082
218 3.9156917437592886
219 3.444794219624429
220 4.264886708718389
221 3.9907895686561607
222 4.206977120501555
223 4.156074583473385
224 3.335580964598478
225 3.2739591617573143
226 3.343065490278653
227 3.330229568097917
228 3.637256996976309
229 3.912036583810088
230 3.729904970446103
231 4.792537461551141
232 4.256095879572755
233 3.868848004096434
234 4.067291073778273
235 3.9910907101972333
236 3.6573465915190324
237 3.9089162810637785
238 3.964106294613431
239 3.824462873919563
240 4.1105912131148745
241 3.5574677825930636
242 3.935412944915509
243 3.406435347546756
244 3.553324629691228
245 4.344214693324806
246 4.1765985732883975
247 3.5890708159657225
248 3.2443422479666615
249 3.506098164274365
250 4.177367815559086
251 3.2909340939280654
252 4.1620085074864
253 4.343668490629816
254 4.0826755924430405
255 3.886735584116582
256 3.9446418871652376
257 3.608493935115606
258 3.72789110905201
259 3.182599639133232
260 3.5260622620225304
261 3.237991628910433
262 3.705625706134095
263 3.8840758485191595
264 4.732864894363164
265 4.392388742473954
266 4.09305729782905
267 4.073729913232527
268 3.977802513518116
269 4.021562197452394
270 4.0289691663956955
271 4.074029915443189
272 4.1538846720050095
273 3.8341453534377776
274 3.658979914928423
275 3.655445575493833
276 3.83496139052879
277 7.014618058263423
278 5.780776461989675
279 6.846704600353355
280 6.269801239200621
281 5.5498092197935165
282 7.413473514488715
283 4.301281779373257
284 3.1918252743312485
285 3.7460150548586477
286 4.046486624157782
287 3.894796532238468
288 3.8377521975045354
289 4.173342490485188
290 4.358624399056816
291 3.31772113309857
292 4.07610008283666
293 4.2276776113102255
294 3.703870981135049
295 3.975593577046959
296 3.352780938699115
297 4.250633009946903
298 3.309459377467703
299 3.8988682789277482
300 3.354593740254807
301 3.325521167509171
302 4.0739537222375395
303 3.4037437158329285
304 3.8635674070023063
305 3.4655149248426382
306 3.372420353054482
307 3.9927865145753043
308 4.039227479718267
309 4.416026612297364
310 4.37459233994438
311 4.004639434735511
312 3.382459441905784
313 3.723799861098883
314 4.036311173563724
315 3.912189471728358
316 3.8105760601823757
317 3.9614534943771456
318 3.7880420221160076
319 4.236351314211867
320 3.9942339793295045
321 3.641485059528505
322 4.065588893547165
323 4.152003357076442
324 3.7343716677928374
325 4.33502107184
326 4.71338510027277
327 3.403226071507401
328 3.223584453104039
329 3.6452111758673187
330 3.477308083145911
331 3.8077068055813936
332 3.558234529212369
333 3.52067714446318
334 3.9144358856791484
335 3.400474513925923
336 4.059788513882974
337 3.4183647017654564
338 3.46682379567608
339 3.354718237980332
340 3.9194810875167323
341 3.6860942907242134
342 3.236669730946247
343 3.3666584711575114
344 3.8164642146811425
345 3.2316016723908843
346 3.3348943493363383
347 3.4431368018761623
348 3.350488887020692
349 4.037304653234664
350 3.7314844471097754
351 3.7808231248232764
352 3.669274967988856
353 3.4642719979077463
354 4.153449434038845
355 3.841571077570228
356 4.0578746674379795
357 3.4677861105702923
358 4.186089085749573
359 4.049114213971828
360 4.04084910732996
361 4.15845472920439
362 4.807951631532829
363 3.2593171081066723
364 3.3262980732027443
365 4.070099824503252
366 3.972005107229627
367 3.979608376767122
368 4.0238592907475095
369 4.114880286790475
370 3.810370838650116
371 3.9620706150470837
372 4.175873887710286
373 4.238409787246967
374 3.9099694565000314
375 3.90158998765189
376 3.2472883804274493
377 3.6054537677826257
378 3.939147599611968
379 3.4286211434210463
380 4.098952403542443
381 3.944003621737145
382 3.8403982199064983
383 4.012751554141833
384 4.160698181390137
385 3.5246234238461294
386 4.58538699973198
387 4.3798639462127715
388 3.4321816790398563
389 3.7305786424467993
390 3.8992616672194265
391 4.3832922522027395
392 4.171294801683553
393 3.991542117837116
394 3.8584816530328268
395 3.689818627446965
396 3.7668555200346825
397 3.890926166471368
398 4.385809703503098
399 3.860631063638609
400 4.475907421541596
401 3.3305651372286724
402 3.4188995729166414
403 3.812908134600524
404 4.2198434963411335
405 3.2136765901046997
406 3.4614096313611613
407 4.066803760380213
408 3.8996457737586714
409 3.9478206379758167
410 3.6236599695285547
411 4.134915486080237
412 3.570501300207943
413 4.476853776810233
414 4.2283444657608324
415 4.348253377790703
416 4.142962326756347
417 3.5375127644757263
418 4.3019617959015966
419 4.266613834795726
420 4.388301908600396
421 3.6760473417388058
422 4.146756644198807
423 3.8071263806698057
424 4.049081895244083
425 3.937024988000891
426 3.7331233630107894
427 3.8847800951103215
428 4.009227990772919
429 4.142804671638916
430 3.739095077189612
431 3.54759253910167
432 3.9974487934148444
433 4.1807362371992225
434 3.7899575456458634
435 3.789799199423929
436 4.319652411667117
437 3.802898676151756
438 3.9672314518638334
439 3.4107762651964992
440 3.9159546481031744
441 3.2626642113003266
442 4.085620759461586
443 3.8067435458365484
444 3.244607805808393
445 3.97494249018046
446 3.6574188758580064
447 3.166764118865249
448 3.253408335693973
449 3.5406733212016928
450 3.6645425270640666
451 3.4112565852101215
452 4.025086669212704
453 3.402940735175267
454 4.090802825996653
455 4.119010617198145
456 4.015673994616544
457 4.0536680141239465
458 4.110146381268047
459 4.026218109740025
460 3.836590378863562
461 3.620020925073089
462 3.585530365515898
463 3.850505882267808
464 3.521393446784861
465 3.754535316165238
466 4.115662724425191
467 3.3282016310941014
468 3.9126182724030576
469 4.118063548374509
470 4.018465114514421
471 3.8849357484082687
472 3.9635839483461117
473 3.433528444201175
474 3.708541704971052
475 4.21717381733587
476 3.680584638591571
477 4.079064904420584
478 3.9249329873836847
479 4.033932494450332
480 4.055624791399253
481 3.937655749871343
482 3.4209504968603563
483 4.0852432525603835
484 4.219720070092316
485 3.4976300671916576
486 3.5237334067666652
487 7.254577804680357
488 6.492475481708378
489 5.907874714569155
490 6.7302265241711705
491 5.043087190381875
492 6.325912202110926
493 4.097579757633335
494 4.155121598705971
495 3.777840737218246
496 4.380837830667362
497 4.117936053079023
498 3.9733010260597506
499 3.81308650662001
500 3.592279440997181
501 3.947927818126634
502 3.248515000733189
503 4.094940679300803
504 3.795331484716917
505 4.196359848709112
506 3.8911408804935785
507 4.137405099149913
508 4.052154571298878
509 3.9921198160070452
510 3.9180006011518427
511 4.175054256764067
512 4.417418787259831
513 3.829428383900693
514 4.197252261628401
515 3.432362947710445
516 3.326766585369719
517 5.015513482602653
518 6.125094212280845
519 5.605484140614291
520 4.803911891655975
521 3.9482088418057315
522 3.9609674448369154
523 3.8254531501980718
524 3.6080343556713244
525 3.83477328978986
526 3.348860570844097
527 4.092026222207331
528 3.5020173308263534
529 3.179515355887791
530 3.1860215483128367
531 3.973525469048528
532 4.561474831679369
533 4.192341958861258
534 3.9501473682316854
535 3.800754720622718
536 3.781237403895469
537 4.143061238714758
538 3.638554752120184
539 4.201556800066655
540 3.3828788134511143
541 3.1552345825969623
542 3.227858567265733
543 3.7311664771933275
544 3.7530052910798486
545 3.6845071175077457
546 3.5787586991917593
547 4.29120935694699
548 3.6394001771472757
549 4.5842339453625485
550 4.058608911980064
551 4.417801231702855
552 3.71248420153838
553 4.244429967212989
554 4.445374718024275
555 4.074590646524403
556 4.118235095737164
557 3.9531697299730078
558 3.518001673068697
559 4.01260520773588
560 3.807614979407546
561 3.2381906264765923
562 3.3971203687779616
563 3.2228003405748678
564 3.2264602421331956
565 4.071552005114616
566 3.271982876264576
567 4.363946721043729
568 4.0176805229817525
569 4.347031579731071
570 4.132794633810524
571 4.212456206454135
572 3.9934398353801623
573 4.134878356296508
574 3.4462359025650664
575 4.3669979480266585
576 4.261252293941996
577 3.7266477707740178
578 3.826028179330809
579 3.483750256496287
580 3.4244374977929706
581 3.2879694156621744
582 3.55717917152471
583 3.353894362076022
584 3.5854682915909906
585 3.5884783421415607
586 3.8351794377885007
587 4.220783837935232
588 3.922144030668552
589 3.875255975545387
590 3.7825402830730193
591 4.349129284627476
592 3.987565524132766
593 3.5009048808124863
594 4.223239030239184
595 4.158807322991393
596 3.625012037919465
597 3.2698670397122234
598 3.9560557601536765
599 4.1230764145675645
600 4.4239286766621735
601 3.8178869864487672
602 4.119439777019207
603 4.066179094161501
604 3.610242784256682
605 3.458423697747354
606 4.2340696583814985
607 4.00500188044643
608 4.161296261832918
609 4.209893582381534
610 3.9367340893339833
611 4.472484478138908
612 4.1972401642410295
613 3.8967042168983217
614 4.2065181918137515
615 3.266679032757181
616 3.2843928759886594
617 3.3517446174019883
618 3.447104522768653
619 4.155832653882123
620 3.803359940463172
621 4.019766141524357
622 4.018222083920446
623 4.209836679072398
624 3.6536215895861637
625 3.9044783221241586
626 4.377736594537359
627 4.010257059913735
628 4.020924158643941
629 3.7410300299680896
630 4.270205751776041
631 3.935484126156026
632 4.2813440893625305
633 4.235467339486567
634 4.151954270922742
635 3.889763447580044
636 4.132927979020036
637 4.715527805912074
638 4.464222526268535
639 3.765885516544446
640 4.035924659739231
641 3.598797640613116
642 4.321829428390211
643 4.477434431818418
644 3.864098964066081
645 3.6226930823187713
646 3.848240955941248
647 3.8307827768616756
648 3.683138778200482
649 4.231916989279147
650 3.287863287712426
651 3.467893513719543
652 4.192857589466014
653 4.245331771222954
654 3.321324780440784
655 3.3358474835695513
656 3.6646139230762342
657 3.975297836093483
658 3.9648819947484433
659 4.231529552829081
660 4.301731172251608
661 3.4428826750939336
662 4.04573832845489
663 3.4669646518687736
664 3.641937250861969
665 4.096029181125731
666 3.4133693057033163
667 3.4121154977940615
668 3.419972945651469
669 3.9281630616076666
670 3.4527247578835554
671 3.5606910769671054
672 4.148163394964099
673 4.098997027202667
674 3.25680436076602
675 3.3643917668459267
676 4.230497841807117
677 4.3055453715256915
678 3.60452551940168
679 3.8802184745269668
680 3.9938398041989807
681 4.066484761017958
682 3.89856818818225
683 4.040406940277436
684 4.247271705422619
685 3.726592467261319
686 3.542086355472786
687 4.2398221961691585
688 4.013797773574319
689 4.041602796250985
690 4.219634532088427
691 4.066330618982716
692 4.073892049456532
693 3.9901502956908645
694 3.8676691459655803
695 3.3095443437394545
696 3.2978814289785428
697 3.201499409921901
698 3.830851113268656
699 3.989397653668281
700 4.007615442181057
701 3.9705611822363713
702 3.2856798621342582
703 3.8379458579952512
704 3.4972354145287454
705 4.123730080487402
706 3.7575612541776646
707 3.749724034839878
708 4.042095029142032
709 4.06520792277061
710 3.8156772889897517
711 3.5465045822130414
712 3.5400497536691953
713 4.081087089640361
714 3.2618642009400167
715 3.4822001408794527
716 3.342560697722592
717 3.5051489815557972
718 4.147283365641937
719 4.0526170991236015
720 3.9512428102276633
721 4.230048995307096
722 4.236252651000079
723 4.232835623410913
724 3.86025447308451
725 4.132234367807971
726 3.7420533621664362
727 4.182326698740199
728 4.167843625442004
729 4.1469913506763625
730 3.322621442978508
731 4.126609058372556
732 3.999944558137245
733 4.098238076559257
734 3.71789871458203
735 3.9736007040325143
736 4.041621073316325
737 3.860897778740367
738 3.813077638725944
739 3.950998997749564
740 4.078648672084139
741 3.8361712924783715
742 3.925533773677976
743 3.3387862147059106
744 3.991867006649926
745 3.5417437198402255
746 3.6504537993833805
747 4.304960482241324
748 4.175967720202717
749 4.146883316408813
750 4.0182000858275115
751 3.690339340752767
752 3.9615036718106023
753 3.8335881255751634
754 4.165150237822936
755 3.93506397845755
756 3.4528686115292446
757 3.791157488756825
758 4.07829819378834
759 4.2837913899341045
760 3.754331299123989
761 3.3751215595049024
762 4.175814365501739
763 3.9002406092761643
764 3.3324772776906353
765 3.445062593245546
766 4.080682833124805
767 3.912988396753182
768 4.221892005134548
769 3.90310438246105
770 4.059596908691371
771 4.741832721821846
772 4.21006779994277
773 3.791778455852774
774 4.108559539080192
775 3.731889360063144
776 3.1889190747239815
777 4.42264788539212
778 3.553288504365068
779 3.8514539642256156
780 3.900405000113799
781 3.7177071532890156
782 3.5577590980952185
783 3.1888385436037248
784 3.7972731258877235
785 4.451094768603995
786 3.738182469855895
787 3.241025319964327
788 4.498943250893706
789 3.932444996013286
790 3.349035924491986
791 3.5994094249991924
792 4.087817525552716
793 4.145487518604697
794 3.8815426296882336
795 4.150826542271103
796 4.365008420282276
797 3.9603972994798995
798 4.027024951367098
799 3.6965313700071247
800 3.9026683470538592
801 4.3092599741738224
802 3.6391632376488343
803 3.839534597691885
804 3.6030279313026425
805 3.609936278143517
806 4.112213808381529
807 4.249408186485364
808 3.7518154642881796
809 4.085110764263673
810 3.481956567827725
811 3.2295554857998603
812 4.098937495251058
813 4.1568269853334385
814 3.8888931837459215
815 3.4348930469218732
816 3.5463090319709045
817 4.103397276504222
818 3.9947284218692745
819 3.532596873419738
820 3.4697917094890007
821 3.868768733293716
822 3.7559809865076477
823 4.371482496021984
824 3.9919271974429535
825 4.644804816329793
826 4.15182563510901
827 3.391967238555246
828 3.35844672194409
829 4.272432908750408
830 4.06800194160151
831 3.340057702424427
832 3.3294715101790575
833 3.838540854378069
834 3.913692068689182
835 3.4737345383060436
836 3.835261338504392
837 4.260039307590341
838 3.462660306150363
839 3.5091493289103104
840 3.212563601493264
841 3.4836183591227146
842 4.117029613273917
843 4.131511009708449
844 3.936021789347569
845 3.4444040723347196
846 3.881281622259298
847 3.8869418495356407
848 3.8764389054385386
849 4.056842354537495
850 3.8060546224352394
851 3.2993387245177037
852 3.8083391950360967
853 3.991908133139314
854 4.248246583738583
855 4.31317880122108
856 4.166097659096671
857 3.976738747438361
858 4.19446202909744
859 3.7652229784939166
860 3.854435156758125
861 4.2648960039454815
862 3.880459451772268
863 3.8851509630418426
864 3.2819229362781708
865 3.3156085481700557
866 3.904744641350212
867 3.734812495351299
868 4.247884809389613
869 3.2513892187513402
870 4.536760725751796
871 4.423501745916796
872 4.069081879643495
873 4.095784351045666
874 3.4854050127588363
875 6.109763876791308
876 5.196229593487548
877 3.533407903977472
878 4.0745859619751075
879 3.936835492839832
880 3.9237362392025297
881 3.9565187014162344
882 4.0740344942582585
883 3.3861863889852666
884 3.41180305601887
885 3.369534257967205
886 3.9885168516496705
887 3.5126693045496484
888 3.3185213312639346
889 4.545323426000692
890 4.003402323991258
891 3.4411882176593664
892 3.9324699412722124
893 3.7915947289293683
894 3.3381817384215244
895 3.360836250456301
896 3.9768089461704617
897 4.4149084672562955
898 4.174055396228855
899 3.784424366653996
900 4.066060669606497
901 4.1610389031525346
902 3.994352317267302
903 4.0514434606318765
904 4.105341237236341
905 3.743921036956756
906 3.888430186810609
907 4.0913731181636335
908 3.83676261377764
909 4.043192261542533
910 4.291172244839047
911 3.2412730327391577
912 4.081826766635865
913 4.301921497278929
914 3.3845363628261924
915 4.109917501058206
916 3.9186306941249924
917 4.1856636884126575
918 3.289542120132935
919 4.014276773226924
920 3.784146772880313
921 3.7417065554817754
922 4.097629081026654
923 4.143633048146993
924 3.918166761459891
925 3.7870636275020675
926 4.0462835460337425
927 3.553333128407105
928 4.088903969278406
929 4.085363314124374
930 3.240486916518225
931 4.21239855043454
932 3.765404884702661
933 3.9033005459742762
934 4.143503482339462
935 3.667451336220568
936 4.172680999501559
937 3.799699887221364
938 3.572856749935076
939 3.5837177713742596
940 4.0862610853257255
941 4.048333792372023
942 4.334890831868184
943 3.9075802566087288
944 3.910235656428283
945 3.657137171758526
946 4.296033041650982
947 4.429335282266364
948 4.031129434903101
949 3.982864871552498
950 3.484720247860193
951 3.3459670480020347
952 3.22779938821253
953 3.4143131267630187
954 3.6051928829945985
955 4.2237677620443845
956 4.032701821678434
957 4.1360425546122235
958 3.8166937611582052
959 3.2972170775216116
960 3.4472693931397624
961 3.3823819309506984
962 3.9817407046483435
963 3.969395639937501
964 3.9169909305956856
965 3.804336391198936
966 3.534080702310608
967 3.9058191093218904
968 4.245894820822304
969 4.118299740728949
970 3.5377520649401832
971 3.504611949949278
972 4.345983678490133
973 3.382593071549005
974 3.849818215847375
975 3.5338657413578574
976 3.798619722112779
977 3.8668309961240497
978 3.980819286156176
979 3.70673845940071
980 3.672804510014305
981 3.820874433776858
982 3.9531387895875523
983 3.8370574891406193
984 3.8188990861981664
985 3.9600083506480495
986 3.7057550108671515
987 3.7374397362776834
988 4.2139941971760715
989 4.321617348347897
990 5.352203086012289
991 5.587527381658969
992 4.189894311473036
993 3.8485473252118134
994 3.29730312931581
995 3.9312326640024535
996 4.338503519409113
997 3.934419339637856
998 3.5504867292656552
999 4.454160702504099
1000 4.229996721911478
1001 4.116330739426598
1002 4.2964713265585495
1003 4.06399873340773
1004 4.227170932430733
1005 4.229507779419943
1006 4.229670573923994
1007 4.322496917386379
1008 3.653629574292328
1009 3.9876830355821746
1010 4.336026188206276
1011 4.005416688916102
1012 3.826092245645238
1013 4.177802965587082
1014 3.84933178930502
1015 4.199728891346825
1016 3.7517737669256754
1017 3.323005985071897
1018 3.545460247735738
1019 3.2761968927931013
1020 3.8271517938511774
1021 3.5884713989579007
1022 4.135153801549246
1023 4.225557078258648
1024 4.261284997606309
1025 4.172212754969477
1026 3.293705290859201
1027 3.62832334251683
1028 3.886194132358804
1029 3.970672267400023
1030 4.060351339474492
1031 4.120281154140708
1032 3.8941217318776347
1033 4.039233671714156
1034 3.994008121360922
1035 4.060591273219415
1036 4.124149762668297
1037 3.6995503824373963
1038 3.680818286341539
1039 4.097553310537394
1040 3.4497722059754734
1041 3.9025328352323605
1042 3.5688077462736363
1043 3.7313629156216384
1044 3.781302163820385
1045 3.883816811941911
1046 4.025019158329668
1047 3.456755322200468
1048 3.939469055734906
1049 3.9981326926865393
1050 4.09220374386516
1051 4.059665118434294
1052 3.841093935950842
1053 3.9389372490560253
1054 3.895485250795501
1055 3.6439753792882206
1056 3.243870318953131
1057 3.936781809860832
1058 4.35947610289184
1059 6.877786717691739
1060 3.9338069232078583
1061 3.93542547505407
1062 4.007394256513601
1063 3.8334178575799034
1064 3.8968891339961647
1065 4.310975259303359
1066 4.005628497188236
1067 4.1990448779399845
1068 3.668708904219668
1069 3.816729972405901
1070 3.790632658994495
1071 3.3931689718765954
1072 4.016339314128655
1073 4.001154728673435
1074 4.091261844680663
1075 4.0388809567928226
1076 4.257712098997645
1077 3.3259264855702204
1078 3.214375103586967
1079 3.752784177592104
1080 4.129052427197589
1081 4.322785698984084
1082 3.3242694839877727
1083 4.0750087919032225
1084 4.093076344698902
1085 4.05409160381481
1086 4.121363723697337
1087 3.491514066870042
1088 4.275162575306002
1089 3.3828588000761712
1090 3.815720861501494
1091 3.405193316580894
1092 4.054056584027486
1093 4.10060676126169
1094 3.2438401937078076
1095 3.3831838085081327
1096 3.237876837144913
1097 3.9640019436083325
1098 3.834356356323151
1099 4.364509611047122
1100 3.745011981766333
1101 3.2988240200142522
1102 4.061707934552196
1103 4.098646178443158
1104 4.115069656651954
1105 4.198670872516681
1106 4.185877150001189
1107 3.9275562883553414
1108 3.904600817960775
1109 4.397567700208884
1110 4.19229559771353
1111 3.539199520297999
1112 4.15702408614831
1113 3.822873367508456
1114 3.9466497387642736
1115 4.158658547449078
1116 4.103943057229398
1117 4.085586050385784
1118 4.435527653208256
1119 3.7421820508434958
1120 3.6804586570541957
1121 3.9054964352848343
1122 4.115749001953291
1123 3.9138936739006014
1124 3.829751266151957
1125 4.130304498626909
1126 4.002437649143514
1127 4.066949595783763
1128 3.950714926889616
1129 3.2631996461139736
1130 3.879698641110857
1131 3.7853157006629714
1132 4.048736087451493
1133 3.8056570188556686
1134 3.3283172042486697
1135 3.393702089310436
1136 3.9062726923997344
1137 4.071784651214108
1138 4.098111311938589
1139 3.6350113635227395
1140 4.081655420733609
1141 4.1927141883362955
1142 3.8399827112363503
1143 3.3635374830469407
1144 3.7599996108998885
1145 3.9015589241021043
1146 4.0162257773933625
1147 3.29736270409729
1148 3.89390397155575
1149 4.155069250772349
1150 3.9596800942492822
1151 4.057214831039519
1152 4.047626558880055
1153 3.406939608879837
1154 4.144330513018118
1155 4.125112676110825
1156 4.168016806470278
1157 3.9535030691544337
1158 4.198649750754109
1159 4.097230763421639
1160 3.7154762013206546
1161 4.278170262574814
1162 4.41602921818527
1163 4.242035135349288
1164 4.365995967403002
1165 4.273593813328299
1166 4.257874845923004
1167 4.424247847156116
1168 4.262693844723661
1169 3.5561756006706373
1170 3.8084492505447787
1171 4.301954595069256
1172 4.107204186974522
1173 3.355721329532577
1174 3.7800628817235586
1175 4.706499518984463
1176 3.8818998415656893
1177 4.040504312585041
1178 3.7559228349188167
1179 3.736393269283161
1180 3.2768776041074816
1181 4.357386634982177
1182 3.196809841460613
1183 3.559135469503118
1184 4.007875917992883
1185 4.54336043371013
1186 3.8338922720281188
1187 3.553490055421542
1188 4.423421614880182
1189 4.238623362199455
1190 3.651641528495469
1191 3.2698179683841015
1192 3.8984403258173734
1193 4.179775402938695
1194 3.5956594924569445
1195 3.273459699423754
1196 3.2742709831164283
1197 4.007701271985024
1198 3.4988964471511768
1199 3.2824385776915146
1200 4.006119929472118
1201 3.863484222772251
1202 4.028843592686226
1203 3.9120914030534943
1204 3.306481003661149
1205 3.4616989089553343
1206 3.9940628635830766
1207 3.6166020484235264
1208 3.5525500273704727
1209 4.203716214677047
1210 4.086254430138451
1211 3.3812377735611525
1212 4.07052803684672
1213 3.346656394035733
1214 3.484150660489148
1215 4.279790147065153
1216 3.5507393599957857
1217 3.901077831943052
1218 4.2078409600380615
1219 4.095663883498434
1220 4.143481411942008
1221 4.000616513600786
1222 4.89482620655221
1223 3.436991904117772
1224 3.9649322903659407
1225 4.491667424658532
1226 4.086192868261438
1227 4.297578094331084
1228 4.211848352523072
1229 3.6685464841471407
1230 3.4342217755176003
1231 3.830750296529252
1232 3.8493445754629665
1233 3.2248974305924865
1234 3.551307501780362
1235 3.7920447297290893
1236 4.052183592743319
1237 3.5078023659123287
1238 3.8907491088820025
1239 4.35084565359882
1240 3.629855932465507
1241 3.566076821193443
1242 4.15323446865869
1243 4.067405154793846
1244 3.308045879824242
1245 3.96020133800109
1246 4.129875627648387
1247 3.773708434348257
1248 3.4423556988250934
1249 3.6824177633582846
1250 3.7914370960227464
1251 4.262300840165705
1252 3.980136788482246
1253 3.9004781087955434
1254 3.6701605215175137
1255 3.808635408274508
1256 4.359961878562326
1257 3.394623223358966
1258 4.237405631189473
1259 3.9600313235701345
1260 3.950791568947376
1261 3.93227378264122
1262 4.017492596714257
1263 7.090207432838571
1264 7.373631593765567
1265 7.225664579239986
1266 6.556790919893637
1267 5.515325281312525
1268 7.361674772635355
1269 6.42932120016007
1270 4.226996215890898
1271 3.7432145138276525
1272 3.4541119198532355
1273 3.845204122826178
1274 3.444784795994975
1275 3.459479450174276
1276 4.417863936729077
1277 3.982410954086596
1278 4.478813096857845
1279 3.9721654610526587
1280 3.6073017114558508
1281 3.3963395033393247
1282 3.8029354989770474
1283 4.268289032174589
1284 4.126644775731402
1285 7.069706614045485
1286 6.734167783258937
1287 6.276498959089216
1288 4.501324063230897
1289 3.846334528437104
1290 4.287428008285069
1291 4.723602953902358
1292 3.630953572155837
1293 3.652173206379857
1294 4.194901163656979
1295 4.197197302277052
1296 4.056266867749664
1297 3.441712218620506
1298 3.9447041937638376
1299 3.9492822075172187
1300 3.574818187286128
1301 3.3670610341279468
1302 3.3300632883178025
1303 4.229232507482098
1304 4.2478780884141685
1305 4.331398074311787
1306 4.032773205851666
1307 3.854952395833073
1308 3.278209505804504
1309 3.38338963793685
1310 3.4233147580801697
1311 3.7564090630926374
1312 4.262732705560117
1313 3.6400885122234032
1314 3.667507158419921
1315 4.069221720533367
1316 4.064585803891935
1317 3.6067824751758284
1318 4.108416145969635
1319 3.8146758164373296
1320 3.906465001230842
1321 4.143994540293744
1322 3.789284308513998
1323 3.3699910488652716
1324 3.9078335290720294
1325 4.4473698823675765
1326 3.475781753867459
1327 4.097021284180586
1328 3.816452911070291
1329 3.7131021857781072
1330 4.290556150082711
1331 4.251416609002063
1332 3.2557991947931173
1333 3.9855208360849006
1334 3.78449405106764
1335 4.315417301394479
1336 3.855373082347039
1337 4.1144722779621175
1338 3.771551186123344
1339 4.036272633301004
1340 4.52516178198499
1341 3.921633964922006
1342 4.035403626058599
1343 3.640169538316214
1344 4.233843307449148
1345 3.3530739732732506
1346 3.5709594411643826
1347 3.458273452191669
1348 3.334161061491263
1349 3.629314796640624
1350 3.143214543920629
1351 3.3553537006902303
1352 4.215635914273028
1353 3.2130292780220917
1354 3.3262854619691424
1355 3.4273047730801083
1356 3.5582919586950394
1357 4.353800747417496
1358 3.394745355640353
1359 3.5131835893867316
1360 4.212832018136477
1361 4.268530681297427
1362 3.8030695906551872
1363 3.2685507842598214
1364 3.5418035558708447
1365 3.552640603623083
1366 4.305140657076906
1367 3.8842985361181355
1368 4.2295674120072055
1369 4.219268783839894
1370 3.5003581364556875
1371 3.426642655386507
1372 4.060193030267406
1373 3.3467426294135434
1374 3.7042733770529637
1375 3.665910325389311
1376 3.392394484589757
1377 4.3522612609360145
1378 4.436589163289317
1379 4.19601154668516
1380 3.773858299163987
1381 3.441115462961063
1382 4.028256542383011
1383 3.439731467819938
1384 3.556491352872275
1385 3.9503932131274637
1386 3.814893181641859
1387 3.707235114995704
1388 3.818109066845866
1389 3.2849175047820176
1390 4.18675144794439
1391 3.471088017054177
1392 5.44177605926482
1393 5.641971622342062
1394 3.903842762874076
1395 3.8228336751538334
1396 4.234257216541373
1397 3.8318139658035193
1398 4.026188847478132
1399 3.354502206778696
1400 4.265330006990132
1401 3.9476723262496467
1402 4.264976881687407
1403 4.384996616481321
1404 3.8329615465890745
1405 3.9491948880198793
1406 3.90972720564041
1407 3.9217740529748446
1408 4.221140805346211
1409 3.9641464399956834
1410 3.3020910001280526
1411 3.977238068497964
1412 3.8623915442344154
1413 4.203600969761715
1414 3.3463413170689638
1415 4.12033566839288
1416 3.8869881106155972
1417 3.9672323835830907
1418 3.507210605692562
1419 3.8771000916822342
1420 3.618361652746255
1421 3.998175153936456
1422 4.413496111536344
1423 3.4602929505929154
1424 4.157898073913419
1425 5.626579861260104
1426 6.454169377186528
1427 6.649524805563632
1428 6.4594212784624565
1429 5.8750061386057055
1430 7.349632184971814
1431 6.518855581822347
1432 3.845704458932554
1433 3.481991808210163
1434 3.82594644191067
1435 3.7185225075959405
1436 3.6167391638394384
1437 3.643317214068048
1438 3.908850126595252
1439 4.236100606216917
1440 3.752889140905816
1441 3.631385304523956
1442 4.006193339766895
1443 3.952166317607586
1444 3.461878150750783
1445 3.5065928356309737
1446 3.989324962237839
1447 3.734039966395676
1448 3.7573901457091625
1449 4.1884388951171285
1450 4.0215282807331665
1451 3.4862901645766686
1452 3.4780006626891726
1453 3.670065408149162
1454 4.002836040564933
1455 4.19707837088207
1456 4.0786085481080026
1457 4.357125495287574
1458 3.8650431153189855
1459 3.6577125915128232
1460 3.8236793804942213
1461 3.764466028885765
1462 3.731604018014706
1463 4.250056299172751
1464 4.017935580424774
1465 3.563091253751467
1466 4.1084110316470746
1467 3.841431101083936
1468 3.558577663902137
1469 3.978543915216921
1470 4.287049142638352
1471 3.9374649225613827
1472 3.5512705447209445
1473 3.888770680889311
1474 3.6921861320442306
1475 4.184259799576341
1476 4.241676799209798
1477 4.416978128347387
1478 3.7498640117218054
1479 3.2516516416064416
1480 3.3069652765939406
1481 3.386083284992139
1482 4.014900219976244
1483 3.8848274974098502
1484 3.8277407187671795
1485 3.8729360746686035
1486 4.0611428388103405
1487 4.240844619450968
1488 4.136654406396757
1489 3.8742578896897055
1490 3.9958662866140866
1491 3.2668644241646034
1492 3.676742358467752
1493 4.334080087594098
1494 3.5707721789644986
1495 4.211311803557886
1496 3.686387176616097
1497 3.879218528186314
1498 3.597013780991198
1499 4.023248098519711
1500 3.409857035768176
1501 3.9324541906144916
1502 3.32680350174477
1503 3.579826647656744
1504 3.343112161385249
1505 4.095856526292566
1506 4.329301830013559
1507 3.8167361167515295
1508 4.104881933075118
1509 3.408460418326361
1510 4.104318908605976
1511 6.547814107115437
1512 5.248482818558429
1513 3.4694701651440396
1514 3.6811479375476073
1515 3.338345137601012
1516 4.08574205717679
1517 3.7890490096407947
1518 4.127169824357699
1519 4.045954694417265
1520 4.197407727964143
1521 3.8923753594961927
1522 4.26791711908099
1523 3.927247340147847
1524 3.960198938271689
1525 3.8593923749098558
1526 5.4684331744502055
1527 6.565139251228215
1528 6.1285869670929065
1529 3.3279254191639103
1530 4.014988964178232
1531 4.022754411971072
1532 3.9036721466216915
1533 3.5728905798602084
1534 4.088193804672326
1535 3.514087395412203
1536 4.131285360278503
1537 3.3408155059897395
1538 3.2926088999322434
1539 4.115322727295313
1540 3.8255469342091946
1541 3.9986999063640067
1542 4.054102069783685
1543 3.2973619693823566
1544 3.4355756218119917
1545 3.9131777596515414
1546 3.8519967134348074
1547 3.593173186110224
1548 3.419774757626334
1549 3.757655687749857
1550 3.8071484891652267
1551 3.841689586868574
1552 4.071052443499548
1553 3.804594683893619
1554 4.350949779479098
1555 4.064277067849349
1556 4.1648113203710135
1557 4.039976345711531
1558 4.088497554111362
1559 3.9232647853262916
1560 3.939658805474107
1561 3.7903428032647364
1562 4.070229690483811
1563 3.8425745033695518
1564 4.068118575830909
1565 4.419979372717439
1566 4.34874723310352
1567 3.713180909678396
1568 4.437839167296341
1569 4.238581936653165
1570 3.806814141893352
1571 4.337218717797611
1572 4.031696524287916
1573 4.957952010759673
1574 7.399148819374815
1575 6.876941198015983
1576 6.456421015733406
1577 4.053609121102373
1578 3.7917418292556944
1579 3.7957233292952095
1580 4.255738533480633
1581 3.913314363132897
1582 3.3873389103999805
1583 4.109188330901625
1584 3.862483998761749
1585 4.100879969556004
1586 3.9335321985139906
1587 3.9200362049031043
1588 4.259324889684495
1589 4.182539792519539
1590 4.176859161190052
1591 3.695178754585388
1592 4.3826321229503495
1593 3.9985736800429232
1594 4.159879086460872
1595 4.070410008324044
1596 4.14444011516593
1597 4.185664799184651
1598 3.48339671116606
1599 3.3873876871964277
1600 4.062465086581522
1601 3.790233768576946
1602 3.9150792314009264
1603 3.6304514479211623
1604 3.8818745316823366
1605 3.9914124328713116
1606 3.9750303181294315
1607 3.542626855196417
1608 3.2558014069390424
1609 3.895021042842819
1610 4.03291625935812
1611 4.1192756415096
1612 4.185710497969562
1613 4.137429090087447
1614 4.184179510473216
1615 3.5992878961012424
1616 3.3666432988410246
1617 4.175728890580092
1618 3.878115401727815
1619 3.715001288829714
1620 4.31284952102541
1621 3.909608477048948
1622 4.071938834457961
1623 3.625668931850329
1624 4.376260456434875
1625 4.143592243643791
1626 3.8816893848483724
1627 3.316447183577182
1628 4.367977459402087
1629 3.8452025694837175
1630 4.214019945009751
1631 3.9692701454830623
1632 3.7163501036137228
1633 3.833175381218903
1634 4.618617650167494
1635 3.616461726907389
1636 4.0928519388010765
1637 4.133597487213331
1638 4.008413408569351
1639 3.947586900521322
1640 3.9041459526119313
1641 3.400188541624375
1642 3.6449078144607023
1643 3.9620116325705625
1644 4.2971115683067795
1645 4.0102914671094885
1646 4.141746312476371
1647 4.223781832926229
1648 3.981213176826268
1649 4.222681788517582
1650 3.9714907737876572
1651 4.302050649560755
1652 3.8652512672176957
1653 3.4649899490659197
1654 3.8325227100701103
1655 3.2367492644022344
1656 4.093221496412343
1657 4.282690425443638
1658 4.274721730633082
1659 3.9854368168649095
1660 4.121803660461875
1661 3.9988222341561444
1662 3.805830618626229
1663 3.849060901545793
1664 4.042949075952087
1665 4.057924887843666
1666 3.9677096908397043
1667 3.9838835219455144
1668 3.83468543749224
1669 3.3383420204659
1670 3.8810849314015723
1671 3.7126304863023116
1672 4.1903473416256345
1673 3.9123528120857025
1674 3.6034227552266174
1675 4.096886819710378
1676 4.012058541527628
1677 4.001713346537433
1678 4.214891843581241
1679 3.654618592343129
1680 3.917857462187042
1681 3.633448144768821
1682 3.2235965576639094
1683 3.3190391846831795
1684 3.9664470564764605
1685 3.4856459032880154
1686 4.147945741942452
1687 3.96459801930019
1688 4.011779483226416
1689 4.247512202741492
1690 3.6679912140280466
1691 4.399866869627718
1692 3.9156971360683164
1693 4.118321782989489
1694 4.072702103336491
1695 3.473517836190815
1696 3.655475949890791
1697 3.6114805367324228
1698 3.875153023873344
1699 3.8826706456545055
1700 3.3838045056338624
1701 3.2402585181101324
1702 3.8785903431073874
1703 4.133394926076986
1704 3.6699234749871836
1705 3.63777972535461
1706 3.940326067592426
1707 3.9610703349830247
1708 3.5401011760798595
1709 4.361014797853554
1710 3.807487235115034
1711 4.078121990010606
1712 4.020757354936695
1713 4.372355320989157
1714 3.6069863806783475
1715 4.10157843085216
1716 3.6817092887035976
1717 4.036936661046316
1718 3.8063762391533262
1719 3.5813939320868484
1720 4.136410778453389
1721 3.947160679523278
1722 4.034054558138336
1723 4.369431944374142
1724 5.823530274989405
1725 5.626434851311437
1726 3.9905625513036442
1727 3.545244062272461
1728 4.237070276368498
1729 4.177047553084051
1730 3.7882523348047474
1731 4.188278559147963
1732 3.864737791207722
1733 4.002749327769444
1734 3.837242074139343
1735 4.00752459112455
1736 3.7417853528058007
1737 3.9594835504513637
1738 3.7469170660873647
1739 3.788277764597477
1740 3.445151329891856
1741 4.251462196247426
1742 4.072369052409587
1743 4.00339849377624
1744 4.034507229622856
1745 3.919757484362881
1746 3.9266408866785
1747 4.158723507252895
1748 3.8396742363617387
1749 4.239473798929899
1750 4.048438028803342
1751 3.958250429785997
1752 4.0848639259320825
1753 4.0558247764419875
1754 3.720938438298517
1755 3.3847383443105796
1756 4.18087911506609
1757 3.760175768101667
1758 3.9683468622633975
1759 4.032578293962126
1760 4.260020825651397
1761 4.42079582330925
1762 3.6604792767652867
1763 3.6443938928126838
1764 3.714896308354184
1765 3.802833513541535
1766 4.025719807143213
1767 4.350372168506199
1768 3.7655448118060915
1769 4.130986653940958
1770 4.387560656896113
1771 3.779066250562861
1772 3.9700990969034464
1773 4.027286209175628
1774 4.115502492391761
1775 3.8656541526395514
1776 4.564424009274962
1777 3.8760423118523706
1778 3.8591790698520665
1779 3.84288679130651
1780 4.101641400428466
1781 4.19618991960055
1782 3.151583478323957
1783 3.82158876650169
1784 4.391732020635477
1785 3.9467488767866072
1786 3.7474150328978393
1787 4.487139053296347
1788 3.650476295435306
1789 4.095132295544889
1790 3.257970618167097
1791 3.7644815546790786
1792 3.5876892029886465
1793 3.8837227542130943
1794 4.654821092289143
1795 4.026999374135254
1796 3.6310970611734774
1797 3.272915583706281
1798 3.5122175941389617
1799 3.9809224097204474
1800 3.9879479999839185
1801 4.199908793139295
1802 4.239029956496294
1803 3.4749498477429377
1804 3.2601564291073863
1805 3.5907566091076903
1806 4.244203962313394
1807 4.149563735952505
1808 4.041337351306969
1809 3.9877682883954644
1810 4.080332191111606
1811 4.056951051521847
1812 3.9830002870007326
1813 3.863685072588198
1814 4.227815752810473
1815 3.386886849985463
1816 3.6153799646622025
1817 3.5710307772988577
1818 3.9279600055320762
1819 4.052444584345778
1820 4.303863746876306
1821 4.184479444348324
1822 3.83495501682433
1823 3.8687469761288407
1824 4.346703815914698
1825 3.325951555497886
1826 3.9028433042508923
1827 3.3766113957745256
1828 3.6477791581329577
1829 4.018929847717728
1830 3.892643643214937
1831 4.058654529882291
1832 4.15471460111305
1833 4.056832768616939
1834 4.220008254953333
1835 4.2053836179898765
1836 4.082999508297905
1837 4.01437408901742
1838 3.6873621052615584
1839 4.086873161267997
1840 4.050940969153338
1841 3.900508425254118
1842 3.9792189954490618
1843 3.6742345512523773
1844 4.225822363705632
1845 3.2395228570416292
1846 3.6018792796464782
1847 4.10336305383693
1848 3.5299424873645586
1849 3.826201489622115
1850 3.7883512000889397
1851 3.8765943267325564
1852 3.457671278465985
1853 3.8269152625097975
1854 3.9703678896435957
1855 3.5925814110594474
1856 3.9014775807048605
1857 3.9802199986996287
1858 3.3686267572403064
1859 3.466296292459015
1860 3.8114378978586676
1861 3.9010326510517386
1862 4.140571444663364
1863 4.004733330511925
1864 3.9804601211812045
1865 3.87760967226598
1866 4.066935432403443
1867 3.243300416348099
1868 4.038932926808397
1869 4.023206366404045
1870 3.6608864483564907
1871 3.3388008399028557
1872 3.7681995254844676
1873 4.098360803454854
1874 4.539054564099336
1875 3.7255506524348156
1876 4.35744648769319
1877 4.170114343927946
1878 3.5178250984672883
1879 3.4171232654651718
1880 4.065997003350606
1881 4.23688520992263
1882 4.329771139002519
1883 3.5476084572716235
1884 4.1606298872890894
1885 3.729225094863273
1886 3.5637808117046332
1887 3.8356999733294543
1888 4.16244161373994
1889 4.131740791848941
1890 3.7380721407539594
1891 4.021274469413619
1892 4.096810641809599
1893 3.8209601547667518
1894 4.226558762964023
1895 3.690034549448581
1896 3.705259940976494
1897 3.3047237075767315
1898 4.244330517294694
1899 4.125728135646984
1900 3.888343427192139
1901 3.8599316442146687
1902 3.4186354071643734
1903 3.932239075820089
1904 4.285532634436444
1905 3.923724353320919
1906 3.9095231012655645
1907 3.3255347388121486
1908 4.1674831215575265
1909 4.257178500280212
1910 3.4000324558246047
1911 3.940542745854197
1912 4.018520554131118
1913 4.064967672495568
1914 4.127361309890821
1915 4.0433817425432
1916 4.165643789394009
1917 4.174577828964546
1918 4.370078519223978
1919 4.099636627958444
1920 3.700010132137141
1921 6.094344246244052
1922 4.6480393066439865
1923 4.251600481343591
1924 4.15134893249767
1925 4.080780406303663
1926 4.330273523819957
1927 4.092344714804897
1928 4.225897336207116
1929 3.508885130695574
1930 3.8805927666506204
1931 4.858983397720358
1932 4.249173480441657
1933 4.579999836627718
1934 4.265307928277005
1935 3.6195738051225743
1936 3.7756599959855213
1937 3.854220355962687
1938 3.718315837050631
1939 3.7891618305945483
1940 5.808063755406602
1941 3.583562797112074
1942 4.142222846727824
1943 3.696181904132064
1944 3.961526087202524
1945 4.140369711246184
1946 3.3979070121487616
1947 3.8859777704987524
1948 3.437895472566417
1949 3.8879554634756093
1950 3.6557449466828147
1951 3.4712996995372754
1952 3.6386038016834443
1953 3.524391326205192
1954 4.351135004549042
1955 3.4761493984172485
1956 3.499136323102166
1957 4.843642048492029
1958 3.0707645824959022
1959 3.8688441325870038
1960 3.785163644956706
1961 3.9857471068904493
1962 4.277661705019398
1963 3.865810319208834
1964 4.174530025999619
1965 4.10165832413278
1966 3.496943366643291
1967 3.775236768001445
1968 3.6220255353726385
1969 3.6412667116177815
1970 4.267483844838525
1971 4.025711489308774
1972 4.164795190580964
1973 4.58238000313876
1974 3.918187987594523
1975 3.90133267299657
1976 3.8253887134002293
1977 4.101447758995333
1978 3.9760078513563233
1979 4.164658073794267
1980 4.12268147627669
1981 3.9197716655069237
1982 4.125194117994837
1983 3.698283139694098
1984 4.097358991435793
1985 3.354358152473673
1986 3.9598936938899567
1987 4.08992081661259
1988 3.8488480614521583
1989 4.070873969255254
1990 3.7852927772597376
1991 3.809940726767686
1992 3.421775318245355
1993 3.6076641094136113
1994 3.662827934343919
1995 3.700282084418978
1996 4.089441029534022
1997 3.8902398514328698
1998 4.199508513401192
1999 3.85537416474029
2000 4.192545673349743
2001 3.8368768602520698
2002 3.712632520689972
2003 3.5512448573566173
2004 3.9507539335191937
2005 4.391424457318954
2006 3.9132057186052847
2007 3.833947893452154
2008 4.041533582970505
2009 3.8522297607961047
2010 4.039076072435147
2011 4.146204594251636
2012 3.664580811022647
2013 3.935452452306567
2014 3.5505428311460503
2015 4.381942727074281
2016 4.286454048209936
2017 3.5792267932598762
2018 3.7088671010760983
2019 3.6312824380929496
2020 3.266601462109535
2021 4.034360323010809
2022 4.120613337190318
2023 3.9540253132770773
2024 4.152602536005057
2025 3.645228441782678
2026 4.237149006654764
2027 3.3234732769653643
2028 3.6176671827736624
2029 3.818657425242606
2030 3.399073984340119
2031 4.088238523985926
2032 4.198554883081278
2033 3.9074168784438985
2034 3.2165767187005594
2035 3.9671048880314705
2036 3.8848631791049146
2037 4.009419484367365
2038 3.2879172881857457
2039 3.6364018712296224
2040 4.052508828236768
2041 3.8497573806687484
2042 3.964832345822001
2043 4.196437248405521
2044 3.9709444230135515
2045 3.6222803837472037
2046 3.8054138200827623
2047 4.026277521666607
2048 3.458513209216617
2049 4.133358396099859
2050 3.9504086279206643
2051 3.5747385285730124
2052 3.960495679045208
2053 3.4100544173694773
2054 3.3991093098450054
2055 4.055193663734381
2056 3.824045326208381
2057 3.6477327628355933
2058 4.06058015139199
2059 3.9136656019978604
2060 3.8330915406262385
2061 4.168761759078391
2062 4.0303946973154225
2063 3.3645400508186145
2064 4.09168485850804
2065 4.308972034023624
2066 4.348378900828773
2067 3.893948940661525
2068 4.151357167850929
2069 3.4536394678047833
2070 3.395377167572431
2071 3.832343187959828
2072 4.056029340325695
2073 4.211826562479643
2074 4.358475175957939
2075 4.0396463631536585
2076 3.8473735220615635
2077 4.038118810483841
2078 3.4488705989649704
2079 4.174987207472913
2080 3.4179706948265975
2081 4.061351266794086
2082 3.6618561537532113
2083 4.067994616889748
2084 4.011776685584479
2085 3.8457505800698963
2086 4.03125385806192
2087 3.9950644520603076
2088 4.4712071974272565
2089 4.327915162517312
2090 4.1105545257581495
2091 3.473853958531978
2092 4.555398000541976
2093 3.667871847547138
2094 3.9920903320863617
2095 4.113494940814627
2096 4.009719566039791
2097 3.693973476341469
2098 4.016725399298191
2099 4.249532465806233
2100 4.240935839567666
2101 3.6663159617955827
2102 4.040953413397599
2103 4.209358605024419
2104 3.436894062192616
2105 3.4518849724560488
2106 3.7838151251517336
2107 3.78847069580267
2108 3.8967217379132046
2109 3.737032851364104
2110 4.107199642074539
2111 3.545583340406011
2112 4.23271608195737
2113 4.178570712831329
2114 4.319905716121314
2115 3.697739349783772
2116 4.271811761558346
2117 3.86341304884287
2118 4.1802778463640475
2119 3.8804340985330734
2120 3.714328029129185
2121 3.5379392431446393
2122 3.3272988111490247
2123 4.23770531940349
2124 4.250757480613379
2125 4.247995669175745
2126 4.36709998988623
2127 4.261362683271729
2128 4.154745471414474
2129 3.9356921943298007
2130 3.968138393687973
2131 3.627360678922985
2132 3.7220614493386153
2133 3.179547786013373
2134 3.471674758677827
2135 3.895820993014411
2136 4.047711484046504
2137 3.8879410454482572
2138 4.380162427193917
2139 4.331306812088084
2140 4.256440986826323
2141 4.425198404759742
2142 6.654017490216287
