0 4.096737507650056
1 4.0923924502775595
2 3.938672752229587
3 4.167025623243267
4 3.5639630899703536
5 3.9485619683283804
6 4.453151684597726
7 4.304512179866127
8 4.114520992186148
9 5.732645678279623
10 5.7146644110246685
11 5.9355265322061515
12 4.4488568798230785
13 4.432133749236284
14 4.654436385940164
15 3.4167207401133552
16 4.147864363189075
17 4.520597538847189
18 4.063883554474956
19 3.4567647926439644
20 4.664707954281291
21 4.687838415872736
22 4.2188514815787315
23 4.277275587110755
24 4.612618679596296
25 4.598128545007791
26 4.2625977645744975
27 4.373679863247756
28 4.930224152968082
29 4.140905501254928
30 3.758971899093519
31 5.007346387931656
32 4.566555119258813
33 3.6530610326480204
34 3.4211417073936503
35 5.205320389368003
36 5.903095240166551
37 7.021557828559965
38 7.2732671398387625
39 6.833659313159939
40 6.6619414046798795
41 5.691625300764435
42 5.813360504297565
43 6.593250414105919
44 6.806603124598001
45 4.592716919693925
46 3.4325825875354417
47 3.3464696892738073
48 3.4328792239546106
49 3.3212074457570595
50 3.4298412711142903
51 3.2968638502300815
52 3.3500107848541076
53 3.3090469468555455
54 3.3906585590468272
55 3.3330739275361885
56 3.5820446370760175
57 3.4586116584643833
58 3.4530180573184537
59 3.4028573925925465
60 3.3740747721251045
61 3.395269713007284
62 4.141711904544303
63 3.3945065954296827
64 3.541662154759995
65 3.8984504830602624
66 3.790020063956071
67 3.4980392830416096
68 3.6882419810860245
69 3.392187557927039
70 3.4044175000423182
71 3.4315945628868763
72 3.4209561027503566
73 3.4377661675402607
74 3.3069889896192293
75 3.4220316432836344
76 3.475839215878603
77 3.6227805620553055
78 3.5711896129724345
79 3.519434223915643
80 4.3457085634807635
81 3.615868533190425
82 3.3246317793656464
83 3.486109932466503
84 3.56918858371257
85 3.363671111535221
86 3.423547131321788
87 3.3509489854294165
88 3.3120190466484267
89 3.466492652930692
90 3.402301966601241
91 3.4700371942560597
92 3.396904905977233
93 3.3602017974821465
94 3.404651859411283
95 3.502273133856497
96 3.8502480642557995
97 3.458775692680344
98 3.5019100227067317
99 3.4199160636332815
100 3.4164534458217126
101 3.507434513680485
102 3.625998695311983
103 3.351511889590058
104 3.4040473169312544
105 3.3829902629847988
106 3.4210379659584578
107 3.3799340353941525
108 3.495888242557051
109 3.4021879613493424
110 3.456891776114211
111 3.3688151761195897
112 3.3685817620798826
113 3.440050789766034
114 3.3743248634104304
115 3.4442637084359347
116 3.5765842441912494
117 3.301858174447204
118 3.310300804706517
119 3.7813279621955633
120 3.3036424482019138
121 3.2132616517111345
122 3.3845167786906383
123 3.4831542031475684
124 3.553393237836879
125 3.587294630127797
126 3.4270007873067208
127 3.308432672867832
128 3.400746766718739
129 3.316623273263272
130 3.406669702910082
131 3.362898074265234
132 3.383490425660526
133 3.304960568915892
134 3.9118201487239683
135 3.3601948649896034
136 3.593530520743316
137 3.6579697991021756
138 3.394718963335638
139 3.294491119644479
140 3.3407397312993212
141 3.3056180768408243
142 3.318415501738183
143 3.291534147793523
144 3.462244520973636
145 3.3333662864836398
146 3.5475631589720793
147 3.731276580442243
148 3.4054126117797066
149 3.4142568935684077
150 4.047913632769384
151 3.3178227516723395
152 3.420126881771505
153 4.202066668834139
154 3.49602318197345
155 4.201022078613878
156 3.4516393726653396
157 3.293145050595165
158 3.4207282233943284
159 3.7438169076128567
160 3.5051483295754817
161 3.4616818810879475
162 3.3308624505681683
163 3.276863362870579
164 3.342358227175434
165 3.35249618311084
166 3.4114834756003396
167 3.507914682511544
168 3.2866200024723633
169 3.892458160788541
170 3.3458831915946554
171 3.4187931560705582
172 3.327717056749387
173 3.749432697323164
174 3.557995855380943
175 3.4884234992005183
176 3.325230079904842
177 3.3781109936826557
178 3.3761624201385585
179 3.9052781634169413
180 3.6057020183073165
181 3.4107601770342275
182 3.568235968397743
183 3.201778134006658
184 3.4125723797554115
185 3.3367245601105426
186 3.370957614702809
187 3.350981166963766
188 3.9071583134287353
189 3.432170950398415
190 3.587804169511821
191 3.707749334871838
192 3.595640752840944
193 3.2408344508410263
194 3.519951154602498
195 3.340152557757897
196 3.3633637204819182
197 3.396711194535415
198 3.5331969507807175
199 3.3693095414021044
200 3.474783596196774
201 3.2589502208863244
202 3.415210073392863
203 3.3916194989593906
204 3.3283993694548077
205 3.292548218922673
206 3.3433458532303146
207 3.7316096042260942
208 3.3447243627842678
209 3.9861213624731597
210 3.6820937555610365
211 3.419206519505235
212 3.3039001728209616
213 3.4759613165786125
214 3.6678366022109192
215 3.4932159769436177
216 4.668546950325469
217 3.4169027550151014
218 3.433734892697232
219 4.221564722959492
220 3.449379751243336
221 3.338741170631427
222 3.3563019746289613
223 3.288471899484367
224 3.5387538607652176
225 3.3904037459683543
226 3.2467223296494896
227 3.5280802667069513
228 3.5882784427284196
229 3.3768346063750547
230 3.529939351951997
231 3.3956053995394484
232 3.5861789012559604
233 3.35481925851566
234 3.5895836224348674
235 3.4270190230919995
236 3.4622019128596597
237 3.4297959315836066
238 3.3987544057802253
239 3.7508564132624462
240 3.5373666421675924
241 4.28281654542637
242 3.276478998936558
243 3.3902815122053305
244 3.931450567189818
245 3.381267937652822
246 4.399543885673978
247 3.2916191826808006
248 3.3799947303663656
249 3.3769474621607882
250 3.4222105347479257
251 3.37159733470378
252 3.468793526914635
253 3.662013162316707
254 3.5814139008467847
255 3.478213057988259
256 3.5946859117542673
257 3.341047235397187
258 3.3410729855373815
259 3.355884853829159
260 3.455935283351798
261 3.9291066564613946
262 3.7428214939052995
263 3.68594786194152
264 3.3281319693047235
265 3.6807475477150584
266 3.430569022718981
267 3.299098748099786
268 3.642467738126192
269 3.494464749478661
270 3.407639898060116
271 4.414533466663926
272 3.9878151418879972
273 3.8203951406947096
274 3.575347292151826
275 3.541553594213386
276 3.329176037195352
277 3.40760624865823
278 3.3201526536059816
279 3.563745163335436
280 3.495452942761546
281 3.3985559576305353
282 3.5218305883417056
283 3.4515119169983173
284 3.409041393479705
285 3.464765194318789
286 3.359692290385091
287 3.4859356862490722
288 3.415574920449643
289 3.3981504321419362
290 3.351394703613451
291 3.3732195203301427
292 3.638091837782891
293 3.5909809677474738
294 3.3738063130879885
295 3.490347332154399
296 3.4699476722987663
297 3.376698203374837
298 3.2854774160060254
299 3.341168710017904
300 3.344312040048098
301 3.3424991811193756
302 3.437093123341703
303 3.395343614457919
304 3.5560114856772715
305 3.4367439190616733
306 3.580257178206921
307 3.43012242410494
308 3.487337496477975
309 3.964209860318638
310 3.6544958893972725
311 3.321805701091967
312 3.41887011228791
313 3.382166788916203
314 3.2496539953369536
315 3.3212626023776846
316 3.3880371199580748
317 3.404684262081276
318 3.433644725560876
319 3.545450873227029
320 3.437081417471731
321 3.386385671300236
322 3.4331299755547064
323 3.4860860160196205
324 3.461812356378809
325 3.232215599204166
326 3.584433908760109
327 3.444164215262445
328 3.4943485232816958
329 3.326192667465098
330 3.3064178327180165
331 3.4862194010437793
332 3.478610091386623
333 3.388320361089307
334 3.319278780058428
335 3.454835759063871
336 3.4103754012115526
337 3.4595933895442226
338 3.631835837565554
339 3.3223344495227325
340 3.3504221023204326
341 3.4357627069954866
342 3.3488134643858984
343 3.4111912583706125
344 3.4333403725423666
345 3.407660576789157
346 3.4521926476933618
347 3.3160036886428252
348 3.3905555436836554
349 3.4088366940199326
350 3.4340833606823002
351 3.3420071045519606
352 3.353702230874999
353 3.389447399011039
354 3.4203310968316245
355 3.3332928196189737
356 3.468141591970614
357 3.4256465585379794
358 3.390459031700335
359 3.386523987651377
360 3.364170769258077
361 4.105670021750739
362 3.717542376222823
363 3.4474650926592925
364 3.375503745748909
365 3.337107818956253
366 3.4912796160973394
367 3.372160683746345
368 3.3965060593525496
369 3.407628872434542
370 3.290629174881012
371 3.3317566972658876
372 3.2908060137776878
373 3.3137225579514937
374 3.394062468710309
375 4.0870737742660115
376 4.376927152126624
377 3.3706461389118276
378 3.419246547786853
379 3.6127060141915415
380 3.3312059086919743
381 3.4085078439412073
382 3.370944819604617
383 3.4590692629632773
384 3.109857101854099
385 3.354501465963542
386 3.5670607466599646
387 3.392273560491234
388 3.3393136239048555
389 3.2353271011118316
390 3.6242227090161894
391 3.30948440833016
392 3.3193994590473896
393 3.5207030219239246
394 3.3016477250515712
395 3.2841413823460046
396 3.454428685991647
397 3.3510316794526473
398 3.311275085774079
399 3.3592107409402194
400 3.357583470222259
401 3.3211946596767015
402 3.4384313719596835
403 3.3692145918777854
404 3.3267279423032545
405 3.3501034738612647
406 3.404167901003831
407 3.462137931194647
408 3.451339350947362
409 3.433343257023218
410 3.4702914739319857
411 3.8873705589837155
412 3.3558041496784066
413 3.3043237793555145
414 4.079940415687284
415 3.4250477009705294
416 3.8556069943357936
417 3.4827954072286444
418 3.2450011190197627
419 3.399517738181235
420 3.2844655319976725
421 3.346804947284254
422 4.218722266063698
423 3.6872826526291047
424 3.4468284754619654
425 3.412046815758883
426 3.2673725006988965
427 3.309416670853822
428 3.3548782831248465
429 3.425433789692325
430 3.4316421273581192
431 3.499419320435475
432 3.325955779078954
433 3.3596631627892792
434 3.515149451888561
435 3.4867445786188243
436 3.293520831822836
437 3.5117801047402275
438 3.4448378880749897
439 3.395015281672148
440 3.4951427240883706
441 3.4314897681217107
442 3.9515070790116833
443 3.365608317898518
444 3.272834231644494
445 3.6283647530165837
446 3.3483835995996003
447 3.387018843996197
448 3.329424765127673
449 3.4253973159680773
450 3.8125444767699084
451 3.4711577919352634
452 3.5098515925103424
453 3.321613305578842
454 3.3304811415108437
455 3.4263312567828845
456 3.3767823727105175
457 3.389103536338261
458 3.5233046299983655
459 3.3828870418621895
460 3.4141506107971975
461 3.5305884096182587
462 3.4292548268794283
463 3.3876552117607206
464 3.429464334416803
465 3.5518076536982908
466 3.476929655984895
467 3.500857968375213
468 3.4089805064985357
469 3.3478416162224187
470 3.4558174101509422
471 3.288166546290823
472 3.9843881500433347
473 3.484987848826636
474 3.500621880633286
475 3.287690748288556
476 3.4060030589293824
477 3.3871028071614147
478 3.4399442784882828
479 3.2423495706251453
480 3.4344751314274267
481 3.5037481695049095
482 3.3486165361562192
483 3.37263010051549
484 3.7719408824751155
485 3.5166969348198607
486 3.4571019717339824
487 3.3325359830344174
488 3.5315718045136744
489 3.3713058879003936
490 3.569188551853882
491 3.3545917707357926
492 3.3731573141338167
493 3.399507373533892
494 3.7122226471861715
495 3.4662167602968887
496 3.6248771728379063
497 3.382623320967495
498 3.4723567007296534
499 3.369015276175554
500 3.509899408116503
501 3.6555002687547176
502 3.3580112884487874
503 3.4671476598964053
504 3.742943079530654
505 3.5067017710096575
506 3.2853665548724664
507 3.436880151503965
508 3.3809746369084643
509 3.413988430165699
510 3.380355580439679
511 3.754731824140774
512 3.35157658499676
513 3.4872998501865933
514 3.368677520983287
515 3.466045078153973
516 3.2648200367915354
517 3.229118998879424
518 3.3015978317205463
519 3.3814809661020058
520 3.6141721884286575
521 3.465549143421887
522 3.454395388432621
523 3.5158765635308318
524 3.3211782547505155
525 3.303072431098627
526 3.2977441438194206
527 3.544911793230794
528 4.121966144928983
529 3.428015137358346
530 3.3324192080589734
531 3.3678514031543028
532 3.4317127838924617
533 3.403859352560135
534 3.4510641497211334
535 3.4396370280660373
536 3.4566162000895058
537 3.40562189903034
538 3.295518386546825
539 3.3618642205255633
540 3.290070121336588
541 3.429350284925391
542 3.820900319213624
543 3.5234207494846856
544 3.305819833287804
545 3.7757880862735544
546 3.319148019694557
547 3.4468740934059183
548 3.8529262809510167
549 3.31388250637267
550 3.369378289288383
551 3.447722051822043
552 3.354900883375454
553 3.6896973186874202
554 3.404552192270695
555 3.5090732829210873
556 4.057181241305165
557 3.725177754003974
558 3.411157015436654
559 3.768818003577965
560 3.353596996939609
561 3.853665541052891
562 3.8590915567583735
563 3.495216606344868
564 3.43289791940057
565 3.411213576086576
566 3.3018258248065315
567 3.362965407067685
568 4.226846969088272
569 3.391789130347089
570 3.452975486888525
571 3.422524891481418
572 3.2842249012744875
573 3.2979238476150523
574 3.822249532262404
575 3.4015687820436766
576 3.2863297931584126
577 3.655342343398015
578 3.314731636537367
579 3.3777291773133378
580 3.4282362578813563
581 3.3680396952985863
582 3.5508555996186284
583 3.30305247496486
584 3.3774253642749588
585 3.3620073611468086
586 3.4188111361589555
587 3.421232774461049
588 3.527632147808109
589 3.3259313130747437
590 3.77191054789477
591 3.4794186562165264
592 3.2748016150263495
593 3.39388267126496
594 3.639198031613295
595 3.3423788795999343
596 3.419343176089231
597 3.354821564197575
598 3.447168561827193
599 3.305766845744795
600 3.3175865185398394
601 3.335422701411527
602 3.4396985905086837
603 3.371813318753232
604 3.524955663621064
605 3.447050225998839
606 3.4083184759825977
607 3.5412629963428977
608 3.5736727639917167
609 3.4209259974521675
610 3.54104239655778
611 3.4398375961405168
612 3.456927185261925
613 3.6819203782851835
614 3.503310245761978
615 3.6120580800820057
616 3.4456588162478625
617 3.49324218117745
618 3.4667296224080384
619 3.3070675779190486
620 3.363710680461462
621 3.501188671580643
622 3.321228750200406
623 3.3962274106526578
624 3.287512510289954
625 3.4611307480726516
626 3.494524233287053
627 3.3462927878491064
628 3.4946721180605707
629 3.3958890841712677
630 3.395519126873373
631 3.481301193322394
632 3.363144443627646
633 4.14577519558371
634 3.4555443716252303
635 3.392301416332795
636 3.373458232397377
637 3.4220883151127204
638 3.308709968707639
639 3.5163925256886244
640 3.7988150979771294
641 3.365849569409391
642 3.3282175547378876
643 3.3561830279965377
644 3.612944871423286
645 3.3540451207361137
646 3.5826433143755883
647 3.4090409162835003
648 3.472768289299792
649 3.376835177143413
650 3.450820818474366
651 3.387867140490814
652 3.668947033121593
653 3.3677637845028032
654 3.5219293262842988
655 4.060322224595472
656 3.5053521368671023
657 3.3219517008050055
658 3.250573925397471
659 3.3983859508123677
660 3.2632118922020514
661 3.4033513467074403
662 3.4985432850727816
663 3.33632396902221
664 3.6410836393757675
665 3.3426039699176275
666 3.539921872007342
667 3.299515393395809
668 3.4662808959155513
669 3.4052943391861827
670 3.3981480466448097
671 3.4602248947945022
672 3.341655408053396
673 3.665761424437202
674 3.507522996156009
675 3.3254964143786223
676 3.2470111045272665
677 3.8491762992552774
678 3.53231866838962
679 3.3034990445913763
680 3.4259896137793553
681 3.27251369157679
682 3.47464452768196
683 3.4190813993845723
684 3.406837400580418
685 3.387266216548187
686 3.4001438397637225
687 3.3703614936146757
688 3.466010318342626
689 3.3060759583256494
690 3.4148346343443463
691 3.4852310582674395
692 3.3598148960115792
693 3.519203024220813
694 3.424251400035499
695 3.5626491977491486
696 3.3485113419666557
697 3.3870851002855193
698 3.3813325362614246
699 3.49304111672082
700 3.46553638193929
701 3.4325284226076973
702 3.4429175349196575
703 3.406407559447474
704 3.3749829508836737
705 3.431860185011878
706 3.408516409158792
707 3.3071993767548284
708 3.4027896671394435
709 3.3958029010515043
710 3.4071841186305725
711 3.3769244232401583
712 3.5720786134215676
713 3.4479538860130186
714 3.21815164472305
715 3.3116118886149666
716 3.3970464026651483
717 3.5163852085504925
718 3.3420684623391956
719 3.455280034552306
720 3.3854248805168234
721 3.3530346308227426
722 3.2853654434655386
723 3.4544192910378317
724 3.2722676237710786
725 3.36597734095341
726 3.5952906913567406
727 3.433471222319761
728 3.3829182062026772
729 3.3852100964394998
730 3.390728449010229
731 3.4817861958524143
732 3.430884706802229
733 4.112095578374943
734 3.4677946395479586
735 3.474181840572689
736 3.3929479248829146
737 3.3397425206608635
738 3.418565796397668
739 3.3181638341467594
740 3.559712835181107
741 3.404461883614459
742 3.4131078028323025
743 3.4887871622757345
744 3.319136424243293
745 4.081174326091151
746 3.433185822796004
747 3.330348259529827
748 3.3426979736739826
749 3.330526341410279
750 3.9842674142966406
751 3.406203959037257
752 3.3049613975558323
753 3.3724743409791302
754 3.284472206005569
755 3.4920410304668805
756 3.351329324807026
757 3.394348874961244
758 3.325007089466198
759 3.4792930482707725
760 3.3147321571818256
761 3.366425699581233
762 3.3792433285337267
763 3.258558728646622
764 3.40964187106804
765 3.4519230271741206
766 3.4439366772084976
767 3.2658534916592377
768 3.2294252486952253
769 4.445435310114782
770 3.4272400492446877
771 3.4363135630163173
772 3.5253520779618923
773 3.5480450032880455
774 3.3522548721742216
775 3.3863244677541022
776 3.3911437213835205
777 3.4281394258760467
778 3.3839817100353775
779 3.3575157193249336
780 3.3469147442720706
781 3.435854605264007
782 3.4037841026681717
783 3.4782573835488964
784 3.743881581464251
785 3.348160035761749
786 3.938313538761131
787 3.3159054872732763
788 3.4169803887414982
789 3.520540575367263
790 3.4956709777364448
791 3.405528079086026
792 3.615026920244634
793 3.832565647850342
794 3.422113128561193
795 3.5160730610379116
796 3.488509033331368
797 3.3610175131969227
798 3.37524156618846
799 3.203107096653643
800 3.539002613785914
801 3.4644451580047617
802 3.3476860250159968
803 3.362937245252391
804 3.5506052059442608
805 3.4363970859422994
806 3.4201894596354796
807 3.4067891334154683
808 3.417739046546041
809 3.4840521022767477
810 3.448645376788693
811 3.453833238862849
812 3.3865891455650927
813 3.3624055636450083
814 4.248307931147819
815 3.45226840643542
816 3.481446001002189
817 3.6974133696773457
818 3.5942897393030937
819 3.3406366565516947
820 3.2765658331528265
821 3.5122164021640447
822 3.349265035277505
823 3.423199532561986
824 3.4546674334593526
825 3.45032897164701
826 3.2783863731491025
827 3.2838261167289313
828 3.340994991598819
829 3.3507124777333743
830 3.4278817558554695
831 3.3058239364324096
832 3.4711390349560722
833 3.335719881412786
834 3.2801332031352954
835 3.459195068920589
836 3.2909100067804147
837 3.3517310992290446
838 3.408025080658277
839 3.7368903183417297
840 3.3805013232476475
841 3.250723989509422
842 3.5244654010770646
843 3.507557803132991
844 3.3397563976887508
845 3.301604195235047
846 3.241353188135664
847 3.2521016852086992
848 3.374906875544222
849 3.440675695363976
850 3.392688817565753
851 3.5691064703899973
852 3.2982950776562965
853 3.4031189913824154
854 3.469751027131441
855 3.3483543289183415
856 3.26907755512296
857 3.317025436648119
858 3.3322572800739376
859 3.4387169854745507
860 3.46415608615957
861 3.2430739737925616
862 3.3591977676842273
863 3.335031337269889
864 3.3491877286281766
865 3.2876332802052968
866 3.902025459559028
867 4.107884050064467
868 3.9384987120768655
869 3.4883790652914524
870 3.5002697525877005
871 3.7111033259798747
872 3.351715783651987
873 3.4296447313521377
874 3.2166037424434037
875 3.4104522062659393
876 3.4165442346444728
877 3.3837151350519767
878 3.3088257877222027
879 3.3095854961712456
880 3.5008037314532037
881 3.4245271721325126
882 3.41032593513424
883 3.343254848719431
884 3.2589928350595865
885 3.3609080331043324
886 3.3116111492479714
887 3.402461383818791
888 3.88823165095723
889 3.384472771495424
890 3.28331366057125
891 3.4074894618868696
892 3.288951741381226
893 3.786706134364773
894 3.2551282037641127
895 3.4450668407643574
896 3.2976685825352763
897 3.67306553562597
898 3.6184139025561723
899 3.5815718271143893
900 3.544138641332168
901 3.494707503474961
902 3.378812921068586
903 3.342696498132874
904 3.4517264720649967
905 3.407177669593887
906 3.344421281162605
907 3.506317430494413
908 3.4285720082030546
909 3.406955617707064
910 3.3633553863998236
911 3.6145859532269307
912 3.3468386782023885
913 3.316412817966697
914 3.399521204778764
915 3.3957865613000187
916 3.291696708041345
917 4.057787333636751
918 3.619077416736656
919 3.332255753413998
920 3.4296579068424715
921 3.6045682670575343
922 3.5869287045632667
923 3.3134402318975504
924 3.4348292787076096
925 3.3063127215405905
926 3.5773064552690244
927 3.8692577655351217
928 3.381865550173646
929 3.391162806021882
930 3.398330551645374
931 3.384479752727301
932 3.313938251263982
933 3.3341440860017504
934 3.3677474230300155
935 3.328717231721743
936 3.5092202134415116
937 3.354553768561287
938 3.367579449834293
939 3.262434670229316
940 3.519506407896855
941 3.286967283819537
942 3.7364519700749486
943 3.4462353271369928
944 3.326186617348996
945 3.3767760556880253
946 3.52856353455549
947 3.6218736885336176
948 3.4210421985348036
949 3.515398877405295
950 3.4250110227470536
951 3.3631330615220563
952 3.221438406614146
953 3.308878589716625
954 3.4820801513372417
955 3.4120852999446365
956 3.4925389798156163
957 3.3179950082870113
958 3.48030281149833
959 3.401089128708281
960 3.2659688181535875
961 3.5159977148193127
962 4.063557559458116
963 3.4293083024232405
964 3.3371543774640773
965 3.5241849608949147
966 3.3304894780058563
967 3.384522355096719
968 3.284867023712768
969 3.344177243979496
970 3.3482532973097783
971 3.4672528675497194
972 3.312596678138912
973 3.4624227832479266
974 3.423429482020233
975 3.389559778266301
976 3.3084035516415278
977 3.4201514805823425
978 4.442598805830627
979 3.3556836674592962
980 3.4181263857212616
981 3.4346644630292094
982 3.520615330482385
983 3.274458683607668
984 3.4245831476427586
985 3.367081669589433
986 3.4619402941431887
987 3.489671310713508
988 3.3386008949777004
989 3.303360499274468
990 3.3387709303545696
991 3.304182067498736
992 3.4212053781401686
993 3.453066913594649
994 3.465803814162554
995 3.3067782082615658
996 3.472893484262644
997 3.462492466302322
998 3.483015540481897
999 3.3128494386705736
1000 3.442354431667116
1001 3.3825982855742005
1002 3.4299250864783346
1003 3.477461113651192
1004 3.3110928995793762
1005 3.3857711424226373
1006 3.4432388582677964
1007 3.3112899678833707
1008 3.3351706499829
1009 3.3330954487443902
1010 3.4237498975290763
1011 3.371554074203369
1012 3.3609808473000458
1013 3.4326363547348167
1014 3.4509751768738046
1015 3.439990809103421
1016 3.6377554882940992
1017 3.3300046174773
1018 3.277311127108135
1019 3.315595905068887
1020 3.386502446273688
1021 3.5079995576101175
1022 3.482525825240646
1023 3.4112859450537907
1024 3.4698796881499017
1025 3.5353779154663805
1026 3.3144161850775546
1027 3.3463430432243317
1028 3.4628703184440037
1029 3.3734190494565115
1030 3.578415148278972
1031 3.447586838006621
1032 3.5623610991155177
1033 3.384121302760379
1034 3.5775044841043706
1035 3.678187010660556
1036 3.28239692306712
1037 3.378015123384657
1038 3.5303126432527696
1039 3.4660328561490297
1040 3.201231768352608
1041 3.4579233679675143
1042 3.779539889778993
1043 3.5061223155474854
1044 3.3434752641064764
1045 3.6647521222909063
1046 3.2776939497839566
1047 3.4601170135116512
1048 3.484043171117389
1049 3.5343046160767253
1050 3.292662603212873
1051 3.32787900209766
1052 3.330878404353849
1053 3.388995879770007
1054 3.258575627233341
1055 3.5237238702204277
1056 3.278055769615036
1057 3.3836975661560844
1058 3.418781829780544
1059 3.420232613636848
1060 3.383890518191921
1061 3.43629682512482
1062 3.387205671280901
1063 3.439447634578401
1064 3.412211682704756
1065 4.055565580019668
1066 3.32661466358756
1067 3.262122366502449
1068 3.374661308645707
1069 3.420551302464685
1070 3.426909082340102
1071 3.2853537374913455
1072 3.5473684857567727
1073 3.4741379585325443
1074 3.464839047976858
1075 3.446191307227144
1076 3.6386769956148504
1077 3.416491029953251
1078 3.390221233425225
1079 3.33921157139805
1080 3.3477775273675414
1081 3.732386257765547
1082 3.3234258353367268
1083 3.3424977226947044
1084 3.357581745472766
1085 3.686252448264934
1086 3.3563531433369835
1087 3.3301403072052973
1088 3.296668218190865
1089 3.3864998038046363
1090 3.4216475048441533
1091 3.4231657141981913
1092 3.4487330583461566
1093 3.5452587491758822
1094 3.328691352666843
1095 3.4344866729222914
1096 3.4113209637431603
1097 3.487943076892802
1098 3.2977776477369622
1099 3.4622581864830684
1100 3.5252325171596524
1101 4.084396032043576
1102 3.324211322475352
1103 3.575117969116557
1104 3.40989426295965
1105 3.368776145556613
1106 3.474200232978189
1107 3.394909905027895
1108 3.463987987740302
1109 3.253687476458468
1110 3.471699039023392
1111 3.4455049319250315
1112 3.370694280815843
1113 3.278084649162067
1114 3.7180119987238633
1115 3.6880629786723613
1116 3.3884897550974626
1117 3.457630625082036
1118 3.3264086492255562
1119 3.3206439718125305
1120 3.3297998857604583
1121 3.323097558966113
1122 3.271349035912826
1123 3.3588889538499207
1124 3.492744545107976
1125 3.354030904938792
1126 3.2985215553611957
1127 3.4874005227274263
1128 3.44962773960611
1129 3.2836443662591264
1130 3.4831724890441134
1131 3.4660902359209
1132 3.234816960019564
1133 3.364704839313671
1134 3.657134225860017
1135 3.359117710008168
1136 3.433955193967905
1137 3.4183405984198947
1138 3.4642037372455547
1139 3.600812792002152
1140 3.492890802211372
1141 3.4122073492374843
1142 3.561548671396008
1143 3.228205132307893
1144 3.3826522159204986
1145 3.37504230680594
1146 3.392791669788385
1147 3.454198717629721
1148 3.406160070687463
1149 3.3729453544355015
1150 3.362406841248431
1151 3.511826254784248
1152 3.4419994842333916
1153 3.811663040900715
1154 3.564415029367862
1155 3.323831469081082
1156 3.3875130752163676
1157 3.476276570269835
1158 3.3729838596446426
1159 3.425757942527172
1160 3.575248066940232
1161 3.3234097277956987
1162 3.408011962264908
1163 3.4505001179613677
1164 3.303072143826358
1165 3.3976223552526887
1166 3.333816084773818
1167 3.421168807555516
1168 3.415538657864434
1169 3.4492741977574073
1170 4.009190419415731
1171 3.454425574907239
1172 3.54163195357226
1173 3.7940060138753875
1174 3.4620792941834835
1175 3.367736423165707
1176 3.4212622940387685
1177 3.362002564801395
1178 3.729344960652335
1179 4.022989033338644
1180 3.5708583054971847
1181 3.3762011951524893
1182 3.432469581633426
1183 3.308116988145332
1184 3.3460852748397945
1185 3.4032786974140588
1186 3.288567525450874
1187 3.536101159902111
1188 3.355558160704073
1189 3.324991463166328
1190 3.346640995530858
1191 3.1776353045382013
1192 3.240919830735746
1193 3.3793354396403186
1194 3.3691957773440433
1195 3.4006188814622424
1196 3.40961753681075
1197 3.8877812340447027
1198 3.619759545222217
1199 3.43042251080516
1200 3.3480975410116622
1201 3.4199961753319768
1202 3.319727872619324
1203 3.4287041858470433
1204 3.404806216671966
1205 3.461086927988135
1206 3.432488671661734
1207 3.347779058127219
1208 3.838827613519678
1209 3.613434561460943
1210 3.539547278661925
1211 3.220128050322958
1212 3.366181277631004
1213 3.5253742749870227
1214 3.377198960449541
1215 3.474418545723732
1216 3.371213894771184
1217 3.4226817386672974
1218 3.943113632521999
1219 3.392639281695376
1220 3.615242609205821
1221 3.3431520997319235
1222 3.439496828739217
1223 3.3027714624397513
1224 3.4843474510941737
1225 3.567061307075645
1226 3.3633141416813506
1227 3.3879530376143934
1228 3.4836513469064627
1229 3.362935607623798
1230 3.3088528266379034
1231 3.3978641883796663
1232 3.4398597448258217
1233 3.3609039173605026
1234 3.452653108892312
1235 3.2826982527866257
1236 3.580956095975298
1237 3.4206122070300666
1238 3.4955531370038093
1239 3.974897647294167
1240 3.298318099716564
1241 3.9372898627011734
1242 3.5584465189039327
1243 3.678466016711708
1244 3.358079238703784
1245 3.2667444515068778
1246 3.413479491945051
1247 3.401379238543242
1248 3.4366557641196054
1249 3.4112043728549852
1250 3.4129357968719978
1251 3.4310677755553263
1252 3.3546420330706432
1253 3.3852390307459186
1254 3.4152261848973815
1255 3.603251018819764
1256 3.2958178095464907
1257 4.01476710078693
1258 3.4810319479377783
1259 3.2783285956989046
1260 3.261463257506086
1261 3.3631311830739445
1262 3.2549229565325675
1263 3.381286643113288
1264 4.485102795451663
1265 3.4705948945081917
1266 3.3693294966008276
1267 3.36251927734313
1268 3.392545451442074
1269 3.2065577152608777
1270 3.4450918064989766
1271 3.3828652588974024
1272 3.3166251146579504
1273 3.4927568934876145
1274 3.3960398002372525
1275 3.2773137187821906
1276 3.3639963148133734
1277 3.3652488292607803
1278 3.3577880343287467
1279 3.4846471017860146
1280 3.4305236380127107
1281 4.13478830783416
1282 3.3393896753293326
1283 3.499616688790954
1284 3.440975813024128
1285 3.3314719623136164
1286 3.4870994705848317
1287 3.3123591448487884
1288 3.2694229364030827
1289 3.448553494521585
1290 3.571567303618125
1291 3.4560951602014534
1292 3.5092488538650786
1293 3.358815215981362
1294 3.343784474124115
1295 3.403998917600991
1296 3.2565573515482162
1297 3.4198345655651723
1298 3.2507327302921833
1299 3.3762032768200463
1300 3.37529297947745
1301 3.405021132009073
1302 3.484544688552689
1303 3.437456589461139
1304 3.46041809767187
1305 3.286077105756686
1306 3.417895061898308
1307 3.4421316274753297
1308 3.4576342183178985
1309 3.4744500888177328
1310 3.274171347604352
1311 3.2733595566913993
1312 3.3258171160947643
1313 3.33685153221931
1314 3.5928134553739395
1315 3.3843972000159557
1316 3.2661668267233273
1317 3.6376582274751383
1318 3.4463325608779165
1319 3.4275919661744396
1320 3.315179597295705
1321 3.86019092624127
1322 4.071391195713001
1323 3.3914067039236766
1324 3.347195596533271
1325 3.381987309784864
1326 3.764571678113505
1327 3.2337905802849463
1328 3.5457564843360077
1329 3.295658565074648
1330 3.30418061272853
1331 3.825937984915235
1332 3.3367916215343976
1333 3.3162673195138135
1334 3.332365091114074
1335 3.3379975778715205
1336 3.2801738563978895
1337 3.4042360103750324
1338 3.2982434208477183
1339 3.4807024263435227
1340 3.386411999484875
1341 3.7525760851434478
1342 3.8141559216209
1343 3.8141599864896247
1344 3.439261614320331
1345 3.577387428691602
1346 3.4814361282432222
1347 3.541614766378884
1348 3.809447453895607
1349 3.9586004014954
1350 3.3635003516152238
1351 3.321575368503736
1352 3.4439535306265396
1353 3.287741838438306
1354 3.3164689809408845
1355 3.5546942410425673
1356 3.4276878364697043
1357 3.3478212424248337
1358 3.278605452846563
1359 3.255624287519888
1360 3.3530254827386097
1361 3.4653677481198866
1362 3.5008984146736295
1363 3.36271402590212
1364 3.495659062832105
1365 3.3830189457190194
1366 3.3386880640907566
1367 3.3663185827708966
1368 3.5465170595325914
1369 3.4069622098908923
1370 3.3453426152915795
1371 3.3189532524792544
1372 3.3953936588602223
1373 3.3915511613413254
1374 3.579469028529779
1375 3.245043352385822
1376 3.2797914737266156
1377 3.284382925532058
1378 3.2374716286842093
1379 3.24994551654271
1380 3.433108111983196
1381 3.463736924916608
1382 3.469738084538485
1383 3.4883891216195115
1384 3.3790682789750446
1385 3.4619093424540606
1386 3.3080957967470894
1387 3.4151860875431694
1388 3.291127646433958
1389 3.331571683513619
1390 3.3758559303264493
1391 3.3161967512386146
1392 3.4057907137337433
1393 3.497998579626542
1394 3.486183464582849
1395 3.4516713310698766
1396 3.297168627137471
1397 3.3647310782601725
1398 3.467999406288336
1399 3.353184171189826
1400 3.3105269901643926
1401 3.4791582424785594
1402 3.3043948637895437
1403 3.2724859140093634
1404 3.5629013653912587
1405 3.5524709344234955
1406 3.310373996584343
1407 3.260547355283965
1408 3.3858529663877763
1409 3.305226276527841
1410 3.4061277884458265
1411 3.254675736491184
1412 3.35276463949847
1413 3.920578053537475
1414 3.2119332857391165
1415 3.406459997102765
1416 3.2154491070827462
1417 3.3170183386132344
1418 3.2278408355288337
1419 3.2617871723858642
1420 3.500939533532758
1421 3.4631574393611206
1422 3.2341254147264586
1423 3.367708446837644
1424 3.6322257928401958
1425 3.485404193936693
1426 3.712494676729905
1427 3.457426170521157
1428 3.6334519419141054
1429 3.319362790997372
1430 3.3367032818763214
1431 3.5504765524015256
1432 3.5151280797689854
1433 3.293838121968974
1434 3.5840918940405206
1435 3.467396551038806
1436 3.439104690085584
1437 4.080239487886535
1438 3.2914787785227606
1439 3.3351615074829786
1440 3.4560848955379173
1441 3.458470567590638
1442 3.522430544264217
1443 3.453248671624792
1444 3.300897134379066
1445 3.467365444079075
1446 3.419612635110248
1447 4.549851210859191
1448 3.37112225502132
1449 3.413589683721017
1450 3.72136532525832
1451 3.4379527775073395
1452 3.35492242619638
1453 3.501799578889432
1454 3.692293529368231
1455 3.360774352892236
1456 3.2787428709399125
1457 3.5218659015548486
1458 3.4837420159868735
1459 3.3364916513750433
1460 3.60334927162787
1461 3.4861461339954904
1462 3.5208609720735673
1463 3.4070267714534
1464 3.2954644447450234
1465 3.345552232448692
1466 4.216500874732138
1467 3.3650385084033765
1468 3.4777402685514285
1469 3.5129576340576465
1470 3.31264470721011
1471 3.286743956094371
1472 3.4160524408498723
1473 3.502873620668366
1474 3.406583594070754
1475 3.3046907157640524
1476 3.4060408737875
1477 3.3463264825752614
1478 3.347584700382394
1479 3.421058188727627
1480 3.4752747083627518
1481 3.5990324731912637
1482 3.253130611612993
1483 3.504582118280837
1484 3.379418348028167
1485 3.349017756540661
1486 3.352465694373058
1487 3.2974345428792065
1488 3.482405005140645
1489 3.2088564886866573
1490 3.4760461632566173
1491 3.3520424479307604
1492 3.276173868918636
1493 3.5736995843376316
1494 3.3455454450309148
1495 3.4480933315337383
1496 3.541355873583119
1497 3.2315280404651547
1498 3.3297691037073536
1499 3.3659030034476833
1500 3.337082185080036
1501 3.3639525646415125
1502 3.268712949173505
1503 3.3194526533551767
1504 3.2954418295405983
1505 3.393239372984778
1506 3.391218614647837
1507 3.3803972321705156
1508 3.5546491303775443
1509 3.410940762675582
1510 3.3074987440335577
1511 3.3421469313582777
1512 3.679403028752222
1513 3.3317734173304236
1514 3.492287163869192
1515 3.3846612461684216
1516 3.639116368241061
1517 3.457380771646321
1518 3.5117534895036666
1519 3.5173790492378014
1520 3.3750140698809115
1521 3.4863405931938183
1522 3.4247288941840375
1523 3.309605457029582
1524 3.354629731263865
1525 3.416580586993655
1526 3.3325891505784675
1527 3.4549403117452284
1528 3.443824980373731
1529 3.309234073686428
1530 3.4053646193797706
1531 3.3579411347165573
1532 3.559469396986529
1533 4.087634805310522
1534 3.372015776966208
1535 3.4312216785139333
1536 3.425149159733033
1537 3.379708508433383
1538 3.390294920035805
1539 3.3635318140641046
1540 3.5104986225864616
1541 3.3332520012329705
1542 3.33802794015413
1543 3.418953256723649
1544 3.338497663560134
1545 3.9224339114613764
1546 3.4057569997554094
1547 3.3346432457464155
1548 3.4243426979852227
1549 3.3159553259871863
1550 3.306426931174398
1551 3.4993987794520214
1552 3.486204905729892
1553 3.426220967620162
1554 3.346403292644913
1555 3.5784537533156993
1556 3.5756996108752648
1557 3.35945659031583
1558 3.3202083023114453
1559 3.3122661247889087
1560 3.2950650231896508
1561 4.028551813567757
1562 3.3191830134288263
1563 3.404029858183626
1564 3.261150370524484
1565 3.946156904745696
1566 3.410724888952969
1567 3.4425595130348454
1568 3.351056294565167
1569 3.3824562743880446
1570 3.3830342090681036
1571 3.245471220523689
1572 3.4671997102654664
1573 3.367229589418182
1574 3.8729071860332502
1575 3.6012171435179416
1576 3.3261722005390126
1577 3.2211519631489782
1578 3.4146435051716164
1579 3.2523040951457394
1580 4.120627300655076
1581 3.2814087559553475
1582 3.449972652772861
1583 3.434592797905765
1584 3.2592734480039214
1585 3.3932280137539808
1586 3.5542035823240012
1587 3.459574775641635
1588 3.465843731422798
1589 3.541115861333795
1590 3.33210713292127
1591 3.4041411866332294
1592 3.403076007406685
1593 3.379657479184712
1594 3.361831450188588
1595 3.451996241348411
1596 3.5231043683079712
1597 3.28230310489097
1598 3.474565490776369
1599 3.4813951643102756
1600 3.3545155632241785
1601 3.338321927530875
1602 3.1954767408525524
1603 3.3371162882015972
1604 3.3321591388849874
1605 3.3568809505711545
1606 3.461825042644471
1607 3.4582297525016545
1608 3.3993806292078768
1609 3.3971531656749305
1610 3.429992308192503
1611 3.4039435577585846
1612 3.5040575398904235
1613 3.2884281760407346
1614 3.379145769256891
1615 3.434036456731145
1616 3.5535973861998755
1617 3.2827961740756484
1618 3.224723441868415
1619 3.3955337471110396
1620 3.561258367410878
1621 3.556852074253842
1622 3.378154210691979
1623 3.4709037097271844
1624 3.4725775895460425
1625 3.3793365411185845
1626 3.280771689032322
1627 3.413475049101184
1628 3.5105920868415494
1629 3.476729688865184
1630 3.2635098664211246
1631 3.2483819902497557
1632 3.7795492737540006
1633 4.01815243338622
1634 3.4430422293887024
1635 3.400507499222836
1636 3.4460368615696053
1637 3.4138664528249456
1638 3.359202563072668
1639 3.423431135351785
1640 3.4663684133112858
1641 3.5092358219001727
1642 3.349866145527336
1643 3.420894530447121
1644 3.902700108795061
1645 3.4117670770470627
1646 3.2700536392029567
1647 3.3660398710143826
1648 3.426101169727699
1649 3.6830142067928984
1650 3.4452713868982827
1651 3.3517827691664865
1652 3.31036151982351
1653 3.3005599628498086
1654 3.473071609118591
1655 3.4564150598529033
1656 3.54466994241554
1657 3.344807868726566
1658 3.294173739958651
1659 3.2211791386013426
1660 3.3836939452166352
1661 3.4632026696953027
1662 3.9028416626800846
1663 3.5404497378567292
1664 3.503569402141644
1665 3.3327003600540572
1666 3.3828525158692915
1667 3.2711764000768917
1668 3.2856418424688902
1669 4.289838157898571
1670 3.400257976852514
1671 3.373441502733138
1672 3.351810143376722
1673 3.270705816922152
1674 3.627514942495725
1675 3.382358383713714
1676 3.4144740349003193
1677 3.304146140090165
1678 3.356823511432821
1679 3.4122343830398836
1680 3.3704726783574386
1681 3.3761316003481876
1682 3.446388187687197
1683 3.421170642942122
1684 3.444833723292632
1685 3.578778361380635
1686 3.3859422411609894
1687 3.424509970029852
1688 3.2999403735966952
1689 3.4781149993314098
1690 3.41761474139413
1691 3.5064464207400605
1692 3.590244830245607
1693 3.2566540625701177
1694 3.413043069380843
1695 3.297206869505281
1696 3.366656579899185
1697 3.3321016355906177
1698 3.2959884119899074
1699 3.312691593440345
1700 3.4924474055811383
1701 3.335984009241699
1702 3.290795742010361
1703 3.4243488321780444
1704 3.308373219123331
1705 3.327753665231952
1706 3.3101290361614972
1707 3.5003017244956656
1708 3.5822682312869962
1709 3.4081529490121922
1710 3.6981958854800068
1711 3.4774315024719433
1712 3.3107481872641897
1713 3.357766677741106
1714 3.3639057577244293
1715 3.687484439596415
1716 3.4220754482054323
1717 3.4232211090027205
1718 3.4630719264338383
1719 3.761311576506558
1720 3.399771547835196
1721 3.3896713278424193
1722 3.4535783193234546
1723 3.3415337951755304
1724 3.433429407314519
1725 3.3193737345268675
1726 3.3251273560406185
1727 3.4776990332807185
1728 3.3911523987451098
1729 3.436313184746811
1730 3.798030679694632
1731 3.368706769896913
1732 3.4309589178090443
1733 3.8774844567391704
1734 3.4370331526021616
1735 3.28878415577632
1736 3.425177540060715
1737 3.3561822457834687
1738 3.320566297562988
1739 3.3864493838120993
1740 3.4093013725589043
1741 3.29801872828362
1742 3.448989871630706
1743 3.363474570858312
1744 3.326549148350573
1745 3.306489329699036
1746 3.3167924590555833
1747 3.7037850852551664
1748 3.345310631201064
1749 3.394526909767836
1750 3.362726801002883
1751 3.542121346009244
1752 3.7053711509372684
1753 3.3950133550447226
1754 3.2341013997705685
1755 3.3214969552166527
1756 3.2674757991101755
1757 3.3451305341130935
1758 3.3006084162525826
1759 3.400968871646294
1760 3.3854723311068
1761 3.4785585668801224
1762 3.257695113677779
1763 3.3648876332474558
1764 3.3098880065511076
1765 3.3373446048926496
1766 3.201795351513239
1767 3.3978973199757463
1768 3.3084763562166386
1769 3.4160650277530697
1770 3.4370037318253104
1771 4.187329299661165
1772 3.636877567267126
1773 3.5645527337452934
1774 3.550455864727396
1775 3.332252379869054
1776 3.345805908713549
1777 3.388581320665943
1778 3.5229713560946565
1779 3.3732433794615706
1780 3.2554129780879264
1781 3.340724520979066
1782 3.385298081065466
1783 3.5145479330196765
1784 3.258772549521116
1785 3.3044666960717177
1786 3.428872659797765
1787 3.306098136617116
1788 3.410387940679952
1789 3.663156196164743
1790 3.3873478286078593
1791 3.7599469020067495
1792 3.469685313877156
1793 3.2988373394533452
1794 3.381591632606314
1795 3.301330156902267
1796 3.66027361731713
1797 4.104436420658501
1798 3.268132909152597
1799 3.4687240957701726
1800 3.351067474919292
1801 3.5383837749557063
1802 3.439210825574966
1803 3.242956336024449
1804 3.381250889153159
1805 3.50673552963185
1806 3.300784312666847
1807 3.280502416359999
1808 3.3435327286539525
1809 3.3953605891558523
1810 3.299252856223776
1811 3.3631750367610844
1812 3.44079586147824
1813 3.357839861404856
1814 3.249239171385599
1815 3.5692390844294146
1816 3.2822557767524194
1817 3.2790273960808163
1818 3.29828751900141
1819 3.4583666623167364
1820 3.460929019334153
1821 3.3727234125623777
1822 3.3883608487270185
1823 3.470192884708948
1824 3.422625110205345
1825 3.3167020563748046
1826 3.4245320590323316
1827 3.304880882603875
1828 3.5217375750754303
1829 3.3575747347556457
1830 3.58854846939847
1831 3.3463867620316505
1832 3.3532721577645876
1833 3.555123085441331
1834 3.4817456942322167
1835 3.4837328181256164
1836 3.408140932772185
1837 3.4634205443123918
1838 3.2336455341541406
1839 3.4334309997144863
1840 3.8497614815669956
1841 3.343721892849294
1842 3.3377000268300754
1843 3.3140900395185597
1844 3.3193038030653725
1845 4.396383754362309
1846 3.2867724988087934
1847 3.404021987873315
1848 3.454661529994937
1849 3.628812520374368
1850 3.3156802613036382
1851 3.3481201887333225
1852 4.041694899172632
1853 3.3581417642996794
1854 3.3144811221458292
1855 3.4288927471236366
1856 3.3810193303587153
1857 3.4807661134554553
1858 3.499195267866979
1859 3.5269389810628065
1860 3.2261737081348865
1861 3.2843640108099486
1862 3.33123447658152
1863 3.2651882079981087
1864 3.365789050817055
1865 3.3293830590162026
1866 3.4775209660453075
1867 3.3841376683667335
1868 3.4295006976001754
1869 3.2714098373232794
1870 3.3242289859762066
1871 3.3485339914337477
1872 3.3607497159057362
1873 3.488723253674368
1874 3.8538018024866223
1875 3.4274602538969763
1876 3.297999323300857
1877 3.3823766929695664
1878 3.4112321311931106
1879 3.3426680749735787
1880 3.447865108683069
1881 3.5334909095938376
1882 3.490718438301646
1883 3.405121790633305
1884 3.4038789333075106
1885 3.398528225822166
1886 3.5283110505775173
1887 4.057390266430868
1888 3.354647222895173
1889 3.3588476847027118
1890 3.417926287432605
1891 3.4302222760841343
1892 3.3383988373102578
1893 3.2754635341224856
1894 3.426961594277741
1895 3.2480878175255206
1896 3.4324992726807877
1897 3.429946952511721
1898 3.5319613753191588
1899 3.519497805541791
1900 3.4317828834645376
1901 3.4387807548668103
1902 3.421226038977551
1903 3.390820049019993
1904 3.3927407397634433
1905 3.6695397631661084
1906 3.447550800868244
1907 3.400565384202454
1908 3.4065113048700066
1909 3.5926902510710295
1910 3.7709163494330995
1911 3.4649691147886204
1912 3.408470120584989
1913 3.4901277331028937
1914 3.715682118771902
1915 3.2810480539072757
1916 3.4688516541701726
1917 3.2979863281617954
1918 3.361259332256098
1919 3.4117221583027546
1920 3.4537165204852465
1921 3.423209655128212
1922 3.4176887833430443
1923 4.386575172947616
1924 3.4287499409456745
1925 3.268154001066851
1926 3.4615398211428907
1927 3.39468378007326
1928 3.4197204422613794
1929 3.453928372327955
1930 3.3642447177337766
1931 3.350965623309874
1932 3.3121645890185683
1933 3.3998190362819583
1934 3.413369726620477
1935 3.4379589203001153
1936 3.4550031368333487
1937 3.433545205054392
1938 3.3934906976779122
1939 3.3270455827455607
1940 3.381184770151392
1941 3.3022260791838587
1942 3.258438082500973
1943 3.5374843487548677
1944 3.4675743711643365
1945 3.3175396051664663
1946 3.2985181241170705
1947 3.362985797142008
1948 3.5121098748522956
1949 3.2516878725741307
1950 3.3511792476854394
1951 3.4855126016342624
1952 3.460187896871136
1953 3.5331699838838393
1954 3.306004403655843
1955 3.522393758586726
1956 3.2733282263303005
1957 3.318918649223877
1958 3.265027556192501
1959 3.3272189163693944
1960 3.3349971864166945
1961 3.446544496517567
1962 3.3188142052026786
1963 3.2945004414009653
1964 4.619915302902905
1965 4.82343230600732
1966 3.328348539870264
1967 3.353885216293573
1968 3.4234082895115794
1969 3.2763834251963813
1970 3.3511004722719546
1971 3.273541400671781
1972 3.3725429672123113
1973 3.3587431272118184
1974 3.473589286093881
1975 3.3383306182053722
1976 3.29485599532133
1977 3.9680832261378614
1978 3.4464957575476607
1979 3.3136963999260467
1980 3.5064366595420053
1981 3.417007291758025
1982 3.4234795095956865
1983 3.6972394273893365
1984 3.5216901996859935
1985 3.4143466996545793
1986 3.3868077403378645
1987 3.434646107324039
1988 3.49971333052425
1989 3.400785093216287
1990 3.282984275781647
1991 3.521771760606161
1992 3.527402364308072
1993 3.273366689840769
1994 4.223237965906684
1995 3.3655571706743954
1996 3.378902418048627
1997 3.399812403514158
1998 3.4333076485393055
1999 3.396773898857299
2000 3.3207453590349187
2001 3.2768593513062343
2002 3.704031177271472
2003 3.3629513507157944
2004 3.4234437276205987
2005 3.478852845250814
2006 3.325301343329956
2007 3.2412802370210034
2008 3.3680071059833514
2009 3.316155091990185
2010 3.3107836659068464
2011 3.4351129554055877
2012 3.801812538883898
2013 3.5007488153244744
2014 3.5346675101618144
2015 3.490213280279294
2016 3.3561989742635827
2017 3.44004723649843
2018 3.1592319528646065
2019 3.369627351106725
2020 3.495272526202445
2021 3.338191004765274
2022 3.364243384338264
2023 3.6717971368023283
2024 3.4577724267248073
2025 3.3882397244885594
2026 3.1455629455137015
2027 3.4890069732600018
2028 3.3658794827925616
2029 3.292465227160676
2030 3.3008750129997226
2031 3.4833701620998427
2032 3.567957446625463
2033 3.2789568109003318
2034 3.348954678314195
2035 3.298600270928019
2036 3.386185469386495
2037 3.414086686860628
2038 3.41174023848387
2039 3.4395668274524795
2040 3.556659516322842
2041 3.4327100582412333
2042 3.3407721321195014
2043 3.405528180098073
2044 3.311563359340009
2045 4.05470369633118
2046 3.5358882408372247
2047 3.36570715809138
2048 3.455505844172867
2049 3.323559951978425
2050 3.494479514752815
2051 3.347951481593988
2052 3.5216951946920947
2053 3.321926643660017
2054 3.317328076351095
2055 3.6866403762014075
2056 3.486073363247426
2057 3.8770981787598235
2058 3.4348852030805976
2059 3.4762323263277475
2060 3.3100241327705935
2061 3.3778189478167793
2062 3.376080406847196
2063 3.300962777917672
2064 3.2771779053683443
2065 3.3663076279458504
2066 3.5097993579045155
2067 3.2690175081971082
2068 3.390693328312238
2069 3.3315690253656784
2070 3.960152394775066
2071 3.2017640935102043
2072 3.36878296502763
2073 3.4060122729961853
2074 3.4744512300494064
2075 3.454447010554731
2076 3.280718358469734
2077 3.34249023880021
2078 3.3265977480995605
2079 3.474212869311784
2080 3.483667745982436
2081 3.319594496636485
2082 3.168793714876698
2083 3.420125749561274
2084 3.368298693851372
2085 3.291285327125498
2086 3.3821362259910743
2087 3.5344780192978327
2088 4.127942755907796
2089 3.5837715038430216
2090 3.4936266840943713
2091 3.4598943554497934
2092 3.3492459751980537
2093 3.3952472896755483
2094 3.4183485503908555
2095 3.336573919637377
2096 3.487585185946189
2097 3.563928668974994
2098 3.381031396308346
2099 3.5230564257933
2100 3.445690097383906
2101 3.457597404931934
2102 3.76078010599357
2103 3.4924959248380003
2104 3.3972158243905075
2105 3.8737359120516675
2106 3.271917917516695
2107 3.5005733299627386
2108 3.4045569219813907
2109 3.485102044627566
2110 3.426591531312386
2111 3.3341540990901235
2112 3.3833610172655693
2113 3.4756810427951375
2114 3.484971801222633
2115 3.348916164031873
2116 3.448347670433214
2117 3.900038416551567
2118 3.5013893161163896
2119 3.5415965629262303
2120 3.428779673019933
2121 3.4370470872453227
2122 3.8695622944528067
2123 3.450666278642697
2124 3.5628968779899393
2125 3.4149911021040174
2126 3.589396772739497
2127 3.971559215174351
2128 3.544453919354414
2129 3.3753251090941445
2130 3.2979196684166627
2131 3.3867425026363596
2132 3.480549007933335
2133 3.3388820008465134
2134 3.6693663563076484
2135 3.8287657115171503
2136 3.3967212671678135
2137 3.5217297284836024
2138 3.4252863341385984
2139 3.353881037930789
2140 3.4295390218271873
2141 3.85628786812469
2142 3.371307896357072
