0 3.364619779789295
1 4.3361994290006
2 3.3422089215308417
3 3.409773090174878
4 3.3985905036713655
5 3.3032895537664095
6 3.3030475903433683
7 3.410173750816876
8 3.629249405046775
9 3.69081394704901
10 4.182695772151602
11 4.7372319238945435
12 4.126046106930022
13 3.9510555711732778
14 3.4387644760097094
15 5.413383361411278
16 5.347919242562038
17 5.540481030502184
18 5.135102531590471
19 4.111602744239197
20 4.657527053481153
21 5.307194588463435
22 5.624268388650492
23 5.938903305211135
24 6.482978492480127
25 4.852818487100774
26 5.380490789531032
27 5.738033208246802
28 5.631885718282752
29 6.009959453348771
30 5.716643031332523
31 5.974417554183959
32 6.013931550484227
33 5.732100804784536
34 5.8601911843901755
35 5.734722028174395
36 5.347919238700968
37 5.2201608316878945
38 5.432744795478609
39 5.465319995641691
40 5.141687230458026
41 6.1474178979550755
42 7.113170843478896
43 7.127287210323911
44 6.200382430045444
45 6.403543648976842
46 5.798457266607904
47 6.439061012882325
48 4.718743834640745
49 4.629050460394815
50 5.8841095359315
51 5.635168211184709
52 6.45615598837517
53 5.062923500779961
54 5.2182049887219755
55 4.658014813104974
56 4.091802616432301
57 4.056524465926246
58 6.788518485233328
59 6.702083872996683
60 6.432502751297815
61 6.608386722835331
62 6.012686288168567
63 5.839837870324271
64 6.0106402885620716
65 4.653263284812282
66 3.581522659877895
67 5.515536125920151
68 3.6491583227697193
69 3.4286491253505638
70 3.3322349844073917
71 3.0966634207466694
72 3.149506959442806
73 3.4764341428485794
74 3.263145549523818
75 3.406463400142728
76 3.3005182895930343
77 3.2552143214560605
78 3.296789859240438
79 4.1019556287399475
80 3.3803532312168825
81 3.3609565780522535
82 3.303275356361727
83 3.3743384663891933
84 3.194525561901821
85 3.42666260849228
86 3.183649915214165
87 3.8660100252475895
88 3.3635486804934356
89 3.269838778220217
90 3.25371549260512
91 3.364473625086034
92 3.2821102649363367
93 3.4521517019332304
94 3.3371169933330718
95 3.2510597198189095
96 3.291702676523555
97 3.2791734479594923
98 3.3085735795501914
99 4.013219362216506
100 3.492811256340334
101 3.3843455613913482
102 3.3622863540874706
103 3.3008942913918853
104 3.595858197774047
105 3.4025069126303564
106 3.428386705931247
107 3.2284068458890003
108 3.37125691982278
109 3.3205898409521715
110 3.340685589165048
111 3.5362501477745245
112 3.6401139487763428
113 3.2480727708838173
114 3.304375803071005
115 3.2569131237147078
116 3.3978780574895335
117 3.9149244487159605
118 3.283806478151514
119 3.2998682559367434
120 3.46096335570941
121 3.327094002099419
122 3.300830576714327
123 3.4130193229234305
124 3.277266477055938
125 3.365028272010421
126 3.5932051645500414
127 3.2778484178760774
128 3.2692592272970797
129 3.303079150724378
130 3.226400212933901
131 3.42678311528229
132 3.2312661004915615
133 3.211409912900986
134 3.2683801255716634
135 3.2589317535917024
136 3.290756879331231
137 3.3517031787680014
138 3.374205428560335
139 3.4422465970917018
140 3.3032572143775707
141 3.2470052156858866
142 3.535937125996675
143 3.3057175534339183
144 3.276118473009884
145 3.4280784147927665
146 3.3578020785647227
147 3.299932166693176
148 3.4337721805235235
149 3.3179691739062394
150 3.369492066192578
151 3.441240561553178
152 4.610479337473667
153 3.7221590948012038
154 3.609992901950319
155 3.2527640123724986
156 3.3285652877328618
157 3.316982374460642
158 3.2980875188247563
159 3.3933593363584027
160 3.350871186234452
161 3.5470994040760946
162 3.3894606186749097
163 3.4206531694317315
164 3.7390336684526706
165 3.2985427385805703
166 4.465162240956718
167 4.155022007449881
168 3.3814221010640537
169 3.4062960666198476
170 3.324800199300247
171 3.1194359012614385
172 3.236177623971375
173 3.3148111446383814
174 3.275313842959862
175 3.371837662919842
176 3.2812688115066964
177 3.281808146543345
178 3.4642354148289503
179 3.380504478527094
180 3.289184925741571
181 3.3834030215642446
182 3.8197521770471354
183 3.435281080157406
184 3.3107990194955152
185 3.3955972554805602
186 3.3288680052839426
187 4.115205787574726
188 4.099491555987544
189 4.0955680658624605
190 3.447352720909973
191 3.3149430944042537
192 3.562175766775869
193 3.3827855823081148
194 3.1994150949937343
195 3.3556018029193595
196 3.318209820791638
197 3.3620296444368676
198 3.3252899330739147
199 3.3306795873606165
200 3.368030110398366
201 3.4675989453262295
202 3.272326227091
203 3.4217372948736973
204 3.300217543869364
205 3.379267999805897
206 3.4012714535094974
207 3.2759267337859437
208 3.4287096571824205
209 3.197192984046619
210 3.283428820812666
211 3.604194925638646
212 3.1277682152395183
213 3.3611423942243444
214 3.4156795918109233
215 3.4294016304193864
216 3.632347478428973
217 3.332397386168116
218 3.333996680371495
219 3.2158420973688804
220 3.3930152251588566
221 3.415208499039856
222 3.38627904258671
223 3.316855028062249
224 3.4300824315017273
225 3.3732739685866893
226 3.1678001208842903
227 3.256574790586094
228 3.2796398225545937
229 3.9004892823776496
230 3.4012829094553583
231 3.2989681736047816
232 3.6486494002524603
233 3.4040578564036426
234 3.534690370879887
235 3.304037410766441
236 4.180248267680996
237 3.284842718651072
238 3.2884059361291236
239 3.354046767640621
240 3.3556722071398046
241 3.3922815386140535
242 3.1790087560289537
243 3.3803048611127293
244 3.3981351299187588
245 3.448743726057624
246 3.4410527567942535
247 3.3217116303279393
248 3.2833760310511657
249 3.2669426812830498
250 3.357505414852585
251 3.3796555342160337
252 3.6967477262701123
253 3.3176922377842732
254 3.410186845307559
255 3.2462643328066294
256 3.7969367914513064
257 3.327155712034534
258 3.321303157545514
259 3.292427050976677
260 3.2303392909691646
261 3.3212865890439587
262 3.316739885262619
263 3.733848252454071
264 3.4032223901929575
265 3.2246185922319475
266 3.362848109309951
267 3.4610467772956697
268 3.379486956894639
269 3.3269813683719596
270 3.307774651113026
271 3.289772851788232
272 3.3643492054972968
273 3.2807817718312005
274 3.307008954630636
275 3.2635090061935044
276 3.3327326052038035
277 4.018118658070828
278 3.150015057839498
279 3.373705149148308
280 3.5183371510492103
281 3.1843123776278923
282 3.2966105932578897
283 3.198027885676636
284 3.2264566155947705
285 3.2928874257385132
286 3.9088259729237476
287 3.2639615178745713
288 3.3024011465308587
289 3.1786216253388737
290 3.2953359933210185
291 3.3082760802386444
292 3.19722290189527
293 3.3180326746176085
294 3.36142661954693
295 3.405602419169533
296 3.3333261020761076
297 3.4267966997640307
298 3.4269226447155243
299 3.338451375548695
300 3.3522270518802357
301 3.3254341474962272
302 3.227218189250256
303 3.7525998881670035
304 3.3048990714557203
305 3.2550665981541513
306 3.388347302312243
307 3.2184784560933033
308 3.402087115959369
309 3.3456942147472435
310 3.3708795516552645
311 3.2112519001972655
312 3.3846447815687175
313 3.264012444614341
314 3.269085822823337
315 3.3155197962867087
316 3.328411801101811
317 3.343739919349597
318 3.274585283112875
319 3.5244165606448608
320 3.2219662557858118
321 3.2762359019323677
322 3.367986386637551
323 3.3217737815533472
324 3.3910148671761653
325 3.462210700596106
326 3.3528124808477875
327 3.2520588151170884
328 3.3380604049308085
329 3.2724520137809443
330 3.2564058319847726
331 3.389688803098047
332 3.3779040159542415
333 3.40683939222037
334 3.21576934607827
335 3.8590034352703486
336 3.4597219009333764
337 3.3548582380975884
338 3.311312368443533
339 3.456730678641143
340 3.3440431360497582
341 3.3792368493363436
342 3.503159721553046
343 3.487845895863281
344 3.2894012495062945
345 3.2795963926093235
346 3.203814177997924
347 3.2285801942481056
348 3.496021771473377
349 3.369354669641623
350 3.2418415895202406
351 3.9835179412861472
352 3.8509225277510666
353 3.206790744005279
354 3.114316704573065
355 3.796850280557936
356 3.4043456563963006
357 3.4717712505479765
358 3.3630166023009744
359 3.369624199311052
360 3.2464162487830275
361 3.1828738810696198
362 3.3387272295778536
363 3.2700126162143266
364 3.456034118242387
365 3.2005634369156875
366 3.8720394562105
367 3.3352299005872195
368 3.3187203154335503
369 3.3174425367034224
370 3.3733596051560624
371 3.418328947460702
372 3.262446858344559
373 3.2633199120357888
374 3.34234959762075
375 3.4268805225725947
376 3.248593293014529
377 4.284138537074316
378 3.716032835294596
379 3.208798219778414
380 3.258980782312163
381 3.476568028936475
382 3.271898371347585
383 3.303579236293108
384 3.182235843141937
385 3.3087828451452066
386 3.3440387056215304
387 3.3303308643720606
388 3.385912013913329
389 3.901344984503855
390 3.46628602873408
391 3.297454543765834
392 4.010827612065332
393 3.2878124632103436
394 3.5544499664228573
395 5.5331860120306375
396 4.213265600838995
397 4.621855127602852
398 3.329507553223722
399 3.3433986573623034
400 3.2571892918234533
401 3.3292114665853085
402 3.307240733357677
403 3.9738681483784943
404 3.346672656725201
405 3.3642156101382374
406 3.280725923404746
407 3.31329076922096
408 3.403736590455766
409 3.354859044365608
410 3.298872750871383
411 3.3011420078552476
412 3.582801439816521
413 3.5147258436080495
414 3.173528404852087
415 3.4596602696244205
416 3.234099650825703
417 3.6608170333332346
418 3.451823155812994
419 3.3866429724801512
420 3.38690041867236
421 3.3476494548492766
422 3.222940109618155
423 3.905488827632099
424 4.509284089267191
425 4.267047442040146
426 3.399192588316208
427 3.255500609538308
428 3.461387948635762
429 3.3539037259323234
430 3.5274669954008036
431 3.658188314462518
432 3.302630925299322
433 4.048948420521771
434 3.2743662883432245
435 3.3647872892136776
436 3.2665303269856105
437 3.376004830561174
438 3.372540230156311
439 3.406668792671069
440 3.3806591798153915
441 3.217054981859617
442 3.409138492054492
443 3.918257460303701
444 3.262322472926322
445 3.173980949790532
446 3.61124854034691
447 3.510690103375076
448 4.051227665404504
449 3.270221825226524
450 3.7516137682953947
451 3.358237073309234
452 3.2645722763698064
453 3.3284674783314045
454 3.5610045150470637
455 3.2754648739637795
456 3.3763769365793017
457 3.348456741044638
458 3.3614137231240573
459 3.282564351918334
460 3.20297512535153
461 3.31826910090682
462 3.2054668524392316
463 3.4072819543698265
464 3.3423465224678117
465 3.462213426760494
466 3.2480531050243058
467 3.5136248899996203
468 3.4153569006759175
469 3.4104541822134835
470 3.3864799049149967
471 3.4079620325200675
472 3.4169731835624826
473 3.273978028142957
474 3.301280241825073
475 3.2771831653073464
476 3.5685840471416537
477 3.425582832375614
478 3.2186408384852943
479 3.507666800072813
480 3.3467532188628257
481 3.269118215972155
482 3.329838057594685
483 3.3766294020072682
484 3.380872907222416
485 3.243396851274246
486 3.4264120415598884
487 3.1301282344256385
488 3.262468416600246
489 3.3296247840712634
490 3.3888054716553913
491 3.29253430414984
492 3.2834672037991415
493 3.5492730095515888
494 3.4457202857489557
495 3.306499110225727
496 3.2026095922589244
497 3.256776972899116
498 3.423075282248217
499 3.4524657001224277
500 3.365953359540206
501 3.385317573340957
502 3.4767517615692816
503 3.2510020666002637
504 3.255518589181566
505 3.255720211677187
506 3.462790325383269
507 3.220921945373696
508 3.709058143915112
509 3.3618941529021527
510 3.3141672182558226
511 3.350798465324614
512 3.378467144450555
513 3.361804250118846
514 3.279479841309038
515 3.3527628126791558
516 3.292232635985263
517 3.267583699900526
518 3.340494597496042
519 3.278197584521626
520 3.4106922027505657
521 3.485769674881554
522 3.3524498315545346
523 3.565883255635644
524 3.366964767245078
525 3.223050996969992
526 4.344664347479813
527 4.149746480704567
528 5.011647671163697
529 4.834265860729889
530 3.886611704540996
531 4.041223071372206
532 4.109199610922089
533 3.852448327309159
534 4.719764582381994
535 4.5218706545772775
536 4.914450970507939
537 5.179066650604655
538 4.5078338008126995
539 4.357010551829456
540 4.098421589945308
541 4.01606498902463
542 4.286063913995387
543 4.469567688981307
544 4.569855719652631
545 4.225841961309832
546 3.669528388104882
547 3.6892186838147585
548 3.958125472070752
549 4.504339799836927
550 4.072558837928462
551 4.186539776093228
552 4.0454197712610585
553 4.49218120431552
554 4.3648955888738525
555 3.999145033555675
556 3.82726248158733
557 3.283108832544729
558 3.335649280128921
559 3.27315628217355
560 3.287202996728795
561 3.4257327145263856
562 3.275406632703684
563 3.2369678757873097
564 3.2917644124721126
565 3.1990595437490907
566 3.1227374954764384
567 4.094133465304525
568 5.797345624198213
569 4.063955604793777
570 4.095732701758838
571 3.548334062624808
572 3.245993592583522
573 3.4552984306753953
574 3.7251653100319286
575 3.261366332030364
576 3.4264109519301176
577 3.3691406620043476
578 3.373363854642683
579 3.2959210108035335
580 3.2709833395713868
581 3.32827757836147
582 4.389569964201761
583 3.670749260478081
584 3.2603351725962213
585 3.1412157530312883
586 3.3395044002244076
587 3.2625682776301397
588 3.8070839784414097
589 3.7806214973634398
590 3.353105627485464
591 3.4226544228801967
592 3.376128283519546
593 3.19655294360983
594 3.3078821147139617
595 3.392510757577354
596 3.3635121881279875
597 3.2775601525712994
598 3.3852646021244492
599 3.1917984604497285
600 3.4501520899967404
601 3.3985118277620647
602 3.202368412045725
603 3.2832991683025727
604 3.269998850971763
605 3.0790780861793356
606 3.3062028220565756
607 3.264953904028156
608 3.2851896405920766
609 3.3358085949922414
610 3.3401142219567794
611 3.25328576440263
612 3.278692209658315
613 3.3840964867111256
614 4.173188559516811
615 3.331526751608999
616 3.3742983170224696
617 3.5454901809384887
618 3.5295714530035895
619 3.300181913880575
620 3.2381787249740737
621 3.540477593679317
622 3.27362991322981
623 3.298758986617314
624 3.2945500569447104
625 3.249024764073176
626 3.381682925811024
627 3.2097366330007664
628 3.2650380289158605
629 3.3190983554402407
630 3.4633127698199364
631 3.3797401417103217
632 3.2917953065888303
633 3.3635201590423747
634 3.3531326397006866
635 3.3298837715541874
636 3.3984503063422347
637 3.854425851769915
638 3.267093849144939
639 3.4148930593449798
640 3.3546509208950552
641 3.3874765414859844
642 3.4065474752877654
643 3.167696731314203
644 3.2035864885243646
645 3.355651588622792
646 3.7258844924585293
647 3.2788637526491415
648 3.4359751238267737
649 3.247172381788042
650 3.3360575403973955
651 3.591954179910075
652 3.407083751194079
653 3.341944128478375
654 3.4021253572568493
655 3.4542976990943495
656 3.2121898576588896
657 3.3751129562347946
658 3.460446304647172
659 3.3353446386678027
660 3.2746284589904495
661 3.268584664365228
662 3.388884755712647
663 3.191428292067103
664 3.388368745375584
665 3.366707591539572
666 3.352310673264821
667 3.4192488708913995
668 3.6453486945185194
669 3.362147097587453
670 3.360127148373433
671 3.4165335071843086
672 3.356436623698705
673 3.289076004732271
674 3.304009553096982
675 3.355920933881308
676 3.4086504727748705
677 3.311854744779903
678 3.3730991711227167
679 3.4097250905196543
680 3.355770820978315
681 3.245541925525342
682 3.461318851456669
683 3.175756336780699
684 3.2810337786548875
685 3.332749933403416
686 3.385530003236986
687 3.3112317863666907
688 3.2920908181757693
689 4.092652467663907
690 4.1293947388842165
691 3.8332045018817693
692 4.34762977325577
693 4.8112742265556365
694 4.148333533891054
695 3.8259390451132824
696 4.144510856896952
697 4.246984987313419
698 5.00504251585022
699 3.928152867144668
700 4.189256627092496
701 3.931142727041331
702 4.112947717326121
703 4.895572665619813
704 4.252297018254563
705 4.375846591796039
706 3.7678564976395066
707 4.232139969391068
708 4.659568387292652
709 3.6007749205521664
710 4.226986518209994
711 3.246506330138265
712 3.522859041217128
713 3.9175710819245855
714 3.6960482235313665
715 3.982010725335852
716 3.7330148944919324
717 3.6322758030564395
718 3.9209392089591875
719 3.842788099416156
720 3.99135310497742
721 3.508188906297699
722 4.274291947064196
723 3.8841821833410792
724 3.6033052806554005
725 4.323196512086397
726 3.404425085714088
727 3.3604205163459993
728 3.2539398752598214
729 3.379349620833243
730 3.5128273728705945
731 3.3388019685108925
732 3.383816904672458
733 3.3135931748852916
734 3.3823546014986827
735 3.4622093679872012
736 3.196249141909115
737 3.216352325448346
738 3.3362653100318265
739 3.2428953261859412
740 3.2944946453537205
741 3.385825616752052
742 3.3623887494990994
743 3.3319301350871933
744 3.3219793032910303
745 3.2010836132872686
746 3.384523318816762
747 3.417239709251875
748 3.3754182449430847
749 3.877753170496834
750 3.894462606308188
751 4.020230125991175
752 5.071943561804325
753 4.193530574605502
754 3.849029288158418
755 3.371616257083114
756 3.347988323482237
757 3.403013330469059
758 3.3436756605122158
759 6.486549966924975
760 5.951463219509486
761 6.038749200225103
762 3.4192765309447966
763 3.304348270208029
764 3.3364657744182518
765 3.3183724568210486
766 3.4086507521637803
767 3.268122069764625
768 3.516194454942797
769 3.246082094578234
770 3.2774906533526798
771 3.2795838474350356
772 3.505732536817949
773 3.3374667357576477
774 3.424776984730091
775 3.1928369098757385
776 3.5400830219112494
777 3.3545445665254405
778 3.269556232588284
779 3.3313953454735428
780 3.4767369089607607
781 3.3001815167495336
782 3.2471950057446675
783 3.0748888232970493
784 3.377697412747435
785 3.473542609837457
786 3.4039220639586056
787 3.9581476346338462
788 4.4513540140781505
789 4.18447131620195
790 4.576639608805923
791 4.5288088940729025
792 4.514424609893962
793 4.189158381544236
794 4.277255661306568
795 4.43433567099372
796 4.4177559590769935
797 4.776666753961634
798 4.3301529497412465
799 4.436806783118667
800 4.360982623183776
801 4.199970361259842
802 3.9962512600036066
803 6.192855484252605
804 8.30871790449052
805 9.182983524357134
806 8.971729779172202
807 8.868592030307653
808 8.337158072871196
809 7.346155635793939
810 9.410424451951458
811 9.470628076411002
812 10.319763511064695
813 8.936298395591496
814 8.876731092216415
815 8.140862951494402
816 8.447455008224273
817 9.175334532048776
818 9.313187090892704
819 7.655420755348995
820 8.406409792656234
821 7.994532095154901
822 9.972286128040272
823 8.440022982606797
824 8.544804226236133
825 8.65560275887654
826 8.397542163977091
827 8.813583036556723
828 8.932778138379504
829 7.14400696498738
830 6.387231831060983
831 8.135897787463641
832 8.639804972083237
833 7.3514218048948665
834 8.952473925373264
835 7.030579169096601
836 8.444924119227421
837 8.748045120642185
838 8.52032391956164
839 9.240598444557783
840 8.135771032568298
841 8.334442478901648
842 9.27765713286678
843 7.4153638244005045
844 7.69316428226213
845 8.065636002295175
846 8.042647886361637
847 7.988505619907089
848 9.180473977638314
849 8.41562867142327
850 8.015067280124558
851 7.624215967969463
852 6.904559741337327
853 6.7806366627530466
854 7.265311142015408
855 9.16053964769521
856 10.659020385584096
857 8.830473974905098
858 9.983484353059731
859 10.53029588351971
860 8.128360490292607
861 9.042883468271697
862 8.904875914437554
863 10.077149214656123
864 10.161611528276609
865 9.756600915715856
866 11.243165664737782
867 9.09517807754307
868 9.941565255476323
869 10.072296383188947
870 8.676288762678439
871 9.886353879625181
872 9.163060273817432
873 9.813691312266274
874 10.166866155460033
875 10.933106329076455
876 10.22441696558124
877 9.213948256316847
878 9.93101108867732
879 9.995393916721824
880 8.75908613535944
881 9.40019427549741
882 8.051425155126697
883 8.346965342030225
884 7.549567616139545
885 9.457950389806735
886 9.556324000643304
887 10.085831679627594
888 7.694164113648548
889 7.4474053993654925
890 7.187742149895453
891 8.775633363717933
892 9.349883312113402
893 9.520615130956275
894 9.540489126238075
895 8.996149211104225
896 9.268078930798675
897 10.194016573431918
898 11.056020219461685
899 10.640893496662503
900 10.111443352252037
901 9.096412653420519
902 9.595842255132501
903 8.598328918666265
904 9.799135629865189
905 9.727683661484214
906 10.354542856349621
907 8.750457328292658
908 7.791309604545748
909 8.849411819599819
910 9.716567088607082
911 9.948293671172197
912 8.956462266843637
913 7.952935910623848
914 9.258018221438174
915 8.390957443161264
916 10.201720064878513
917 8.600483812697036
918 7.128218156033942
919 9.661995796147085
920 7.513341343240664
921 8.16319807782067
922 10.767069762639583
923 9.421175850138791
924 10.456086145307202
925 9.596539566339525
926 9.813420728021331
927 8.978133149816598
928 9.6259509052345
929 8.713792788293787
930 8.85620713937575
931 9.57497116269703
932 8.058635975956053
933 8.231156433150465
934 8.777384633186191
935 10.073922349448681
936 10.223725139834755
937 10.116132678425949
938 9.501921526766198
939 8.904429688234549
940 9.09116374589541
941 8.247354303937785
942 9.676735709314254
943 10.60538452518132
944 9.36685752258516
945 9.426641056645751
946 10.323014707273373
947 10.245984241221464
948 11.53953836176047
949 9.107565767021494
950 11.146545974238
951 8.47341656083309
952 7.881082006246536
953 7.8411755911251735
954 8.744459675868159
955 8.672304798034359
956 8.079336817127546
957 10.806783876481774
958 10.486529816759823
959 9.674559557719412
960 7.4157609531272985
961 8.748597884768529
962 8.28558979932805
963 7.94487750858184
964 8.430108566828338
965 9.071253673199065
966 7.005597188864465
967 7.8744094681253465
968 7.5788369197905645
969 8.820288151956795
970 8.465416127817306
971 10.68904386355242
972 8.312627190037306
973 9.10264000484252
974 8.764862761052791
975 7.933476273714929
976 8.65769471046788
977 7.4734311028035165
978 8.063296439888482
979 7.878723291292363
980 7.717678991736998
981 8.51035982455568
982 9.15482169428103
983 7.010901066614204
984 7.964308231868196
985 8.493412863942417
986 8.745574416786047
987 8.553068743017096
988 7.599719342440206
989 7.704040319074703
990 8.867433659846178
991 8.434122266916557
992 9.08082296597208
993 9.358230104077931
994 9.740109108364578
995 7.0482032081433506
996 9.20966113932629
997 7.857262655016896
998 7.946910951515555
999 7.346125822252647
1000 7.179704147025469
1001 7.385383098665927
1002 6.966502500112293
1003 6.894964486411535
1004 7.455799235339848
1005 7.898901855172082
1006 8.279872206586326
1007 7.225860933304048
1008 7.081693852611329
1009 8.201752677331541
1010 8.654899652765549
1011 8.854837969708708
1012 7.240981486741352
1013 7.515135198458053
1014 8.514114488996741
1015 8.081648734612218
1016 6.894233142283507
1017 6.882591719934976
1018 8.401738844424955
1019 7.016670927605633
1020 7.718389015192551
1021 8.463042771628862
1022 10.079565543809501
1023 7.642145819940357
1024 8.843046950515909
1025 8.18445832612981
1026 7.132722356299285
1027 8.310397313176654
1028 8.657494430958387
1029 9.758975277418692
1030 8.78560791751786
1031 8.513018504059469
1032 9.493989882048945
1033 10.146505592016911
1034 7.214028401238035
1035 8.598771200544071
1036 8.570398500418086
1037 8.116777535420677
1038 8.562187738636991
1039 8.010515779881308
1040 7.9645826444006715
1041 8.29375267232153
1042 8.87051099025352
1043 8.598336815892678
1044 7.411606536993371
1045 8.451096135489394
1046 8.324873905701084
1047 7.686289394535096
1048 7.349898170998568
1049 8.589973077714971
1050 8.55408337657774
1051 9.376433906924365
1052 7.273664896131712
1053 9.448112910264163
1054 9.167320878882434
1055 7.817018121125132
1056 8.145956988214285
1057 8.609362689885193
1058 7.727089186103335
1059 7.464907940825191
1060 8.519172790235691
1061 6.741307513952878
1062 7.670705280092751
1063 8.23595536839125
1064 7.04467154130672
1065 7.119230154111262
1066 7.963066305938753
1067 8.013049893609626
1068 7.083894230668868
1069 6.09861531334436
1070 7.562747646196754
1071 8.88860356836037
1072 7.378153763254163
1073 9.332591896317451
1074 9.011623163682048
1075 9.653368239596444
1076 8.202048377356045
1077 8.388202125315715
1078 8.733385829464694
1079 9.239259289236028
1080 9.632327720974168
1081 9.221260553658215
1082 8.388717456405585
1083 7.797269279969428
1084 8.644318053432182
1085 8.072256397945331
1086 8.969480277255771
1087 8.020564702406642
1088 6.915254561309009
1089 7.054076483302686
1090 7.6520847622913175
1091 6.830423132252878
1092 7.3767174406122695
1093 7.6936792893432235
1094 7.137479819245685
1095 7.266789215854846
1096 7.721461141068426
1097 7.56005071597582
1098 7.556365461049391
1099 8.396134116013812
1100 8.080870558415322
1101 8.010882640125466
1102 8.206187565270767
1103 8.567849786173824
1104 7.9944947454063024
1105 6.847402844372027
1106 9.79732681023271
1107 9.132893782954309
1108 8.828528375779724
1109 8.016537083368174
1110 8.627873347122
1111 8.329754597607382
1112 7.585399788250759
1113 6.758395342465247
1114 8.010643961125911
1115 8.45601368640782
1116 8.535103092744095
1117 8.52729176988348
1118 9.084984385119732
1119 8.413325619015056
1120 8.376106852188894
1121 7.50980204329638
1122 8.304144575004964
1123 6.542188302082984
1124 8.070740344892426
1125 8.440636007946738
1126 7.64368158113431
1127 7.469146419898813
1128 8.12489080523351
1129 8.539981408686785
1130 7.6975500352653405
1131 7.635143835796735
1132 6.827863017168477
1133 9.08596303733711
1134 8.214934681051023
1135 9.152709403455633
1136 8.109929900503952
1137 8.528888862774581
1138 8.982883120138489
1139 9.667625899170787
1140 7.704628345305186
1141 8.63405551666736
1142 8.335992747979697
1143 8.392861775639453
1144 8.980915432515435
1145 9.730009870123217
1146 7.925243637121368
1147 8.533553020482227
1148 8.102686768895229
1149 8.83772339926338
1150 9.457610579277315
1151 8.923946548833694
1152 8.238553340225982
1153 8.614994514736106
1154 9.45230910205335
1155 7.828001355644822
1156 7.636940579822039
1157 7.193295089072944
1158 7.303726325356259
1159 7.610194768129651
1160 7.252563312634488
1161 7.719607500272515
1162 7.889476282035281
1163 7.061325977835488
1164 7.580697792848143
1165 7.921573910122164
1166 8.242021363840824
1167 8.82050666352703
1168 8.553943055104257
1169 8.060747981996904
1170 6.777873446436032
1171 7.81738713031014
1172 8.332280116764515
1173 7.71948360126915
1174 7.703401438964099
1175 7.54766261946046
1176 7.428848093504007
1177 8.433041238558763
1178 7.562886978782725
1179 8.040450478366193
1180 7.747193717043141
1181 9.438095640442812
1182 7.939071275434239
1183 8.100299523513828
1184 8.952167872607124
1185 9.534437128448106
1186 7.373090095189562
1187 7.973269391810733
1188 7.928490259331851
1189 7.684620529040668
1190 7.093348548784897
1191 7.4033669705269425
1192 8.193524942186967
1193 7.340566405798965
1194 6.899214438749556
1195 6.969745806330233
1196 8.172711683445312
1197 7.220766879753389
1198 7.6959981162657805
1199 7.787742159878199
1200 7.295399232610196
1201 7.02891679745045
1202 8.397118583266359
1203 9.389090572937734
1204 9.19935965962487
1205 7.795126646736714
1206 8.228367445454753
1207 7.578683086751613
1208 7.347532715275682
1209 8.378553675638692
1210 7.656511725899087
1211 7.749928277641248
1212 8.393455026797342
1213 7.61600581995968
1214 7.386913941762671
1215 8.146487163517552
1216 9.063410702019663
1217 7.589198257478138
1218 8.288771128082276
1219 8.670989163424569
1220 8.951348912734309
1221 8.850979466430015
1222 9.215496420917525
1223 9.225709431388994
1224 9.040186425151823
1225 7.389125678646532
1226 6.906996382623403
1227 7.920135602551655
1228 8.06006441593629
1229 7.9740609561646965
1230 8.01939146573725
1231 8.817014636591512
1232 9.38600555621939
1233 9.281903121651084
1234 7.965254886638969
1235 7.753926861476717
1236 8.45994918812229
1237 8.071155182549383
1238 8.58689188522278
1239 9.144398851354596
1240 7.57472119605038
1241 7.717309122937246
1242 8.073628173585671
1243 7.4041982763136795
1244 7.935918083450954
1245 7.02561083650981
1246 8.047119336830699
1247 9.595607405398528
1248 7.843520857832467
1249 8.357864294029996
1250 8.342718781983391
1251 9.873092680242532
1252 9.036663308329487
1253 8.458259368694685
1254 9.128413464771155
1255 9.32174875918396
1256 8.448770487847327
1257 7.931460055674116
1258 9.737329890290495
1259 8.768002282677557
1260 7.238273079631626
1261 8.047126388358816
1262 7.596984655080472
1263 8.728224970817227
1264 8.795842138133207
1265 8.071806678520968
1266 8.933869117703834
1267 8.290055613114731
1268 9.328291575581318
1269 9.045913543817672
1270 8.54873002603837
1271 7.277524545942303
1272 9.34809883798378
1273 8.502565316956431
1274 9.352812232018072
1275 9.313596004691489
1276 9.462834448862154
1277 8.896280857696791
1278 6.407094478166987
1279 6.6931107282052835
1280 8.558550986510731
1281 6.6241529446201595
1282 8.526325999717256
1283 8.854213855189789
1284 6.8014160044270175
1285 7.83215655424934
1286 6.5343607695169466
1287 7.833900646009199
1288 6.333353110244788
1289 6.198928587581461
1290 6.167138018762901
1291 8.959868915218133
1292 7.68824372989545
1293 7.73042853184681
1294 7.413142517990594
1295 6.414936103453838
1296 8.579049064507403
1297 6.7925772291580735
1298 6.368348097731861
1299 7.835855392597604
1300 7.571771911490977
1301 9.5114500208739
1302 9.382319419311003
1303 6.990050030039427
1304 6.161998620675808
1305 8.660307459425237
1306 6.694836507922936
1307 5.693197473688948
1308 4.278811001164428
1309 4.52974011160463
1310 4.256364834017428
1311 4.809858127260064
1312 4.801194464811191
1313 4.457435045467411
1314 5.482743479883887
1315 5.872722177683437
1316 7.862833534942157
1317 6.712856391519976
1318 8.5239349440692
1319 6.706307895512429
1320 6.3028667774018325
1321 6.4154232663731126
1322 8.864502288860383
1323 8.110850098060494
1324 10.550939237186455
1325 9.54531670389793
1326 9.269324415749347
1327 9.735143371464014
1328 10.02789804139556
1329 9.030212254015701
1330 9.284982500659423
1331 9.478171568411383
1332 9.711503620729799
1333 8.074481683379041
1334 8.837731044990509
1335 8.759221801862942
1336 8.30397432631319
1337 7.991116363413593
1338 7.792347913877285
1339 7.885804113303071
1340 10.116992989359877
1341 9.690923479707338
1342 9.83042828313221
1343 9.697884540837897
1344 8.616721074305362
1345 9.508181616983654
1346 8.974489219580263
1347 8.810354624004965
1348 8.916815716222056
1349 9.545622124081106
1350 10.209596125211137
1351 10.237318791715218
1352 9.289256607554243
1353 10.630925240123892
1354 10.198451762295434
1355 7.375046901184074
1356 9.249490472975408
1357 8.81773833513352
1358 9.51249073089362
1359 7.932914154977424
1360 8.874030748755365
1361 9.108533169144911
1362 8.709508240346363
1363 8.589994674841648
1364 9.662867855097614
1365 8.190065664951033
1366 7.221290943583449
1367 8.37566929510235
1368 8.498280281204835
1369 8.397234907895449
1370 8.76262201330405
1371 7.588017368979403
1372 8.080195402090153
1373 8.090251144583576
1374 10.47509277824166
1375 10.748914554247154
1376 10.243827539719653
1377 8.916278413501969
1378 10.362400083112435
1379 10.384046282091902
1380 11.17273828371974
1381 9.259014359010607
1382 10.318211654185507
1383 9.323072502284594
1384 9.617140928053729
1385 11.713230315297457
1386 10.545653532987574
1387 9.861791874355117
1388 10.054032645787682
1389 10.821517437719358
1390 10.599133898603187
1391 10.92103636540695
1392 10.873068561652175
1393 10.729283952951077
1394 9.224246786404036
1395 10.101711741839384
1396 10.459684394618908
1397 10.037720388497577
1398 11.020649361061716
1399 10.904287234930619
1400 9.972870574393694
1401 9.659544559895988
1402 9.516680211252634
1403 10.171847911948142
1404 9.966916670588294
1405 10.278548602896564
1406 10.308691791105414
1407 9.805276526820391
1408 9.697218677765497
1409 8.182814190297607
1410 10.803309597983375
1411 10.081687189046313
1412 8.626133690742488
1413 9.536989291364568
1414 9.140044614456578
1415 9.397835640447283
1416 7.785225627990543
1417 8.741697851143268
1418 9.668291261298872
1419 9.941225477924272
1420 7.498820258554654
1421 6.144053343831077
1422 8.361317221362162
1423 7.699993486175473
1424 8.666356200000426
1425 8.636516572772317
1426 8.77583906111685
1427 7.678362157776159
1428 6.7953408811946625
1429 7.735505943993795
1430 8.34075743121649
1431 8.893034505961714
1432 9.84060625266126
1433 9.025705403451783
1434 9.08752122712747
1435 9.803563503306863
1436 10.067355392443542
1437 10.238220440216148
1438 7.79239322475603
1439 8.137438912863685
1440 9.367450873817168
1441 9.40820991192189
1442 10.184041907585474
1443 10.300625422348032
1444 9.054303571752572
1445 8.739263928516271
1446 8.949743290898788
1447 8.702800485972546
1448 8.739728359065248
1449 6.729416110689459
1450 8.449743360346655
1451 8.201796668868838
1452 9.128950217096484
1453 8.472714462851703
1454 8.396252304304346
1455 8.206785525821502
1456 7.553932907285044
1457 7.935267766914739
1458 8.253007291560522
1459 8.825900269522371
1460 9.215768229276902
1461 8.856580703603166
1462 10.57731495348797
1463 8.822962023278457
1464 10.003747050557672
1465 10.398780367534464
1466 9.80532349047827
1467 10.171544643679438
1468 10.396594665247871
1469 9.605830588523075
1470 9.064829954216496
1471 10.47133333151638
1472 9.087491035991123
1473 9.584459935686047
1474 8.33910729401889
1475 8.48066302668393
1476 8.119839699418995
1477 8.138074815523328
1478 7.7249569518892285
1479 8.693666155605952
1480 8.982327857595985
1481 9.36742922210732
1482 8.860643934757665
1483 9.18323269343667
1484 9.193931673041135
1485 9.617054853162347
1486 9.75855363403366
1487 9.512128323309145
1488 9.60769319131715
1489 9.367925681806161
1490 10.547362565180414
1491 9.141292959855575
1492 10.019050751763505
1493 10.749090190515167
1494 10.198007648952842
1495 8.835906629142476
1496 9.869331028350386
1497 9.850593213417083
1498 7.586384533094004
1499 8.081644925769226
1500 10.510300144040182
1501 10.17491140280872
1502 8.076550304871498
1503 8.107384235303071
1504 8.853425450823993
1505 8.346969278737413
1506 8.581786950249008
1507 8.857621028173964
1508 7.993834727253996
1509 8.154328921083478
1510 8.591704374243877
1511 9.553674421920812
1512 9.268400556970468
1513 10.16227395846855
1514 9.11214041972205
1515 9.756814604111431
1516 10.473978627565751
1517 9.71831021091432
1518 11.00414265889517
1519 9.886976080099839
1520 10.099995436562804
1521 8.965909399679077
1522 8.832239524116245
1523 7.510933620523457
1524 9.084669542720832
1525 9.01311374113126
1526 8.190966532605188
1527 8.069367053806193
1528 7.734738012178017
1529 8.927954989157747
1530 7.784019156690297
1531 8.025740651806318
1532 9.120511565372489
1533 7.630571534565587
1534 7.894487770192161
1535 8.039060848143627
1536 8.117500443768819
1537 8.032483657386638
1538 9.041712724833218
1539 8.679670273544719
1540 9.47782038577009
1541 8.294509200606779
1542 7.5275096049784445
1543 8.444045581046158
1544 8.775122499491847
1545 7.872449958469386
1546 7.952399194185352
1547 9.895112140105928
1548 8.93172981832996
1549 10.525531285829793
1550 10.727342324719896
1551 9.17961534429656
1552 9.537540323468884
1553 9.20720910934588
1554 9.56313881703285
1555 9.183851098982506
1556 9.063924799744397
1557 8.61135343316748
1558 8.88574661738197
1559 8.810790854283873
1560 9.603620382331869
1561 9.617151996362818
1562 10.156590441683354
1563 9.03217600886468
1564 10.43552707847295
1565 9.475377952161093
1566 10.262691430895858
1567 9.562618079110864
1568 10.203062382470632
1569 9.374135303455418
1570 9.1831444686044
1571 9.63661596896702
1572 8.59734383574347
1573 8.27195962008896
1574 7.813828548004572
1575 8.197957045854809
1576 7.9850362646276185
1577 7.938469808554881
1578 8.617755351979726
1579 8.444501848323217
1580 7.6117151457323695
1581 7.819965192677422
1582 8.921897362977226
1583 7.538420782552443
1584 8.386568024400672
1585 8.021102883925844
1586 8.1519897496782
1587 7.85544937719081
1588 8.696756392198632
1589 8.775675980728119
1590 8.347564240952478
1591 8.441228387224253
1592 8.452572241400455
1593 8.264457858220382
1594 7.99542467978738
1595 9.057487895197443
1596 10.575866324536129
1597 10.122927069989188
1598 9.136394685116956
1599 9.864215303952834
1600 9.403710522593514
1601 8.855134393269894
1602 8.98895204802725
1603 9.29568182428745
1604 8.883370823597602
1605 8.974170011203272
1606 8.911721876408677
1607 8.906553589021781
1608 10.29510534334123
1609 9.579062418965467
1610 9.461840918197089
1611 9.651181688804916
1612 8.4463071741194
1613 8.87027917495916
1614 8.544769266430505
1615 8.191634566526934
1616 7.947014405827481
1617 8.089920567323256
1618 8.387125458145057
1619 8.415530140439872
1620 8.422606568208822
1621 8.566479327209299
1622 8.98853138186512
1623 8.057340519838835
1624 9.077457987857057
1625 8.196254818081469
1626 8.853048150027163
1627 8.259676494375473
1628 8.001964148986941
1629 9.326957816552458
1630 8.419016346845487
1631 7.904075481973045
1632 8.142826382902088
1633 8.528164200127813
1634 8.236109585389341
1635 9.70761643865804
1636 10.040136126894776
1637 8.215761854979837
1638 7.904301726044504
1639 8.357551556073306
1640 8.134471766068406
1641 8.408724485696544
1642 7.9431216819481945
1643 9.87277511632269
1644 9.71500028724938
1645 9.384331945113901
1646 9.697450672746706
1647 9.441378006235123
1648 8.47993718283949
1649 10.568670040107694
1650 8.424423792544168
1651 10.092213659290321
1652 9.512397415866053
1653 9.793528892949247
1654 7.767858222537325
1655 8.699036864068766
1656 7.866783722081171
1657 7.606722024284605
1658 7.763540764345515
1659 8.04212845243451
1660 8.64015586313674
1661 8.202546625094163
1662 8.408159877751585
1663 9.208559706910986
1664 9.856464988752803
1665 8.590834393699845
1666 8.483544578632946
1667 8.089382478916328
1668 9.40795254748213
1669 8.920755861156165
1670 8.687044774208713
1671 8.371875438587457
1672 7.5995484547225844
1673 9.19009947591379
1674 8.159288832712992
1675 9.409039953234826
1676 9.07071013180828
1677 8.944687752488923
1678 8.534468755556835
1679 8.18385373649803
1680 8.218145841243066
1681 9.627818620578891
1682 8.218421573226218
1683 9.29457321946049
1684 8.956997849742828
1685 7.890702418755981
1686 8.472444822078065
1687 7.554759796583819
1688 8.533308594335328
1689 8.500785061778304
1690 8.599877205841095
1691 7.899892744868465
1692 8.395521218388982
1693 7.785561505674588
1694 7.961294299358233
1695 8.032765025372345
1696 7.112530234384394
1697 8.132963377272775
1698 8.496838497370689
1699 8.53086276810898
1700 8.444062627483696
1701 9.322639425391568
1702 8.889418787589545
1703 8.303921216622795
1704 8.043544858189946
1705 8.439775714060577
1706 8.642345366026369
1707 8.598624041289218
1708 7.986931385586928
1709 8.076957917926244
1710 8.27295399015132
1711 9.663726367106452
1712 8.302711070614357
1713 8.03449476214635
1714 8.274126597538464
1715 7.464599509640358
1716 8.60730357790254
1717 8.300017976780431
1718 8.648309632435456
1719 7.497842193685711
1720 7.888474004668068
1721 8.126089021977068
1722 8.126805405878743
1723 8.362657311131604
1724 8.625915148720281
1725 7.828778230794745
1726 8.43971799663007
1727 9.030635116311567
1728 8.61026583507697
1729 8.491281226775643
1730 7.549819173564513
1731 8.963013615334244
1732 8.288637983007536
1733 8.575579374447944
1734 9.015573725796157
1735 9.216158034227607
1736 9.889231700812264
1737 9.160543721678971
1738 8.346988456277641
1739 9.852215099896021
1740 9.692066054723801
1741 9.28819794874485
1742 10.317826488715102
1743 10.094588291527403
1744 9.412459172018519
1745 11.105867799921008
1746 9.485369337663636
1747 10.392306142161965
1748 9.76011453719135
1749 10.339615599234708
1750 9.894199223337848
1751 7.841158559874877
1752 9.049973530614155
1753 8.421237541352172
1754 9.672769872377343
1755 9.968541684092017
1756 9.59828332142403
1757 10.250858310577593
1758 9.767647647547946
1759 8.235016546942923
1760 7.933104913895339
1761 7.7186215650005074
1762 7.988955404672145
1763 8.517922649110892
1764 9.415386652247797
1765 9.515627534442425
1766 10.284114994259939
1767 9.764436149864814
1768 9.790698322271927
1769 10.534965559298335
1770 8.904440358484296
1771 8.56978254263566
1772 7.695997574184407
1773 8.001802324311324
1774 8.547742755277683
1775 8.525137154579511
1776 7.5094340501744865
1777 8.747040889412675
1778 8.077719776831264
1779 8.152907342542223
1780 8.274139363747027
1781 8.456031453458627
1782 9.182707745659302
1783 8.921640970202844
1784 8.14748692913346
1785 9.646648946775448
1786 8.943658788627243
1787 8.920357691345405
1788 8.60833020752839
1789 10.368284238864621
1790 8.493892633830418
1791 8.564758125704909
1792 8.7946059323522
1793 8.16870944494996
1794 7.18477723315987
1795 8.12383042317116
1796 7.855421846384793
1797 7.800994087526101
1798 8.497902210362902
1799 7.930005983795936
1800 8.070339183937751
1801 8.90869842733985
1802 8.175464448852333
1803 7.981320357318052
1804 8.397625544908998
1805 8.134731988679903
1806 8.20843328658005
1807 7.86388126023822
1808 8.067481487766178
1809 8.09253348083158
1810 8.626855451647799
1811 8.71598813302375
1812 8.509801384317559
1813 7.635309238343855
1814 9.119633888969544
1815 8.564124172001781
1816 9.156110079701774
1817 9.317081294365263
1818 8.576022785520431
1819 8.197561557891056
1820 7.859952011177841
1821 8.363904070781869
1822 8.508753149401963
1823 9.902371808716778
1824 9.515100982045523
1825 9.029032664163855
1826 7.493214420375123
1827 7.883065732024723
1828 8.250383544899703
1829 7.604799715181237
1830 7.918411209298596
1831 8.183284675816331
1832 8.134580185544946
1833 8.448238995621399
1834 7.964615199530179
1835 7.504414768017487
1836 7.812431455368196
1837 7.966131752585305
1838 9.411882289706226
1839 7.867025977905308
1840 8.730882733765233
1841 8.310119369931002
1842 8.920758952676122
1843 7.757372772679
1844 7.632148116683777
1845 8.032043701676297
1846 8.47369574745305
1847 8.101246345202785
1848 8.851788011239195
1849 8.547159080992033
1850 7.324428568346512
1851 9.037592645329203
1852 7.816530018888674
1853 8.857010430261793
1854 9.742359896693788
1855 9.93637396385618
1856 9.435023086311526
1857 10.13786415789542
1858 11.032865992348922
1859 9.22507249545639
1860 9.011342006017845
1861 9.99603179317635
1862 9.506418299419446
1863 10.148151963097796
1864 8.649153053368167
1865 8.479409312960597
1866 7.8906918713369105
1867 8.523367268776513
1868 7.820514983205599
1869 9.300201494639666
1870 9.778702627044535
1871 9.153153316988954
1872 9.055528856588056
1873 8.892462471449807
1874 9.115137651276607
1875 10.10463182305489
1876 10.109270699144801
1877 10.505026727344465
1878 10.824265592721595
1879 10.756694366296164
1880 10.508634983664589
1881 8.817300224919373
1882 9.357512073214636
1883 9.942084791268762
1884 9.619295327740467
1885 10.21453285308378
1886 9.277517321868324
1887 8.495510221784029
1888 8.641021345429039
1889 9.018139323999293
1890 8.16901773691764
1891 8.791263017140256
1892 7.830228647487073
1893 8.029979208739755
1894 9.119675596911975
1895 9.642158145844572
1896 9.538875831643981
1897 10.252580826261283
1898 9.482998173313486
1899 10.545866004936478
1900 10.05548979715827
1901 8.303129389880093
1902 9.936234105786147
1903 8.311546343146501
1904 8.76534293957024
1905 9.252616321100136
1906 10.692494278426057
1907 9.688789594651421
1908 10.046798546264764
1909 8.165040029797177
1910 8.988162183264064
1911 7.979925616555088
1912 7.398095611720544
1913 7.706919492522458
1914 7.316035726238595
1915 6.567044767959679
1916 8.095443341292649
1917 7.884587640279311
1918 8.903083166085967
1919 7.787874221113918
1920 7.100379848132816
1921 7.722074383597866
1922 7.75501067304229
1923 7.680323475533583
1924 7.185508929459636
1925 7.5855360293982255
1926 7.388131965432065
1927 7.863848396251304
1928 8.987123267406325
1929 7.6572096588299985
1930 9.467307471056714
1931 9.010841388340165
1932 7.566250268699083
1933 7.047427668261443
1934 9.332978427581617
1935 8.193437483950433
1936 7.327838707862764
1937 8.055278115963318
1938 8.705956658855555
1939 8.78353905284619
1940 7.133923357713754
1941 7.890482492234056
1942 9.119368936977562
1943 8.326936645692463
1944 9.126327244653167
1945 8.944074533143269
1946 9.061863268362496
1947 9.241223114983766
1948 9.755125521444622
1949 8.266510385142569
1950 9.838542818506406
1951 10.601983454867405
1952 10.275627008609385
1953 10.137047242125222
1954 10.509445086773708
1955 10.297898321794055
1956 8.480480756579034
1957 8.480313401404931
1958 8.777211044783806
1959 8.89531629305436
1960 7.202696196672438
1961 6.279238706380202
1962 8.707100062556838
1963 8.467100143782432
1964 8.498426069479034
1965 9.97963224924433
1966 9.182749992711017
1967 9.901165026747854
1968 8.775318372944144
1969 8.09266247367374
1970 8.761037287952044
1971 9.033808773505791
1972 8.90475869993352
1973 9.001294301211097
1974 10.648740216816405
1975 9.705366849002937
1976 10.428785054219695
1977 8.750526710934297
1978 8.936091534804746
1979 9.552263108370703
1980 9.526875139400286
1981 10.010305465014497
1982 9.767127227456463
1983 9.717594340515927
1984 10.553733867417002
1985 7.4491552842914235
1986 8.06385061307787
1987 9.319456218396216
1988 10.26591913691551
1989 9.51948315711132
1990 9.862798843360972
1991 9.853603133478844
1992 10.13176935569521
1993 9.412771322521444
1994 10.6048024290174
1995 9.3070466881501
1996 8.583321370330912
1997 10.067594001601687
1998 9.911826030747967
1999 9.943808140923633
2000 7.90090367961711
2001 7.551134592162898
2002 9.010814147336252
2003 9.089260083017042
2004 10.016400565413422
2005 10.052293755352792
2006 9.552111526721207
2007 9.443264025471892
2008 8.761170533242668
2009 9.363475194404199
2010 9.73613497563922
2011 9.665784330904547
2012 7.15961014526233
2013 7.889685103463248
2014 9.52152586579252
2015 9.725791786160697
2016 9.247349459408541
2017 8.659173552966632
2018 8.737620333042614
2019 9.506896523169571
2020 10.514453417868014
2021 10.26761925655773
2022 10.066873243824253
2023 9.586222888482743
2024 9.301918329885176
2025 10.712644585359401
2026 9.986392285335153
2027 9.134644471936754
2028 9.461614783096817
2029 10.08164821020261
2030 9.855856632138526
2031 10.19953004729646
2032 9.520469603344392
2033 9.8362395579594
2034 10.361236434187143
2035 11.094957924890016
2036 11.64324761590205
2037 10.345793932033802
2038 9.99623162352845
2039 10.170760390981624
2040 8.677771536741224
2041 8.454251914574149
2042 8.3390990955502
2043 8.700109383125389
2044 8.835848177662559
2045 10.031848957900245
2046 8.708922757807544
2047 8.759873287189409
2048 8.384675376097535
2049 9.418113683916397
2050 9.716251981865243
2051 10.823552641611327
2052 9.736548311105821
2053 10.79709752436086
2054 11.189711534174577
2055 8.956692197895526
2056 8.79589594517038
2057 8.629857271398773
2058 8.746065192996934
2059 7.847699601122884
2060 10.330944235432375
2061 11.453868829422621
2062 10.01647463832698
2063 9.790174051462019
2064 10.784296555569572
2065 9.382277183144625
2066 10.426110749257308
2067 9.664957394271942
2068 9.19570152645832
2069 10.502802061649609
2070 9.180099586246744
2071 8.732013689403082
2072 8.5440045755407
2073 8.314419905941444
2074 8.871737226343532
2075 8.432924414773872
2076 8.52243454755181
2077 8.34344274529548
2078 8.104778919931286
2079 8.244108540778038
2080 9.518928316079322
2081 7.874777517951862
2082 8.388761054011649
2083 9.199625931396872
2084 8.073651416216622
2085 8.640312427472988
2086 8.126045521890617
2087 8.47127607016311
2088 8.70715129782963
2089 9.451767847563833
2090 8.545278754146155
2091 9.708843080258069
2092 8.22426563213931
2093 8.800528866121274
2094 8.702335431137763
2095 9.368425391718915
2096 9.866374967133332
2097 7.335576853660405
2098 8.51505357546698
2099 8.40183292711755
2100 9.001610993592955
2101 8.27479565310167
2102 8.636317900692017
2103 8.562916903977301
2104 9.594137817096907
2105 9.263870147554888
2106 9.647806484646097
2107 9.349773049177665
2108 8.965334747774614
2109 8.986943597458414
2110 7.162012212713392
2111 9.033339722948536
2112 7.874544569776538
2113 7.847841255646536
2114 8.104170672795906
2115 7.797619827085515
2116 8.551015202320167
2117 8.398035672365841
2118 10.38922462090037
2119 9.214315535218704
2120 8.829913378490058
2121 8.58881730817416
2122 7.946684653201683
2123 8.123509235600475
2124 7.8454132501926095
2125 7.241511934368639
2126 8.86059851716697
2127 7.511653478609673
2128 7.402542665305671
2129 8.808464268763835
2130 8.629368997313634
2131 7.079157453326476
2132 9.228359705430435
2133 9.054388883209985
2134 9.182114498600043
2135 9.070618310148147
2136 9.18106294380648
2137 8.15821848589503
2138 8.24846264643973
2139 8.860012801924556
2140 8.277847772530068
2141 7.807829764729712
2142 8.176118652437623
