0 9.543190437886672
1 9.057227343989615
2 9.5193773029572
3 9.966399228241146
4 9.214803943944338
5 8.799284428618698
6 8.990097884745326
7 9.046209505554845
8 8.791395346400199
9 9.048294106571646
10 9.92186267847818
11 8.85315825198274
12 9.90276134684022
13 9.677422879784652
14 10.082988474238467
15 8.54061681464072
16 9.086893480252195
17 8.038302887785772
18 7.933386598602677
19 7.888985400537103
20 8.967185215675933
21 9.120507664704315
22 7.714323867080771
23 8.762666872317238
24 8.48931587344767
25 9.45931640927578
26 8.990387043757641
27 8.753387684407915
28 8.410761263182785
29 8.85529676841011
30 9.006495639694641
31 10.717065147008004
32 9.289132290940486
33 9.48054948744816
34 8.835706570291196
35 10.041347104556062
36 10.3519009169271
37 10.866009467017324
38 10.364229429029008
39 11.088808401336296
40 10.735508183836986
41 10.63107333490586
42 9.800820742023566
43 9.38120660310228
44 9.776090911442585
45 9.75410911369914
46 9.826085733027803
47 9.522521538467531
48 9.477442265409149
49 7.691335950747545
50 7.95600532158061
51 8.597502750366454
52 8.39329695346381
53 8.866694567577328
54 8.97001423222914
55 7.683154791593517
56 8.071495350984216
57 8.694318728010503
58 8.730210459730644
59 9.058345102845136
60 8.160831379631503
61 9.499438044556294
62 9.665186447171443
63 8.245994376915034
64 10.116252007820384
65 8.97090583405643
66 7.924029645033761
67 7.271245023419863
68 9.267732764048988
69 8.71887850302753
70 7.340129087435171
71 7.693284141504341
72 6.406036842650315
73 6.542747836106971
74 8.074722368384617
75 7.251497843568789
76 8.022189214753643
77 7.440948398813164
78 7.394107773681295
79 7.055528274984723
80 9.503458202394377
81 9.422754977492446
82 8.625527177959471
83 8.686341382197817
84 9.087623103205319
85 8.16809889702855
86 8.604711374728696
87 7.630487202481977
88 6.49481336729436
89 7.312561663449201
90 8.603746231064235
91 7.8393297841713645
92 8.807757373766695
93 8.010818427510355
94 7.584338512015815
95 7.664556724365764
96 7.799568180898113
97 7.858690442775901
98 7.0545034071733665
99 6.893918899415697
100 6.420967942095219
101 8.119167127357048
102 8.466609374850275
103 8.012387650420216
104 7.292319205357711
105 6.510867492836012
106 7.29172627570263
107 8.345859134653649
108 7.131060960585337
109 6.639994983373912
110 7.025064905863171
111 6.630929029900876
112 7.125025330029357
113 7.168087296845175
114 7.035205898616528
115 7.153899827907297
116 6.4580767179936736
117 6.570300727328686
118 6.650994909107341
119 6.729853967034944
120 6.989456545663474
121 6.590819778605858
122 6.602027164175292
123 7.317526504804254
124 6.671302738593123
125 6.633705922423551
126 6.541140831904457
127 7.778002586799666
128 9.636935593407719
129 9.182061549745656
130 8.496859578880994
131 8.95063510595301
132 10.065831719470362
133 8.849149055034694
134 9.304267510156578
135 9.603582507777068
136 9.703931765989749
137 9.993597522495964
138 9.36923043511653
139 8.653103213325279
140 8.207288450392094
141 8.961705664137178
142 8.3455513615411
143 8.054777405765273
144 8.745347014234891
145 8.601462588291806
146 9.110758375747203
147 9.906814151359077
148 8.954478506760129
149 7.853712394904192
150 7.633745152734389
151 8.804659433792368
152 8.70103893915576
153 7.864140371789344
154 8.64856740306894
155 9.832843003395267
156 7.915573608634549
157 8.46783121232846
158 8.317256451107331
159 8.481654303427945
160 8.91982377236345
161 8.345428306858334
162 8.438233705775906
163 8.444195171678789
164 8.22772528712278
165 7.853713533899232
166 7.308226304023254
167 8.505844474608258
168 8.833878002481674
169 8.741295431138798
170 9.018769059869564
171 8.443406423443127
172 9.008005450924609
173 9.542891024384103
174 8.97834296392525
175 8.952330478568413
176 8.505462700848115
177 9.058231847806775
178 7.590882418556273
179 7.4600988583208725
180 7.0130038789616185
181 7.814766023597665
182 7.828095469928288
183 7.664533953500779
184 8.78697979692012
185 9.29963263626131
186 8.440349310251392
187 9.103987841351447
188 7.7690685641576245
189 7.637430796741634
190 8.245112663852852
191 7.6216251823225045
192 7.8589110505712805
193 8.85679986058847
194 8.155797322401238
195 7.647108836469632
196 6.654157086199908
197 8.569936524073135
198 7.550905976826394
199 7.863019542685329
200 8.17129865164874
201 9.687212693511128
202 8.072616949062017
203 8.362225045493034
204 8.28037517827483
205 8.904399947153422
206 8.29914250677765
207 8.872163503681692
208 8.962658860582593
209 9.867716111314277
210 9.877826605017304
211 9.342574603762653
212 9.6319799193647
213 8.346582356472931
214 8.817474581537303
215 9.457048934756475
216 6.682729589591561
217 8.304065781224056
218 8.379450350140159
219 5.9987002418910365
220 7.516878932531545
221 7.4121529825283545
222 7.85321923297278
223 7.42725264924992
224 7.616917633512138
225 8.626850298132657
226 9.589000441611699
227 8.364943143835486
228 8.179294561020768
229 8.45939644843603
230 8.537555226078048
231 8.841614673448605
232 8.210116362638706
233 7.881214313409134
234 9.108179813691377
235 8.40171719122633
236 7.142038369044221
237 6.338541996764944
238 6.838752140686141
239 6.511351090930621
240 6.755871557052705
241 6.4680553226828374
242 7.588255197763516
243 6.470695191125537
244 7.085875428052406
245 8.251856350626106
246 5.864128368880095
247 6.828417892681063
248 6.903164807631456
249 7.171245736601298
250 6.6919632411232985
251 6.979823653353685
252 7.310188157494267
253 7.040595447214838
254 6.957102906976291
255 7.422347587461747
256 7.822346236685057
257 7.2467473521927985
258 6.373502528916415
259 7.220725787488001
260 7.309929173400711
261 7.811218306938941
262 7.403554833486618
263 6.535424244266573
264 6.244315790225198
265 6.225609414904581
266 7.011973951445292
267 6.4190813448620805
268 7.752444588082732
269 7.33789857302346
270 6.278005690657254
271 7.3725151104465505
272 7.626778707967068
273 7.434742075791474
274 6.341702689511889
275 7.248188412595919
276 6.610106094591169
277 6.382661362828101
278 6.379964342928632
279 6.867254827752782
280 6.214899435423933
281 6.689426664192253
282 6.337515120079455
283 6.186871366012175
284 7.6384798809059875
285 7.534988071491837
286 6.474169794390334
287 6.67682983336583
288 6.51920805848581
289 7.195294093369455
290 7.348645300266144
291 7.263111619827471
292 7.137185487480204
293 6.381635362383115
294 6.128834408265287
295 6.304912868032161
296 7.016945547804551
297 6.628894839161767
298 6.599527535838968
299 6.9236095069315455
300 7.18962632002505
301 6.5614146896598475
302 7.071192056528524
303 7.062248465867654
304 7.214099881317452
305 7.043158404692194
306 6.108988738294854
307 6.702931718479475
308 8.05292774087862
309 7.982149551721067
310 6.842266628094265
311 7.224705744131881
312 6.5310379789007715
313 6.326799608801631
314 7.205978006043056
315 6.590163032903698
316 6.425001760459723
317 6.312270321570624
318 6.312401548083664
319 6.265673134771651
320 7.055285247770543
321 6.949882093645575
322 6.380739909839329
323 7.272088176499757
324 6.427265217040274
325 6.868464262254173
326 6.466693836846755
327 6.371049290367413
328 6.444441200883855
329 6.828884716829284
330 7.001152668633991
331 6.338051121520403
332 6.615280447444977
333 6.31739263026986
334 6.615910774344939
335 7.050978198706184
336 6.123269918403476
337 6.697718913133869
338 6.2786712514997
339 6.485071216679023
340 6.656721177969158
341 6.484167928357606
342 7.615015005508918
343 7.244606587486036
344 7.112792909469723
345 6.116264397271952
346 6.520006235157711
347 6.279414652824815
348 6.606989679530493
349 6.7739936981048965
350 6.280904633338999
351 6.950620954076879
352 6.915313274519387
353 6.5172690754588976
354 6.756910458288207
355 6.712430916862852
356 6.8280202460550115
357 7.09461695032154
358 6.539798165864309
359 7.469709381937738
360 8.045824475909189
361 6.5684708577946065
362 8.029712513042226
363 6.541075305379395
364 6.76868908771224
365 6.423711776303337
366 6.901968707832556
367 6.404804666757957
368 7.040622332305121
369 6.398132962786402
370 6.27264748937356
371 6.6435157008458585
372 6.032491237541737
373 6.562998948085613
374 6.771217626010728
375 6.710396895970204
376 7.754288402238219
377 7.671352632237679
378 7.922673803126197
379 7.005678702856609
380 6.581697336890516
381 6.427048535367516
382 6.30362378937458
383 7.648532491630714
384 6.887500055286084
385 7.524036730305307
386 6.767311239675473
387 6.846714889791295
388 6.376081988598413
389 6.997914617879743
390 6.523121960509531
391 6.624347258631329
392 6.738128989279328
393 6.425852792236576
394 6.790501562681186
395 5.847396141907745
396 6.3887544319775476
397 7.686488316705466
398 6.767183257995657
399 7.05037656325339
400 7.095824674524601
401 6.444448479272076
402 6.953997446585811
403 6.219550736440298
404 6.752185276213458
405 6.484113590694806
406 7.143128866135223
407 6.79976775059103
408 5.9624602831649405
409 6.659448648858598
410 6.1496965686668466
411 6.835366434627298
412 6.855323713252585
413 6.803081697358949
414 6.625560068713749
415 6.135786730718925
416 6.234943632726948
417 6.852729809162468
418 5.290860907763107
419 6.351698368660948
420 6.23954846186996
421 5.43406879471052
422 5.087106749692474
423 6.359049248905048
424 6.50871417635183
425 6.166977315816563
426 5.544564825327448
427 4.821589938147592
428 4.7614575830269965
429 4.57563179290821
430 4.807156287189738
431 4.580086987926801
432 4.832848929696742
433 4.569298484895
434 4.644798237006098
435 4.910696982552902
436 4.638822996616352
437 4.711577290306431
438 4.814717921555169
439 4.860234094213779
440 4.53813314638115
441 6.378428207750808
442 5.16355046412436
443 4.991315202920484
444 5.093298134832751
445 5.134889707420281
446 4.5833271399511535
447 4.7878261795519705
448 4.882289828744708
449 4.700819361871105
450 4.340236735027638
451 4.43612126081684
452 4.753989498839057
453 5.047468173683127
454 4.490089459025559
455 4.6873037376147355
456 4.621713242044741
457 4.4635509152847375
458 4.743747657740089
459 4.573050167839695
460 4.989392923687083
461 4.327025500854323
462 4.986394874981377
463 5.684494208822644
464 5.789077351771315
465 5.421422189017177
466 6.259213325505532
467 5.224635359279231
468 5.863330962458313
469 5.420670342719674
470 5.422402972390129
471 5.329838583878774
472 4.640193212264718
473 5.8581588280117805
474 5.138269511122556
475 6.123065338066803
476 5.805127651703031
477 5.616970457885093
478 5.703198945284313
479 5.888078483230025
480 6.166736355529003
481 5.697993817155379
482 6.399116160163017
483 5.80340258067254
484 5.518956554199777
485 4.774652285556125
486 6.155943628341134
487 6.4889532029638755
488 6.47496313613767
489 6.219647628158087
490 6.558725617584031
491 6.6619880751053735
492 5.799590180144722
493 6.763394309542846
494 6.060761631045083
495 6.170938597989917
496 6.108958800712442
497 6.390853761675101
498 6.061854429176876
499 6.395616085463874
500 6.31178010643013
501 5.723701962968806
502 6.5797317931543144
503 6.719489102261573
504 5.566851212509328
505 5.999210237953869
506 6.182091233309323
507 6.8433348005408146
508 6.481965203072577
509 5.68817631268131
510 6.017121701442896
511 5.764738054360438
512 6.515374317759758
513 5.806561694399579
514 5.086417265351074
515 6.1787613351177395
516 4.988309590762151
517 5.285238504037754
518 5.584046200170191
519 5.435387856016182
520 5.419955277061134
521 6.0995176360244105
522 5.621761787463148
523 5.904335359076705
524 6.471124518215675
525 5.327719870226309
526 5.266242055219313
527 4.948604874350684
528 4.360664905670469
529 4.683367888457676
530 5.518998922011432
531 5.424892830441587
532 4.696228694039005
533 4.687190642835729
534 4.579711569484088
535 4.837119973864599
536 4.855302432641132
537 4.606440185607003
538 4.753570542732604
539 4.5734567657142104
540 4.723878720663392
541 4.551713720797913
542 4.3271254336864065
543 4.687664351553211
544 4.895723660291162
545 4.529543488033064
546 4.731202369635745
547 4.729736963288377
548 4.46158399482627
549 4.808421102164636
550 4.852846752007317
551 4.749768070078775
552 5.102539755428819
553 4.485953016526653
554 4.468227678044134
555 4.643250727047798
556 4.679354339619273
557 4.89363985338857
558 4.7762424712601295
559 4.462289481824759
560 5.0046506690765655
561 4.761464124377783
562 4.689702782814359
563 5.234328395288402
564 4.612657193255876
565 5.056915467257304
566 4.542171923096428
567 4.469307576776204
568 4.223194836713574
569 4.596465703640058
570 4.47912350865332
571 4.528833556796089
572 4.558096515983016
573 4.709925630848323
574 4.702403787296943
575 4.581046208115208
576 4.8243040903902985
577 4.485000765452686
578 4.768892688371169
579 4.810512709542998
580 4.358309313865121
581 4.517523924900205
582 4.437902554658795
583 4.483232342712981
584 4.20255514966921
585 4.765766792457053
586 4.879091094437647
587 4.858031919167302
588 4.319390948545139
589 4.531503983215812
590 4.274078654147181
591 4.866047854394152
592 4.642292869459317
593 4.705426549079936
594 4.543669885624403
595 4.506731516406169
596 4.469842661546165
597 4.551252283409978
598 4.713478239764817
599 4.5714025637098175
600 4.4342445909619785
601 4.40082394051516
602 4.4452744176399674
603 4.717069326043465
604 4.291711705510344
605 4.338703031460092
606 4.512362479921394
607 5.306022925863321
608 4.590351015632062
609 4.664569555988698
610 4.336808893111457
611 4.5980272227483665
612 4.622965546473255
613 4.4180334385943665
614 4.474974904080698
615 4.487239207925709
616 4.5939945316854365
617 4.610603469686745
618 4.958153252069807
619 4.75934326752459
620 4.629067477333987
621 4.547721754789291
622 5.764309929889938
623 4.455678638429927
624 4.296319403200725
625 5.010972162760674
626 5.372569863018158
627 5.010650699371302
628 6.313726783707336
629 4.813592543660706
630 4.719222584554084
631 4.473285381327349
632 5.055773114349401
633 4.6057627918838575
634 4.4047717555110095
635 4.681056928812897
636 4.382299550117962
637 4.486368855068169
638 4.579573832353091
639 4.542165627411434
640 4.198208863626016
641 4.468040948482573
642 4.622003679328299
643 4.701290874288383
644 4.490339660127459
645 4.6372679988167
646 4.571263540091
647 4.615356671937745
648 4.792559690268653
649 4.691888614606024
650 4.654487250922159
651 5.01258659397115
652 4.683006679098473
653 4.571288586598896
654 4.831294741513282
655 4.384591705726108
656 4.433414619570307
657 4.518725656254139
658 4.969828037904446
659 4.840839257854032
660 4.544971912458765
661 4.682155048556431
662 4.643004288087567
663 4.908979307400938
664 4.5465939968728755
665 4.818310022664486
666 5.014443813846063
667 4.661838075223358
668 5.062192357231573
669 4.633169193089169
670 4.438556162783611
671 4.690170623667062
672 4.727382366809823
673 4.849860047258112
674 4.746714651285925
675 4.634407446482668
676 4.672950462016066
677 4.603121123688263
678 4.317970013365448
679 4.796162284188433
680 5.430760555911496
681 4.5007296700739525
682 4.861296908197827
683 4.543842862757102
684 4.7337017170775
685 4.578301722598805
686 4.835827586257524
687 4.624534108093714
688 4.49546673799975
689 4.880244882002522
690 4.555087563435137
691 4.798824282367252
692 4.7965797580330065
693 4.953455198564636
694 4.771989293909319
695 4.933862612191626
696 4.544615458017991
697 4.3381641772530015
698 4.431992745237288
699 4.4307644104498936
700 4.859347026254591
701 4.799134404653422
702 4.662061826457185
703 4.509128163613647
704 4.933076844089373
705 4.611763825416312
706 4.592789017438078
707 4.435459308239204
708 4.461739157979269
709 4.637894081248977
710 4.520196688547661
711 4.554242454642337
712 4.763155958447839
713 4.382527022434018
714 4.566831650799857
715 4.503128396889137
716 4.5498059475828985
717 4.627960854598726
718 4.642615705733076
719 4.87490268698847
720 4.669810960864328
721 4.391551205237025
722 4.572284376761286
723 5.955220167702574
724 6.7459943764214465
725 6.812266272137142
726 7.087330349940282
727 8.686873340597225
728 8.923463267847016
729 8.824460128917387
730 7.351387377074425
731 8.544353854003067
732 9.349483270935426
733 8.925151373224011
734 8.610844760604552
735 8.629633402848198
736 7.604580036733148
737 8.135125411053822
738 8.612058000901996
739 8.638050213588587
740 8.349856354253081
741 8.838490024079881
742 8.229450772534078
743 8.413396645397818
744 8.807576903601435
745 8.126201005814421
746 8.72758060842483
747 8.144830329409078
748 8.113512330783507
749 8.697131496838107
750 9.410504354183008
751 7.739178276635776
752 8.06394667219161
753 7.954737059175637
754 8.227329794882781
755 9.34695543204053
756 7.505846572110553
757 8.932032289074543
758 8.22896101422488
759 8.379103423441553
760 9.712496570762832
761 9.586213182467894
762 8.729944631630941
763 8.716469690264363
764 9.729995277589964
765 8.525633936324938
766 8.213475676768464
767 8.165613871708551
768 8.219752017031544
769 7.823101211190615
770 7.534807489111763
771 7.74505461629212
772 7.973475732632807
773 8.169972046651921
774 9.23610919911656
775 8.466021552391686
776 8.30118630625346
777 8.119081225591144
778 9.71965261881057
779 9.433724595009894
780 7.999199453238414
781 9.225505908913192
782 9.099983020363519
783 7.883117573822104
784 9.165917790561402
785 9.404029646833015
786 7.659351959519583
787 9.253389937237408
788 8.689907436554014
789 9.405868074627644
790 10.089902906053329
791 10.572986912474894
792 9.590429203117079
793 9.293678384435584
794 8.5985567213371
795 9.835350531928382
796 9.148260027212451
797 8.822684141728429
798 9.320529419953393
799 8.318531548091737
800 9.7830833486444
801 8.908172567678669
802 10.136099215259966
803 9.151941866639506
804 8.769917709561009
805 7.936505310860293
806 10.171435136702915
807 9.276790185102955
808 9.810222328030326
809 9.609532895788377
810 10.653497342330217
811 9.03008008633685
812 9.687038460093794
813 8.530847693026187
814 9.735240740009454
815 9.079919789574907
816 8.59812364924333
817 8.795054553104006
818 8.158041311138652
819 6.774954109034443
820 5.476915816921192
821 7.4395857574849265
822 8.89296416329957
823 8.064102953633881
824 9.55821969707558
825 9.222470629888733
826 11.063869319735241
827 11.017899246946651
828 9.7585786889877
829 9.546414112836118
830 10.482102439455097
831 11.606171289668032
832 11.462606908010638
833 10.428031642753135
834 9.779747014457579
835 10.397871564923296
836 9.69040998517373
837 8.475560576124405
838 9.460602547019827
839 8.976944663410125
840 9.527597832035825
841 10.293133850240295
842 10.595504228000753
843 10.585642602612392
844 10.755160106013708
845 10.198849043822648
846 9.986437216330932
847 10.2157145001645
848 8.96703272456445
849 9.169336503221064
850 11.167520935782516
851 9.955174360249027
852 10.669680729497687
853 10.823435785570743
854 10.415333802146346
855 11.286623410504102
856 9.82583630936491
857 10.05603863452861
858 10.933246702632577
859 9.876292504004004
860 9.899755037137124
861 10.401970484293171
862 11.299434283210898
863 10.239954254452945
864 11.709375048845583
865 11.257060001358058
866 10.95514562344272
867 9.93630656659118
868 10.77259710022662
869 10.001739785516602
870 9.754239072394153
871 11.429757251011887
872 11.204850767493093
873 11.498166353799169
874 10.595132240425878
875 10.595940243766119
876 9.619004037312452
877 9.57424441713983
878 10.101554287628796
879 9.052381983079563
880 9.190830881357726
881 9.17191757284291
882 9.071588983233992
883 10.50457410919453
884 10.433685011730187
885 10.011713792674472
886 10.339485176068502
887 10.650064504584362
888 11.05577057234271
889 10.550489863025316
890 8.877077995133705
891 8.858667730291264
892 9.23730942449157
893 11.285842989923578
894 8.765483186900664
895 8.785773725326475
896 10.504967045900965
897 9.670398393828759
898 10.488694472806147
899 9.794890730077602
900 9.637908053360912
901 10.983581018581614
902 11.204373671434658
903 10.140051298865577
904 10.212684417241412
905 9.501754331010027
906 10.344170919091066
907 9.463140993986771
908 10.710652603711734
909 9.723364534624658
910 10.169603128061176
911 11.456193079595026
912 8.922942643307225
913 9.644865469173535
914 10.71070089036231
915 11.299450389118395
916 8.502393424064099
917 10.134121648910599
918 9.420211739191211
919 10.205991430700655
920 9.827828744450665
921 9.996525223509213
922 10.183066547270617
923 9.902947475516608
924 10.531187440936526
925 9.532102994123969
926 9.933388504017694
927 8.953564798739286
928 9.24581563897343
929 9.111620571164586
930 7.982512713623499
931 7.864470797485818
932 7.7580423787440465
933 9.187598253864353
934 10.244021647284017
935 8.521639633591
936 8.538234536572215
937 9.069453723837553
938 9.137819880473842
939 9.411370062367858
940 9.926256805294623
941 11.244512197315055
942 9.827855781045814
943 10.38423478893611
944 9.67921040956861
945 9.359713541738856
946 9.600692881415402
947 8.213658356931818
948 7.473938506143358
949 7.030003950431147
950 8.11128280227973
951 9.626796167942157
952 9.27859326006741
953 7.790436876822276
954 9.202904699988595
955 9.572231365229168
956 9.039032255581136
957 9.123590380315513
958 7.435289041452964
959 8.21370250445288
960 8.075886344017375
961 8.048763931316707
962 6.8099491613392225
963 7.885426753722984
964 7.210685629890139
965 8.116058047332846
966 9.81482853051439
967 8.003999802402205
968 8.262037583871715
969 9.181403808849751
970 8.172158035190344
971 8.724145790058316
972 8.780667802146297
973 8.11493981320156
974 8.245005972561948
975 9.97477826806849
976 9.190331333350056
977 10.31451627607924
978 9.386208136796219
979 9.26649538260641
980 8.54127141984477
981 7.869738115295373
982 8.716480376650404
983 8.561911968004592
984 8.868703122282502
985 8.894406242815315
986 7.81643537279328
987 7.416792130550777
988 9.465961508452898
989 8.433085421689656
990 8.78631134001778
991 9.39564283289655
992 8.995287815620836
993 8.211717117715695
994 9.261000930962973
995 8.834642811733323
996 7.745186301287656
997 9.585745675224103
998 8.656349294437002
999 9.055601147872421
1000 9.597995694499641
1001 10.067341854553273
1002 7.381216715010778
1003 8.077000974506618
1004 7.508915619529193
1005 7.487455525268385
1006 6.931035071690166
1007 8.937998479175604
1008 8.799111718751186
1009 8.41222157461108
1010 9.495552898479291
1011 8.710395898009244
1012 8.475017371112076
1013 8.649184927645742
1014 8.399440865104022
1015 9.022817225105166
1016 8.587462771642357
1017 8.566751814907937
1018 7.4048571122234295
1019 9.135156575464874
1020 9.616450298923942
1021 9.320757747166843
1022 9.024368810916206
1023 8.705886079297175
1024 7.922541988624274
1025 8.716794140028645
1026 8.895439726764682
1027 9.437715390312055
1028 10.412947614390257
1029 8.543635125842417
1030 9.410389042342656
1031 9.514711503582447
1032 11.122372452487705
1033 10.013771026187499
1034 7.604057719623866
1035 7.410609024095647
1036 7.837578068622897
1037 8.130296279275104
1038 7.945954827901197
1039 8.544549081601666
1040 8.049972543957368
1041 8.287628877264494
1042 7.226587552215201
1043 8.261353882246796
1044 9.688342082359359
1045 8.747969298587856
1046 8.576832566556797
1047 9.8750356746029
1048 9.227909047244811
1049 8.95403452534312
1050 8.975666833493326
1051 8.899343048653968
1052 7.5949697695506195
1053 8.773535374268965
1054 8.275436394689915
1055 7.809996386942762
1056 9.033058084733016
1057 8.601760601994583
1058 8.253954623909653
1059 8.344681701885435
1060 7.732843599072549
1061 7.504267862657749
1062 7.106362229712337
1063 7.803762747244566
1064 8.285823823653844
1065 9.194106718579429
1066 9.564508257295092
1067 7.964880081393136
1068 9.336140424039568
1069 9.930088910329182
1070 9.242177815873175
1071 8.572931288791423
1072 9.298506328991085
1073 7.33993654697917
1074 8.177705906145427
1075 7.4262680549272195
1076 8.653361887235024
1077 7.127395259601863
1078 9.11270735843515
1079 8.108688783715786
1080 8.08992094869553
1081 7.872060381480446
1082 8.83287789296397
1083 8.985356818343687
1084 9.468275693892265
1085 8.206059771713395
1086 8.704617699311516
1087 7.8856841322002555
1088 8.510423460888491
1089 6.455565907269261
1090 7.75922365250399
1091 7.43280836490327
1092 7.6886482958436
1093 9.73993047526811
1094 8.943467538059284
1095 7.790434995862876
1096 8.202823206325167
1097 6.868690958327941
1098 7.9019611470586835
1099 7.85960222013887
1100 8.64093073722862
1101 7.864945651848646
1102 8.642002632387301
1103 8.27462640418278
1104 7.763907456848207
1105 8.196872854635005
1106 9.27018900296345
1107 10.044192469094495
1108 9.57254402324983
1109 9.159550414970102
1110 9.829179791738445
1111 9.366360733163434
1112 9.610459509592012
1113 9.064687568065592
1114 10.116666050334512
1115 8.440931683600468
1116 7.801643178200917
1117 7.547248780887314
1118 6.130212755261977
1119 7.276379683615007
1120 8.912365425304678
1121 7.8245751794885665
1122 7.884114339264509
1123 7.064370295622697
1124 8.339048072457029
1125 8.151009060024615
1126 8.706813694410828
1127 6.77153655393654
1128 7.849415443577532
1129 7.164491301951253
1130 8.306274705005235
1131 8.426839119137288
1132 7.682003890910828
1133 7.996928738904782
1134 7.247351750625032
1135 8.77183849576521
1136 8.630564908091493
1137 7.176598466393315
1138 8.850358650763477
1139 8.366339047212016
1140 6.411722717527475
1141 7.534004345006864
1142 6.738120783180661
1143 6.802711214891475
1144 6.892017146264185
1145 6.603058085567512
1146 7.227556695972896
1147 7.07133121766139
1148 7.640118848652306
1149 6.683126403267667
1150 6.469534934602172
1151 6.36256005113829
1152 7.113966063529854
1153 6.970998784631883
1154 6.93378850775031
1155 7.028920494981201
1156 7.813432291147038
1157 8.105645022441115
1158 7.026694785473597
1159 6.630218630476017
1160 7.020732645972651
1161 6.638126260189219
1162 7.408213750889338
1163 7.292010068029141
1164 6.739095575097187
1165 7.004371020876673
1166 6.757013828372092
1167 7.551411710619665
1168 6.608805297810004
1169 7.154438782116614
1170 6.8599280501023525
1171 7.198159332512987
1172 6.7093872955580744
1173 7.296625214300337
1174 6.365510456790707
1175 5.889093019795032
1176 6.99875513600132
1177 7.131771289599032
1178 6.9125392312183775
1179 6.845478873456739
1180 6.032488037589267
1181 6.442100410207596
1182 7.588536230641393
1183 8.082575304151703
1184 6.899583867139414
1185 8.182537210994552
1186 7.440881911702521
1187 7.7441671988987935
1188 6.970947335943149
1189 6.855811178334898
1190 6.88001705742485
1191 7.948467814516217
1192 7.380203631895873
1193 7.329420732713838
1194 7.190396700006092
1195 6.970552424061922
1196 6.4577271423778635
1197 6.656608279916259
1198 8.964935519010886
1199 6.501592403906686
1200 7.422998416049784
1201 6.676213740510914
1202 6.608716705047838
1203 6.869227499076736
1204 7.161929348812897
1205 6.999401576124319
1206 6.73114284641772
1207 6.920825800287715
1208 7.988698884283126
1209 6.594248761572956
1210 6.944933517707494
1211 7.997824440611156
1212 8.002463476886751
1213 8.131975141891168
1214 9.108843145267015
1215 9.641914226345644
1216 8.463124480309759
1217 7.827037411528611
1218 8.485510451207276
1219 9.479639201750075
1220 8.23080799413907
1221 8.556595498474394
1222 8.807660535932005
1223 8.123701041791266
1224 9.059763927581686
1225 8.032472743188256
1226 8.311741203551279
1227 9.37803123382545
1228 8.788682890650373
1229 7.500456709402039
1230 9.163935997058703
1231 8.327023825525124
1232 9.094044990540041
1233 9.241272600357293
1234 8.350992546333703
1235 9.621840666489959
1236 8.51031428509357
1237 9.116499929309004
1238 7.720444541386441
1239 9.419291033766552
1240 8.682798361706675
1241 8.053309799602598
1242 8.404653374869643
1243 10.373356126756349
1244 8.298804729641711
1245 8.768077566056261
1246 8.568788573074743
1247 9.26321522477103
1248 7.889090954686337
1249 8.441371398731086
1250 8.398685491214
1251 7.651139645470357
1252 8.630249048907517
1253 8.093481980229258
1254 9.860738993562236
1255 8.436944343406832
1256 8.476845199886066
1257 9.476966299648572
1258 8.676769721162033
1259 9.613648355597284
1260 9.118771041270982
1261 9.600056555038725
1262 9.303895900890128
1263 9.107184311020074
1264 8.794625276822954
1265 9.746483138754265
1266 10.383280696026109
1267 8.87972207667038
1268 9.690176988564804
1269 9.890535562351142
1270 9.622019165777495
1271 9.850050889794382
1272 9.989247958890823
1273 8.887924308602928
1274 8.260709421938657
1275 9.54001503099269
1276 8.097411717728296
1277 8.337934716515152
1278 8.30323496742571
1279 8.566203630189376
1280 8.366718399710232
1281 8.920240377029266
1282 8.466364809634339
1283 9.122405352554553
1284 8.626602972986221
1285 8.113190591904733
1286 8.805134861389602
1287 8.650195210746372
1288 8.416469130236104
1289 8.242874925803541
1290 10.354914686302896
1291 7.444974663982442
1292 9.796475464875696
1293 9.121558739920042
1294 9.4240311174851
1295 7.492825134451619
1296 9.25139336578422
1297 7.847984701297852
1298 7.926827689066638
1299 9.189980646621546
1300 8.537925872618873
1301 9.72941949161375
1302 9.33866900545661
1303 9.090982071280152
1304 9.484099834941338
1305 8.74768579527966
1306 8.669311603398429
1307 9.354420295513217
1308 8.806779506735767
1309 8.483594493181617
1310 8.653649877082133
1311 9.215736304217474
1312 9.4819212107189
1313 10.392525510926948
1314 10.24398716243377
1315 10.441749648462674
1316 11.2125589569102
1317 10.374169833926256
1318 10.117567315516508
1319 10.867097388201794
1320 8.005619009001428
1321 8.95538010534329
1322 9.469698039229609
1323 8.231789802283004
1324 10.000381681924004
1325 8.956457874206125
1326 9.897638170561542
1327 8.72974571961285
1328 9.166179925922698
1329 8.87442073082227
1330 7.895958956909567
1331 8.243933423046833
1332 8.387778025883204
1333 7.937425825331834
1334 10.082719185123068
1335 7.748072941521428
1336 8.181550899282664
1337 8.948813183979942
1338 9.259280323917176
1339 9.503890550597378
1340 8.795508811847244
1341 8.99259047962983
1342 10.221652426046475
1343 10.21670031430874
1344 9.96791980602216
1345 10.063402884121327
1346 9.657731605819343
1347 10.015105465489203
1348 9.523022130907766
1349 9.284212433642459
1350 8.455025452243024
1351 8.860313223651524
1352 8.839248125730622
1353 7.936863961310816
1354 9.513452559449643
1355 9.293720386337311
1356 8.0472292985186
1357 10.560839772703694
1358 8.806136364122299
1359 9.928982891115615
1360 10.571030135140013
1361 10.204275197752153
1362 10.532633196075524
1363 11.155787410207076
1364 10.228411253819989
1365 10.468942895553045
1366 8.734419345683799
1367 9.373644950040777
1368 8.941701998704813
1369 8.841303003600862
1370 10.17964363186866
1371 10.957130639202381
1372 10.352355363518846
1373 10.405732442119932
1374 11.132787165932315
1375 10.953359783148041
1376 10.287284912797256
1377 9.244438311083472
1378 10.356185550184783
1379 9.75206882769771
1380 9.20370668108114
1381 10.144423241514634
1382 10.196440441343112
1383 10.336247285197098
1384 10.869268877992871
1385 10.38912883807483
1386 10.122688097583277
1387 9.776613276434544
1388 10.24976794532875
1389 9.426141772147348
1390 9.14712077476282
1391 9.965061541601266
1392 10.190905051498206
1393 9.728197603642196
1394 10.100636234902119
1395 9.632629190051404
1396 10.333018615915107
1397 10.586721502305284
1398 9.932125655927479
1399 10.709971673934946
1400 10.603236923959908
1401 11.1622720096207
1402 10.255396668421021
1403 9.799514347756393
1404 10.512562426756542
1405 10.289144189411717
1406 10.539690867262632
1407 9.918725758732851
1408 10.301252049364814
1409 10.37005361851694
1410 10.981092982862577
1411 11.260147771445139
1412 11.629513401735993
1413 9.637134563272022
1414 9.354126708078882
1415 8.840551362788663
1416 8.76204742884893
1417 9.072162214068639
1418 9.317134373545967
1419 9.275910971138737
1420 10.593000591117056
1421 10.806398616618795
1422 10.206073989067798
1423 10.052874358680288
1424 11.130683595094146
1425 9.085204360023877
1426 9.080787201652985
1427 9.349643385731136
1428 8.532265537772313
1429 9.864182436143857
1430 9.177943080766083
1431 9.72599201656065
1432 9.906528251264128
1433 9.874340478108492
1434 11.555285277274313
1435 10.161242063932237
1436 9.984209478587237
1437 10.325206155627955
1438 10.135474524640175
1439 9.877903507763044
1440 9.869603585847921
1441 10.488113054937356
1442 10.665502816176874
1443 9.930524036636164
1444 9.575932944890859
1445 9.615203110769414
1446 9.201767549255043
1447 8.039609348943902
1448 8.940839156537747
1449 8.571333983714515
1450 10.920260750153277
1451 10.136201988354674
1452 10.74418756244386
1453 9.566765984657625
1454 9.631455407366929
1455 10.559083019785712
1456 10.181255984290127
1457 9.593201202135148
1458 10.387903106166172
1459 9.641866016137783
1460 9.384030527005546
1461 9.713366595388527
1462 9.4527069215392
1463 9.646866495395448
1464 9.570625764857091
1465 9.71241268636134
1466 9.413542170032564
1467 10.478537313916101
1468 10.21087205694519
1469 10.51164254805954
1470 10.682844749676786
1471 9.862222083851167
1472 10.191311389462047
1473 10.722324232767637
1474 10.161023485642897
1475 10.786257767479082
1476 9.600043041873375
1477 9.8602619609076
1478 9.282627835382312
1479 10.115288889539263
1480 10.32361351651837
1481 10.009822042068393
1482 10.823093607310003
1483 9.972360755594606
1484 10.130296579397488
1485 8.067736755546251
1486 9.458790714387824
1487 9.848253227894883
1488 10.8994865315799
1489 10.584432493412796
1490 9.650076587944604
1491 9.822502754933126
1492 10.335793570073223
1493 9.432695224847244
1494 9.879362155986
1495 9.956679711470448
1496 9.625374376571898
1497 10.257415486736013
1498 9.821912277074935
1499 9.747119904687299
1500 9.64852284165247
1501 9.656244821280456
1502 10.897757920033376
1503 9.972079855399652
1504 10.171082290980538
1505 10.408021646268192
1506 10.569113965677602
1507 10.872829389968931
1508 9.875902548286872
1509 10.670845411676023
1510 10.171466235902322
1511 9.992073197698769
1512 10.258232708482124
1513 10.844968176302274
1514 10.311045801068651
1515 10.273898752525339
1516 10.45801832833323
1517 10.046486915845598
1518 10.178281163330075
1519 9.552931704467733
1520 9.473729542438493
1521 9.977914257388733
1522 10.209233315353748
1523 8.143050704361116
1524 9.120955402115026
1525 8.525440987963522
1526 8.712117256486223
1527 8.638644318755212
1528 10.150680707993837
1529 9.967431847311454
1530 9.367559704337856
1531 9.839533477548168
1532 10.870826914297595
1533 9.88477818036085
1534 11.288210406776784
1535 10.509292985410633
1536 10.787288281637927
1537 10.201381942562138
1538 10.095873474420276
1539 10.884135553168166
1540 8.961356756672012
1541 10.07890983864284
1542 9.340185217300034
1543 9.214087610260524
1544 11.945654621908373
1545 12.175798613090317
1546 10.284189562236847
1547 9.75932723399773
1548 10.482654638079653
1549 10.034269464338044
1550 10.62697353178343
1551 10.474238950782865
1552 10.278390655854789
1553 10.004175524021498
1554 10.174459289860842
1555 10.107515579312008
1556 10.844528659303938
1557 9.832445083008164
1558 9.496263547609926
1559 11.279816940542476
1560 10.58581944743579
1561 8.032053696038625
1562 8.498831749955867
1563 8.424243951446465
1564 6.893159867679406
1565 6.0114244122344065
1566 6.492218852080945
1567 6.846301971741383
1568 8.534323648155624
1569 9.586420325728115
1570 9.673405384559363
1571 8.778259092765762
1572 9.280948843831423
1573 7.994049835946331
1574 8.114212846409195
1575 8.62080619303181
1576 9.379414170121343
1577 9.55483996409107
1578 10.620385507104146
1579 9.277014355998084
1580 9.310395609789708
1581 11.118816770830232
1582 9.555510318326409
1583 11.508019914499696
1584 10.066622585723358
1585 10.649124810754952
1586 10.83259313979512
1587 11.228829474237255
1588 11.099412229003956
1589 11.20760668277977
1590 10.39925238472089
1591 11.208091359348076
1592 10.371797941585061
1593 10.625660812121602
1594 10.634196137852328
1595 11.011606026805461
1596 11.347669986603199
1597 10.073098421110839
1598 9.813160856384172
1599 10.090463512226627
1600 9.806020737334059
1601 10.46878527446417
1602 10.398647443460376
1603 10.654668543182243
1604 10.637629599553959
1605 8.786946434346225
1606 7.382376814152014
1607 7.704033754298776
1608 8.194522614198517
1609 9.506596490703075
1610 9.811979765087269
1611 10.591944685217776
1612 8.721401825633407
1613 9.96915562727652
1614 9.442531132826126
1615 8.655215504904893
1616 9.480771025234246
1617 11.111480166023314
1618 10.172816762307217
1619 10.245347584413615
1620 9.62305222910144
1621 9.97152618539443
1622 9.083970303155253
1623 9.385747474707971
1624 8.604165485777298
1625 9.386648167189513
1626 8.52656907204894
1627 8.945847617807605
1628 7.812680141414054
1629 8.56401000701231
1630 9.713915182959116
1631 7.2934825604278535
1632 7.825248755364029
1633 7.279940269644579
1634 6.552177547665641
1635 8.963487276819588
1636 8.004860303114015
1637 7.173708899371055
1638 7.530740593390983
1639 7.926231454193396
1640 8.263626980402076
1641 8.112985769524142
1642 7.171951528257093
1643 7.777384699567767
1644 7.907229734581875
1645 8.418105835805447
1646 7.720159216725198
1647 7.545710678470572
1648 7.056577888676511
1649 7.208112434626157
1650 6.371350967828976
1651 6.690663511563795
1652 7.087457762937004
1653 6.090869244990964
1654 6.087593573481525
1655 6.517505142515886
1656 6.593493891974664
1657 6.15946158299775
1658 6.760919243685809
1659 6.541864074387469
1660 7.1075755676393975
1661 6.807922998281338
1662 6.3453068131293735
1663 6.410843259441237
1664 6.774355609146242
1665 6.666927702718142
1666 6.7858031161575
1667 6.295245901058652
1668 6.897283249006843
1669 6.074049893954877
1670 7.132720860898845
1671 7.037569233383832
1672 7.082755777275322
1673 6.497456963945154
1674 6.587175436287751
1675 7.046664280328322
1676 6.373642342216923
1677 6.294513718341121
1678 6.621999117245579
1679 6.4553479100832005
1680 7.103732443487732
1681 6.262155694444402
1682 7.87267416473559
1683 6.811340333833074
1684 6.385372749421697
1685 7.61362632011481
1686 7.534214256103873
1687 6.5303040623442286
1688 6.857977682158351
1689 6.906797984051265
1690 6.639435188154999
1691 6.50449309709437
1692 6.8254091923584275
1693 7.22257716292248
1694 6.53083312575809
1695 6.512845603479993
1696 6.04365887887966
1697 6.072093976761822
1698 6.31430851616799
1699 5.775360350088785
1700 6.273593319501036
1701 6.618527022043507
1702 6.139999899720263
1703 5.967191944753343
1704 6.384727562018811
1705 5.994497712245843
1706 6.060581669115697
1707 5.133387066611097
1708 6.310788255136755
1709 6.524236241905472
1710 6.961512386517005
1711 6.44723127301898
1712 6.143431328658794
1713 5.859104425074781
1714 6.108327418551207
1715 6.163819873001563
1716 6.336654603241527
1717 6.07391264253788
1718 6.1378018000189245
1719 4.947275698696305
1720 6.212074294785344
1721 6.599711439658359
1722 6.861391447919431
1723 5.9043282996441855
1724 5.762708483895898
1725 5.63003644631974
1726 5.9518101521202835
1727 5.8078713552125505
1728 6.044630502724936
1729 5.749490215485852
1730 4.6871448704973036
1731 5.750276690694917
1732 5.721004353436313
1733 5.5763200149302214
1734 6.026437754510033
1735 6.519820010433648
1736 5.78984820087248
1737 6.369447284374186
1738 5.028565999272751
1739 6.046907057978751
1740 5.640860955421738
1741 5.741261453979981
1742 5.688977986700816
1743 5.598965808592429
1744 5.85388496277926
1745 6.491686853988512
1746 5.656992830713842
1747 6.47721163682519
1748 6.311257165013944
1749 5.546929414761654
1750 5.559389045891501
1751 5.0659263250196265
1752 6.957856216041623
1753 5.570695915278099
1754 6.03866066854152
1755 6.413198742395003
1756 6.25936591992585
1757 6.198646986184017
1758 6.2686345054574275
1759 6.211488209487294
1760 5.9515807252289425
1761 6.516143384664661
1762 6.0480456420280815
1763 6.03406675270145
1764 6.373481416907594
1765 6.06211363951245
1766 5.89679370560543
1767 5.695202301388055
1768 6.718359688070348
1769 6.484099569916262
1770 6.568898459747201
1771 4.844742753652876
1772 6.6416039900771775
1773 5.913070644374808
1774 6.140868215718852
1775 6.830478189688676
1776 6.582651115319123
1777 6.0730823846445405
1778 7.481045558230921
1779 6.639583484779097
1780 6.478188844850251
1781 5.847250927762398
1782 6.391999925678056
1783 6.365366626459304
1784 6.278277276528418
1785 7.199549323642382
1786 6.582926016529944
1787 6.734040949707533
1788 6.454309861971268
1789 5.965837840436031
1790 5.772452858374902
1791 6.627373008302687
1792 6.683315220227854
1793 6.421717845287136
1794 6.1694299634408765
1795 6.580923816838802
1796 6.295277000867654
1797 6.348835183572422
1798 6.133548130264045
1799 6.330569640110792
1800 7.350705330040321
1801 6.5425850197350774
1802 6.875972737332807
1803 7.040037793692672
1804 6.627309126028468
1805 7.051186362180534
1806 6.720021301085134
1807 6.677202103096758
1808 6.373737757974555
1809 6.049367226053177
1810 6.126706789598674
1811 6.100730800065517
1812 6.85283556965801
1813 6.069321755757524
1814 5.8404084463317885
1815 6.112508936827968
1816 6.693476546498978
1817 6.390797909787373
1818 6.574569337820745
1819 6.11670117317009
1820 6.0889504272628265
1821 6.2462263225497985
1822 6.061210485480083
1823 6.099592178657504
1824 6.096609694278849
1825 6.064353862691841
1826 5.691666239059732
1827 5.858788377317825
1828 5.512208666394845
1829 6.729866020329252
1830 6.193484304235408
1831 6.709826039285028
1832 6.61528155427922
1833 6.275250517338944
1834 7.226289688343659
1835 6.315762731348409
1836 7.8382513440223756
1837 6.957594607991457
1838 6.097261800303812
1839 7.250347098904697
1840 6.341898288455571
1841 6.074084044127122
1842 5.974695481860026
1843 5.557640277364357
1844 4.893177723269249
1845 4.545588364156977
1846 6.169219439151391
1847 4.670394429595402
1848 6.191264057765538
1849 5.190172247683072
1850 5.43633001321521
1851 5.65685290800933
1852 4.921189725419433
1853 5.845856797398386
1854 6.292798703956503
1855 5.657626078633217
1856 5.855067713454503
1857 4.890678992507514
1858 4.721386677947657
1859 5.234615132163845
1860 5.662823322814059
1861 6.124438760775791
1862 5.92161431947575
1863 6.445771736552637
1864 6.205585300094694
1865 6.4846290415762855
1866 5.419741373827846
1867 5.259053851915853
1868 5.64973623437487
1869 6.396992714178071
1870 6.9190434641963945
1871 6.61154683121768
1872 6.118846930653576
1873 5.961496126914243
1874 4.753494233335881
1875 5.9823578320999715
1876 5.957112663570844
1877 6.082302581395756
1878 6.6219568587155235
1879 6.5986498938402205
1880 4.4434988233541555
1881 6.942582981686162
1882 6.760109112068262
1883 6.511031300974084
1884 6.182043085006224
1885 5.974885190907765
1886 6.272227577151188
1887 6.395603295420334
1888 6.51539738956248
1889 6.027983120964118
1890 6.829705406084765
1891 7.331788297618493
1892 6.159595769382019
1893 6.6261572956431
1894 6.31154692283867
1895 5.603099723106571
1896 6.000684382199313
1897 6.595172397132826
1898 6.046804536529566
1899 6.261975518927248
1900 6.030841702067436
1901 6.144809397727165
1902 6.022333118283883
1903 5.967300527149044
1904 6.558977541973251
1905 5.565174954775047
1906 6.341103070070207
1907 5.5856613619298665
1908 5.425766673420915
1909 5.237184122605201
1910 5.603294427316641
1911 5.975583672644469
1912 6.295558266275937
1913 6.498765658156333
1914 6.290549183405134
1915 5.6983497831987835
1916 6.343775660801159
1917 5.906163169543824
1918 5.239652564706146
1919 5.8968795484834144
1920 5.997060173010543
1921 5.843014453983481
1922 6.543941432754727
1923 4.690326443538663
1924 6.0709218817828345
1925 6.297755334840027
1926 6.5650496533501945
1927 6.979101031418788
1928 5.930019433220978
1929 6.262070665016378
1930 5.479359961027253
1931 5.675502469674297
1932 5.63319051072921
1933 5.431989193983826
1934 6.108008157370068
1935 5.379318533433789
1936 6.5655909420379075
1937 7.141728904313971
1938 6.265349861435622
1939 5.964861973818555
1940 6.754435131231808
1941 6.685258976057799
1942 6.373889949880247
1943 6.360420679567197
1944 5.961185697766141
1945 6.373798822531035
1946 6.806039299708014
1947 5.98202436016927
1948 6.42934225596387
1949 5.900408800125131
1950 6.183097736303451
1951 5.988172761347908
1952 6.085398418904754
1953 6.195696587026955
1954 6.207638011767848
1955 5.608349380813332
1956 6.302037207529795
1957 5.646687874713275
1958 6.117929630693407
1959 6.284375860691819
1960 6.642704781511442
1961 6.45570973175081
1962 6.45667642832105
1963 6.504909440223678
1964 4.782584938858462
1965 4.7434365038697
1966 6.976217127983944
1967 6.663259117113514
1968 6.650639175967594
1969 6.468129498553472
1970 6.2366426805186785
1971 6.22993405362493
1972 6.69051093273455
1973 6.201061060171261
1974 6.091976251532897
1975 6.302275445374884
1976 6.47954774031591
1977 6.371302718769332
1978 6.266327697238952
1979 6.332326477944102
1980 6.583393031699205
1981 5.801888674876461
1982 5.837861231037918
1983 6.615263297431171
1984 7.117295351178052
1985 6.318642192922058
1986 6.802318812964676
1987 5.485819644758135
1988 5.930046059347482
1989 6.098811938384442
1990 6.735180490694017
1991 5.565344844346404
1992 5.559964174248366
1993 6.001294230536688
1994 6.259169803720424
1995 6.09276417804436
1996 6.4110973586042785
1997 5.548971737258737
1998 6.563979829024366
1999 6.693186657984027
2000 6.666442078887053
2001 6.335313396632843
2002 6.0303558144817435
2003 6.729128348602345
2004 6.394957547262903
2005 6.102288150055268
2006 5.962931575519968
2007 6.237869354257072
2008 5.917698416577388
2009 7.131086056408676
2010 6.188068078670044
2011 5.699727839302239
2012 6.563124263548934
2013 6.477929929178688
2014 6.477410652717618
2015 6.643005044108619
2016 6.326579165187447
2017 6.306185811200945
2018 6.329153700898972
2019 6.728214108824551
2020 6.1494865223222845
2021 6.8990927400696
2022 6.229961620495117
2023 6.931782321261602
2024 5.718374658694276
2025 5.8476586144183536
2026 6.139121620080345
2027 7.527447232821209
2028 6.939997983976052
2029 6.081209081805729
2030 6.929412631598593
2031 6.596123725259863
2032 6.309125008065475
2033 6.252688157725582
2034 6.153327946634076
2035 6.172921766831225
2036 6.122656768243681
2037 6.576521546976572
2038 6.313272189486348
2039 5.944602646909739
2040 6.641861978155507
2041 6.31929924057971
2042 6.471072015880102
2043 5.743740160976623
2044 5.963264685727533
2045 5.105677861790319
2046 6.232261961710642
2047 6.260290714948095
2048 6.7712608564123
2049 6.080083483104495
2050 6.754560996295378
2051 6.484070569366852
2052 5.764365255573416
2053 6.467896007084119
2054 6.214723974615776
2055 6.565857885176814
2056 5.911497188080854
2057 4.635611116758365
2058 5.611989124506253
2059 5.566429490146441
2060 5.495174968486899
2061 5.758365799660578
2062 6.140625977931218
2063 6.297175693497793
2064 6.569949165704187
2065 6.581625318523884
2066 5.894859620626344
2067 5.8424898805762036
2068 6.022828507051796
2069 6.181385752057169
2070 5.471566575473359
2071 6.445500203441303
2072 6.367242638105042
2073 6.522560439809802
2074 6.205839759843559
2075 6.198114008775221
2076 6.842470065242328
2077 5.919331128658017
2078 6.171035487711371
2079 6.047019791761673
2080 5.501729960250296
2081 6.096749115014185
2082 6.038805939207648
2083 6.252756704239893
2084 6.499923294614949
2085 5.407242282346483
2086 5.857313316237082
2087 5.6235624006149365
2088 5.84837178735903
2089 5.420802631633298
2090 4.890959425099851
2091 4.717991841257217
2092 4.79900929729826
2093 4.647897729584117
2094 4.821295580121987
2095 5.753300324110589
2096 4.677245941514827
2097 4.657231060433224
2098 4.838463495309321
2099 6.220089981910511
2100 4.580225648572852
2101 4.513694529162328
2102 4.778525448521851
2103 4.611636783031817
2104 4.690491939786027
2105 5.717395720140551
2106 4.554574225217302
2107 6.790096656614795
2108 5.887241832670764
2109 5.8627989881776
2110 5.986989528033675
2111 4.726098861449566
2112 4.709592758817932
2113 5.074436898145813
2114 5.450624894978127
2115 4.784754211211989
2116 5.549364376415191
2117 4.900353205063964
2118 4.744000521560783
2119 4.618008959721912
2120 4.7955540965200285
2121 4.656070287929836
2122 4.318652402668895
2123 4.666082001848676
2124 4.677574506747128
2125 4.70663453231786
2126 4.734426918657146
2127 4.794553102621227
2128 4.874029389964573
2129 4.6398809850296745
2130 4.585887210348077
2131 4.4562798747220125
2132 4.93650973254488
2133 4.524098471651992
2134 4.298226189158247
2135 4.774591647689582
2136 4.552866516730982
2137 4.847123317653513
2138 7.119025162020255
2139 6.780045978745131
2140 6.483576211067851
2141 4.494581262706428
2142 6.523326328641649
