0 7.302457021809181
1 7.824851358646749
2 8.209931226036387
3 8.672841733075611
4 7.879128347748564
5 9.383096417926925
6 8.994512315551143
7 8.623233677860565
8 8.64418798221925
9 8.990243115992921
10 8.922090657005263
11 9.905658833095671
12 10.397258199686757
13 10.034605851185455
14 9.213166344045721
15 10.461806426499773
16 9.647174135166743
17 10.247757187471786
18 8.907346404205104
19 9.304693878476064
20 9.113152288841846
21 8.202995452486848
22 9.920600250519955
23 8.952314188514196
24 9.164880092590199
25 8.556131139679659
26 8.848789772589942
27 9.210303369114364
28 8.368687295335036
29 7.896793493463963
30 6.57661213905894
31 6.169728029398062
32 6.047825167631719
33 5.41632040871611
34 6.488531293295945
35 5.726680691698828
36 5.7568365579283745
37 6.1453267136716905
38 6.223290723835923
39 8.038202173564066
40 6.574753231532314
41 5.85685088438472
42 5.502765824409798
43 4.316919026641628
44 4.215948833929948
45 4.818770632731837
46 6.0131857635141
47 6.2006536100090015
48 5.9298026484663025
49 5.661842304579571
50 5.773007680961304
51 5.992075743975542
52 5.302975238048409
53 4.448095066392381
54 4.3460321091440965
55 4.911684501870459
56 5.005960728750307
57 5.021063919757776
58 4.3906941246984506
59 4.26042899277253
60 4.061078551850362
61 5.635631390157924
62 6.798671040116966
63 5.416458209863978
64 6.188174614548073
65 5.239175140377367
66 5.328796551389011
67 5.176823096129408
68 5.006387501358175
69 5.322904881631643
70 4.8632636655888595
71 4.342116670522587
72 4.418898075167099
73 4.693787368280861
74 4.095423638409043
75 3.9971015549266924
76 4.332099251382435
77 3.984404951327829
78 4.916090361294977
79 5.555783922886989
80 4.824907333290807
81 5.0931889420230325
82 4.332424532591956
83 5.255328575918671
84 5.650613352063797
85 5.579374342556887
86 6.241622646779921
87 4.338581024655316
88 4.885204494626213
89 4.126482828018957
90 3.345049578471845
91 3.3209112308099757
92 3.244172357340563
93 3.363486255208373
94 3.2585327405160087
95 3.414844737773702
96 3.066140794600409
97 3.296692879314073
98 3.265045555162423
99 3.4305745699137464
100 3.362897354310934
101 3.293627871141314
102 3.3228277880029635
103 3.2181139686322036
104 3.2946561987525063
105 3.2362678530610607
106 3.3429414296943527
107 3.3266252217626704
108 3.2211442208430667
109 3.3921987681455548
110 3.2856413037085996
111 3.378714598185613
112 3.324706225599921
113 3.493951010212201
114 3.298952001018008
115 3.363078102639121
116 3.281636124938304
117 3.4047961696394515
118 3.3278887032867823
119 3.548286371530456
120 3.382858267839553
121 3.2406660005469266
122 3.2597631012607398
123 3.2633813954404203
124 3.180510438645433
125 3.4448534647318194
126 3.2025556064968943
127 3.275242950369415
128 3.3298039281794996
129 3.398243902730458
130 3.358383629035498
131 3.1958126065831793
132 3.087432381859082
133 3.1982215276129224
134 3.3486093494605287
135 3.392139629139766
136 3.3552346660466874
137 3.5599100340146324
138 3.393570408801325
139 3.418690388734354
140 3.117186962571156
141 3.2985269247455906
142 3.380747140439136
143 3.480969585183842
144 3.3292407868399994
145 3.5084842253731447
146 3.3158214258593786
147 3.2741005742051144
148 3.510772997827722
149 3.4824179279275276
150 3.249416412429487
151 3.2156736498242804
152 3.230590806493744
153 3.481197704330173
154 3.217999626746559
155 3.2753157748502733
156 3.300862243301922
157 3.2970859392418697
158 3.149082809481237
159 3.5113808921952123
160 3.6901702794323983
161 3.2981620699422654
162 3.3683244806890666
163 3.522454895078829
164 3.3782373561888006
165 3.343557132416742
166 3.3457850447235034
167 3.2442386302998605
168 4.013296112999975
169 3.7336526110544077
170 3.441409306596764
171 3.299920693422642
172 3.305571795760089
173 3.3440571505873202
174 3.3556772517850515
175 3.2072355314359644
176 3.1897278634874815
177 3.312939669483657
178 3.515428999232369
179 3.3112594520365333
180 3.27442892870719
181 3.281789189882339
182 3.3469242395967957
183 3.55441716738638
184 3.418995125953157
185 3.409205694582531
186 3.3493988032679716
187 3.296799233919068
188 3.3285321065297127
189 3.3125903023000327
190 3.1624785225348773
191 3.5147059245121155
192 3.458783826692832
193 3.54768461117153
194 3.294415049375129
195 3.3707456429895846
196 3.4391057841900974
197 3.370484344027593
198 3.3046064666973862
199 3.2748217694434434
200 3.4038637188345566
201 3.370605408839096
202 3.3284185592953164
203 3.4195933584698333
204 3.297301400823065
205 3.205604295887919
206 3.602031250427316
207 3.296886986067523
208 3.2847496453326377
209 3.439852156914887
210 3.2490982829438297
211 3.4538574212131783
212 3.4307143299851317
213 3.312306855275974
214 3.3030779677461446
215 3.376207388762429
216 3.397763914974065
217 3.3834696810137626
218 3.2635259037743887
219 3.4167148397051723
220 3.3102990105694867
221 3.386489053853519
222 3.3399289946171375
223 3.3429707523920444
224 3.246916292400852
225 3.2411080067347733
226 3.443215968265573
227 3.3507796374238668
228 3.321542263197589
229 3.330461846113323
230 3.3922378446008574
231 3.367873639129171
232 3.3010104004222733
233 3.55859543140065
234 3.264703557312232
235 3.3079432689703374
236 3.5034505495406
237 3.318089131251689
238 3.29230631926896
239 3.414117157630291
240 3.2434749955269844
241 3.362982587625676
242 3.386775255978938
243 3.376112631139203
244 3.373088058033322
245 3.420828413388489
246 3.43939679848105
247 3.4186029372960465
248 3.3280039334146085
249 3.32800647664909
250 3.294687270791046
251 3.3170563533693147
252 3.23908277284611
253 3.2074968444269745
254 3.2518371342199357
255 3.338036394337708
256 3.4085371314379893
257 3.383667106371515
258 3.3071968394375024
259 3.4320798150459924
260 3.6854252570712065
261 3.414921235725399
262 3.291482379693684
263 3.3008456619755004
264 3.365369276321502
265 3.903377339377467
266 4.078979561824942
267 4.1653927754462226
268 4.276272373732295
269 3.430896302225887
270 3.5794863679474944
271 3.515030893551048
272 3.3579429284370925
273 3.40850787509021
274 3.3171066258404855
275 3.2280031679961074
276 3.296413754347379
277 3.2723981583062502
278 3.2764527953256772
279 3.1721990242856664
280 3.413035524995583
281 3.3210011979954026
282 3.3761692281076763
283 3.2819774247934825
284 3.409089591486613
285 3.3751424009365567
286 3.366936295707324
287 3.338417041767893
288 3.2888172631009662
289 3.2716650040474673
290 3.2487213763247627
291 3.2834901283464695
292 3.317426579391029
293 3.2640760108438633
294 3.321520932648746
295 3.332309877657935
296 3.3771905415720593
297 3.303629310237489
298 3.289837858116032
299 3.4598677724720934
300 3.3082317353457493
301 3.1437070946640175
302 3.308315167112679
303 3.248471140809792
304 3.306574871638096
305 3.2725627564843105
306 3.4274964089084023
307 3.438555918929657
308 3.3814553385342934
309 3.164056931236114
310 3.430459924595253
311 3.2895610435652958
312 3.247887624316235
313 3.377680750114433
314 3.598203626994171
315 3.4126014788417467
316 3.462041195286607
317 3.2980723603651776
318 3.4012988132377098
319 3.386841373387219
320 3.419472507781968
321 3.268732927349247
322 3.390835756685558
323 3.404461132729833
324 3.295832415745923
325 3.4081202695584802
326 3.3226892182330365
327 3.2404948412709826
328 3.325910006961835
329 3.462969799482798
330 3.348557077392356
331 3.374229106816453
332 3.2976418418691154
333 3.262699804320179
334 3.427884522722636
335 3.3450386754079364
336 3.262731457549288
337 3.244812664896179
338 3.4155437101060446
339 3.2981174245143157
340 3.407756364840918
341 3.352145787978477
342 3.3264937817007336
343 3.2654266719085587
344 3.3479956771462724
345 3.243084553104756
346 3.41080668839572
347 3.319601296091293
348 3.379499342149918
349 3.467088777306339
350 3.307494100458762
351 3.209607766678442
352 3.325663433397364
353 3.2489715557028185
354 3.369768018909211
355 3.343343075419705
356 3.2360215050647616
357 3.376426091214013
358 3.3561585039765083
359 3.420740791987177
360 3.4390410172719124
361 3.401036963477642
362 3.3469185242697113
363 3.3118008106393195
364 3.3767301938011056
365 3.4311840136361846
366 3.3714425991855634
367 3.3859377700651496
368 3.350676937007234
369 3.26701370138233
370 3.2753107967975352
371 3.2773411329629236
372 3.215108462594853
373 3.13683990019505
374 3.286342304219272
375 3.372654150693252
376 3.307271803539091
377 3.240168343939157
378 3.361566500206754
379 3.3909548627821566
380 3.3045759831495842
381 3.4407176144126934
382 3.5561917866457824
383 3.6541689981343985
384 3.674701647916993
385 3.321377568799659
386 3.456318031216524
387 3.2517048811080294
388 3.3466994919005066
389 3.2569740263747895
390 3.225203226681096
391 3.319027497650591
392 3.238894681311189
393 3.449206705490359
394 3.30464114487525
395 3.3123752580967096
396 3.408772172891199
397 3.1034112391237323
398 3.0905408353273756
399 3.4537820471322203
400 3.7566036461099235
401 3.920535162291032
402 4.026630178060623
403 4.0512272655160535
404 3.8620891628119876
405 3.847537746726944
406 3.3423610450955725
407 3.4212172525617244
408 3.3841695912508443
409 3.3004828839625993
410 3.2671454030950446
411 3.3138518039707505
412 3.1696753655744865
413 3.279926830780506
414 3.3094874695658842
415 3.3205893234702057
416 3.3306557428512993
417 3.3879306548001886
418 3.3249299011499502
419 3.280590104254541
420 3.429485733738827
421 3.408915089134861
422 3.424401621773569
423 3.424755577860479
424 3.354304870031406
425 3.365885077375528
426 3.4540609690117545
427 3.330035745646002
428 3.400718936200322
429 3.309694944098768
430 3.379255808540085
431 3.3499770144593732
432 3.4105205870180293
433 3.586237805240519
434 3.302843799484567
435 3.3799467421150107
436 3.242245973317659
437 3.3471726135523365
438 3.2993651184708086
439 3.340123236566885
440 3.4906862857781134
441 3.4535114873879404
442 3.3779956511606057
443 3.43651052960452
444 3.3984424922708754
445 3.2629747346684477
446 3.4285075073651097
447 3.3059665295657057
448 3.3576402062828854
449 3.386914240581109
450 3.536647914106244
451 3.4304410468989226
452 3.414930394365956
453 3.2865931196270934
454 3.295017091968374
455 3.2335895027686328
456 3.4240390837331436
457 3.318776053277271
458 3.326998742089257
459 3.249159470539758
460 3.3263074140358935
461 3.2689345036869515
462 3.2993832398761658
463 3.2458646807332756
464 3.3292640737476136
465 3.370443927316471
466 3.2723123442309627
467 3.2015758751269328
468 3.7723100477048646
469 3.413065570992965
470 3.5124808827312197
471 3.27023293174701
472 3.3936162598115502
473 3.33111367289651
474 3.4952795303966093
475 4.088510373209805
476 3.3624571427661794
477 3.3271189553315312
478 3.352441073559092
479 3.3726886963290035
480 3.465403917098685
481 3.2798498725196072
482 3.2425576454292018
483 3.246802799697609
484 3.4309170302896264
485 3.288060750408192
486 3.3325117506203434
487 3.450475874224409
488 3.26752255997577
489 3.3577904626066446
490 3.4328528246321137
491 3.3404050353837245
492 3.3682436008103465
493 3.4264652427043423
494 3.3516319569162243
495 3.293445252955786
496 3.4588582583008836
497 3.4945898935103545
498 3.4783734424100876
499 3.3652668607743434
500 3.2490129596239714
501 3.538021780493553
502 3.2952625355466063
503 3.2939129577605675
504 3.4027329823456323
505 3.3893406816060185
506 3.2619310409000293
507 3.3485124803864386
508 3.224157008491841
509 3.288620086785278
510 3.4162312661519163
511 3.289530828211232
512 3.4459253670629506
513 3.3310689927402346
514 3.1771150832577213
515 3.53997503396888
516 3.3603675687283117
517 3.4365833320768076
518 3.3006341829796755
519 3.409726253073123
520 3.2042142296012512
521 3.2934512594671266
522 3.272832764559892
523 3.2058115583499283
524 3.4124533283273606
525 3.3330283072918214
526 3.4105262563065613
527 3.4047249171957668
528 3.2143127701896836
529 3.52427855246856
530 3.2841009283948224
531 3.2883907512086674
532 3.2382382606913853
533 3.422872874912473
534 3.3608157683336546
535 3.2787315433911894
536 3.287619864429859
537 3.3313700785758926
538 3.238230933414604
539 3.4189543477518596
540 3.532230867325264
541 3.354764607106182
542 3.2495940171730133
543 3.6213027155125164
544 3.278250590896628
545 3.380109799799347
546 3.38699882752045
547 3.27445948129385
548 3.222615181507684
549 3.2584636742579867
550 3.295387374308679
551 3.253538800466261
552 3.241619250924783
553 3.3528701765470585
554 3.4752187677363042
555 3.2761439078885672
556 3.207094267028565
557 3.668400374276455
558 3.329494190449947
559 3.351839763568663
560 3.2188143325010063
561 3.3260975834622557
562 3.4333354562003997
563 3.4592231712677934
564 3.297521986401165
565 3.3980606159511013
566 3.4133650160969613
567 3.3932622772832763
568 3.4322068578165883
569 3.2863090198049494
570 3.278211992631367
571 3.3300215636257735
572 3.375303024635971
573 3.3895184285551814
574 3.2445612427102803
575 3.300188742180247
576 3.2640939006308294
577 3.295729483892966
578 3.3147443807978907
579 3.5288173438834045
580 3.349281654332269
581 3.3559846440051486
582 3.442801922327592
583 3.349040126014672
584 3.335866691610462
585 3.262822427959014
586 3.4503070590601532
587 3.2904097317103336
588 3.2453755038900107
589 3.2664657238816996
590 3.2922313342638576
591 3.3395321085391423
592 3.4070139161558415
593 3.288691889958243
594 3.2640280648244295
595 3.330927109990414
596 3.239545978055693
597 3.4488468861807924
598 3.517120828689066
599 3.332282916080686
600 3.4122644756087492
601 3.339981982065371
602 3.4106546670786906
603 3.4422294737014805
604 3.270695650858659
605 3.2240098240353285
606 3.285609837075191
607 3.3934621896118378
608 3.318277267014898
609 3.3625240202823945
610 3.4209948203196934
611 3.2943875540452026
612 3.3551166423338334
613 3.3239759041246857
614 3.2787939338309404
615 3.370821735519745
616 3.4247067042735613
617 3.4562338237828434
618 3.444031286502443
619 3.450184581334857
620 3.4723341875883547
621 3.5329591676401844
622 3.2792309243719036
623 3.446584927039362
624 3.307299994667187
625 3.3217613462646884
626 3.1915009881868532
627 3.212549496482779
628 3.5256745132567286
629 3.319092240471656
630 3.2254423550476763
631 3.316167015369433
632 3.468850757547785
633 3.306772664250395
634 3.3680297813135502
635 3.1705886497546243
636 3.3378426231976777
637 3.4187857246569897
638 3.2864766860998365
639 3.2770194187491217
640 3.4009695788148755
641 3.4014254942395468
642 3.1532756644339974
643 3.916077512636225
644 3.4255162122941822
645 3.209632846337778
646 3.401645046895024
647 3.288569634908819
648 3.532432108652465
649 3.560397965300126
650 3.3539234195601932
651 3.2698511049165995
652 3.3622579266260817
653 3.5645032147430276
654 3.225189390705399
655 3.283092740316811
656 3.6751406446101806
657 3.3218457745909626
658 3.3484627400013585
659 3.324138096386647
660 3.228722415161714
661 3.2701496612010277
662 3.6720321838489416
663 3.398420782198802
664 3.1876157910039264
665 3.207705455002019
666 3.2269709945898297
667 3.266003023100348
668 3.3835584417071436
669 3.4221984474628946
670 3.366192081890894
671 3.396322564444108
672 3.591821983489128
673 3.2156841678036923
674 3.4202590049073596
675 4.048638418035286
676 3.2684961013388905
677 3.2135800881901107
678 3.2522401621727792
679 3.302928516258245
680 3.5887273805427613
681 3.6715516888048567
682 3.927280740663854
683 3.7064015114668387
684 3.312331444279658
685 3.461818871042845
686 3.7685747124394884
687 4.003608268622079
688 3.3208060329794944
689 3.7034694289650383
690 3.6963845721717616
691 3.441075625113973
692 4.015192365853621
693 4.251267253876377
694 3.971540963055009
695 3.464156344434383
696 3.4529656308781296
697 3.7504303261252914
698 3.3097893945404553
699 3.85021770991106
700 3.742924545383992
701 3.854814278635597
702 3.478682476753185
703 3.3095246470262096
704 3.2531890155091117
705 3.2768196715416824
706 3.245954757441775
707 3.3664625544678537
708 3.2969138317886557
709 3.227298582623952
710 3.4932535924670036
711 3.3054520866748085
712 3.554447108592879
713 3.3547994849524088
714 3.2283702498890734
715 3.274431096824648
716 3.3420844252355417
717 3.3234384975664164
718 3.3719388419273195
719 3.284843637051073
720 3.409150373864671
721 3.225240605975433
722 3.2105229059955356
723 3.2737186964389746
724 3.424352569576497
725 3.246792393600972
726 3.243598879873968
727 3.588045333477814
728 3.3341247417358715
729 3.4353118607342443
730 3.558338447189417
731 3.378343245162424
732 3.2203588528346607
733 3.214855579418533
734 3.551916885834375
735 3.6810295111044593
736 3.2975300577016102
737 3.3001219567203166
738 3.8243643797934923
739 3.251564120030275
740 3.548979512456349
741 3.1688251773980736
742 3.153641959938459
743 3.2949189823986793
744 3.4292907568035442
745 3.269347667078226
746 3.4643371002397094
747 3.2683517789467165
748 3.198340435327779
749 3.0517921929460194
750 3.121967218793164
751 3.2278256454129086
752 3.15689830995376
753 3.248247537034361
754 3.3009587509619838
755 3.3092485666418088
756 3.151862685427096
757 3.081356099976202
758 3.3392840792921756
759 3.141706613038135
760 3.429716413291139
761 3.2962019970571657
762 3.3509710598652633
763 3.172053052251402
764 3.127455730029182
765 3.4699352933336356
766 3.331288969044638
767 3.6723266739769627
768 3.3126807214360636
769 3.333466564136542
770 3.290529635822722
771 3.447300992223794
772 3.314943721383909
773 3.3806363271167568
774 3.406535574669749
775 3.3358000449536234
776 3.397734525748913
777 3.336031775578036
778 3.4221585611288576
779 3.320471538796807
780 3.306984287504613
781 3.339861139313372
782 3.4540817702948887
783 3.3492858192466692
784 3.3752016152929074
785 3.382762121756025
786 3.4735189074083954
787 3.591315927304978
788 3.2020079518039166
789 3.2702114164163456
790 3.3135673054670396
791 3.381998573662155
792 3.6109374973408346
793 3.492606716188423
794 3.411968835482394
795 3.3240737865417564
796 3.2882377432739776
797 3.2810168445494474
798 3.293108241482422
799 3.268789581598694
800 3.1956112432666868
801 3.3925401567921547
802 3.1957945647460235
803 3.3225630344411505
804 3.2625076943103366
805 3.5015413779377953
806 3.4590957298670753
807 3.4561990703130663
808 3.237294526690403
809 3.158615661100622
810 3.3659262477330882
811 3.341132152709401
812 3.363904045298931
813 3.2705106354601607
814 3.4049224358639703
815 3.360739576568474
816 3.2677188099433017
817 3.5749019184709767
818 3.529172795410633
819 3.2283058240477254
820 3.4302900333681943
821 3.3920652185867644
822 3.1096709239689626
823 3.321035617617809
824 3.4217946233735343
825 3.2544924705652645
826 3.4943245877023967
827 3.227866179961638
828 3.266505805129043
829 3.370151649706526
830 3.5983454746300305
831 3.2958984791300003
832 3.375472208710264
833 3.477936812144473
834 3.286394310341173
835 3.295962255109936
836 3.325099147359995
837 3.5402190078850757
838 3.4781183470627006
839 3.7860762462524904
840 3.2075246042786594
841 3.313608435152786
842 3.3844902195289546
843 3.3445833835284846
844 3.4170498130181755
845 3.1831563670265357
846 3.3181031308205764
847 3.3449472074377082
848 3.30829229879648
849 3.3579630295046132
850 3.23175740895405
851 3.2219231396589176
852 3.476594570937505
853 3.4783751238008054
854 3.332171751346676
855 3.570798630880798
856 3.4693390348372946
857 3.4628573651865158
858 3.509097643498741
859 3.388216123990763
860 3.36887453223038
861 3.2438868041117863
862 3.2666734277395855
863 3.4267118022680942
864 3.2903203023943246
865 3.3180723014887152
866 3.2759792504878993
867 3.554141082382166
868 3.321765333637766
869 3.3468655612818994
870 3.3312213544342977
871 3.273422560593501
872 3.307844734968588
873 3.622927246451677
874 3.3726580078408728
875 3.5037697975188005
876 3.3542681905185323
877 3.5587720460991563
878 3.3153660749718634
879 3.3014131816508625
880 3.405173976312153
881 3.314732166981115
882 3.659206027586399
883 3.6869316094328446
884 3.1313530697322873
885 3.2401565200367415
886 3.346038745369553
887 3.251726749886825
888 3.352852688896899
889 3.2853822564790596
890 3.355049817483665
891 3.294368820171537
892 3.35056994104292
893 3.4371158227359513
894 3.4913947275217927
895 3.1710154939038206
896 3.1708893249175056
897 3.283510085822336
898 3.5681349163000657
899 3.6811846020413084
900 3.302627304023709
901 3.277328535923319
902 3.351651047911593
903 3.2710837440159093
904 3.215518501843888
905 3.6192309082825074
906 3.3305812701671176
907 3.291198368144613
908 3.320744304834488
909 3.3000275648208657
910 3.2991991988621785
911 3.390624958413223
912 3.3383408625461173
913 3.3630066145164363
914 3.41734532391453
915 3.2826418195351565
916 3.4303500291764983
917 3.3856071796400276
918 3.4985680339212646
919 3.2353656039306466
920 3.279920529943404
921 3.253227160559453
922 3.20736876749677
923 3.769531932423782
924 3.8517198518861426
925 3.451314469484271
926 3.3712837140358247
927 3.327989191885766
928 3.225139286147959
929 3.4058871261095183
930 3.371303343041502
931 3.921564098397652
932 5.581051925405828
933 6.159791222892493
934 7.839987670932223
935 8.927533931439735
936 9.058640601723313
937 7.471533124861549
938 7.920253318667311
939 7.956517940016025
940 5.7273004378294665
941 5.786570657634265
942 6.28473261370144
943 6.980731553186211
944 7.309342760401712
945 6.14282581693823
946 7.159385216655306
947 6.715729348344657
948 5.97094889993667
949 6.086710694037116
950 5.6004657430730145
951 5.62879007259675
952 5.553827000317335
953 3.941815608602844
954 4.091321358398325
955 4.031000921541278
956 3.9859830258790785
957 4.122348362299801
958 4.315160555176713
959 4.906085831538925
960 4.225008315034888
961 4.211488450159313
962 3.9895703099635624
963 4.6283563954861044
964 4.161581211203884
965 4.028787490979694
966 4.28466112442868
967 4.453678473049545
968 4.310553299678128
969 4.068724082429417
970 4.237762812753189
971 4.170942188115387
972 4.229225097103935
973 4.294960853206712
974 4.066600463436573
975 4.132283702845996
976 3.9760610417281645
977 4.420495800892708
978 4.139343883385003
979 4.212088955542931
980 4.4589787432552574
981 4.375427499261099
982 4.189104830516304
983 4.751983161671363
984 5.755974567208036
985 6.126833199728722
986 4.9559324802745905
987 4.639724688305639
988 4.318773734324747
989 4.253296978596772
990 6.134698790957168
991 5.459335485213307
992 5.380588758627264
993 4.1314029563392936
994 4.3612095248798735
995 4.136698364060218
996 4.149199701529422
997 4.144066705796068
998 4.170673527379476
999 4.128522640280538
1000 4.348140684796478
1001 4.244826513187239
1002 4.095277926479839
1003 4.0794829171713465
1004 4.359855318693346
1005 3.737485134310112
1006 3.9740976790014693
1007 3.912422441895343
1008 4.127935987400977
1009 4.002725696169117
1010 3.7718281718183615
1011 3.91156213665743
1012 4.353586190206559
1013 4.446426991545489
1014 4.232906038939894
1015 4.2982598301454065
1016 4.235890340591809
1017 4.225903061485328
1018 4.201711675542656
1019 4.050724194316621
1020 4.318444773987314
1021 4.194939392568215
1022 4.322318375498023
1023 4.2666195361707295
1024 4.169670927591971
1025 4.080158551151777
1026 4.367698950511432
1027 4.107896372251834
1028 4.30301008357218
1029 4.216442431115813
1030 4.177894152913401
1031 4.3307458754847525
1032 4.246778899470045
1033 4.189558576745497
1034 4.128393660993522
1035 4.256043278833343
1036 4.0117565698781785
1037 4.106528348028665
1038 4.401371594521821
1039 4.407933810314511
1040 4.093439460608707
1041 3.9620241827559544
1042 4.271778932156078
1043 4.381793325434982
1044 4.188457708932312
1045 4.290636837104622
1046 4.180091798780696
1047 4.221331668653089
1048 4.157099326711628
1049 4.547880904127731
1050 4.306633484273652
1051 3.881567185568588
1052 4.172385923625044
1053 4.13008007548751
1054 4.126481855348455
1055 4.277174575233178
1056 4.13758092255065
1057 4.160265834503734
1058 4.1209220810785725
1059 3.9537174436209774
1060 4.326991201545976
1061 4.251128922669685
1062 4.035004964218144
1063 4.135484397923176
1064 4.425593392020531
1065 4.251392505831208
1066 4.359220261853921
1067 4.487323208112754
1068 4.3038219850626565
1069 4.2465744800440595
1070 4.134352843951681
1071 3.879222706909054
1072 4.196418422873122
1073 4.289712804524398
1074 4.233638175488866
1075 4.2046096774625275
1076 4.1806214349583
1077 3.698633993875751
1078 4.082096153138569
1079 4.153218900663384
1080 4.081559323931867
1081 4.223024547375639
1082 4.397263964902649
1083 4.050549273711587
1084 4.148103641738379
1085 4.306471959996906
1086 4.0821211405655005
1087 4.268752874671243
1088 4.136623353956635
1089 4.09688358940777
1090 3.9302385081788946
1091 4.119023399137405
1092 4.039620635478835
1093 3.9554152471793427
1094 4.355784822607404
1095 3.83645335093419
1096 5.451535080667288
1097 5.9752056385747325
1098 6.238376175039673
1099 6.424544462510312
1100 5.646040560213521
1101 6.052774247597946
1102 5.525851585945176
1103 5.338806649662804
1104 5.820031343264466
1105 7.079108952495886
1106 5.828824511252026
1107 5.339316024024969
1108 6.742794884489398
1109 6.1423733759858585
1110 5.902720355187292
1111 5.227747135099234
1112 5.324876677686671
1113 5.604954649342071
1114 4.901284258951053
1115 5.455914235115294
1116 5.340236904265889
1117 6.044714328366355
1118 5.784377364886435
1119 6.069873225864227
1120 5.807232814321137
1121 7.962197704393531
1122 7.878493424383749
1123 7.672435727428089
1124 7.594782046193297
1125 7.093097629273707
1126 8.037890240539253
1127 7.537619998130149
1128 8.021193540362654
1129 7.502582575073563
1130 8.849845220303665
1131 8.187451465160686
1132 7.737224366548313
1133 7.772165542118526
1134 5.530952301430876
1135 5.4101294112923854
1136 5.232181516432399
1137 5.699703843645968
1138 6.345794108204163
1139 6.7095117951704335
1140 5.677038747806251
1141 7.465268135708118
1142 7.839552980053185
1143 7.50278285581105
1144 8.14331100441957
1145 7.319992490034446
1146 7.693465674096713
1147 7.834299543216979
1148 7.70778615021955
1149 8.061691657483626
1150 7.547207473962406
1151 8.175112038730944
1152 8.238866612402177
1153 7.789635974990516
1154 8.429817444887814
1155 8.055557926936768
1156 8.12349247434043
1157 6.325149846861306
1158 6.202351033331405
1159 6.54764291917027
1160 5.996153810790942
1161 6.190501360074007
1162 6.520918785056453
1163 6.1423870979075605
1164 5.803213252190831
1165 5.6797781019603875
1166 6.201290430083991
1167 4.786156525847013
1168 5.702628710819407
1169 3.8636795595778493
1170 4.319542153347771
1171 4.287345113586057
1172 4.347049367134479
1173 4.062941717260012
1174 4.0393965940396095
1175 4.162684453393633
1176 4.290591816800224
1177 4.164078948368222
1178 4.346773844921408
1179 4.049391384761143
1180 4.966715125573279
1181 6.387143029165519
1182 6.687416856003509
1183 6.08883211524423
1184 5.872407744233456
1185 4.9699789705335204
1186 5.350418187874279
1187 5.46989771590252
1188 6.205461396274275
1189 5.808693464642248
1190 6.089186534133367
1191 6.2544326936457395
1192 6.234215144333831
1193 6.0893354384507035
1194 7.3726428426404675
1195 7.575832960657848
1196 6.700913523505633
1197 6.287435296119544
1198 8.2001541490102
1199 8.539799299237524
1200 8.115399202810963
1201 8.731002601923947
1202 7.706698459531843
1203 8.167264313651238
1204 7.810848812955549
1205 7.865896518087638
1206 8.179094744473657
1207 7.640358699185053
1208 8.106804703139437
1209 7.720135351351919
1210 6.601558772239237
1211 7.9635144922955705
1212 7.292747204269114
1213 6.949116612128803
1214 7.037910249160554
1215 7.564849076060439
1216 6.384072054019302
1217 6.523761060880137
1218 6.451415697385453
1219 8.756668912915286
1220 7.413802946323109
1221 6.775218479199936
1222 7.919049813472303
1223 8.644160535297399
1224 9.25678304637804
1225 9.302332852522731
1226 8.275703468977358
1227 8.152738680598048
1228 8.294076282396583
1229 6.840627567634412
1230 8.50281696008041
1231 7.26491305449927
1232 7.0105537398114635
1233 8.467896687661979
1234 8.876997138346749
1235 8.256961367418791
1236 8.326808240312738
1237 9.188315686370633
1238 8.670436486137916
1239 9.506450622987778
1240 8.055858939944976
1241 7.856155113444465
1242 7.926621408782736
1243 9.269272709514876
1244 8.679672981823447
1245 9.818245962623962
1246 9.479084020747136
1247 9.62152212986897
1248 8.18113295718418
1249 8.008911036453446
1250 8.102167870781008
1251 8.399969922657496
1252 7.658549056540189
1253 8.476120657814228
1254 7.535904558629453
1255 8.621981122098898
1256 7.2636955601505155
1257 7.525045841611024
1258 8.104484291866084
1259 8.155599164883817
1260 6.62353920001356
1261 6.573605018114206
1262 6.079606978016924
1263 7.478260229183162
1264 9.025090906714281
1265 7.930856735349615
1266 8.099372742967105
1267 7.230745964200426
1268 6.563780365501162
1269 6.238010912657679
1270 5.7900052694669295
1271 8.059580017833248
1272 8.038232186582782
1273 8.217904044714816
1274 7.213076374528533
1275 7.420303235079005
1276 8.506473928379695
1277 8.06309582028798
1278 8.2696251288145
1279 7.204491331077842
1280 7.390199241495968
1281 7.857144573280961
1282 7.302857959775075
1283 8.539200502029878
1284 7.830298577091869
1285 7.231378561106924
1286 6.847416779226412
1287 7.299643657293186
1288 7.328342222508009
1289 7.168096783471002
1290 5.993797765840109
1291 6.76252493288061
1292 8.281832447444412
1293 7.606829172261943
1294 8.928484232837722
1295 8.405113225033668
1296 8.852035220163977
1297 9.472511673916083
1298 9.673706491328772
1299 9.827246244658307
1300 9.040169594764539
1301 7.523898806055076
1302 7.15095673969291
1303 8.52826123258045
1304 8.83887303307201
1305 8.461462862364469
1306 7.765409051109716
1307 9.068073152799176
1308 8.391154367213705
1309 8.913991402111158
1310 9.02193582969984
1311 9.6563395462405
1312 9.88533249889209
1313 10.123017243185071
1314 8.577766114087817
1315 9.60629490340603
1316 8.794851056492268
1317 7.0130735513208435
1318 9.347604329042392
1319 9.256427948018707
1320 8.642322926101869
1321 9.049218040570425
1322 8.088394189786845
1323 9.042904570553382
1324 9.392624122475619
1325 8.607630686727468
1326 8.450116488127167
1327 7.96515463810763
1328 8.40190820577516
1329 9.26740541360181
1330 7.959718495173
1331 7.039898659947941
1332 8.37119142243137
1333 6.575837031886667
1334 7.2564850147499955
1335 9.161899605929506
1336 9.14535727696752
1337 9.431777051691816
1338 8.498983795415434
1339 8.991852141417993
1340 7.673221159693595
1341 7.700582190505632
1342 7.335493301589384
1343 5.838188532246739
1344 4.185702256942535
1345 5.5095346242481495
1346 5.610452625432434
1347 5.939421181270644
1348 6.038970076872014
1349 6.535886042468711
1350 7.797018722128763
1351 7.526846753598676
1352 9.020448206831963
1353 7.489187061405721
1354 7.789732597882582
1355 9.2241798440494
1356 7.102693598553459
1357 6.974585175147651
1358 7.347408671048307
1359 5.999221343169433
1360 5.050545023430358
1361 6.110076452213395
1362 5.369890032437148
1363 5.883211140882942
1364 5.742073098352585
1365 6.319250896394877
1366 5.935724750715578
1367 5.5333321334750085
1368 5.685661968176731
1369 5.431995596218402
1370 6.07738663190035
1371 6.79410454633373
1372 6.169619495152208
1373 6.449394722659792
1374 7.898856185104397
1375 6.795264721381622
1376 6.169929189698464
1377 7.967754534529718
1378 8.683411918661061
1379 7.803799688489833
1380 7.08736010357281
1381 8.010264608888525
1382 8.486873224436833
1383 7.648149967243429
1384 7.608186688014304
1385 8.546243374985073
1386 8.1343893532952
1387 8.17200990609143
1388 6.9149789481505675
1389 6.560689273669096
1390 8.213923309599108
1391 6.835205861947885
1392 5.871983282027287
1393 6.7149315772036795
1394 7.58549668117909
1395 8.043509278629541
1396 8.899973490526436
1397 7.5242899815093
1398 6.968454971274341
1399 8.232119315453467
1400 7.8634786960999365
1401 8.870012839922348
1402 8.832541372666805
1403 8.840880136069815
1404 7.903448433491478
1405 6.474528973482468
1406 8.628977923477933
1407 9.179788998595452
1408 8.127707249841093
1409 8.577810727320218
1410 8.072398902519517
1411 6.651730553551071
1412 5.041122408107346
1413 5.574350396641385
1414 5.496178894265695
1415 6.067084695988832
1416 7.601091919977836
1417 5.45139670893635
1418 6.028502569781796
1419 6.945932884008858
1420 7.673830597098226
1421 5.744128863522353
1422 5.76464764668726
1423 5.55451518345625
1424 5.973347290912682
1425 6.601691111506346
1426 6.043327374702949
1427 5.4704408548863555
1428 4.971834297465318
1429 5.340671599157173
1430 5.520636440751194
1431 4.114758785452784
1432 3.950910893878483
1433 3.9108057948160866
1434 4.227078033792078
1435 3.856133249968407
1436 3.9128845295387804
1437 3.9880358826302804
1438 3.6933425619205185
1439 4.0065726218299815
1440 3.7402892661691998
1441 3.885120456823956
1442 4.089956322006013
1443 4.216154020243486
1444 4.0565351248376
1445 4.092853816585179
1446 4.102633988859154
1447 4.295394201400671
1448 3.857912751864122
1449 4.304609152036516
1450 4.066607350868768
1451 4.232936442685706
1452 4.23135461556151
1453 4.400066997184748
1454 4.130404202156756
1455 4.318394888886666
1456 4.27664952479553
1457 4.137087148950562
1458 4.325294190788227
1459 4.172184388650482
1460 3.893756166977791
1461 3.9087017366929615
1462 3.994441815733087
1463 4.059392368601655
1464 4.244565508105426
1465 4.058646004981512
1466 4.087109619228051
1467 4.276307851960642
1468 4.163651415111267
1469 4.068818746607015
1470 4.295610555705053
1471 3.974023375247813
1472 3.9262820447265896
1473 3.905321347000425
1474 4.841921330328194
1475 4.18328993267858
1476 3.9592958511085543
1477 4.488545094219425
1478 4.0771501402818116
1479 4.224948152236261
1480 4.090475950535525
1481 4.793931154964263
1482 4.325648042355089
1483 3.8104515674078168
1484 4.413243169137119
1485 4.048922168950897
1486 4.150044296137555
1487 3.94914540289175
1488 3.977189096717125
1489 4.193893488444592
1490 4.0788483056336435
1491 4.022333942034886
1492 4.34451308255127
1493 4.191031467794867
1494 4.178351842954869
1495 4.056808954371463
1496 3.9743248366831545
1497 4.252172080548095
1498 4.229741030531119
1499 4.041164191522389
1500 3.832885943747869
1501 4.112040338920338
1502 4.098704520384033
1503 4.3865258593045136
1504 4.0912457387298815
1505 4.0773914224005
1506 4.156920250061224
1507 4.303652383252968
1508 4.225312988054434
1509 4.0792984592726045
1510 4.918542732283911
1511 4.844851825879413
1512 4.386592689419095
1513 4.456250531850225
1514 4.078647815693935
1515 4.007922550926691
1516 4.09514871857618
1517 4.302853125439927
1518 4.489221481193149
1519 4.316620412984086
1520 4.216235128974689
1521 4.659768972774838
1522 4.9587560540104745
1523 4.2356567654150235
1524 4.2628653241426
1525 4.111613251921949
1526 4.251544870212363
1527 4.270592038321856
1528 4.045169285939474
1529 4.235602737169641
1530 4.12353645227102
1531 4.2215546524037855
1532 4.130589600295361
1533 4.430469439167285
1534 4.147656888378594
1535 4.163241598878616
1536 4.119801567749607
1537 4.145609439989785
1538 4.157490702821587
1539 4.080719095036151
1540 4.286744124362481
1541 4.014443272361647
1542 4.1605967499555225
1543 3.926437000404421
1544 4.312391658473175
1545 4.252671033036251
1546 4.24847642048539
1547 4.181445360174866
1548 4.151040611473459
1549 4.104799136343612
1550 4.076807403666463
1551 4.122987859800353
1552 4.004577842744907
1553 4.065088577208935
1554 3.974508046908045
1555 4.296107346842802
1556 4.086549715919143
1557 4.218878114170338
1558 4.061998801961182
1559 4.131432636049514
1560 4.170178083897268
1561 4.3446617506244625
1562 3.8704803177789877
1563 4.183283924435026
1564 4.206279685429108
1565 4.030796255311825
1566 4.087632432739876
1567 4.230952728458352
1568 4.091668434007455
1569 4.140891184821
1570 4.157840973247186
1571 3.787354207104412
1572 3.9272151453167004
1573 4.143180049596095
1574 4.187561118793076
1575 4.183337450588319
1576 4.143699178256259
1577 4.305461008008532
1578 4.152201049096758
1579 4.182668761495573
1580 4.358451085291527
1581 4.136002294075437
1582 4.154868696591907
1583 4.087138294946428
1584 4.240631589028633
1585 4.554248000898521
1586 4.290998584131596
1587 4.176553574843732
1588 4.209501467924725
1589 4.282228324240908
1590 3.9898542463905176
1591 4.000933797209302
1592 4.438604470337945
1593 4.337759472813894
1594 4.250319205054207
1595 4.234099435302798
1596 4.34152250877845
1597 4.202219727538739
1598 4.084187860846296
1599 3.8975360560774774
1600 4.305792287713741
1601 4.310412883110698
1602 4.2638465714102765
1603 4.128895885668663
1604 4.120716979065307
1605 4.152231074181248
1606 4.322440425852063
1607 4.252084238419551
1608 4.080684178991688
1609 4.076789435962423
1610 4.138577115880206
1611 4.262456145301499
1612 4.053896314692816
1613 4.086572925962418
1614 4.05401900851681
1615 4.1227861871236655
1616 4.301825897948383
1617 4.15018000268316
1618 4.260160802654654
1619 4.28317260399689
1620 4.040837047024762
1621 4.1785339286527545
1622 4.183465361585859
1623 4.2298640444040485
1624 4.240325473867436
1625 4.265789974344875
1626 4.1352618525100295
1627 4.171139446967557
1628 4.239615516358293
1629 4.330612791836876
1630 4.266672644961308
1631 4.327824223805319
1632 4.151259118337305
1633 4.533785938757467
1634 3.9787959233001042
1635 4.146632664697463
1636 4.014608974155124
1637 4.012910644574396
1638 4.156274340328549
1639 4.26395210877245
1640 4.15441364235332
1641 4.252361274812735
1642 3.9547269314166336
1643 4.210582795317692
1644 4.1365211450642
1645 4.218010260195353
1646 4.21848312311861
1647 4.2842141601678065
1648 4.10321449814856
1649 4.2211540822153495
1650 4.2297857947295325
1651 4.223437074217191
1652 4.267725469257084
1653 4.26743693477057
1654 4.30866952650247
1655 4.196923405983195
1656 4.275842166050874
1657 4.278360456296854
1658 4.356885668699217
1659 4.000024072822369
1660 3.834891695448255
1661 4.653333748663592
1662 4.191024844757327
1663 4.186523242727633
1664 4.080678602356802
1665 4.011361705632248
1666 4.076914970692323
1667 4.154645080241827
1668 4.2107774136833696
1669 4.200424802802842
1670 4.175443983755066
1671 4.147076565306084
1672 4.4076154559066465
1673 4.221235459726661
1674 4.06334654884794
1675 4.1301666237929116
1676 4.31471475067921
1677 4.181363268074783
1678 4.754178192129135
1679 4.46342561001508
1680 4.120993349178455
1681 4.203085806956925
1682 4.27556422661823
1683 4.183393342999932
1684 4.344529311900769
1685 3.94459244989613
1686 4.177644505276666
1687 4.03699747340895
1688 4.1509023144394925
1689 3.93179988214626
1690 4.365108143161649
1691 4.214803771768478
1692 4.295018607557278
1693 4.380576425146379
1694 3.992431476691308
1695 3.9043694000337537
1696 4.144542827978303
1697 3.8260314150139263
1698 3.984910035305089
1699 4.038415532990013
1700 4.086175622114765
1701 3.9537931599280864
1702 4.015721859009436
1703 3.866612284129289
1704 4.14442506975474
1705 4.397431994963893
1706 4.096210762340158
1707 4.335218865212229
1708 4.27995715235602
1709 4.098422770628726
1710 4.127477115659582
1711 4.16256875090353
1712 3.9584975896814343
1713 4.198175351961827
1714 3.8870988495296155
1715 3.9515252079049614
1716 4.239324111622374
1717 4.076701533238407
1718 4.1432184914488115
1719 4.734672733838686
1720 5.593027799325146
1721 5.444708771339344
1722 5.973281945163581
1723 5.421650080749149
1724 6.223863109282666
1725 5.090064006253685
1726 4.023476951805648
1727 4.045609839534078
1728 4.009545002927744
1729 4.241214190970945
1730 4.162134899649572
1731 4.156141594020513
1732 4.1900958176278085
1733 4.108424323097901
1734 4.249918000451788
1735 4.2921258915226606
1736 3.929055336555177
1737 4.384980320604267
1738 4.409589328498356
1739 4.301315044944006
1740 4.070507184936372
1741 4.089316746375955
1742 4.275730009252829
1743 3.9332319793953627
1744 4.1007253122493195
1745 4.169646861320546
1746 3.946037798031405
1747 4.211281813553377
1748 4.115169596328427
1749 4.06818203829871
1750 4.236340011767803
1751 3.967832603157545
1752 4.10689199106241
1753 4.164322793053892
1754 4.014069752540017
1755 3.9327577234197424
1756 4.033557482196164
1757 3.8101089131144876
1758 4.071419013123009
1759 3.9403436189015277
1760 4.134205648525144
1761 4.234599589106018
1762 4.3099835815700684
1763 4.052319863987319
1764 4.056202582908471
1765 4.093668807046214
1766 4.310349599908165
1767 4.235889831151629
1768 4.331592551250466
1769 4.42864681889866
1770 4.135600081815149
1771 3.8755113374291925
1772 4.345718844693819
1773 4.219167298963358
1774 4.388167682786898
1775 4.125505550274403
1776 4.206835659996289
1777 4.17556890595743
1778 4.265307887922177
1779 4.331898789195827
1780 4.502876502894379
1781 4.209279641994408
1782 4.379258961847365
1783 4.188492361871297
1784 3.940275141684252
1785 3.986484710493779
1786 4.053466217875606
1787 4.235628262288154
1788 3.9802027435423644
1789 4.083790823124973
1790 4.005315948807568
1791 4.123589000472558
1792 3.9707851406875263
1793 4.217065694607073
1794 4.308132080516734
1795 4.130602606710681
1796 4.099086067368391
1797 4.069587878072872
1798 4.0136518763406315
1799 4.41474993432303
1800 4.094484419630615
1801 4.121626125438067
1802 3.7787100206354456
1803 3.9639827331543502
1804 3.8947154833145
1805 3.8515441917934865
1806 3.897369411143768
1807 4.109755954017861
1808 4.001632643810159
1809 3.9701035367052278
1810 4.101289115347786
1811 4.115452582573083
1812 4.303135880534216
1813 4.148406772433831
1814 3.8334583645084486
1815 4.158731662976926
1816 4.189199512166351
1817 4.207222352100933
1818 4.569878339912629
1819 5.739588071482512
1820 3.8271407978252854
1821 3.9672526478973666
1822 3.9516858621994415
1823 3.895322879618533
1824 3.9935586051199685
1825 4.20823240108154
1826 4.139661814797954
1827 3.9677039025205403
1828 4.041381421951507
1829 4.092464465180495
1830 3.995882684801627
1831 3.9683306217586662
1832 3.950152142587602
1833 4.057364975602837
1834 4.60961455910179
1835 3.983463529379122
1836 4.044411242409664
1837 4.066163784103932
1838 4.095270804171842
1839 3.828773928601133
1840 4.146424294430747
1841 3.9788448461837675
1842 4.20888400369845
1843 3.9422863246608646
1844 4.021597188139747
1845 4.1741145127682335
1846 4.205074518423883
1847 4.237508871293789
1848 3.987802140863645
1849 4.109380871679213
1850 4.198564334532691
1851 4.231161820943326
1852 4.196539418208802
1853 4.206115928811895
1854 4.117452137205206
1855 4.126064037701011
1856 4.4208056171265335
1857 4.415687241230707
1858 6.035830016573098
1859 3.9615152808109193
1860 4.039137480837963
1861 3.749551002015767
1862 3.9237705035408403
1863 3.812982809403581
1864 3.9493327285815285
1865 3.718678267155004
1866 4.312856428932467
1867 3.738632568814171
1868 3.9108678637922756
1869 3.7508515075761046
1870 3.9274518237553155
1871 3.821197934048672
1872 3.7598354062831487
1873 4.002301615496786
1874 3.850036518063308
1875 3.792844803068153
1876 3.9186927149149993
1877 3.7680417352255167
1878 4.0138355021613545
1879 3.987161192383513
1880 4.04776966532268
1881 3.9911593713703994
1882 4.0809881021138015
1883 3.8872592134074058
1884 4.432014748887011
1885 5.265965180045556
1886 6.294876750043901
1887 5.791012456784842
1888 5.7676229893656865
1889 3.9638524241061126
1890 4.0391959876800225
1891 4.08779330356349
1892 4.098844398502905
1893 4.2337073789805215
1894 4.259090648859771
1895 3.8330600279211624
1896 4.177189719298228
1897 4.323151280332135
1898 3.837675204899617
1899 4.325695374359745
1900 4.044587746549669
1901 4.062870949005702
1902 4.047277201693489
1903 4.082689960938955
1904 4.000525972291056
1905 4.428384746683249
1906 4.1785757725508255
1907 4.154096114995915
1908 4.030732776648598
1909 4.137750758518619
1910 3.9654867258747517
1911 4.023853323683804
1912 4.130223868123539
1913 3.994370222396974
1914 3.918100727850844
1915 4.119006860216002
1916 3.8418320977664613
1917 3.840753584138045
1918 4.189052631855216
1919 4.1758821797401575
1920 4.105630243310872
1921 3.9667277888730896
1922 4.136055418881562
1923 3.9627217450646794
1924 4.18599313932577
1925 3.9958197035227148
1926 3.9398130089964334
1927 4.132877193965506
1928 3.7500828638966417
1929 3.9784058732924357
1930 3.82609498803884
1931 3.9628705630840297
1932 3.981928819922176
1933 3.942937507675128
1934 3.9028529796145257
1935 4.2822912407867735
1936 3.8975341442064826
1937 4.067491724991911
1938 4.341009536597061
1939 4.0548207454907494
1940 4.0714507339647845
1941 4.175433024930922
1942 4.339806397707929
1943 4.199505168971478
1944 4.519499539892577
1945 4.184288800577143
1946 4.2592549903489685
1947 4.157474276273998
1948 3.887949504532717
1949 3.8909948499509683
1950 4.1955643773623095
1951 4.056850092458261
1952 4.263735327418153
1953 4.241500082813063
1954 4.11483129871022
1955 4.999920947090414
1956 6.617909286251246
1957 6.897304138479691
1958 6.307253337987323
1959 6.2299077994989265
1960 7.284642131325251
1961 7.663261287029328
1962 6.920527411250561
1963 7.539377096721076
1964 7.676905138750672
1965 8.440011001391404
1966 7.321747102425321
1967 7.440933320168665
1968 7.569672176083751
1969 6.710819858887058
1970 8.263449723319223
1971 7.63002045770724
1972 7.740352748850957
1973 7.829553529318334
1974 8.155932103359097
1975 8.56143379279713
1976 6.230022046354819
1977 6.1540139282453055
1978 5.9609066731523175
1979 5.083334198290548
1980 5.353949337603038
1981 6.090316525017116
1982 5.405682329284234
1983 5.973708717730965
1984 6.58818403863432
1985 6.477926399354855
1986 7.875044868453762
1987 8.62289539809869
1988 7.887700179477061
1989 8.109650608446314
1990 6.656487637783912
1991 5.35711168863212
1992 5.585208284251798
1993 5.972423432664525
1994 7.331437019657329
1995 6.012963898948764
1996 8.413380913740239
1997 6.7180225241712925
1998 7.646530638492175
1999 9.020294390743977
2000 8.301254527499326
2001 8.630025223920827
2002 7.711340476887758
2003 8.176897540166769
2004 8.508854915806563
2005 6.4548824173699195
2006 7.607918681344976
2007 8.108395060150642
2008 8.86160450974044
2009 7.293030080091412
2010 5.583295605143373
2011 7.389614923581972
2012 6.375404702131269
2013 8.893993173603612
2014 8.432886869030636
2015 9.78683454286626
2016 9.675868218682485
2017 8.237489402265034
2018 9.268826043049808
2019 7.730612685768486
2020 8.073088122842316
2021 8.519284279267735
2022 8.317051232092219
2023 8.634648751743358
2024 7.775239012829721
2025 8.123260811924892
2026 8.365943903550276
2027 7.791534264784515
2028 6.992313649853151
2029 7.786013618278452
2030 8.00799866170031
2031 8.451956542886842
2032 6.0292850177968225
2033 4.154838197656503
2034 4.28308098473215
2035 3.9949314148759414
2036 4.197579750328562
2037 4.412595519420883
2038 4.269073115245026
2039 3.8472580232510443
2040 3.7647368406527524
2041 4.462647874470398
2042 4.326243644708728
2043 4.115129732792903
2044 4.009812870923739
2045 4.074138586618549
2046 4.517113176094899
2047 4.6011942517766435
2048 4.276070513046104
2049 4.123952051027026
2050 4.275967237664909
2051 4.038998522600261
2052 4.28647224048809
2053 3.9334825605493138
2054 3.8959266925592972
2055 3.9875474985162755
2056 4.348116899851149
2057 4.21631105963121
2058 4.143027614883931
2059 3.9753195979960845
2060 4.015629647486161
2061 4.337263802936824
2062 4.411309072557395
2063 3.9552671011329346
2064 4.243575008068928
2065 4.1724318136557805
2066 4.129456209525718
2067 5.007483370685559
2068 5.660784208333808
2069 4.145758256726487
2070 4.144552204229145
2071 4.281597608287123
2072 4.205151627281487
2073 4.2979599214017385
2074 4.273254358413658
2075 4.071794354570596
2076 4.318895587987005
2077 4.055464142927016
2078 3.9163637892961276
2079 3.9209448269923306
2080 4.392276648175178
2081 3.9151876957301894
2082 4.0544129006393606
2083 3.9492994290955994
2084 3.9339488096599897
2085 4.686461309328249
2086 4.23768778257193
2087 4.14746888423265
2088 3.962371735022174
2089 4.235848203672077
2090 4.008614362511792
2091 4.125910397893887
2092 4.17064359183297
2093 3.959963144987796
2094 4.084036603598084
2095 4.016301705572158
2096 3.8837265947994104
2097 3.994773397100811
2098 4.309207301123432
2099 4.056924161392724
2100 3.951361625581647
2101 4.122390818292887
2102 4.075422641241066
2103 4.137697009488014
2104 4.305061772297878
2105 4.356151210650953
2106 4.167671626375684
2107 4.14613397841318
2108 4.349468953387949
2109 3.693794062809739
2110 4.313821273080369
2111 4.062938044773652
2112 4.454848664790077
2113 3.941870902471238
2114 4.093486136576659
2115 4.0600396770234415
2116 4.935676242220902
2117 4.331825843146114
2118 4.139688891059746
2119 4.07436034707411
2120 4.291673546125644
2121 3.9340802663421512
2122 4.338026889733972
2123 3.9368258137679284
2124 4.505873471181621
2125 4.084170772002797
2126 4.298615221260414
2127 4.17314189352445
2128 3.9504018975255004
2129 4.359326930369645
2130 4.239516784218011
2131 4.320136955269069
2132 4.009368116483462
2133 4.188093746288823
2134 4.087033187531144
2135 3.9775505307481853
2136 3.919162223278471
2137 7.332062217665434
2138 8.234929872783374
2139 7.792096306898937
2140 8.260269397896586
2141 8.558923995358734
2142 7.979568640125572
