0 4.445988321040541
1 4.2735978282647
2 4.411910042359369
3 4.429517581905822
4 3.9886130897996885
5 3.348853402696765
6 3.3211454328720587
7 3.326107003542786
8 3.521784108899492
9 3.470742156684421
10 3.5446809125406293
11 3.26951535160344
12 3.647068348490561
13 3.4306461761779374
14 3.414261645627974
15 3.6068870368915995
16 3.5185785945798624
17 3.293589021878989
18 3.295433330379319
19 3.4887761193270905
20 3.394636032431997
21 3.4115215231376017
22 3.343724622939324
23 3.3115813916787205
24 3.3721846851260495
25 3.3994667173914115
26 3.4244382417436476
27 3.2945768509292224
28 3.3397209948219597
29 3.3882793669002913
30 3.504537670943732
31 3.4288661583755164
32 3.4790819970499074
33 3.393075462758144
34 3.456775621328671
35 3.347943862501991
36 3.242173577612333
37 3.307659515912062
38 3.5362106345623925
39 3.7966784242095484
40 3.3479076726705266
41 4.822624737930373
42 4.400770045169835
43 4.690525747764702
44 4.454151388589178
45 4.593987450552593
46 3.411938062816445
47 3.391472306526273
48 3.3472144185004824
49 3.2343797075224208
50 3.293678138892492
51 3.338498216090094
52 3.311444756701908
53 3.7147624686524403
54 3.4431890033205432
55 3.4828731063295515
56 3.4910553001063365
57 3.2869950608365115
58 3.293193062686487
59 3.2666621200788786
60 3.2667580952832918
61 3.317331216057442
62 3.17946549738716
63 3.2890817593143225
64 3.3700378869651884
65 3.3124505750182163
66 3.5119431322692005
67 3.297199393666996
68 3.2940553287723024
69 3.391595576273642
70 3.256625472143421
71 3.6557118457856825
72 3.37945318614554
73 3.2969685841103087
74 3.321472303731361
75 3.430030928241683
76 3.4660955992765845
77 3.334428744547898
78 3.3854599387620183
79 3.431647733636109
80 3.7506065416587715
81 3.2433094408356493
82 3.3779340223095815
83 3.418847979261814
84 3.3288689768393893
85 3.4779658047187207
86 3.34232670706204
87 3.3762446530155117
88 3.4691989793352125
89 3.3605486130920617
90 3.7137790711204404
91 3.250288484780443
92 4.701694848593664
93 3.887110149794586
94 3.6957703739704955
95 3.4322931835651445
96 3.3084592474671757
97 3.4345551075175718
98 3.382084341799524
99 3.415647071913998
100 3.6440439215758893
101 3.2686257895398185
102 3.3318517513700425
103 3.453315926675896
104 3.436281200951819
105 3.3371571156741355
106 3.5339573566176483
107 3.436142156803983
108 3.3271849035329284
109 3.3318098771555995
110 3.5774953538277683
111 3.4254601702508864
112 3.4260659167966554
113 3.33298683941433
114 4.303218909991161
115 3.4383333767031554
116 3.6201859717593314
117 3.446470383955567
118 3.504477309512989
119 3.4223407366959777
120 3.4983332924549067
121 3.210580702612932
122 3.2734050938830173
123 3.3803029864271243
124 3.3071080204413534
125 3.293118563762119
126 3.3006687538986714
127 3.3984266186860546
128 3.650981986882376
129 3.4404944224643974
130 3.3225669227252874
131 3.338768605062242
132 3.4303457217303372
133 3.3733991529304967
134 3.724969805658771
135 3.2790404544271214
136 3.612116925602326
137 3.288602700763276
138 3.467575047523266
139 3.378759835978784
140 3.3187174254104845
141 3.3899025452392
142 3.5115613675515327
143 3.3749622284576253
144 3.2291823614181463
145 3.38544463552653
146 3.3000148245741387
147 3.4123755131744784
148 3.373584505930925
149 3.368783081700113
150 3.4095945433446726
151 3.515001608315418
152 3.189495796052089
153 3.353023834445499
154 3.375984321170064
155 3.3539878535860272
156 3.252861745146118
157 3.376843482238413
158 3.3069502164166136
159 3.4262329565380614
160 3.379170531562044
161 3.5020159880649464
162 3.3894517386030985
163 3.3692391040196665
164 3.4191863762503223
165 3.476948239016603
166 3.2480643895479058
167 4.179207810150339
168 3.4957733453563513
169 3.291503904608254
170 3.5577538558558133
171 3.8609313156925773
172 3.4991910210695063
173 3.2240624346416835
174 3.2581997526225615
175 3.2291644370102643
176 3.3134799745899954
177 3.4613865255867187
178 3.4133379807502666
179 3.3907047102598273
180 3.4160029614136134
181 3.263102736322433
182 3.261448990661178
183 3.40383994235769
184 3.31855446599517
185 3.287120933283926
186 3.371491224828714
187 3.5934161127214557
188 3.6026497008253235
189 3.2756932509790397
190 3.3656124564952004
191 3.3200833458361925
192 3.3012485916063348
193 3.3055977777811916
194 3.344916856710867
195 3.3074039912798368
196 3.4758762544522126
197 3.3529858459830915
198 3.3852214767611346
199 3.2695630768964583
200 4.712550049905196
201 4.318060028502541
202 3.332824386113772
203 3.405709611481637
204 3.251087618118263
205 3.366630861774094
206 3.2268860580406686
207 3.3450725801031918
208 3.4348034323747143
209 3.374221724953267
210 4.675373049870038
211 6.217213786632166
212 4.245014979201618
213 3.436140414018128
214 3.2888700093302563
215 3.417748102313123
216 3.3956445164204636
217 3.239464126960608
218 3.4506172040098724
219 3.3639220932769596
220 3.3874406593290343
221 3.936825505722616
222 3.454297169224488
223 3.676095800980484
224 3.3748647780513954
225 3.4566493355471155
226 3.802670608765319
227 3.4225125113405546
228 3.28370611468943
229 3.4155153721363014
230 3.3111353270036545
231 3.238293636490494
232 3.9289858990830426
233 3.3229123459641268
234 3.599452761922824
235 3.3126620949951637
236 4.1865099946078015
237 3.3941103262280663
238 3.4143375063490264
239 3.3397901225791657
240 3.3585214464416557
241 3.416406908190375
242 3.295304413934494
243 3.681756768582654
244 3.4819578646971263
245 4.007680630383987
246 3.2282533377804077
247 3.8162936883003287
248 3.434743070967731
249 3.293939363705249
250 3.3832884669802397
251 3.949253924268685
252 3.311300727813926
253 3.2617079539032767
254 4.326645543248616
255 3.654331335380221
256 4.047877323300631
257 4.802090314995906
258 3.3209695548380247
259 3.5233936269582182
260 3.373628726802564
261 3.4701846755494286
262 3.4067374641618517
263 3.4773531144308256
264 3.5823400718681353
265 3.6972844046771285
266 3.3073518631924386
267 3.4434691237286015
268 3.3508640449373823
269 3.460510244395648
270 4.30203849344108
271 4.448366908933465
272 3.4925084929389287
273 3.330760309108961
274 3.2820916040850037
275 3.470955386173141
276 3.182576459100224
277 3.496555023529965
278 3.4274971512358703
279 3.4080600440780997
280 3.3820195802783473
281 3.6421989153377816
282 3.392552287771084
283 3.317807864462389
284 3.6036241645873703
285 3.413218602718673
286 3.3113708272956828
287 3.328272560730063
288 3.374845580357787
289 4.620710572930645
290 3.503146666538659
291 3.999556905543054
292 3.387883355557532
293 3.2844762012742077
294 3.32543250000462
295 3.39108960487831
296 3.3662174208035047
297 3.288874304225004
298 3.3077216816161945
299 3.3962399947868533
300 3.561772932876606
301 3.3955113725311157
302 3.9599444434922737
303 3.3868535654857186
304 3.6709326496077734
305 3.976525470298272
306 3.434306135659261
307 3.3408036744412124
308 3.3929249992799533
309 3.3424650932003304
310 3.2729337140233725
311 3.407358862989273
312 3.2572603092805523
313 3.7127402270119934
314 3.4310689964159025
315 3.388776297673178
316 3.360572119537805
317 3.2928263293745714
318 3.3339211613562316
319 3.3877504184902354
320 3.3263747462435447
321 3.2231207651801
322 3.389007429436032
323 3.3791343459158156
324 3.211854694536382
325 3.483995108345197
326 3.2594483372128753
327 3.367132583284418
328 3.2608851884229337
329 3.4963550786467845
330 3.5467085246657173
331 3.199872976139468
332 5.011532318318974
333 3.3953645768820544
334 3.3311180383355645
335 3.581457984054554
336 3.3771817558321677
337 3.444363612686999
338 3.5983179183750775
339 3.49201117706205
340 3.502037321366224
341 3.2851139890240355
342 3.223634673840832
343 3.7604519409091393
344 3.3170367922367294
345 3.4248053903666307
346 3.410659323872987
347 3.2457292692828186
348 3.3464789543372255
349 3.4968618488606875
350 3.4009007191820837
351 3.6488560336249907
352 3.295067482456659
353 3.2751375378112524
354 3.3277316284129776
355 3.5077921832240957
356 3.2937901246647074
357 3.2317554269393662
358 3.4659930288717877
359 3.2471209297550296
360 3.6443720424451738
361 4.3312593469799685
362 4.10465102344221
363 3.3161324417336675
364 3.3479472028849835
365 3.85581825087243
366 3.4115917316499957
367 3.3319816443570938
368 3.3484357714424915
369 3.427073892269251
370 3.27853204806338
371 3.1885676557877414
372 3.240319036581667
373 5.883651589637578
374 4.33676838555463
375 3.4590876287249164
376 3.54980032921086
377 3.708103134798984
378 3.233721247466923
379 3.256766328242639
380 3.3605941569148405
381 3.363193339389427
382 3.3623934711823145
383 3.454595075786676
384 3.4442544511428164
385 3.526215149304816
386 3.3540242079852667
387 3.3860477170870595
388 3.407631767602898
389 3.3910985479948055
390 3.374174169159884
391 3.646783282406988
392 3.4038062226863173
393 3.382645195623172
394 3.34397037794909
395 3.4187992545691053
396 3.267785380105556
397 3.6316459272157404
398 3.3374825669713064
399 3.337575339187465
400 3.3221234636741315
401 3.325709733045982
402 3.2959288949057064
403 3.4209806648629972
404 3.2825845676322754
405 3.4262998562352065
406 3.3435197730685227
407 3.3332723301743648
408 3.4010119756821173
409 3.34337220907213
410 3.3129179375961724
411 3.3892285358989365
412 3.2387016187716218
413 3.33920098088339
414 3.5797040529601056
415 3.49700750487317
416 3.481636740730097
417 3.372612788797642
418 3.224558736853133
419 3.320546345277105
420 3.5574969988171476
421 3.3216817582576477
422 3.391421837225482
423 3.3267745660299575
424 3.426818887744809
425 4.106620037213392
426 3.316558773224011
427 3.339733106990373
428 3.3702990114451463
429 3.272700386628038
430 3.3487929269187213
431 3.647351728758589
432 3.2853893651057318
433 3.3659682177549626
434 3.599243680733551
435 3.3687008539273973
436 3.342110213325717
437 3.3097755507730953
438 3.286764764712707
439 3.407045495380647
440 3.3282489105884694
441 3.683346559697563
442 3.332487951733238
443 3.3279187452151664
444 3.3540587968545528
445 3.245084006705933
446 3.3203482643216327
447 3.3671326421055094
448 3.4076307918780677
449 3.4462103217110753
450 3.3138969344618756
451 3.2660984414721437
452 3.397417671540519
453 3.3376841239268265
454 3.576310775024965
455 3.2916252941061277
456 3.392193216003731
457 4.133006148879849
458 3.366761132564428
459 3.3570956534699263
460 3.467380145706223
461 4.34351424424305
462 4.335902969020794
463 4.140475797752086
464 3.495562544579393
465 3.844213798559456
466 3.2814646431494383
467 3.4109488179702843
468 4.8084075223607785
469 3.4233957586816035
470 3.284277113741634
471 3.3720882708527555
472 3.2962817798682535
473 3.4208371624066647
474 3.337421885677015
475 3.920307166919825
476 3.470676401326126
477 3.875217459185309
478 3.4039943710136686
479 3.5080616229296977
480 3.443647655097557
481 3.314387498960434
482 3.3048739995283554
483 3.2960551607997024
484 3.286480082728252
485 3.3535919692141962
486 3.2605202343185127
487 3.600978001971939
488 3.404828904195444
489 3.2714816782448737
490 3.3635765518296945
491 3.409508252302545
492 3.3842087939984795
493 3.4183089943158524
494 3.4291154187043404
495 3.2880553871327955
496 3.355450603473848
497 3.401363376937407
498 4.495393493171398
499 4.887938862558892
500 3.491449431200704
501 3.3929563811610426
502 3.3300039739021807
503 3.2334961445255757
504 3.2583221639946562
505 3.539915594542668
506 3.6022677343121834
507 3.31980336656735
508 3.386175260663996
509 3.5212066119385472
510 3.332441880859912
511 3.612031257653869
512 3.468711566479534
513 3.3212118519865084
514 3.2701609631597126
515 3.275409855823759
516 3.3371454655420285
517 3.3449572185376555
518 3.2971590720784953
519 3.3710637250556763
520 3.3411766624751844
521 3.382470353094668
522 3.3680847960455913
523 3.3518262200062874
524 4.644255579073281
525 3.3929026573963315
526 3.181843461934528
527 3.417694823953364
528 3.6988197501472717
529 3.344721748028773
530 3.4078336777127167
531 3.2792157299852605
532 3.263976433752399
533 3.4615978264335006
534 3.54716959839237
535 3.413825921236675
536 3.2964048903281427
537 3.7556243631822195
538 3.3420725063977237
539 3.2837210214874184
540 3.488369795330508
541 3.4456787283925525
542 3.378188345470293
543 3.2503916197256824
544 3.333549180152898
545 4.074027217128976
546 3.2669666846956016
547 3.3638629919305303
548 3.3796834140556697
549 3.4962824615377905
550 3.364570237413999
551 3.337535653170864
552 3.3093726175948106
553 3.2507421175608404
554 3.3375056642273413
555 3.2731513438840243
556 3.552303021908386
557 3.3275394819202835
558 3.3598627372173717
559 3.583664232204742
560 3.3564563157755303
561 3.2883426225098
562 3.594757514200167
563 3.3058396088197437
564 3.206976804873461
565 3.3091985031259914
566 3.9354761822476645
567 3.362338388185794
568 4.182166146553535
569 3.60246443658271
570 3.439324559777154
571 3.3811596507185815
572 3.3127201044847228
573 3.3326208641690824
574 3.382455513378956
575 3.421214330786652
576 3.2722103901015904
577 3.3294803990817865
578 3.2830000178887553
579 3.352473792973449
580 3.517159944847922
581 3.4167868068823557
582 3.3842419510040176
583 3.3339413544013143
584 3.949751049250513
585 3.216407820164637
586 3.4018623659944542
587 3.336571295097115
588 3.3388465270507535
589 3.411518907919483
590 3.30440238641791
591 3.68177122123306
592 3.4183487182149572
593 3.698552046055126
594 3.3985238364575703
595 3.3274583908997983
596 3.3775752655028572
597 3.4082350423028145
598 3.252492687389004
599 3.3062476891878774
600 3.286970971416624
601 3.366532559627861
602 3.4112318072587358
603 3.413732820201095
604 3.603287555897893
605 3.3443059479656507
606 3.427778570607471
607 3.3835722922554186
608 3.7244664810283608
609 4.04450533372572
610 3.4052743020249805
611 3.393492594530704
612 3.3433214390769734
613 3.4034190538989337
614 3.3807709074398273
615 3.3275996745518497
616 3.3298774902945816
617 3.3932464733812453
618 3.209417430110777
619 3.911852771859617
620 3.3755133048744153
621 3.3551000411910628
622 3.2478295887857653
623 3.238057318098639
624 3.2974567340620573
625 3.4292107634131668
626 3.3603879269996417
627 3.329614098464031
628 4.058948045194531
629 3.5436825889469574
630 3.34796468003437
631 3.332681809284323
632 3.4522186381935365
633 3.203780833895023
634 3.927715916887513
635 3.3054585772111493
636 3.4273692153543713
637 3.33014880616081
638 3.3048329642354743
639 3.3257057251075652
640 3.335512532865948
641 3.361592982771575
642 3.500937249425914
643 3.2562707896798293
644 3.427807508383824
645 3.36092284008176
646 3.388552818409404
647 3.2705434022563398
648 3.3929290497058955
649 3.533102794864168
650 3.228806925645109
651 3.5508880839162646
652 3.435232762761568
653 3.449522718983986
654 3.208535150507693
655 3.392725458581243
656 3.241188088025881
657 3.351281054567473
658 3.2648234742250763
659 3.3335662902701184
660 3.250195617953888
661 3.2587574731951143
662 3.389615766859761
663 3.4230361629671493
664 3.5704302682340487
665 3.5133583391158565
666 3.4140537035423613
667 3.3720688237545975
668 3.3340321348174715
669 3.1650720119253473
670 3.299521662646696
671 3.2782561994311825
672 3.4013794612747716
673 3.5917125780505526
674 3.5352085859067905
675 3.389839141676247
676 3.363727510979023
677 3.263397970654324
678 3.415698291824632
679 3.298950155322801
680 3.3778394233181985
681 3.5970787234853483
682 3.3701047679867853
683 3.3358408384997773
684 3.5233049672727006
685 3.71200610659696
686 3.445187027538223
687 3.9439310326212955
688 3.434579171417691
689 3.6282834128599304
690 3.3506708190186845
691 3.339032881121328
692 3.558826752576159
693 3.585138246205496
694 3.2968500804283676
695 3.330945360254388
696 3.322135045459173
697 3.3770807090901918
698 3.2393674841444726
699 3.439112578736046
700 3.326246406006081
701 3.3124211417891813
702 3.525417204966307
703 3.669736716303439
704 3.3156994302928986
705 3.2340473782167227
706 3.3476831763631347
707 3.274222135658679
708 3.198936705009756
709 3.421645655211577
710 3.404868979641965
711 3.9517283764878495
712 4.318749931627839
713 3.5026985434883935
714 3.435966599972039
715 3.2998543712340997
716 3.5113355751924784
717 3.299774827198031
718 3.592620136061741
719 3.455367233911547
720 4.074340125167715
721 3.40788625126869
722 3.5096758816623965
723 4.680940823789819
724 3.3185717346156633
725 3.401870042891067
726 3.4800899641262952
727 3.3954389462558447
728 4.26374497349293
729 3.9733549216599218
730 3.2572047526895545
731 3.3378083924673887
732 3.8859173986175755
733 3.312681651658646
734 3.4993614608523806
735 3.490027557659704
736 3.397752381837663
737 3.524870035901025
738 3.307869950830821
739 3.423363269043099
740 3.5071362961723604
741 3.2866894874761354
742 3.3160565903731363
743 3.4260606352805714
744 3.298014245970216
745 3.535203728352327
746 3.4934084441107123
747 3.328967014588608
748 3.291734595932217
749 3.3393067640471203
750 3.324133586132416
751 3.264828297811635
752 3.2757771010030123
753 3.3745267980502027
754 3.5166729763210447
755 3.5549382735476645
756 3.4753035180214598
757 3.3682530311427135
758 3.4425472755440683
759 3.286249300472216
760 3.3925056835835945
761 3.3870347724342915
762 3.532663496069614
763 3.407549393563102
764 3.3826173280982443
765 3.278422768442419
766 3.1707493273657366
767 3.2892997896817566
768 3.4463333351291108
769 3.28128721995966
770 3.4765039827045703
771 3.3839854671185243
772 3.2986108298494186
773 3.3013812699615266
774 4.244800580711029
775 3.5490288907649727
776 3.321412734073158
777 3.228746393980456
778 3.6164956325728697
779 3.4741361979248087
780 4.1755129056573965
781 3.626411288883503
782 3.397691736186179
783 3.6275180959253563
784 3.3998029334402244
785 3.3719159821138165
786 3.3598081003620175
787 3.1829834173163865
788 3.3859214654857768
789 3.553081784121777
790 4.3406260084043495
791 4.62430211404493
792 4.634077856989096
793 3.345150580573291
794 3.229143608454046
795 3.4135667730379393
796 3.424208466667687
797 3.239242695408336
798 3.1912425465561434
799 3.313708761275983
800 3.355816552790687
801 3.435935113499308
802 3.359579756147615
803 3.318053670821382
804 3.267402767117192
805 3.428960342277497
806 3.3093476946776765
807 3.3756052523815083
808 4.217019528860206
809 3.250938584538337
810 3.446231092534219
811 3.468924519743555
812 3.7604531810412016
813 3.421850159297317
814 3.3756530166092937
815 3.3241269579388084
816 3.38385453911982
817 3.5711657082362924
818 5.448632257665445
819 4.712035661029025
820 3.4264838810599625
821 3.6504205124402804
822 3.4112694701301844
823 3.4021115986284487
824 3.4436635053037086
825 3.2913227241751373
826 3.3950300415379395
827 3.357600457315507
828 3.3618647919153446
829 4.285094674467305
830 3.3850246447004233
831 3.423417785605713
832 3.3963538784871243
833 3.579870356966207
834 3.9929144622458526
835 3.417643879218333
836 3.521329795865326
837 3.2834478337781796
838 3.5069654998206357
839 3.354218092415838
840 3.471553858530999
841 3.3280202730724753
842 3.3094514028494917
843 3.2868466384042807
844 3.556623296007363
845 3.375010335035925
846 3.3752310879749543
847 3.3276261658897144
848 3.271932109913617
849 3.390646109886496
850 3.7199771028255455
851 3.371641112323986
852 3.2608890232888967
853 3.4459224957449215
854 3.3304007975157672
855 3.811631075785434
856 3.6018833177992784
857 3.2619781887348496
858 3.2999940855584207
859 3.611452374431197
860 3.3781072194146096
861 3.3216260458566937
862 3.654674427496846
863 3.430741877987858
864 4.057659690338025
865 3.270523152999445
866 3.501514542808069
867 3.409557208955664
868 3.6154795460322777
869 3.3913933453804774
870 3.28916831406824
871 3.634191156657257
872 3.2598703545305048
873 3.3524784368568845
874 3.632497676798493
875 3.384439354656298
876 3.3503097451557555
877 3.3822523834809575
878 3.2517884483194752
879 3.5095954469340143
880 3.3772908802017096
881 3.2681910973819575
882 3.407948276969377
883 3.2643974492263848
884 3.437598733140242
885 3.834781526151557
886 4.115542518058588
887 6.018716265030132
888 3.8822435240117255
889 4.505891814886361
890 4.080451291129767
891 3.9103492963675164
892 3.446115842536513
893 4.145644171613843
894 3.2702948900911384
895 3.2698204917680376
896 3.272312355235784
897 3.37893840114283
898 3.363083256967393
899 3.272986366576787
900 3.3829679693396835
901 3.301248500097612
902 3.461399701924856
903 3.3528687937654005
904 3.52262344203499
905 3.3521864476915066
906 3.38650044713772
907 3.445962009654479
908 3.57853300666795
909 3.329024452876798
910 3.670023147417443
911 3.4463484084202665
912 3.607485991281183
913 3.2267259682754355
914 3.4689591132183613
915 3.338042368683636
916 3.42648154783559
917 3.4021543941023262
918 3.227269017678477
919 3.3951664127174337
920 3.352768341974334
921 3.333043892117626
922 3.5381562076673947
923 5.643402542266806
924 3.814144454331415
925 3.279561348552229
926 3.36326128902341
927 3.6128796043684392
928 3.3730765979768607
929 3.2397353152096873
930 3.2403228640820223
931 3.277733678566238
932 3.3234476837840345
933 3.2197930797546133
934 3.464720161364636
935 3.3718316086940763
936 3.3131732873651463
937 3.5129057413637925
938 3.36931945609764
939 3.4046658722077554
940 3.302881789478571
941 3.2984783447392574
942 3.3230159865782665
943 3.4919905850507447
944 3.3131877838164225
945 3.3440510739829503
946 3.3392130368832498
947 3.344430882170219
948 3.3744174166980776
949 4.2802968409840645
950 3.32045483397172
951 3.3814179045262307
952 3.498234389834712
953 3.985683865439815
954 3.529122474831731
955 3.491538833334225
956 3.3577562590184007
957 3.4134870790977137
958 3.233927336698541
959 4.047510841450505
960 3.3540265977903254
961 3.3635933031319514
962 3.3182672046520993
963 3.3479458941133955
964 3.3715230151101774
965 3.3811393629304294
966 3.76123975667161
967 3.2701351327839294
968 3.5488089946486667
969 3.3336239534911107
970 3.360269121738571
971 3.2898672939462323
972 4.637182532534799
973 3.5182507891865797
974 3.8665910472247322
975 3.8384032529479266
976 3.354320496467058
977 3.1793056167105744
978 3.2253544787857034
979 3.8774247557372328
980 3.2816995148330883
981 3.382152066855961
982 3.4002493161664202
983 3.3343341899889256
984 3.3857551862966417
985 3.4687106830680037
986 3.2629996302969815
987 3.2470444932378912
988 3.389736224144423
989 3.320684488186301
990 3.408652337129101
991 3.529341329430632
992 3.719058307958993
993 3.3339601216751227
994 3.38674423859958
995 4.138440349736479
996 3.346518151316031
997 3.23995675208777
998 3.4736920597975924
999 4.084403633574761
1000 3.3780798793447975
1001 3.343144584387312
1002 3.990535315616934
1003 3.391274865847645
1004 3.464227877177653
1005 3.371885291709112
1006 3.3443306365156724
1007 3.3044193856711437
1008 3.2282383212823476
1009 3.2850444540750123
1010 3.557755930225557
1011 3.595445424628764
1012 3.400149848746412
1013 3.3228600925462177
1014 3.4228912000858887
1015 3.8241120344149864
1016 3.366575875335325
1017 3.8185688057390434
1018 3.64599914324077
1019 3.3032120780004974
1020 3.3560195921132
1021 3.4009361729156296
1022 3.529617582318329
1023 3.4209018704438217
1024 3.420982307310115
1025 3.358895076684952
1026 3.4826562153387366
1027 3.3800706116131423
1028 3.409047400783649
1029 3.4304802407413155
1030 3.437216658984578
1031 3.43711064769309
1032 3.3781043562932616
1033 3.498530725655207
1034 3.409358855406214
1035 3.202177673725114
1036 3.3454752787613344
1037 3.332436557159201
1038 3.3607033558642443
1039 3.342303326511104
1040 3.394260238009303
1041 3.402044707372191
1042 3.4922162160442345
1043 3.3119635609030884
1044 3.314610461849477
1045 3.312803563802718
1046 3.3449433634750747
1047 3.63795296868883
1048 3.3931441303450858
1049 3.336376367310341
1050 3.390890396472067
1051 3.534143753472391
1052 3.490524746462885
1053 3.2493243631422235
1054 3.2915603935956463
1055 3.3526098237978657
1056 3.3798621411820835
1057 3.3397278024977344
1058 3.3613785662313433
1059 3.404965697570311
1060 3.651497960639444
1061 3.3955860967052858
1062 3.5413023804812562
1063 3.8625242271689504
1064 3.4092222390299467
1065 3.4677836290673687
1066 3.261310532571937
1067 3.3767824904370447
1068 3.385733628423193
1069 3.866395710541194
1070 3.776281506954396
1071 3.502042027748389
1072 3.2716826493951734
1073 3.2851476607220276
1074 3.3702430339738703
1075 3.343625127994212
1076 3.3849723906051428
1077 3.391462878734899
1078 3.5274304140962496
1079 3.364150828118114
1080 3.510455529211492
1081 3.355221308885757
1082 3.4715471851106847
1083 3.3439844437862294
1084 4.471738667639053
1085 3.284917271683818
1086 3.4467169987077844
1087 3.3754800306687485
1088 3.3873065320436035
1089 3.412477257887427
1090 3.45224010893466
1091 3.3133283529885387
1092 3.4419126291255226
1093 3.301425066806551
1094 3.217998848251769
1095 3.4763144133208397
1096 3.43004704055206
1097 3.5416671631126118
1098 3.321058743827102
1099 3.472329258919587
1100 3.497055348276609
1101 3.2817064990362725
1102 3.308235820368507
1103 3.3543993279560604
1104 3.3743476799995458
1105 3.3204843686393195
1106 3.3570975025358503
1107 3.420224882013861
1108 3.251558787929136
1109 3.354451416463052
1110 3.5147298761126913
1111 3.3695222740255875
1112 3.4103742221365354
1113 3.499600413379256
1114 3.75536303285551
1115 3.428275496314944
1116 3.475858156693314
1117 3.370577367766578
1118 3.3265777629100928
1119 3.2750231868625455
1120 3.3312710147431135
1121 3.4919022531520825
1122 3.3075136773458746
1123 3.3599664304067263
1124 3.355426293935467
1125 3.3640714149904873
1126 3.331032634021393
1127 3.4346760888720054
1128 3.191106893307282
1129 3.2689257575468984
1130 3.3169890862189257
1131 3.4618490572436813
1132 3.3270942906717096
1133 4.330583753229399
1134 3.316734304321571
1135 3.4076428105162138
1136 3.2886572936194307
1137 3.5463357640848487
1138 3.316425551257449
1139 3.411151063220893
1140 3.358244475207043
1141 3.4426003415151247
1142 3.2407787120077662
1143 3.4929815092648253
1144 3.4288485368792276
1145 3.4352600468439274
1146 3.7138882908013917
1147 3.6209297800475237
1148 3.558243258501305
1149 3.2769233292517117
1150 3.299994584737796
1151 3.3678190296569657
1152 3.2069447621920344
1153 3.335546314243649
1154 3.463298528385003
1155 3.315806721110947
1156 4.2896762578111005
1157 3.54273845063699
1158 3.281939412422358
1159 3.419350509597647
1160 3.725558068368132
1161 4.004997743955332
1162 3.3484910459701824
1163 3.4056752179982253
1164 3.3161915355118983
1165 3.5263839487479216
1166 3.3596241620348697
1167 3.392317838033117
1168 3.3678738456282025
1169 3.4335443635782084
1170 3.25276526206099
1171 3.4258586976692365
1172 3.2749197538318358
1173 3.3821268876661144
1174 3.2385110044491316
1175 3.355948766176629
1176 3.4014656725388916
1177 3.443578497481169
1178 3.325838931224382
1179 3.4501259097093713
1180 3.204881128663937
1181 3.34072372531125
1182 3.255289069876102
1183 3.4139853289434248
1184 3.453494603058822
1185 3.6325453918896464
1186 3.3654238880219696
1187 3.3515534440112433
1188 3.374263973694204
1189 3.4341770528592113
1190 3.3112807006628127
1191 3.3781329207473445
1192 3.448159286794313
1193 3.373915319618062
1194 3.291703143186146
1195 4.227400269367426
1196 3.2758283045998215
1197 3.3584073743952936
1198 3.427367933306751
1199 3.897847458499853
1200 3.578719166911995
1201 3.348513782500207
1202 3.3119520235271067
1203 3.40030094501752
1204 3.3843257366479698
1205 3.3202073857687457
1206 3.2521313212888163
1207 3.487083529784785
1208 3.8981603364487443
1209 3.207717456177804
1210 3.3527085191752306
1211 3.421432993923332
1212 3.308736140697524
1213 3.4188145263988896
1214 3.473429949344024
1215 3.4995726819614807
1216 3.2024226574357595
1217 3.433247723927755
1218 3.4469404120480847
1219 3.330412150063078
1220 3.285245810234788
1221 3.3899642917247816
1222 3.3036370384041702
1223 3.243548091524925
1224 3.3287616444593016
1225 3.3156233610054473
1226 3.2483523503894425
1227 3.4626338395111804
1228 3.267519294325605
1229 3.5045396672378923
1230 3.4523584740516493
1231 3.402401139155248
1232 3.505952241256721
1233 3.257209790375983
1234 3.4327246437841636
1235 3.3163605113686025
1236 3.301850226172093
1237 3.428144185139149
1238 3.2910535399552447
1239 3.3995560402749057
1240 3.493118499597034
1241 3.286009478210957
1242 3.2846427973814216
1243 3.497155105356246
1244 3.260134878407238
1245 3.2810538865319048
1246 3.198273552589687
1247 3.287733358242969
1248 3.514709550271162
1249 3.413398452156104
1250 3.3263500718018904
1251 3.375157102261871
1252 4.306568118798643
1253 3.34643612948677
1254 3.2904370442785957
1255 3.374720752495654
1256 3.3484578767679225
1257 3.5048975724654685
1258 3.3500121496165756
1259 3.231863553519549
1260 3.8868074559456973
1261 4.34772218267022
1262 3.448377783051322
1263 3.447562078874935
1264 3.402732631123728
1265 3.3861912076789817
1266 3.3245851175741215
1267 3.414490490367688
1268 3.329236477569471
1269 3.3033887687236514
1270 3.525235338499915
1271 3.326569513229142
1272 3.4140976858149847
1273 3.3416337158036824
1274 3.2773344151775383
1275 3.3235881489361625
1276 3.3426643914985124
1277 3.5249292192156982
1278 3.3492985968855207
1279 3.959581962003816
1280 3.6153536333559613
1281 3.8942120243201632
1282 4.584469077175616
1283 3.460782546627054
1284 3.370942474936881
1285 3.3903689480004697
1286 3.423513964260516
1287 3.3950072176532498
1288 3.2777710172083867
1289 3.3832315987553967
1290 3.4470329944964866
1291 3.2350214042681897
1292 3.3813279190910626
1293 3.296716004033442
1294 3.3660550575148216
1295 3.8444466314175734
1296 4.354114774934064
1297 3.3010295298433374
1298 3.3358278541966064
1299 3.5304713255511913
1300 3.556282934911059
1301 3.3260772220182035
1302 3.27073857644933
1303 3.4204957281116806
1304 3.310762528829881
1305 3.7289147724896603
1306 3.344963654532262
1307 3.3060573106135784
1308 3.2889527909657854
1309 3.6031944484355423
1310 3.2854475858631367
1311 3.380799784014593
1312 3.284880095540282
1313 3.4336627009166363
1314 3.818912732104622
1315 3.5070418138399257
1316 3.626737630621781
1317 3.326157036291025
1318 3.4458729640958556
1319 3.3131135435483485
1320 3.469238097377492
1321 3.249959434756555
1322 4.151523673373503
1323 3.467052399280483
1324 3.4239402277140583
1325 3.335725127397216
1326 3.3537273584210094
1327 3.4865489207060953
1328 3.2978724940181987
1329 3.4113223124104755
1330 3.370394516455183
1331 3.4344956887872424
1332 3.5592383415311497
1333 3.4423874686844496
1334 3.5817032065287924
1335 3.4955521751375325
1336 3.3430862374548407
1337 3.478368856763525
1338 3.330036387128075
1339 3.356995734799691
1340 3.453991901681615
1341 3.306646840246356
1342 3.4260018620437434
1343 4.683284486575631
1344 3.2250095269501657
1345 3.40289026222968
1346 3.458278877868497
1347 3.488784106757866
1348 3.297349497177895
1349 3.3080452090403756
1350 3.3261563643196914
1351 3.248410322773816
1352 3.3586041790112824
1353 3.2644924973609193
1354 3.242902630415449
1355 3.497785683788902
1356 3.65708820511527
1357 3.5467214558494438
1358 3.358196259713125
1359 3.467948371655525
1360 3.661566416563372
1361 3.975364084125404
1362 3.675419157033451
1363 4.750539106202025
1364 3.819809086163049
1365 3.380026300199628
1366 3.4728430637481025
1367 3.2612355924192893
1368 3.451560248624455
1369 3.443991421061732
1370 3.222714475667173
1371 3.331932859719212
1372 3.4860397826650193
1373 3.303995196059973
1374 3.2739263184805716
1375 3.421090106742329
1376 3.2734515938911706
1377 3.3694249860130405
1378 3.5066465987413644
1379 3.4479248098346225
1380 3.3673493533487675
1381 3.7611713526003845
1382 3.4418190602485343
1383 3.3881236662910843
1384 3.337334430352282
1385 3.342302997584063
1386 3.331784251187964
1387 3.566755975022518
1388 3.863103618314937
1389 3.215276782203475
1390 3.359950156158028
1391 3.4281434136857363
1392 3.4255138506706233
1393 3.4125428635280244
1394 3.374965920654519
1395 3.395888383089572
1396 4.074858373379616
1397 4.003719875602257
1398 3.2102308328572873
1399 3.4847490952256313
1400 3.3988020590942876
1401 3.252501760428721
1402 3.4831427622482747
1403 3.338136607530862
1404 3.4704132521443736
1405 3.4087181719906066
1406 3.4820076241408326
1407 3.60394109931419
1408 3.3758219882139513
1409 3.25782212910136
1410 3.4534684889879217
1411 4.051288455161378
1412 3.5117276994159763
1413 3.3482819373965724
1414 3.336232910566811
1415 3.397901788028708
1416 3.340376523012104
1417 3.9632222084115596
1418 3.228787577894044
1419 3.420073680484591
1420 4.199456193937173
1421 3.5234701151885477
1422 3.3158591717765526
1423 3.3815766782850276
1424 3.3817079689199954
1425 3.2270690872673
1426 3.2713168388195837
1427 3.289001764604465
1428 3.2427106236737133
1429 3.348186104503705
1430 3.376168432532127
1431 3.41930517052082
1432 3.3120608765488004
1433 3.3442245986147894
1434 3.62841838633103
1435 3.5324069312981896
1436 3.636219458416589
1437 3.2876498861946475
1438 3.4633494015663637
1439 3.362063575526386
1440 3.3636091968608475
1441 3.4586163152227622
1442 3.2590536930892307
1443 3.301356681585476
1444 3.389297443999425
1445 3.2442792355724994
1446 3.3255141954372043
1447 3.302581324718005
1448 3.293755024707893
1449 3.3914051250685997
1450 3.4858387265306883
1451 3.407463541899445
1452 3.4464022290152942
1453 3.402720689203069
1454 3.449225784913886
1455 3.406900381094383
1456 3.4270425489713987
1457 3.356911551690202
1458 3.307161471614266
1459 3.3192863770525487
1460 4.013620781418214
1461 3.266886702742253
1462 3.3653281558553254
1463 4.325957561104972
1464 3.2844295069719824
1465 3.460860851320393
1466 3.757823425269441
1467 3.424479760197096
1468 3.4633058661656606
1469 4.016193428623848
1470 3.348900277842095
1471 3.3513750289196715
1472 3.372068681574991
1473 3.400885846152509
1474 3.3419324559613033
1475 3.639912362665486
1476 3.3237742527388936
1477 3.370677728722685
1478 3.3449831526103395
1479 3.430060079000814
1480 3.274205959397067
1481 3.4552465417674956
1482 3.6572205097255046
1483 3.4493185342287336
1484 3.352615398904008
1485 3.400918978902533
1486 3.4348020108258317
1487 3.4305550963816125
1488 3.371207589833616
1489 3.2354622575209033
1490 3.3048208916268553
1491 3.3334471675488526
1492 3.268198115267062
1493 3.3101922745942653
1494 3.409203924030701
1495 3.334696293698819
1496 3.3688315059783367
1497 3.6347898689931775
1498 3.3988634508993694
1499 3.418764751391193
1500 3.33795230791672
1501 3.3998666366019794
1502 3.5224328047978637
1503 3.5065368193278843
1504 3.334349285588069
1505 3.566882404308459
1506 3.764465619006765
1507 3.4339214175227277
1508 3.2456417497101957
1509 3.8515884850225226
1510 3.3151758221921823
1511 3.3146490949654868
1512 3.4232697447720324
1513 3.3570222786883823
1514 3.3189789427926715
1515 3.4979963447661473
1516 3.2884132894890725
1517 3.254604450287439
1518 3.462189784960413
1519 3.3261629822577747
1520 3.870197777332326
1521 3.241204909689683
1522 3.3127426502041355
1523 3.4518066720412675
1524 3.3790368488919893
1525 3.3730343940360106
1526 3.455545282022385
1527 3.3262403242270655
1528 3.4281433853937635
1529 3.4278064220779596
1530 4.249169005012768
1531 6.386368602727932
1532 6.368866476039139
1533 5.756468718258014
1534 6.603736990764468
1535 5.858633053045168
1536 3.425568825969986
1537 3.240136301662098
1538 3.2973726631987206
1539 3.5500985728941563
1540 3.226748969380832
1541 3.567279177955242
1542 3.3271394183683256
1543 3.249002124824553
1544 3.23685573560009
1545 3.4934088504242644
1546 3.3518132922932753
1547 3.369797689019698
1548 3.3461147636010082
1549 3.491204654725617
1550 3.3292463378798036
1551 3.289648605700126
1552 3.4279847811056583
1553 3.57223021405668
1554 3.369837326463144
1555 3.2245790821549587
1556 4.002438146487325
1557 3.384911348297752
1558 3.524456294759
1559 3.543480327165464
1560 3.4190480033940904
1561 3.386262859800471
1562 3.411769941493529
1563 3.3567340793900766
1564 3.3302844535744724
1565 3.341107443021188
1566 3.2754199416951
1567 3.3724585949436032
1568 3.219476085817741
1569 3.2936116934614468
1570 3.3646639419616284
1571 3.3468962629000587
1572 3.33678452611698
1573 3.2884647115928276
1574 3.4113828420675287
1575 3.362217844098449
1576 3.486656001414037
1577 3.2596742989574605
1578 3.3053299108417193
1579 3.3196651836562032
1580 3.3602221327415704
1581 3.3697805959034057
1582 3.376359025109364
1583 3.5496802070279108
1584 3.305205032411843
1585 3.3516510090490814
1586 3.2718185131367967
1587 3.3281764731829915
1588 3.2573989805152346
1589 3.661875630164477
1590 3.3567752052426574
1591 3.3503822981981433
1592 3.462996756646563
1593 3.291747212938609
1594 3.5567846413541067
1595 3.3488560530273754
1596 3.4205085270187627
1597 3.511524149517974
1598 3.6374315882943726
1599 3.4973551065151334
1600 3.354420925492245
1601 3.3925129824162155
1602 3.3484061314319864
1603 3.297797842069883
1604 3.4521244213533304
1605 3.299731097589659
1606 3.4065711113956616
1607 3.286580570461545
1608 3.549198411927258
1609 3.3895304245358315
1610 3.3172974096954557
1611 3.3849095834234824
1612 3.366189987092604
1613 3.4171480675249675
1614 4.656253112187226
1615 4.506892545475886
1616 3.3517775989319234
1617 3.7323894130203024
1618 3.233456617962183
1619 3.4010472029191803
1620 3.3280979087808693
1621 3.309259535469847
1622 3.3508438383622607
1623 3.322161940885591
1624 3.3729678040343756
1625 3.4233157831087846
1626 3.370012941591475
1627 3.463342106298361
1628 3.4029626979367165
1629 3.2595504729519416
1630 3.32933055079525
1631 3.402326372440735
1632 3.2534853924169433
1633 3.331872338646822
1634 3.2622376594668356
1635 3.5429290598305587
1636 3.400296543028832
1637 3.282625821616242
1638 3.1766224404618355
1639 3.324869660585792
1640 3.760467411944356
1641 3.4393408137497095
1642 3.3098698832125133
1643 3.492564836137111
1644 3.345138026487926
1645 3.2079688596908476
1646 3.878839082698374
1647 3.32848997981976
1648 3.4713394577448766
1649 3.2937027081082646
1650 3.335773284099264
1651 3.482721946273477
1652 3.3744844812145955
1653 4.011904695565678
1654 3.3891656796665584
1655 3.7851065728455775
1656 3.3328606349013765
1657 3.311448238961211
1658 3.3528886943583767
1659 3.2356789583087457
1660 3.4880996802539372
1661 3.336160056290975
1662 3.4592224691412343
1663 3.3073943179612595
1664 3.427982107198095
1665 3.397953892126278
1666 3.3769553721936547
1667 3.4655121102727007
1668 3.323407569368506
1669 3.3356402317545397
1670 3.274537629629434
1671 3.2349261514163654
1672 4.219798043438089
1673 3.3037733162092398
1674 3.333563095766461
1675 3.4981671843238975
1676 3.3426351122740554
1677 3.3674018184376933
1678 3.4299230769681017
1679 3.381504812495006
1680 3.497623854077711
1681 3.391111253000373
1682 3.4169085904468974
1683 4.038060032658241
1684 3.464750525250665
1685 3.3798748989008396
1686 3.466950651082854
1687 4.394804773017055
1688 4.032522296848519
1689 3.226931001505161
1690 3.7023067278899
1691 3.3791604456286004
1692 3.469888526748297
1693 3.3939801602929425
1694 3.365430220612261
1695 3.3387768304979164
1696 3.407129519078875
1697 3.3848720367703353
1698 3.4235867207053574
1699 3.360613877988514
1700 3.4252406497939605
1701 3.377063276632794
1702 3.482200449583304
1703 3.395619894657908
1704 3.3180213974426542
1705 3.2174213185492633
1706 3.3271956965284226
1707 3.3870977525192876
1708 3.3358513969045185
1709 3.3659698686614083
1710 3.291023430667408
1711 3.3629253288743266
1712 3.658307856759626
1713 3.5423391334828445
1714 3.454165790517402
1715 3.7199306630258127
1716 3.3184558511833315
1717 3.340839057498669
1718 3.3621948317610206
1719 3.367373749346516
1720 3.4375739934853753
1721 3.301604981293544
1722 3.3578631294396875
1723 3.3420638596205965
1724 3.4013338228673504
1725 3.2639930869055256
1726 3.4155708512387224
1727 3.4209359897818716
1728 3.2957238511375175
1729 3.32292706287118
1730 3.415585293872855
1731 3.3318758098680568
1732 3.3504800935687684
1733 3.225206602171673
1734 3.3419410634684543
1735 3.5649521919483673
1736 3.3096322966511678
1737 3.53932312299016
1738 3.3714911728705417
1739 3.864643503751881
1740 3.308623859712514
1741 3.4049389063532707
1742 3.31839938899728
1743 3.3207906859524687
1744 3.2944786958040915
1745 3.2967792863630305
1746 3.359126816978017
1747 3.4133054512128456
1748 3.274999140720483
1749 3.28026441941485
1750 3.4453790130477837
1751 3.3142183399542495
1752 3.2874104534318898
1753 3.4465126712507694
1754 3.452688506129872
1755 3.2177482693664454
1756 3.2816953220115077
1757 3.4711429745806677
1758 3.322470213778474
1759 3.367473139006283
1760 3.4887092583401174
1761 3.373383288291922
1762 3.3864023766661635
1763 3.4176322585806327
1764 3.4278102151210166
1765 3.6215450412027
1766 3.342229382691694
1767 3.4569100422386034
1768 3.420166868822463
1769 3.3099087596169223
1770 3.4029241814762448
1771 3.3508643702140657
1772 3.391468125232511
1773 3.2641896775061032
1774 3.4213786905427837
1775 3.699142543097174
1776 3.370262307518316
1777 3.4282640070113417
1778 3.3272614893080505
1779 3.3857224495509253
1780 3.280572543143127
1781 3.216296430205094
1782 3.3131002596461188
1783 3.304214507586699
1784 3.2864710131151655
1785 3.390000109476893
1786 4.082803911674519
1787 3.3224715611729896
1788 3.2859926055642688
1789 3.4597992924909677
1790 3.3299238925774635
1791 3.2751125755619817
1792 3.3905988474543856
1793 3.3938278708819523
1794 3.351329931334636
1795 3.329440941378549
1796 3.756664797181239
1797 4.5737085391340395
1798 6.428358738001826
1799 6.35521304722875
1800 6.4055787764724235
1801 6.64494714079505
1802 7.874464975247492
1803 8.44767710679399
1804 8.006450809397574
1805 8.132594405345367
1806 7.395745398034367
1807 7.63636831802653
1808 6.860448775820183
1809 6.337465709629102
1810 5.69803680698066
1811 6.789064434451627
1812 6.4167962391065565
1813 6.517433830102573
1814 5.591405506890767
1815 4.557803236826192
1816 4.61827851199833
1817 3.4492232067395774
1818 3.330387993934091
1819 3.377894500431833
1820 3.393621609928939
1821 3.3441221446455778
1822 4.102912787779533
1823 3.3430240098453954
1824 3.381770782427147
1825 3.506770306113709
1826 3.3432565788639086
1827 3.2678369367501134
1828 3.3539974202361784
1829 3.3029170811541615
1830 3.4389586208950265
1831 3.1813325340937517
1832 3.36244897493229
1833 3.3908017159787125
1834 3.342065957229534
1835 3.415360296116674
1836 3.5642021412646887
1837 3.4676920906809268
1838 4.622531284140333
1839 3.3933223874529475
1840 3.3164690233413467
1841 3.2989838681703696
1842 3.3666738997510115
1843 3.1976084785645438
1844 3.3242065472049522
1845 3.406140335272282
1846 3.344681840776583
1847 4.459021923755402
1848 4.363081163795968
1849 3.3262152215398904
1850 3.3128006773627403
1851 3.4132341545124802
1852 3.3306115150809403
1853 3.3792392776676423
1854 3.2818285905303815
1855 3.302058064317766
1856 3.3119862297337677
1857 3.356867682793209
1858 3.389187937625377
1859 3.2269978224000506
1860 3.2366017691474624
1861 3.255020856514602
1862 3.3091909861479007
1863 3.2559872081786594
1864 3.425999655459411
1865 3.4522343267001023
1866 3.3066635105284123
1867 3.4150406392852903
1868 3.4027128817968153
1869 3.3257378895097793
1870 3.383823177071937
1871 3.388901365778973
1872 3.5163989367526423
1873 3.3174286590998006
1874 3.4653943808076297
1875 3.3361081259088095
1876 3.4796614100272074
1877 3.2122626366392675
1878 3.330508082802902
1879 3.2638629970369246
1880 3.3890564522193354
1881 3.7568218355663636
1882 3.2738051351896558
1883 3.3750612208971216
1884 3.258368564339962
1885 3.3771128518709506
1886 3.462630095980078
1887 3.881811543824267
1888 3.2558609509547116
1889 3.374265464746352
1890 3.3266579694022442
1891 3.4168866144449592
1892 3.397981770188085
1893 3.4024840712811213
1894 3.3988610818405482
1895 3.6849102327745085
1896 3.4396390943361315
1897 3.309827162040344
1898 3.548056763149317
1899 3.3406715548792305
1900 3.332083926788605
1901 3.466229007865166
1902 3.3238148496666833
1903 3.419141389694114
1904 3.468494104569015
1905 3.3882574523194116
1906 3.5171397157249564
1907 3.51944712583657
1908 3.753903284975883
1909 3.8586841385409
1910 3.516301823086442
1911 3.3485028979859472
1912 3.325057440557001
1913 3.445368142462487
1914 3.8989276591683177
1915 3.3270921215564586
1916 3.4609814638004557
1917 3.34361859165925
1918 3.167712759150907
1919 3.4137318073215304
1920 3.2769692278928373
1921 3.323450009151213
1922 3.2686283196820436
1923 3.4737109004508113
1924 3.3440085081297672
1925 3.4570801030177565
1926 3.630000019543575
1927 3.654890569345097
1928 3.9563628777407547
1929 3.3341998133830533
1930 3.4598727947123233
1931 3.295414291323872
1932 3.4292397699719164
1933 3.8641312839012207
1934 3.97022800058971
1935 4.248416545127117
1936 3.2952447343652627
1937 3.71316958181023
1938 3.408937677701355
1939 3.2984142271717025
1940 3.5149892240428153
1941 3.337358844119952
1942 4.046823362560258
1943 3.473029106283585
1944 3.344855602711106
1945 3.260913943826738
1946 3.2184734195074647
1947 3.3357749991002237
1948 3.6012675029871155
1949 3.3519528075597
1950 3.4110130134770116
1951 3.387440401299918
1952 3.4690231167887724
1953 3.3788180515527886
1954 3.3502539147285977
1955 3.373460958856027
1956 3.8106713130486343
1957 3.501656517548549
1958 3.3497464565996276
1959 3.466764243725594
1960 4.081222139198169
1961 3.678492874870465
1962 3.3227191419463877
1963 3.3561896075500344
1964 3.4074881735431974
1965 3.3504113615009063
1966 3.2689059957856528
1967 3.324612487511481
1968 3.3886431967143995
1969 3.3814657275103843
1970 3.3638304359504856
1971 3.28029094473555
1972 3.4148552470752667
1973 3.3672112378980064
1974 3.3283743423946155
1975 3.3668850129274923
1976 3.3500509777526117
1977 3.319858098432657
1978 3.301146048240005
1979 3.2011569931119808
1980 3.439437083127289
1981 3.236048654393495
1982 3.27515847957095
1983 3.287199002548858
1984 3.4416828209765846
1985 3.549817871355052
1986 3.446779632647111
1987 3.436770911265098
1988 3.2708202656695393
1989 3.356675705526366
1990 3.3694591133276117
1991 3.527271821713174
1992 3.841552073917387
1993 3.361229638111366
1994 3.31187021284688
1995 3.4079068481701347
1996 4.0388131356947765
1997 3.338863468113045
1998 3.2668572469596704
1999 4.070896041349193
2000 3.948509504670048
2001 3.250676267977053
2002 3.420217387718739
2003 3.3180077921154947
2004 3.3142872079143517
2005 3.419973969627195
2006 3.342668711235933
2007 3.3002193831726983
2008 3.508595115280705
2009 3.2844209480470155
2010 3.3297773874585075
2011 3.2897864041527627
2012 3.274282595603568
2013 3.5164164691937407
2014 3.40206295330898
2015 4.294927445523811
2016 4.555921014278204
2017 3.3968582933202964
2018 3.2493317636002454
2019 3.7690696478960533
2020 3.4307488945381754
2021 3.227860584298055
2022 3.3971310815547615
2023 3.297472826184973
2024 3.4011964250862143
2025 3.2359213114223664
2026 3.3433105272503645
2027 3.373184490566365
2028 3.552644883927978
2029 3.3499498803221592
2030 3.3104939737536556
2031 3.423269237991346
2032 3.429271313739522
2033 3.4036921175252757
2034 3.3176867662850644
2035 3.349699771883632
2036 3.3518461500708385
2037 3.442929291694693
2038 3.387952328581541
2039 3.2566959604487566
2040 3.413451677426313
2041 3.2793640387691845
2042 3.3606944558721543
2043 3.4289305389060303
2044 3.4187314048551345
2045 3.36983289135534
2046 3.3279349043240862
2047 3.275575187660209
2048 4.287681901312449
2049 3.342617854312884
2050 3.3786357921241157
2051 3.5609744549608378
2052 3.3613629156677116
2053 3.4937726680536128
2054 3.7326029492599253
2055 3.3028503778339973
2056 3.238070652323716
2057 3.389173896500696
2058 3.301358442900058
2059 3.3453233904319104
2060 3.371514079186869
2061 3.3320925333589746
2062 3.334094610977769
2063 3.5143684743425987
2064 3.2648031664455934
2065 3.3246973266532676
2066 3.3613443276054755
2067 3.3159005607020555
2068 3.435191129689407
2069 3.3097005203738465
2070 3.3044829831217437
2071 3.505712624624742
2072 3.374226507022343
2073 3.3371739620564997
2074 4.547463841764945
2075 3.349568152158479
2076 3.7287923809633363
2077 3.3802494988898095
2078 3.3664253930692394
2079 3.3470194526535924
2080 3.3718956398902242
2081 3.3084787510011986
2082 3.288943001829072
2083 3.874366058811475
2084 3.355064103070798
2085 3.433484584715668
2086 3.3874425200710916
2087 3.4596291501477427
2088 3.3165611258753445
2089 3.3920129440171434
2090 3.8692801111412227
2091 3.3118447395522415
2092 3.310471980649284
2093 3.4194389979558593
2094 3.441473020719427
2095 3.288270342228274
2096 3.435608181568975
2097 3.2721584881531856
2098 4.188925291617971
2099 4.448115478457864
2100 3.402389442345834
2101 3.2661058959886775
2102 3.4490606497405363
2103 3.4100484704743974
2104 3.5434931651048154
2105 3.477751707517277
2106 3.5621309777862105
2107 3.810971614948757
2108 3.3427664186260038
2109 3.5052597804265395
2110 3.9384150586731566
2111 3.8997269754482695
2112 3.2118169249654835
2113 4.185343580248941
2114 4.0401462390982195
2115 3.402422082709695
2116 3.4359626601567896
2117 3.362229450050755
2118 3.5925276319094457
2119 3.3637093972527006
2120 3.441609771786251
2121 3.300592689142111
2122 3.389612601806327
2123 3.448982865753906
2124 3.312928537521775
2125 3.678123392824196
2126 3.2896473230778613
2127 3.2494425072164224
2128 3.3213076685690885
2129 3.245438562273198
2130 4.033587650506865
2131 3.300063611934318
2132 3.33665092794817
2133 3.402973858360676
2134 3.380779230759311
2135 3.4268865146802328
2136 3.2435946168019747
2137 3.368129090863465
2138 3.2409963577325205
2139 3.310680597157933
2140 3.2535433781544234
2141 3.2404984151483753
2142 3.4590630210784155
