0 3.3904585452029385
1 3.4336776372131053
2 3.4737441562115543
3 3.346694409100151
4 3.4109192656429417
5 3.3868951459755174
6 3.2509597354316577
7 3.2694826611858523
8 3.301862632987827
9 3.444641480224404
10 3.5348593260375543
11 3.4211299903445944
12 3.315184990567119
13 3.4119609021846156
14 3.3390009808140624
15 3.309181959293523
16 3.448136662467461
17 3.4007494982865665
18 3.494393551051723
19 3.6378502233241266
20 3.4669041880662776
21 3.3051404303048675
22 3.380247976318653
23 3.363562111897478
24 3.4812982700654347
25 3.389743619903525
26 3.349345438024365
27 3.421637818424076
28 3.3080802184745046
29 3.3059485724134006
30 3.413705333303545
31 3.3533825861577
32 3.359873745912553
33 3.260633471461773
34 3.4773627398292097
35 3.3445713345904613
36 3.466542396687928
37 3.2862590201295685
38 3.3701287220884955
39 3.385278502873702
40 3.4812885547825783
41 3.36382823107869
42 3.498671806529644
43 3.3949100461990103
44 3.403780779773507
45 3.5144364196747224
46 3.498064340220502
47 3.259686224550042
48 3.4455857484425207
49 3.336946687559133
50 3.295379245133879
51 3.394313574593953
52 3.4190566826752824
53 3.3495690550911417
54 3.362510046361248
55 3.205686096949311
56 3.4369049583715077
57 3.3441421921304015
58 3.3442201623224705
59 3.234133146248268
60 3.279999762223961
61 3.385440550845442
62 3.2527940155631594
63 3.321414505377371
64 3.3338945079618383
65 3.317737357624881
66 3.3027007472014156
67 3.3169235779420183
68 3.414724477553499
69 3.385208075807206
70 3.2730615905939473
71 3.3211858415921935
72 3.4315998697728314
73 3.384590949369343
74 3.2338779508307733
75 3.3435377962541195
76 3.426485913211406
77 3.3504755538212296
78 3.450516021877201
79 3.392808671381237
80 3.297165317798043
81 3.4438785493318473
82 3.262181263741381
83 3.3821285609097416
84 3.3508371915963235
85 3.3285648541228667
86 3.3635425288931935
87 3.3193378314710507
88 3.3695837690668498
89 3.386277090491831
90 3.3716550330695045
91 3.361520879198116
92 3.269941409887922
93 3.33882603919643
94 3.3328911490972604
95 3.2522216097964898
96 3.2007698322470635
97 3.3343866954504033
98 3.3804991948547305
99 3.3980952847905312
100 3.4289676711455117
101 3.449276218966759
102 3.3219781415394576
103 3.3966312596798978
104 3.614415440278246
105 3.3001300142502537
106 3.3051881625949586
107 3.4346453624280735
108 3.3066239578873518
109 3.2890507796413666
110 3.2695250276678696
111 3.4960896044347947
112 3.3447664115920595
113 3.3920139236067364
114 3.465032034576047
115 3.4251225333785835
116 3.2428039983263695
117 3.273863053099129
118 3.2566867903300114
119 3.314745974146812
120 3.362660131059288
121 3.3227216076027806
122 3.3825433431349734
123 3.399353577723358
124 3.3345964328779836
125 3.380891967295006
126 3.3735533841720873
127 3.3540700051395755
128 3.36360823834875
129 3.322614619973567
130 3.4347614682771948
131 3.3090519165468573
132 3.476383175185383
133 3.3609730938939193
134 3.417639016102495
135 3.2499392795797273
136 3.305661227825833
137 3.3617509614101024
138 3.426200841999132
139 3.3458763737737396
140 3.206121749892428
141 3.3431649793833906
142 3.366257840892382
143 3.2835648629938063
144 3.333495078306347
145 3.414699349510441
146 3.3381987284725203
147 3.2969494696466883
148 3.3686012691464353
149 3.3448636912432765
150 3.4645987361911
151 3.3753740167761475
152 3.2505182901351533
153 3.4099180462504504
154 3.280872180657754
155 3.408795776414216
156 3.3553625584986317
157 3.199907851999911
158 3.409019146809404
159 3.3485761405140564
160 3.358550752232898
161 3.3957473670557943
162 3.4164797262388915
163 3.327251601632392
164 3.3473403485353623
165 3.351204635466063
166 3.3081387366414075
167 3.2549909009780764
168 3.3430483572075436
169 3.322896055360822
170 3.320933015839737
171 3.281035680762534
172 3.1660514586250033
173 3.3181293604753894
174 3.4099338894970956
175 3.36084116945681
176 3.25811562583185
177 3.4869271065366023
178 3.2875875108311434
179 3.262143824286108
180 3.224279693682002
181 3.3487084440893073
182 3.332589790140387
183 3.3349449822683725
184 3.360616615187309
185 3.3545112639119115
186 3.3205240155123934
187 3.3415242590351295
188 3.4998294255543185
189 3.308581647929521
190 3.4622617939228584
191 3.274243322271872
192 3.4140581277211584
193 3.2837201627696717
194 3.329796850592927
195 3.3229150776283762
196 3.367296704208048
197 3.382687726260014
198 3.294323589445326
199 3.2314968795368713
200 3.252006088546403
201 3.3702782497117787
202 3.551500371162711
203 3.5006023003543145
204 3.3435379098751006
205 3.4701174160043187
206 3.2462284286200926
207 3.2192905949146153
208 3.360325410382262
209 3.319400881039235
210 3.3091115633112986
211 3.351033564564528
212 3.347452931995188
213 3.303638985640684
214 3.3853427799319866
215 3.3407820270199413
216 3.2662145897788832
217 3.41398235213879
218 3.3408842449762646
219 3.3222117162133076
220 3.449025688151199
221 3.3189678508512443
222 3.3480523777634184
223 3.2662592645682427
224 3.4516169564473937
225 3.346006880017875
226 3.3060496224092537
227 3.296917257986304
228 3.3884038294657586
229 3.511408240321276
230 3.407575684972965
231 3.314490942388433
232 3.2835606085169426
233 3.312388876042142
234 3.342717831413404
235 3.347534264749483
236 3.335446983310611
237 3.2650550576220922
238 3.268991956027687
239 3.3631833997685883
240 3.4091447240001465
241 3.3360570483527527
242 3.3134570800422427
243 3.4282156148628404
244 3.290471352335539
245 3.269050447129151
246 3.3576134127938446
247 3.339884456719842
248 3.3897986550378896
249 3.325204841946081
250 3.326227206635597
251 3.3953569111764055
252 3.2947067210676657
253 3.3078738387672386
254 3.328149468643155
255 3.2660561025094004
256 3.363038507269814
257 3.349350495178858
258 3.2894220327559993
259 3.2887030267871493
260 3.443578930652022
261 3.444438433430838
262 3.4525880330032437
263 3.3472128149029188
264 3.300802664204436
265 3.397844110577262
266 3.4492678981225238
267 3.4658618147077966
268 3.3876769052753324
269 3.3807495397825686
270 3.4122062747308983
271 3.3318365976874453
272 3.268227498644014
273 3.3063410880823896
274 3.3489234630009608
275 3.5027458164659317
276 3.341036153561776
277 3.316242822148174
278 3.3830746989726044
279 3.36060830239748
280 3.3597603973488983
281 3.2330035821288505
282 3.2852121051787093
283 3.292803758713339
284 3.27195608107712
285 3.3064085601067683
286 3.339672227821531
287 3.3061381836218
288 3.5391427099182735
289 3.4685480405574878
290 3.2439823020443703
291 3.16853881041282
292 3.4865886414095817
293 3.3432415357993843
294 3.4830853248750304
295 3.3143893252563914
296 3.337898373069767
297 3.3595224673529938
298 3.2915711516579518
299 3.5642019546058217
300 3.4020826048462087
301 3.4468778962470563
302 3.2806871031778084
303 3.2737473892268096
304 3.3755626611765805
305 3.440148510706439
306 3.370260338447789
307 3.434958108461449
308 3.3558887032170666
309 3.5910459215915957
310 3.3458362844688736
311 3.3809084239636675
312 3.442384245690512
313 3.304070601902173
314 3.3270627469706073
315 3.3684198731620536
316 3.3354141822048633
317 3.352910664247903
318 3.3099573562585722
319 3.3185438721622584
320 3.294995346187199
321 3.325948797044997
322 3.420879906485201
323 3.3717998345701905
324 3.3734526793872814
325 3.3605408162679526
326 3.2881815846407676
327 3.346296970684158
328 3.338610056775432
329 3.3853020085048344
330 3.4127455002871563
331 3.232691652672703
332 3.4655358706824613
333 3.2985783750225663
334 3.2911883770093002
335 3.3123098872465744
336 3.366779768094745
337 3.384988399305288
338 3.392512720894494
339 3.462775278013647
340 3.5708934176430494
341 3.2923075613201975
342 3.4138554916709767
343 3.371145935708594
344 3.2566949429932017
345 3.5501550439626794
346 3.3762298579300216
347 3.2774715147683837
348 3.2073643663855593
349 3.3987575033826634
350 3.37253048424908
351 3.516894540185473
352 3.3689901860899534
353 3.647248223433445
354 3.2795607176436845
355 3.380738346205232
356 3.3007488721593967
357 3.3054550346778697
358 3.4785001384439096
359 3.3585978355468757
360 3.302405027044018
361 3.3402285559447904
362 3.3314666117557894
363 3.4642762365578097
364 3.4536490450478396
365 3.3282471823231576
366 3.451425120932911
367 3.4137055784854353
368 3.2093593203354254
369 3.3482666578990097
370 3.503479671356768
371 3.255936750749037
372 3.206445944480717
373 3.4115726157069317
374 3.2604236813665457
375 3.2433967076480257
376 3.379495448128556
377 3.39230707900753
378 3.3700487881976295
379 3.3687084288226448
380 3.29344419302627
381 3.577940303863427
382 3.389108654027739
383 3.39028134905388
384 3.390869863539848
385 3.2457209727700214
386 3.310424161762314
387 3.568882505043715
388 3.3051420329127574
389 3.390259653371354
390 3.4157941776694125
391 3.4405148644482635
392 3.2944804641373513
393 3.277934176760806
394 3.3956280027627126
395 3.3762389649302094
396 3.3040088273598034
397 3.33135272303106
398 3.5578752373796934
399 3.2519205071538897
400 3.398439057899721
401 3.2256423029352206
402 3.3559341765182626
403 3.2667378432182335
404 3.376156581572375
405 3.2227671301517518
406 3.327410874247355
407 3.332423588045117
408 3.386610723347964
409 3.368284379467942
410 3.3003529965234044
411 3.334753229183944
412 3.3230318757818256
413 3.324796170528669
414 3.35215289738195
415 3.3684594515194877
416 3.5815050763886878
417 3.3846681309007884
418 3.391239017302224
419 3.393870590698942
420 3.3408961656638594
421 3.4046328495860068
422 3.162598059930213
423 3.3804087304630532
424 3.351964589527709
425 3.3274437634908836
426 3.3897748805520513
427 3.39114950487479
428 3.2282542112359893
429 3.3086063731270783
430 3.372043880992912
431 3.3589548035775136
432 3.373543972810379
433 3.3745900161436686
434 3.2827516572084914
435 3.2860029993361013
436 3.5307482022224526
437 3.402473055741168
438 3.3465850074739496
439 3.1663920831980046
440 3.3600954432257306
441 3.446750006630065
442 3.3600731413542806
443 3.4928395297206927
444 3.4851871353368185
445 3.3716701826077062
446 3.4078626452471514
447 3.371064328685738
448 3.3231076575235607
449 3.459686573361717
450 3.1839673790622025
451 3.313749037079918
452 3.3091874272376463
453 3.3894128275021607
454 3.4834410905288515
455 3.5093968496314383
456 3.401992371925236
457 3.3188971147611532
458 3.217717498588568
459 3.2629730562613917
460 3.3827861769912277
461 3.3057950963996
462 3.414513884188302
463 3.499309693302757
464 3.339033729754974
465 3.310983334363526
466 3.4360824997261425
467 3.6198970412974516
468 3.4156444211343158
469 3.324550007812622
470 3.229246876326023
471 3.272117708360364
472 3.463405728642401
473 3.4291249833579376
474 3.4502263078372395
475 3.4043379954215616
476 3.540062224106883
477 3.344529294937783
478 3.289035357817074
479 3.3969531540348155
480 3.4731837262585388
481 3.291600671719877
482 3.3460263666394297
483 3.363491178566009
484 3.372976536779835
485 3.3875278233565087
486 3.368117070370072
487 3.2044544781290103
488 3.3033557744432627
489 3.306840902111257
490 3.3990360266943607
491 3.4828761458726443
492 3.3591880137704333
493 3.347688235668263
494 3.6070661336477774
495 3.5198545460416972
496 3.3275217079758344
497 3.345202441935317
498 3.2630533282881657
499 3.3526622963966517
500 3.2699262778385103
501 3.6249961685163923
502 3.586585318768704
503 3.426006988948962
504 3.5725981832152978
505 3.335728896344116
506 3.2662381553862745
507 3.4368940814402884
508 3.292063756023731
509 3.4115940439303207
510 3.3626660781017157
511 3.4032169630989535
512 3.335426562672909
513 3.245407410893784
514 3.2896289479282737
515 3.4307027278430726
516 3.2195251441806425
517 3.5280744584968367
518 3.4082400020551846
519 3.2816561400188906
520 3.311463113080072
521 3.3944721103486257
522 3.432842391101797
523 3.3174394787668975
524 3.173836841410952
525 3.4817157667096197
526 3.493529534031796
527 3.3995623190978725
528 3.411922677072872
529 3.2717072953578383
530 3.474044118762388
531 3.3894806028577027
532 3.352388195660597
533 3.128103167592175
534 3.235634910546009
535 3.5794398586852934
536 3.331859835640826
537 3.3414442907368826
538 3.2190288475605575
539 3.30530336159266
540 3.226264390113259
541 3.3301747469361462
542 3.2774401926928776
543 3.293877948717498
544 3.2638897251464454
545 3.309041948405736
546 3.3329841840581014
547 3.3508408007868264
548 3.4054830519252106
549 3.5258852956731124
550 3.2784159045770536
551 3.3118101065444057
552 3.371858733735168
553 3.438585755458297
554 3.358968306914847
555 3.255972943478078
556 3.3095123964289215
557 3.299028917864098
558 3.3157406721799894
559 3.3464276772841632
560 3.45742324660372
561 3.2730346526285032
562 3.3642626933659963
563 3.2464533624604512
564 3.342943333488794
565 3.4230589384463843
566 3.380763509699044
567 3.269235014999393
568 3.4202404739398684
569 3.329776528803581
570 3.3877893358798867
571 3.3595707205566194
572 3.2770240257711762
573 3.357716158248778
574 3.354435884051821
575 3.433153994659448
576 3.2379185139263162
577 3.2314155141155316
578 3.307345920022708
579 3.372490010467565
580 3.442524482516905
581 3.4274148624787077
582 3.437713535665804
583 3.3406457455074325
584 3.2105539495870405
585 3.4885453556943418
586 3.321941071403081
587 3.348215688451329
588 3.3661276250674175
589 3.484952837372426
590 3.353845507400445
591 3.368973677298179
592 3.3448714341878785
593 3.3907133390454107
594 3.2607732207237867
595 3.2181237129523854
596 3.3469693844773136
597 3.436622315677359
598 3.5276557393884738
599 3.3512579663091464
600 3.308425581808884
601 3.3718087492474527
602 3.2989677984463275
603 3.30113190374169
604 3.346145956135177
605 3.3668419126273306
606 3.4276827333553737
607 3.402925173128427
608 3.4297206220701018
609 3.3487557582908107
610 3.35046174896976
611 3.410487963883786
612 3.365327110189785
613 3.2450524344765377
614 3.407131559360997
615 3.4242094577709246
616 3.2392139673307296
617 3.4362580864624537
618 3.2032895024830434
619 3.314802349312427
620 3.379230942818368
621 3.463294682625752
622 3.3763239176021
623 3.316499341132505
624 3.284069459849778
625 3.238481740501486
626 3.553152404418883
627 3.3466716364038542
628 3.233275020461127
629 3.4824428393227906
630 3.2646419456359914
631 3.468533960295794
632 3.318404236675957
633 3.447165970289385
634 3.2952986370319617
635 3.3069496916406087
636 3.1667536300545676
637 3.3156726051939307
638 3.3819287113995022
639 3.328324230204944
640 3.2143481874900095
641 3.3545346033138355
642 3.4507143560364937
643 3.2513037887780327
644 3.3665397975858604
645 3.3209145254263666
646 3.3715787890162456
647 3.3949066463633564
648 3.2259428469227815
649 3.341294262068153
650 3.3272665288633205
651 3.430134659445314
652 3.343620331101146
653 3.338847171545257
654 3.4997130530983194
655 3.282084802160809
656 3.232732312844853
657 3.5599869216269178
658 3.391783331515782
659 3.2939345704738567
660 3.4623705402496925
661 3.2908296989763115
662 3.3456865812677257
663 3.4482600077510686
664 3.366121023206943
665 3.3308887400295353
666 3.4071122368950952
667 3.29303281232677
668 3.410433165656095
669 3.365946446477351
670 3.3505414308287573
671 3.2372423293929757
672 3.298621109827003
673 3.2743634293427224
674 3.3587025911000303
675 3.2466198121989556
676 3.421540823473056
677 3.242829558634809
678 3.368277413706314
679 3.2471472536434915
680 3.3883773928345624
681 3.4352436185062354
682 3.3627849331517314
683 3.4276680407858455
684 3.279758395886263
685 3.4246067850392237
686 3.284249910767299
687 3.3490792273727195
688 3.37597146018147
689 3.2599140088145155
690 3.354637827060992
691 3.2938811696589987
692 3.305153033427036
693 3.322314730778412
694 3.436491364104796
695 3.4378570446102055
696 3.4442516912152126
697 3.2664022400889317
698 3.334254089775888
699 3.33646373504923
700 3.4612298112655786
701 3.3356587019967434
702 3.281725255414505
703 3.5177469594497106
704 3.2514688885520897
705 3.2825360758068887
706 3.398719168069188
707 3.3768097828806733
708 3.374447599916202
709 3.3053699811982487
710 3.2891666035494427
711 3.234741712093951
712 3.329613614876112
713 3.3513358527943575
714 3.810194327099927
715 3.5096896973484113
716 3.423285561121898
717 3.3242719608169917
718 3.4167614220208073
719 3.282559504642796
720 3.3842109899458768
721 3.2539461269456833
722 3.362062409106419
723 3.3848910930189824
724 3.2747013580144353
725 3.324734156915606
726 3.4058089960737257
727 3.3683404179274383
728 3.4534171289788644
729 3.5452566606933407
730 3.274421676307518
731 3.419651257103885
732 3.478961064616212
733 3.226210211084637
734 3.4081241929280512
735 3.445857655774961
736 3.2403626855506205
737 3.3297744068359934
738 3.415862160956237
739 3.3050495827212494
740 3.3339676748016522
741 3.3303664249160536
742 3.4436117376689355
743 3.3086948640522755
744 3.332136485324771
745 3.501553695827997
746 3.3035127776045323
747 3.3522682035015805
748 3.222226658491753
749 3.323815006632926
750 3.268491764215076
751 3.3605524474918
752 3.3161369022029086
753 3.311076946079174
754 3.3194309204642987
755 3.3553354292879054
756 3.5095882059168857
757 3.2225173399958766
758 3.333882588581239
759 3.370474461096989
760 3.4120894503836956
761 3.4464738101198247
762 3.372543911938194
763 3.358706107285749
764 3.426297457687348
765 3.4142664433188092
766 3.368150801692311
767 3.3514083966453754
768 3.4566704568071556
769 3.36760607001907
770 3.376132326987429
771 3.3163432962878043
772 3.3670779448678587
773 3.2960741496818873
774 3.2939251861228005
775 3.256971508021403
776 3.2681667457807793
777 3.3299680698733423
778 3.290058268544909
779 3.2234019358287465
780 3.5498483584656433
781 3.392116673580808
782 3.3359749059194144
783 3.3638986750407938
784 3.2442100153566944
785 3.2640820205736203
786 3.243971399588077
787 3.2627966136488036
788 3.397493895496589
789 3.4119035929800585
790 3.1692270401545586
791 3.2850269548252
792 3.4074709946630515
793 3.3220538993798847
794 3.2981256629402935
795 3.2296632523371107
796 3.3546671001159374
797 3.34282902723904
798 3.327617309200537
799 3.416463588574456
800 3.5008984849899005
801 3.594099303060736
802 3.307165722595758
803 3.530349361636555
804 3.433298155007417
805 3.431365025855588
806 3.279750064221079
807 3.282406303998507
808 3.31006013499673
809 3.4010396376165044
810 3.3193566077553527
811 3.4763205852010985
812 3.454964268698422
813 3.3968012113246093
814 3.189671022237777
815 3.3744117146605292
816 3.2933120319549345
817 3.337516648430296
818 3.5329623778280164
819 3.2779813277156475
820 3.2294661114144936
821 3.372703943396201
822 3.4213809413319836
823 3.288119549815781
824 3.257875615540767
825 3.275095045313955
826 3.2636424135714788
827 3.2815634982450774
828 3.3014534596783944
829 3.504087334739532
830 3.4892319001606937
831 3.3360373985066323
832 3.342286914611729
833 3.3920151194706136
834 3.5179766275699524
835 3.270743114124558
836 3.507699602807001
837 3.4188040867751863
838 3.3512276064061766
839 3.367840531926024
840 3.327864858897441
841 3.358846021943662
842 3.820872107472683
843 3.1939087791531056
844 4.180046665851366
845 4.3427095629570385
846 3.2797731862346065
847 3.439280801478454
848 3.622892631776857
849 3.304007580058186
850 3.336691015055362
851 3.3068860038666053
852 3.3038264056366695
853 3.3359110989902896
854 3.44856853368994
855 3.390836777330036
856 3.343551517381717
857 3.2979035670407666
858 3.354601297647361
859 3.26045410435946
860 3.4775651515112465
861 3.4722147706307243
862 3.2796045199889488
863 3.334198571964357
864 3.3775322190504564
865 3.4655401332673557
866 3.3219288789074994
867 3.46849994636288
868 3.347052457836472
869 3.279730051675115
870 3.2697438669349697
871 3.215161229177241
872 3.2926117486108737
873 3.32613123879055
874 3.1957873945128306
875 3.3570456803633255
876 3.497165664871205
877 3.281904924994964
878 3.3969174227788637
879 3.348870251459724
880 3.322502361158827
881 3.3852142260248286
882 3.2435084825806597
883 3.232700038854098
884 3.3779537055655044
885 3.4886944294797924
886 3.411423331838972
887 3.304992807921248
888 3.314808575421957
889 3.3696855591648482
890 3.44058561151119
891 3.2667040053268
892 3.245145801692693
893 3.3280987237971593
894 3.355956376958496
895 3.3547017184512016
896 3.4074208090835847
897 3.3502175549466755
898 3.303257454378014
899 3.454922227945294
900 3.3118233648303397
901 3.379631706825923
902 3.3161826918783253
903 3.3382540533785865
904 3.479163105403458
905 3.4262343404570688
906 3.366853078494641
907 3.2074393069733698
908 3.209710394532202
909 3.3571052098500918
910 3.441972004500077
911 3.43004101728373
912 3.328225055881862
913 3.3226383249931066
914 3.297388264193034
915 3.274563878805723
916 3.321758283317459
917 3.3071439023107696
918 3.232607522438362
919 3.3066545347284673
920 3.2972391238489838
921 3.309048501880782
922 3.371869102976637
923 3.2590417338857702
924 3.2405252104081064
925 3.325510813030253
926 3.349770101796016
927 3.491886494790453
928 3.3716863636910395
929 3.326514649281301
930 3.478781259531873
931 3.3957202749119966
932 3.3739120188409806
933 3.6816005252125055
934 3.46473118388319
935 3.305605174994542
936 3.3413376047773684
937 3.2303843716531655
938 3.3105516567150595
939 3.4670529811634707
940 3.3768605012457567
941 3.2581587704332695
942 3.5022678579802475
943 3.419588363150087
944 3.2195184099798104
945 3.504983000305943
946 3.3571511678940547
947 3.320829423407792
948 3.278310295803989
949 3.353210182003868
950 3.3040383852021393
951 3.327056163957531
952 3.347046694584651
953 3.3367704491404715
954 3.2035216906758555
955 3.5124132977409603
956 3.33301863933523
957 3.282778485913027
958 3.3481085285054104
959 3.3757463115337814
960 3.3682694633261825
961 3.3708404556411784
962 3.313281991041794
963 3.4260066862258407
964 3.3738214831327267
965 3.304558274002203
966 3.322965238316382
967 3.3118435807467113
968 3.32924291411687
969 3.542146537559408
970 3.275293714476781
971 3.299955766102901
972 3.31660536291526
973 3.321715540389319
974 3.484096089115488
975 3.282293607813737
976 3.415108559656827
977 3.316592474443328
978 3.341313857783696
979 3.3018797556560298
980 3.339058079946129
981 3.374014139267865
982 3.263120706277406
983 3.4187362988707704
984 3.274239564749795
985 3.4289208365187305
986 3.238853125225385
987 3.3894752320371406
988 3.294286424608171
989 3.3496321597556324
990 3.2790183455602615
991 3.3055215326841765
992 3.3109190625849014
993 3.376923352755912
994 3.355624134388729
995 3.494428331351641
996 3.3906442527374496
997 3.231598861847687
998 3.4789597786437825
999 3.285932115841648
1000 3.3335801110963525
1001 3.340479052092059
1002 3.318973481665362
1003 3.3856935723908737
1004 3.4181700182791563
1005 3.2766343887245397
1006 3.2965671397073297
1007 3.424820876552591
1008 3.441553064337571
1009 3.611690301394734
1010 3.4411496673809814
1011 3.4133767725625046
1012 3.2900621840133057
1013 3.2606096343966664
1014 3.2860242387175616
1015 3.387358043562227
1016 3.255955508692535
1017 3.2629885074712446
1018 3.424124556300101
1019 3.378336623067632
1020 3.2448088463580524
1021 3.229158426531314
1022 3.4765261310565627
1023 3.4332737409405203
1024 3.4562479400403463
1025 3.461088938175873
1026 3.3106482843325895
1027 3.3418004262813548
1028 3.329889647665681
1029 3.353250827629153
1030 3.4272592308672833
1031 3.226855373167852
1032 3.289837954726215
1033 3.3548811565450904
1034 3.2846871801659967
1035 3.312986396865894
1036 3.307130017204925
1037 3.3042325594518442
1038 3.2960697221511843
1039 3.2840980993154285
1040 3.4717719356802466
1041 3.2626528948187454
1042 3.327143662499979
1043 3.3831930766791567
1044 3.5185366161501297
1045 3.415966871534911
1046 3.310133278054087
1047 3.196171116742974
1048 3.381061158188687
1049 3.4340670030561924
1050 3.231290142241351
1051 3.466678062215397
1052 3.3061411525048263
1053 3.2170155280280053
1054 3.4503965846787046
1055 3.331642921528103
1056 3.3633300009725287
1057 3.428067683349503
1058 3.3469860088063603
1059 3.289866512425814
1060 3.345803420654443
1061 3.2302644424399816
1062 3.3932930604237233
1063 3.4360212952363645
1064 3.3086319652455374
1065 3.418925928892018
1066 3.3317795815002857
1067 3.4370818294291543
1068 3.524704730121258
1069 3.4135819295831187
1070 3.3173405152249806
1071 3.2392308504792955
1072 3.314111657471274
1073 3.3538893933718223
1074 3.21804273181125
1075 3.291237297575756
1076 3.291568849353752
1077 3.3503679122284877
1078 3.4553799037947273
1079 3.260871936367137
1080 3.3633436603915854
1081 3.3357022893820334
1082 3.330249657853038
1083 3.3714216551699647
1084 3.26483240470278
1085 3.3239946440216475
1086 3.339924864246943
1087 3.353331367361232
1088 3.3913062771836278
1089 3.2555465405731936
1090 3.3389061254085286
1091 3.46442621811361
1092 3.3740507360119363
1093 3.258084084866595
1094 3.4082742146498672
1095 3.3686352223076796
1096 3.4687363113461016
1097 3.2627562415700058
1098 3.3087092500761766
1099 3.294553324812115
1100 3.281068994146102
1101 3.3335473343560436
1102 3.2602345824845993
1103 3.3989766765067113
1104 3.3165261078901476
1105 3.3293173634059507
1106 3.2765545186145513
1107 3.3638277938128023
1108 3.3082824422674353
1109 3.446052498967554
1110 3.35596889384267
1111 3.468392100130358
1112 3.363956484050238
1113 3.471193052693509
1114 3.3026672163438673
1115 3.415212018037274
1116 3.314664853812925
1117 3.2799083724805347
1118 3.2613312720933916
1119 3.3508336472420694
1120 3.2408063586766374
1121 3.47995815123936
1122 3.3848814469295356
1123 3.442256610603061
1124 3.374409298265974
1125 3.2809592666155423
1126 3.2925248058526346
1127 3.2183445594306384
1128 3.3254038536859425
1129 3.3907989921533512
1130 3.4120818356154277
1131 3.37452978191591
1132 3.297838424398382
1133 3.3430129506170907
1134 3.4963678515743006
1135 3.1869660539219558
1136 3.2372799528729432
1137 3.3240047159717108
1138 3.390628119221746
1139 3.4146227240295
1140 3.4468001752731694
1141 3.3410589937228514
1142 3.2550616245031883
1143 3.3490271725988072
1144 3.3533275281931827
1145 3.4495987595369333
1146 3.3839452408914075
1147 3.395998435740447
1148 3.357038538615353
1149 3.510111111972029
1150 3.33698821903051
1151 3.5518059458155555
1152 3.400235992096643
1153 3.3084736222928726
1154 3.3982658930836807
1155 3.315511085790757
1156 3.3731453612212334
1157 3.2731941259508837
1158 3.307753611747626
1159 3.2861330593634377
1160 3.2838318178007726
1161 3.3460680884479217
1162 3.3925259558734817
1163 3.287909626529989
1164 3.5132315353444312
1165 3.4921943571704612
1166 3.3266138475150298
1167 3.2198818301216123
1168 3.362042456683074
1169 3.41853995938322
1170 3.439583450702167
1171 3.2783178712025163
1172 3.3658604888960344
1173 3.327400832226762
1174 3.3155303350168728
1175 3.4768673173080527
1176 3.264764824756544
1177 3.332823681172718
1178 3.339806299392194
1179 3.43039410536248
1180 3.308651113285088
1181 3.366418654313115
1182 3.3028829668669313
1183 3.3655137198468554
1184 3.3460818776985053
1185 3.304977292497333
1186 3.3956113618172554
1187 3.4156490411316773
1188 3.4081814677472595
1189 3.296595839405835
1190 3.445728916705807
1191 3.597271120298083
1192 3.2755405174023102
1193 3.4042497098041777
1194 3.283931996317377
1195 3.326689936524099
1196 3.328085686017285
1197 3.374626627540829
1198 3.3093403940763886
1199 3.326377167241955
1200 3.4403541484638396
1201 3.334420886609187
1202 3.4336179651534104
1203 3.2263628209972373
1204 3.2875904290742364
1205 3.4416620858092926
1206 3.5754437944285233
1207 3.185256684381196
1208 3.4958053940475975
1209 3.1907284709299906
1210 3.366665151075293
1211 3.2422749834184343
1212 3.400624100064206
1213 3.2997120671012836
1214 3.3491733952253857
1215 3.422464286233903
1216 3.2916610554581847
1217 3.307697763134134
1218 3.2591167676582335
1219 3.3058190434115637
1220 3.3341328499107736
1221 3.2276187221684665
1222 3.245411122591764
1223 3.2049133585086493
1224 3.450754678628313
1225 3.463675287118012
1226 3.2259530391457307
1227 3.4588535485198144
1228 3.472392924103155
1229 3.476502701881933
1230 3.392658532156739
1231 3.354006145740001
1232 3.339758262157074
1233 3.3462044628957557
1234 3.4095398951165956
1235 3.287946674806287
1236 3.2999776079748027
1237 3.4585204452508167
1238 3.3259310978559893
1239 3.3512487456276983
1240 3.3143080955095434
1241 3.4193448228692467
1242 3.3627183507431684
1243 3.500783081813732
1244 3.235312140170433
1245 3.322622268676848
1246 3.3468228968122955
1247 3.3971857812842665
1248 3.3644467517499512
1249 3.2670420553277246
1250 3.312969961773581
1251 3.4116528309999405
1252 3.4656548417665296
1253 3.2042101928443607
1254 3.4111359917965247
1255 3.31695630058867
1256 3.427372315861327
1257 3.4005189056028917
1258 3.3327919129016883
1259 3.379899559134177
1260 3.5977652260934847
1261 3.2949647681554013
1262 3.2460772929798956
1263 3.3892098536461575
1264 3.341502818145761
1265 3.4205794731797465
1266 3.4628103651683038
1267 3.441806340652409
1268 3.267890641146107
1269 3.4259494582880294
1270 3.2847819552282926
1271 3.355280758275437
1272 3.259029791205799
1273 3.3292887663505266
1274 3.5387804300783174
1275 3.4319903149373894
1276 3.326828611451181
1277 3.3082869474980354
1278 3.3833444245997755
1279 3.2920584360528213
1280 3.2145449025708297
1281 3.2679328946969775
1282 3.3035383075369484
1283 3.3924903437802008
1284 3.3781721656844494
1285 3.404351151893546
1286 3.410713079986049
1287 3.360549814214791
1288 3.474827404237243
1289 3.1949070696924524
1290 3.332974946084395
1291 3.2970064761925806
1292 3.2901461326988244
1293 3.3538056301967623
1294 3.2937623693582254
1295 3.2391943151178033
1296 3.396664962771895
1297 3.3083462294389454
1298 3.2894103869959856
1299 3.526993578702783
1300 3.3381547444453
1301 3.280860300743939
1302 3.3052696292326593
1303 3.336381289920698
1304 3.381954442696376
1305 3.2880036956034844
1306 3.3733236844893573
1307 3.3618712487672138
1308 3.2553162308002936
1309 3.4143988994136727
1310 3.413169466865551
1311 3.3600238476941073
1312 3.291473815682993
1313 3.202650881836519
1314 3.3380403068468696
1315 3.2847303301806265
1316 3.336953552963193
1317 3.287816819340896
1318 3.4154538789768183
1319 3.389604614373757
1320 3.3219968056820544
1321 3.435454310446444
1322 3.2407922889621705
1323 3.4016719309050463
1324 3.370315485944895
1325 3.49131370700185
1326 3.1618263975401733
1327 3.29816255826374
1328 3.3304027781000904
1329 3.3870226942361565
1330 3.3305197695724353
1331 3.4394680878873385
1332 3.4729138159842337
1333 3.39996200288358
1334 3.595945275123361
1335 3.46731817683973
1336 3.524861800727632
1337 3.4105314598270886
1338 3.366844072430013
1339 3.447942490480922
1340 3.3788080021922133
1341 3.291305032046073
1342 3.4154814885564497
1343 3.3790467113115903
1344 3.2276803622641954
1345 3.4649234300388407
1346 3.4036922639593805
1347 3.45588439643717
1348 3.2625859056242135
1349 3.398480851484692
1350 3.418017763455348
1351 3.2653658342045015
1352 3.385134652331056
1353 3.5010806066996993
1354 3.5159287674290374
1355 3.411194765884195
1356 3.295804179738498
1357 3.3311962581744696
1358 3.306084055688287
1359 3.393711828651534
1360 3.2783090141967572
1361 3.535927718302017
1362 3.3207399089055087
1363 3.3398728188421267
1364 3.375079841550962
1365 3.3759482810650345
1366 3.2720685028385943
1367 3.4573641883616655
1368 3.227248881675254
1369 3.4425017729400818
1370 3.4206412522859035
1371 3.40219200094057
1372 3.390303980338162
1373 3.3356864482763795
1374 3.287364132050297
1375 3.2579902198568353
1376 3.217385437629573
1377 3.403062539561962
1378 3.3862948348468698
1379 3.302700179620844
1380 3.228323609206317
1381 3.4532497741802164
1382 3.291004067940591
1383 3.1371489316646186
1384 3.3192320083525106
1385 3.395685028596734
1386 3.3160406235886777
1387 3.34552806913918
1388 3.2558304045790503
1389 3.3357945886151574
1390 3.2376006370984842
1391 3.4378103203680506
1392 3.359764056251548
1393 3.3282758898588716
1394 3.313200069641456
1395 3.2772502590597385
1396 3.412735608908973
1397 3.2228147908851255
1398 3.1862030437642823
1399 3.354505122177786
1400 3.349219053530038
1401 3.40813110253373
1402 3.418504498152526
1403 3.2873249752371465
1404 3.309760343267514
1405 3.5474213215219748
1406 3.3374876419499495
1407 3.222801391969954
1408 3.2607662096543897
1409 3.3892196333139752
1410 3.335668002812816
1411 3.4516952275652084
1412 3.2866374918803505
1413 3.472683148625001
1414 3.3252375207934977
1415 3.5215299549160712
1416 3.2788895329058554
1417 3.2690927890900654
1418 3.2756518939587074
1419 3.393158748714466
1420 3.4337393302878585
1421 3.4267725389106225
1422 3.274779271066111
1423 3.343549331859875
1424 3.346840702100738
1425 3.441347390482533
1426 3.3788194754005985
1427 3.335719217691379
1428 3.343270013348461
1429 3.3746329298941884
1430 3.3763291480587156
1431 3.309869029371176
1432 3.4532455073356814
1433 3.5969128217249517
1434 3.269435237396383
1435 3.2387433675412143
1436 3.463603013099544
1437 3.216045822253999
1438 3.253455423267313
1439 3.349746262146406
1440 3.832691589031751
1441 3.416196843405393
1442 3.494897291751898
1443 3.3162998681466913
1444 3.2425345749821046
1445 3.46053236800985
1446 3.2558870561533078
1447 3.5309138853161626
1448 3.204047958086215
1449 3.4711159482927574
1450 3.2868809999148776
1451 3.333514015765827
1452 3.3438991525277544
1453 3.216874394054471
1454 3.2366464642458004
1455 3.295587800300799
1456 3.407968645086664
1457 3.2934887373764283
1458 3.3273003338004834
1459 3.3299402180655435
1460 3.482723076188478
1461 3.410725900194351
1462 3.4019379601281172
1463 3.3699058074565325
1464 3.3038430736697455
1465 3.1823546596875314
1466 3.2573178801515006
1467 3.276221877193017
1468 3.33129594842958
1469 3.3682952086363733
1470 3.3864844115710286
1471 3.383605385400468
1472 3.4359371539927204
1473 3.4313899771194682
1474 3.2857407127231473
1475 3.2691538661111803
1476 3.299054094586898
1477 3.2652411240264385
1478 3.3040415694218623
1479 3.2044604746408663
1480 3.5589537616790388
1481 3.3357594241834434
1482 3.3562585376171485
1483 3.405309170929246
1484 3.14171098270111
1485 3.4014082314489893
1486 3.3627565175981156
1487 3.3602041412623067
1488 3.4444303507371496
1489 3.2530866809751076
1490 3.3184489828110224
1491 3.3673990096074555
1492 3.332991049871427
1493 3.3496557796609263
1494 3.2956346959782725
1495 3.4473882837199485
1496 3.411905986305082
1497 3.359661006913141
1498 3.4814942787774568
1499 3.2852790942257233
1500 3.573513543644262
1501 3.384191405647414
1502 3.3825947187283414
1503 3.15375752975661
1504 3.294212969243775
1505 3.383504274173564
1506 3.3714940148808963
1507 3.3876786411863393
1508 3.450761622661581
1509 3.2470210516505853
1510 3.5088117924309365
1511 3.3460778591225715
1512 3.366222592903929
1513 3.378912210730676
1514 3.394768124027555
1515 3.4220560180687993
1516 3.3383117163866767
1517 3.438124150329896
1518 3.3408472373221496
1519 3.327304921093701
1520 3.366898010977768
1521 3.3050997075732633
1522 3.322086034176558
1523 3.4367323061633366
1524 3.2873319483367416
1525 3.3436054370321577
1526 3.285412572564298
1527 3.404317352721994
1528 3.8909551247600485
1529 3.4621047418638478
1530 3.3709407525909825
1531 3.3187440631327734
1532 3.4274553970829733
1533 3.2400508375757937
1534 3.346537809788358
1535 3.281639514787842
1536 3.523946859361778
1537 3.193616040929372
1538 3.2939192786431257
1539 3.630335424451555
1540 3.3213614321699705
1541 3.4004380118144946
1542 3.2559725791618925
1543 3.3781597289238015
1544 3.397272274460327
1545 3.4572500091935625
1546 3.326273386145636
1547 3.4180666552917685
1548 3.4188212312649435
1549 3.254143815069574
1550 3.2988861098854687
1551 3.3057232897288897
1552 3.303929684630966
1553 3.3692715978634715
1554 3.354916655596617
1555 3.284874643131741
1556 3.4215846051112315
1557 3.271605679108418
1558 3.2835813031503425
1559 3.4023329367406365
1560 3.300494831204024
1561 3.6296789456681657
1562 3.239456176753075
1563 3.35661405174347
1564 3.3300931157471765
1565 3.4046369921208157
1566 3.4881630280637324
1567 3.4260185607044606
1568 3.3899011429230685
1569 3.329022831875478
1570 3.383356318602998
1571 3.281985905967737
1572 3.251302948621424
1573 3.2990876264264237
1574 3.349527798181721
1575 3.2562012894623305
1576 3.4530036642395823
1577 3.3896051016522994
1578 3.4382040423007005
1579 3.1520285411917706
1580 3.3607104907048275
1581 3.354894756239532
1582 3.451735088213411
1583 3.4413397158481795
1584 3.353268213032376
1585 3.4355645633605465
1586 3.3371360405563535
1587 3.4289838289821626
1588 3.4637444456301734
1589 3.361278103387731
1590 3.3213637474373296
1591 3.3770349843426763
1592 3.430686632176432
1593 3.319701135423723
1594 3.234209181373114
1595 3.595779647481628
1596 3.310891210053174
1597 3.4818069658522233
1598 3.1791733232460966
1599 3.288494302166608
1600 3.3200123083683897
1601 3.393519922578658
1602 3.199738514101578
1603 3.303376771489127
1604 3.4232989159162113
1605 3.404638357584002
1606 3.3810675948761086
1607 3.262905579048799
1608 3.459728305880672
1609 3.279822795612864
1610 3.445018450012287
1611 3.254172868298697
1612 3.3422687145454835
1613 3.2312515678222713
1614 3.2886470204795146
1615 3.264088326727144
1616 3.3110695034465865
1617 3.414128566178003
1618 3.2973740801987725
1619 3.342679758350554
1620 3.2649245461414904
1621 3.3704563931342175
1622 3.4514660830184
1623 3.24996389748173
1624 3.4111039662566354
1625 3.3018154204906915
1626 3.273702895894762
1627 3.4178071508563312
1628 3.31252718958465
1629 3.3649866596469455
1630 3.3593748487720263
1631 3.310103813570506
1632 3.6178266021888335
1633 3.538836926556848
1634 3.423941258782041
1635 3.353255539213263
1636 3.3615410450599588
1637 3.3209295573381676
1638 3.2237388218907927
1639 3.3023366939983125
1640 3.2204143006576724
1641 3.4433195243314545
1642 3.292673635640667
1643 3.32232154427434
1644 3.3042393944320403
1645 3.2336315542612257
1646 3.2587202918675056
1647 3.4472830365218905
1648 3.3501263275933657
1649 3.284765276378115
1650 3.3632511543114565
1651 3.298440248407881
1652 3.3654086998424626
1653 3.181576141653236
1654 3.45911969315563
1655 3.3625851852149653
1656 3.2652309260837997
1657 3.1634294634398756
1658 3.3839662462311444
1659 3.2544302758391757
1660 3.3596295539847953
1661 3.63709785019507
1662 3.3455546688746254
1663 3.3382971070077097
1664 3.286508585264139
1665 3.5782867377653096
1666 3.3285680427591453
1667 3.3073070120639585
1668 3.3139108868016036
1669 3.36159007843448
1670 3.3733061990819526
1671 3.336323286689886
1672 3.367861362521947
1673 3.2871610614822337
1674 3.3726888383319107
1675 3.37512991559229
1676 3.2868233708782304
1677 3.351378339705865
1678 3.343996163068363
1679 3.3734080735091387
1680 3.3812286392002697
1681 3.2333364932591846
1682 3.3928664937252995
1683 3.184805226894514
1684 3.3868338812184984
1685 3.3297964564217115
1686 3.3875834743183835
1687 3.500155229755639
1688 3.379800911086713
1689 3.3817026339785614
1690 3.2415223844130128
1691 3.3006526900883344
1692 3.466515561004153
1693 3.4106252074340877
1694 3.360705863924738
1695 3.4277814583618804
1696 3.39702653800147
1697 3.428095203925078
1698 3.35613948034309
1699 3.317204685108354
1700 3.3387600755027704
1701 3.40188262771531
1702 3.3105051133448447
1703 3.392539787127019
1704 3.304644660622045
1705 3.363514635754337
1706 3.3713779234598285
1707 3.4588690766495183
1708 3.3884413235294217
1709 3.2523915851790517
1710 3.393809416233701
1711 3.4795988924289585
1712 3.455300928733394
1713 3.299006092906981
1714 3.121312342687187
1715 3.3962958156287675
1716 3.323266359331763
1717 3.453959620852587
1718 3.30105177870359
1719 3.23100667707811
1720 3.414128325996655
1721 3.323485733707578
1722 3.243122060305594
1723 3.4334878056109663
1724 3.5211558887452146
1725 3.260624426113481
1726 3.442515350268281
1727 3.236916302264808
1728 3.3728497113907863
1729 3.426655406325379
1730 3.4003620823713003
1731 3.3085058359730604
1732 3.3793899286117117
1733 3.4108065318699143
1734 3.3737220381076063
1735 3.3093821671140056
1736 3.372916159169625
1737 3.289782472018903
1738 3.2942619031373535
1739 3.354428348336621
1740 3.5167671791352686
1741 3.302401100138011
1742 3.4131259149420115
1743 3.394551872210047
1744 3.455421080803716
1745 3.346302676688778
1746 3.3837606056969487
1747 3.3597582444244116
1748 3.445343833027929
1749 3.5231020962131123
1750 3.573251163879766
1751 3.52828877004998
1752 3.472721560728292
1753 3.3993865720950156
1754 3.4895416163141717
1755 3.246378606296893
1756 3.2632671485504456
1757 3.446138472938134
1758 3.2712075906109437
1759 3.313321866461877
1760 3.2256928982882753
1761 3.2739918897982347
1762 3.3319761554283023
1763 3.3007353825146186
1764 3.3188323317051776
1765 3.330696711707213
1766 3.319207583906717
1767 3.376179144649266
1768 3.3819160617114057
1769 3.239745719386271
1770 3.435967628524397
1771 3.315895444741809
1772 3.436225004818952
1773 3.4704065745087602
1774 3.495708550302726
1775 3.546339611478561
1776 3.3355470087261017
1777 3.53316182770052
1778 3.317169272131421
1779 3.2278161368532206
1780 3.3428042325630463
1781 3.36295583319613
1782 3.3089203096438573
1783 3.2943027880174824
1784 3.373804359301857
1785 3.3427564273167807
1786 3.384470797420213
1787 3.3656329500424293
1788 3.334536977674619
1789 3.378082405644565
1790 3.3248154060167945
1791 3.4968531373416845
1792 3.4638570623736844
1793 3.4068738209109934
1794 3.369190351341686
1795 3.3367509471095707
1796 3.4639028881008835
1797 3.4272224717898987
1798 3.3035211813096934
1799 3.406356011740584
1800 3.3810664323280326
1801 3.3118691746090576
1802 3.324241988387351
1803 3.2178605452687497
1804 3.2545361155410797
1805 3.3940228634764065
1806 3.2560397634745493
1807 3.3670225505618494
1808 3.601110627337154
1809 3.2671456257220743
1810 3.3772197677249616
1811 3.331293155467369
1812 3.2303642848416354
1813 3.318448688450415
1814 3.312763707231847
1815 3.3110944904757154
1816 3.3490961563681045
1817 3.264829512446273
1818 3.3892306181584946
1819 3.4281159386137263
1820 3.3751422076157582
1821 3.2719105575316054
1822 3.3871230807405937
1823 3.392589222656767
1824 3.331696917765974
1825 3.4167048257551396
1826 3.251562623368959
1827 3.221296247001395
1828 3.3502190553590845
1829 3.3704895360120792
1830 3.4016791568784988
1831 3.4085533975396696
1832 3.17258794533977
1833 3.439313412696928
1834 3.4248232325210637
1835 3.3647229212852388
1836 3.3699621890754696
1837 3.320089610655064
1838 3.478970884843135
1839 3.4531017909845683
1840 3.318920220211507
1841 3.270475657217462
1842 3.3774752854562764
1843 3.3512898442952657
1844 3.4252615179354975
1845 3.4483288904407146
1846 3.2898562761222085
1847 3.2389257701155842
1848 3.2708757621216056
1849 3.392092001810667
1850 3.402524851652538
1851 3.460339804012199
1852 3.4382736775927016
1853 3.2861655707634516
1854 3.390793039128019
1855 3.370827972725882
1856 3.288959598252589
1857 3.3472961998038224
1858 3.308328254255383
1859 3.2906985110816067
1860 3.178119536583026
1861 3.4641739710385093
1862 3.5058724152714227
1863 3.3869201365198256
1864 3.3408627431102675
1865 3.3230604638937176
1866 3.311611823357038
1867 3.398940086508705
1868 3.4528112635193478
1869 3.3453868654239765
1870 3.386285564245574
1871 3.453960460499041
1872 3.394057717063198
1873 3.3901985520037448
1874 3.419207382945947
1875 3.3582200941891602
1876 3.250504712631039
1877 3.268823422675174
1878 3.43392429242284
1879 3.3419033737393304
1880 3.290789472908629
1881 3.482961409484904
1882 3.36874124917755
1883 3.323948919602722
1884 3.3387764242190543
1885 3.3396776101490726
1886 3.390264782844906
1887 3.366057695212062
1888 3.329130319364852
1889 3.367670452433525
1890 3.4633695174465444
1891 3.3062554286569625
1892 3.4384681657950855
1893 3.6065021928401215
1894 3.3457942813668615
1895 3.371353253920842
1896 3.3752588341065635
1897 3.4378357476224006
1898 3.320728969249574
1899 3.329816867425989
1900 3.2113362050981356
1901 3.2814210623762894
1902 3.470697649479568
1903 3.354751072389988
1904 3.3599316813422355
1905 3.310334095250794
1906 3.3640796508604605
1907 3.4794672420321318
1908 3.4189633971363493
1909 3.278782891475028
1910 3.439055947728401
1911 3.273948625334389
1912 3.383448447856962
1913 3.397748459820703
1914 3.323712867359802
1915 3.3879544922775446
1916 3.415459056612011
1917 3.3920100752625415
1918 3.423070100194655
1919 3.3654395261210963
1920 3.422427231987286
1921 3.4897841091197557
1922 3.465625736536721
1923 3.408739576845405
1924 3.3657725483636405
1925 3.3465580214102126
1926 3.3616944712456576
1927 3.3829997992761425
1928 3.25895011014002
1929 3.3964884448705184
1930 3.3860722364714473
1931 3.4648993742417895
1932 3.339171133458201
1933 3.4515222849940925
1934 3.2550355522530703
1935 3.370564752626643
1936 3.4760093927669926
1937 3.353454506477335
1938 3.333194223094823
1939 3.2798018727431946
1940 3.548380141720721
1941 3.435764971913152
1942 3.4435450699907246
1943 3.4781720538191143
1944 3.4170225897529916
1945 3.6700120974814445
1946 3.4351196284744203
1947 3.598089700284377
1948 3.406976995159414
1949 3.383523837952963
1950 3.2766097372477674
1951 3.315498141662024
1952 3.3137752165881635
1953 3.377988949323267
1954 3.287553214012338
1955 3.3592321857884095
1956 3.5387539497455305
1957 3.498702712411265
1958 3.2523443189502412
1959 3.395917504023475
1960 3.3702574225038378
1961 3.4339732223619177
1962 3.3946273024446905
1963 3.4748262324049426
1964 3.4016382353598034
1965 3.2768449509592363
1966 3.4041484830373068
1967 3.492408375073646
1968 3.4254635703144007
1969 3.441791265040776
1970 3.558542833388844
1971 3.352746497272453
1972 3.4316936650422636
1973 3.2604715804003965
1974 3.3768146528989256
1975 3.483460808733647
1976 3.4204973272647274
1977 3.404994139394782
1978 3.4216371442252864
1979 3.4589860409514976
1980 3.3473335015941625
1981 3.4090925481252796
1982 3.1869751753674125
1983 3.2844365423745394
1984 3.337720660448005
1985 3.429193277434749
1986 3.250399793191369
1987 3.4119580917945997
1988 3.3439328195972275
1989 3.274444798365679
1990 3.3354474645675785
1991 3.368799176095168
1992 3.3413890980009855
1993 3.2853561179975452
1994 3.465930914598178
1995 3.3235416718370634
1996 3.3288645236827783
1997 3.447762461709574
1998 3.3356470816130286
1999 3.2607629865435768
2000 3.2579831362485896
2001 3.4892838270027777
2002 3.398752375733613
2003 3.3024420370866037
2004 3.2844654690265322
2005 3.3658060850257043
2006 3.2442561559355316
2007 3.409884386254425
2008 3.3710252904377023
2009 3.337973067212694
2010 3.387501476404854
2011 3.2375709965415016
2012 3.320448803035091
2013 3.2555885383264447
2014 3.2803996905687747
2015 3.422014430617232
2016 3.5419102281121466
2017 3.2603583209612514
2018 3.2956532643330783
2019 3.4353356999466746
2020 3.4232690307034632
2021 3.3428608391048265
2022 3.3765735106423747
2023 3.3224553164721637
2024 3.4005963931661745
2025 3.2063688406251827
2026 3.3441350888215644
2027 3.3445214857028684
2028 3.370066941160528
2029 3.3902060678863366
2030 3.40344036273853
2031 3.423068847151639
2032 3.4897464215950773
2033 3.3156820613662212
2034 3.4453263303072914
2035 3.370515619143545
2036 3.253506809269798
2037 3.593455752613778
2038 3.3462588081105844
2039 3.266769423358067
2040 3.231333326096232
2041 3.297462845091364
2042 3.483801210819135
2043 3.3292984372641055
2044 3.3891424094432403
2045 3.3876768238660135
2046 3.404421071652779
2047 3.3368330084991498
2048 3.5171838945142295
2049 3.3089598239032427
2050 3.280330290707781
2051 3.5261018682910503
2052 3.344621923966599
2053 3.487515818916053
2054 3.274396696819627
2055 3.4973081030975752
2056 3.4078922992832763
2057 3.4741766913544043
2058 3.2023997834184934
2059 3.333806878151251
2060 3.2836482653456533
2061 3.327326890625245
2062 3.426690780560059
2063 3.477529767031104
2064 3.494128869030846
2065 3.2865281262512944
2066 3.4038630210659546
2067 3.3640703914402956
2068 3.3446668417006067
2069 3.3690343897349684
2070 3.4049437336714763
2071 3.3489260620978034
2072 3.362069725206151
2073 3.316178177636914
2074 3.4621579823463438
2075 3.3389919559447025
2076 3.480593176276914
2077 3.334698679188357
2078 3.275856943572364
2079 3.297336910871215
2080 3.3609969785228597
2081 3.351264994034017
2082 3.2566053786052267
2083 3.3825570903256503
2084 3.4519696252949346
2085 3.3146737080072697
2086 3.242384210533509
2087 3.406800848244849
2088 3.3815216042866703
2089 3.283720617258451
2090 3.374905183911531
2091 3.3666470474095913
2092 3.3024703092921475
2093 3.331657475422741
2094 3.255915480465321
2095 3.4139294753699847
2096 3.2455404306365145
2097 3.3265101837812727
2098 3.335388574304433
2099 3.373954196436229
2100 3.2846820170142323
2101 3.288712042974615
2102 3.2974522674065776
2103 3.63067028884251
2104 3.2673192304116125
2105 3.3536633421225495
2106 3.3319231406043865
2107 3.403999343550078
2108 3.375259141659755
2109 3.3109609680131356
2110 3.273140762155418
2111 3.2904905462187632
2112 3.364682358461415
2113 3.3446718934553443
2114 3.221935088556779
2115 3.236005631402142
2116 3.231088385705427
2117 3.5096888106255157
2118 3.3360758807919138
2119 3.513642026189446
2120 3.3566618486312794
2121 3.291350483989472
2122 3.3457378147639236
2123 3.387932957354213
2124 3.5151967183993595
2125 3.5168007172455527
2126 3.3113614007875642
2127 3.2571083083579877
2128 3.2079609635881425
2129 3.3111768257423817
2130 3.3433874818930334
2131 3.417490553081056
2132 3.356415410268422
2133 3.306700583916634
2134 3.4508196033462486
2135 3.294568493902799
2136 3.3629567718018887
2137 3.4302561012054578
2138 3.3010671782656855
2139 3.27115433794009
2140 3.351581493231852
2141 3.2581544131283797
2142 3.4348686219508
