0 6.4231663076195415
1 6.85305501428818
2 6.9307022167645425
3 6.807002395854171
4 6.697091888988383
5 6.436500903199484
6 6.221763793996016
7 6.145378904951029
8 6.524550740449491
9 6.6314696055453695
10 6.926428649148765
11 6.586425606240549
12 6.285983486620209
13 5.751726954615905
14 6.034769065636425
15 6.139184775125826
16 6.179809871667322
17 5.827468284191688
18 6.3768826389311535
19 6.165184492566973
20 5.990479288862407
21 5.7485084863809135
22 5.794084773811587
23 5.833019268312155
24 5.734465733043144
25 5.905835728015262
26 6.641059270573487
27 5.61036045605788
28 5.711808546456052
29 6.175965483219815
30 6.675827132228776
31 6.4505324562276565
32 6.318242134964774
33 6.372379811691494
34 6.0332258372054595
35 6.353777536409251
36 5.9242347341608195
37 6.109004954435461
38 5.889099375876314
39 6.69448229565714
40 6.009668725235309
41 6.35305811627987
42 5.642242262402063
43 5.932665103847464
44 5.953197508410971
45 6.018204342829333
46 6.3304227766786605
47 6.127208991427473
48 5.785360345089055
49 6.357159497154711
50 6.703422201497242
51 6.520135415911154
52 6.237279390837561
53 6.073602566315256
54 6.077024715710073
55 6.4366353601559965
56 7.049561315771942
57 6.131294666485626
58 6.160510784553356
59 6.404960281720338
60 6.509104522488911
61 6.4797978167957115
62 6.169581239285338
63 6.068496852687421
64 6.332714157198573
65 6.40076342582985
66 6.626463741891197
67 6.604969462908755
68 6.392420734787799
69 5.931158576432725
70 6.168836871174288
71 6.251588533462617
72 6.13354405953326
73 5.9951692375052055
74 5.904036451296836
75 5.819781432170118
76 6.017934806779598
77 6.002652099339544
78 6.0482850817018505
79 6.1086740990011785
80 6.7802242011612694
81 7.239424885514187
82 6.312557879695157
83 6.179283086484321
84 6.923724804739638
85 6.126244017948855
86 6.397890491819611
87 5.917583742729551
88 6.376006694161114
89 7.181204034670527
90 6.278490030551585
91 6.299440100871169
92 6.001366446853071
93 6.330720201118638
94 6.129615490326732
95 6.785280927271943
96 5.520809402168055
97 6.015107957554594
98 6.078017079740622
99 6.246828262016486
100 6.03846875181065
101 6.29915689664263
102 6.333870156957949
103 6.081379957248333
104 7.213594658796851
105 6.072642092011047
106 6.638644404146982
107 6.040503955674159
108 6.104055062758682
109 6.294000751285778
110 6.559380126711636
111 6.437592514486043
112 5.852102482731811
113 5.900642169361726
114 6.333830483427974
115 6.126159053686896
116 6.144539713463575
117 6.23714461689282
118 6.359251490593305
119 5.9967530973639525
120 5.553258708426984
121 6.09807102099276
122 6.325073902200318
123 6.129731488341966
124 6.31243946843973
125 6.0920330480775275
126 6.328221500275108
127 6.015392435992586
128 5.666922193049641
129 6.066042573460658
130 5.507528422568759
131 6.06417438208785
132 6.703030195219046
133 6.128369889356892
134 6.208623966133669
135 6.015609303947287
136 6.544440687543202
137 5.931598226758844
138 6.471580816844817
139 6.695661187159575
140 6.174818826494663
141 6.253274559342701
142 6.2814226710001275
143 6.311031333673596
144 5.981141276317782
145 6.1754508535130235
146 5.446979077907014
147 6.344981189287832
148 5.969311884829802
149 6.289978517799003
150 6.102476354625619
151 6.195302959820774
152 6.195577905790817
153 6.03731566106464
154 6.197528052441996
155 5.948355779822656
156 5.89913791381378
157 5.66925110533789
158 5.825739390898313
159 6.161325865218998
160 5.868399315816592
161 5.872514217720475
162 5.9216687997272865
163 6.179033126191238
164 6.127515462566061
165 5.985045800057654
166 6.033843934130314
167 6.475104671201905
168 6.122939692648744
169 5.986409880883055
170 6.425545109582088
171 6.1815723174056725
172 5.797512822118031
173 6.829469717071691
174 6.498693903888623
175 6.251398936293803
176 6.29248877551373
177 6.088687891834775
178 6.257137190881094
179 6.304651204421936
180 6.132759359403964
181 5.849440881270754
182 5.974532101810327
183 5.126977049964534
184 5.661110682198649
185 6.073718158461433
186 5.959190541781078
187 6.148460617245008
188 6.529466282151917
189 5.847898189504541
190 5.945357052463132
191 5.7904945670567045
192 5.68008589114935
193 5.038334916862461
194 6.05893840443149
195 4.643593530729482
196 6.335680768136574
197 6.1398878122839085
198 5.898354090205803
199 6.025825139096227
200 6.161700927475521
201 5.636288965539397
202 6.171052592920712
203 6.4529902188039125
204 6.139448916179703
205 5.839691195463509
206 6.118150423826264
207 5.941188064103037
208 6.237161101299218
209 6.200151103410458
210 5.606087253404322
211 6.3517592913094285
212 5.764859833649588
213 5.85031029815067
214 5.562252267584355
215 4.765976396362835
216 5.839963862336743
217 6.19443077872859
218 5.733592316283863
219 6.18089554973203
220 6.394294043850305
221 5.957288867840813
222 5.870651026691102
223 6.141359347287362
224 6.015161559956638
225 6.390404951603423
226 5.953204597814892
227 6.0888996841674095
228 5.56308271245669
229 5.923590118076623
230 6.026232986897422
231 6.474898459183264
232 5.924715341224019
233 6.072962916304151
234 5.367953835140929
235 6.190201444567642
236 5.4055422876255195
237 5.564442690617606
238 5.646074396165169
239 6.412603779200436
240 5.903502829307127
241 5.7126266651320705
242 5.998198895558788
243 5.379930641188553
244 6.225400501223447
245 5.720364582271682
246 6.293582206225775
247 5.944003173276338
248 6.365698684260173
249 6.566704832490585
250 6.077977154425374
251 6.205615897977367
252 5.729557271478979
253 6.162546300360246
254 6.378513507611072
255 6.4753112208271775
256 6.7928379886233845
257 6.4344401966095885
258 5.624562970833802
259 6.522473026044383
260 6.192785337562826
261 5.923727494527699
262 5.842373698052863
263 6.746871717134876
264 6.03596671631124
265 5.732720441382703
266 6.081415723135911
267 5.907203124680293
268 6.068648114759839
269 6.3021421781914215
270 5.985735421852697
271 6.542179236636723
272 5.732210274237871
273 6.2434558832784965
274 6.03154143163093
275 5.980918686171519
276 5.937059382998245
277 5.7751736578033865
278 6.123978653754419
279 6.0351764253005316
280 5.851251393337282
281 6.069490147245352
282 5.635318389466388
283 6.1830216421571516
284 6.1449849343362075
285 5.988293230799801
286 6.353016996894685
287 5.996498042498372
288 6.343943260793933
289 5.772284616273961
290 6.42457255496342
291 6.265515970303841
292 5.863178630787489
293 6.569673065087402
294 6.609740928304021
295 6.1049154184565175
296 5.905034002114877
297 6.276442251743985
298 6.043681061260464
299 5.799015959706751
300 6.292846882727892
301 6.158390917426084
302 6.21786856760665
303 5.578729453945115
304 6.015447791182808
305 6.249738466592986
306 6.4035093081327314
307 6.233653791244605
308 6.085698489797728
309 6.140822483839103
310 6.398889042142226
311 6.471428719638144
312 6.684480378164276
313 6.260700698670637
314 5.930652412272245
315 6.150780383421025
316 5.921991983786952
317 6.529882460477849
318 6.278306217888535
319 6.20814519765324
320 6.598042664859718
321 6.147768997386197
322 6.039462203811043
323 6.2886633187579335
324 6.06325964655166
325 6.406082815482623
326 6.19251010657404
327 6.554823685244363
328 5.993848395641497
329 5.665731501284042
330 6.115386597118082
331 6.41728594414963
332 6.0112299797509525
333 6.173695092963926
334 6.314744083132245
335 6.4499556990489975
336 5.916985532936224
337 5.815571340385001
338 5.8508298952854885
339 5.4230937465146045
340 6.514980652125076
341 6.133824849469083
342 6.468257132353517
343 5.911103100065567
344 6.18226607048596
345 6.261506343168227
346 6.407504289588086
347 5.828266299376367
348 5.906661106125991
349 6.284829453680697
350 5.99112068624996
351 5.81077284770079
352 6.503680393981766
353 5.942345567481245
354 6.344559963475224
355 5.9700962563449576
356 5.680234353843429
357 6.5434873772862785
358 6.294584593655289
359 6.055308532024191
360 5.663151657752428
361 6.257350566413022
362 6.034810788537225
363 6.0919464400766214
364 5.98108827279075
365 6.135768861331092
366 5.945117347202579
367 6.067365655262146
368 6.442859724349206
369 5.877705588066418
370 6.159518514070966
371 6.369656940329031
372 6.25165410980509
373 6.035614074240843
374 6.292586584773555
375 6.01634958892359
376 6.819748972360739
377 5.907060935247835
378 5.69807433542891
379 6.468139000680414
380 6.248464536464708
381 6.08035245371889
382 5.779742127258169
383 6.350602214975509
384 5.930530107491051
385 5.728393553015767
386 5.90664596160419
387 6.102434743729103
388 6.120145318201735
389 6.082923846329426
390 5.897470514128889
391 5.835073445255686
392 5.895231949808516
393 5.980344657061062
394 5.843628614906235
395 5.930618615232607
396 5.74181705074514
397 6.140134156318368
398 5.6438091383709645
399 5.612284962394976
400 6.1013947354985305
401 5.510969831394479
402 6.178096332563061
403 5.774284186387326
404 6.443770733552275
405 6.006326451449572
406 6.3266317816507645
407 6.07005883711091
408 6.001773903506608
409 5.941129548994662
410 6.369582623810264
411 5.829331685857449
412 6.088646829036846
413 6.265915230533407
414 5.9541294962395535
415 6.197985065321781
416 6.444293722232472
417 6.135000809077918
418 6.326706482583931
419 4.42829554673337
420 6.597699132932892
421 6.21570432426275
422 5.593887432520085
423 6.252410225767627
424 5.936811316571622
425 6.45434361691533
426 6.281460634877126
427 5.600051801992952
428 6.410779644350866
429 5.801141428048972
430 5.59120001669287
431 6.098607747370854
432 5.875185783618683
433 6.199079353701833
434 6.204487935875954
435 5.8526927410634775
436 6.923729414543266
437 5.908645288374189
438 5.887945736953302
439 6.558926209637369
440 6.369814481145793
441 6.142516576122117
442 6.150793938460412
443 5.733238666596624
444 6.611472005252642
445 6.023651180842926
446 6.163573389575129
447 6.9724896436200465
448 5.668649408505989
449 6.556480059471495
450 6.31456359401195
451 5.64905432087816
452 6.052607917980133
453 5.853563594877179
454 6.598459369398359
455 6.114526766516827
456 6.081568480674461
457 6.235955463569985
458 6.085479514846854
459 6.046444349995564
460 6.318040603841444
461 6.174795806769885
462 6.286941176904277
463 6.587880573435583
464 5.72244628567913
465 6.082240743362473
466 6.209073593603699
467 6.0437358023185626
468 6.299902398223739
469 6.282614319302581
470 5.827481851060157
471 5.7897921061310305
472 6.261735850215502
473 6.023516702621833
474 6.062380117175603
475 6.553978895266681
476 6.052672639505207
477 6.948208420685613
478 6.380311662433941
479 5.799095354147294
480 6.110562357608981
481 6.466463318013103
482 5.7440653698310955
483 5.153300611998743
484 6.1302114545249395
485 5.81351173104476
486 6.210160238527364
487 5.990004498953474
488 6.713603580684565
489 5.7771523302151735
490 5.229058286599647
491 5.584632169259641
492 5.936234723115003
493 5.810745167968945
494 5.922058689830405
495 5.251450385281415
496 4.942891910821117
497 5.158856931195377
498 5.507655582520199
499 5.961547874583569
500 4.539727287649311
501 4.414324072869498
502 4.780560250635426
503 4.319872825785095
504 4.025583943173249
505 3.5305683159926584
506 4.010372650288153
507 3.596626692775234
508 3.432175046282333
509 3.512724779381278
510 3.9133860649631775
511 3.3396073674988704
512 3.3522391284183763
513 4.211038271913338
514 4.194626683080433
515 5.501894138691064
516 4.88075052151472
517 4.749392271317382
518 5.295044006432291
519 4.218874021421933
520 4.380908160736511
521 4.707603475713156
522 3.546644411414112
523 5.175738885391155
524 4.431379011675569
525 5.0658642821354976
526 5.446427894908917
527 5.390114002010765
528 5.853044507594538
529 5.4675813046313415
530 5.152183203679986
531 6.131529916600661
532 6.084554096904436
533 5.937702707492199
534 5.321469134035368
535 5.6297426809882
536 5.254374971259004
537 5.246440735230029
538 4.431874395066174
539 4.558987505030204
540 4.411209363666044
541 5.6343476112299955
542 5.5303141621445375
543 5.94897439432738
544 5.613016452973807
545 5.235483218593929
546 5.973546245728985
547 4.903979940492973
548 4.584082366830237
549 5.067207632356815
550 5.047461963706132
551 4.676544468726724
552 4.693689107580651
553 4.226484441962008
554 4.404686308381535
555 4.150108835266721
556 3.859098474676212
557 3.887133337941548
558 3.5958136358475374
559 4.437854427557535
560 4.11432258426828
561 4.039699294077726
562 3.614658744700293
563 3.7290491718561616
564 3.27473465408156
565 3.492707278400412
566 3.692571473919058
567 4.709815439148105
568 4.199394111347705
569 5.012345468426638
570 4.222354223629917
571 4.39145333985905
572 4.964998578258578
573 4.508988035321003
574 4.522387632638362
575 4.116574537856846
576 4.917471137807548
577 5.342197852581421
578 4.118861502986589
579 6.24835176487643
580 5.658514475239156
581 5.628726715049917
582 4.321981260294908
583 4.428061471484959
584 4.02348453779974
585 4.679730730219976
586 4.451318876749409
587 4.329558381211671
588 4.150522643773793
589 4.026027433431994
590 4.152943591737109
591 4.406533968992551
592 4.274841814166729
593 4.274407184731518
594 4.359403795851796
595 4.703665788417865
596 4.258927573953013
597 4.533653305848729
598 4.69669539727906
599 5.059970249566093
600 4.477567557931314
601 4.418821700969614
602 4.354683534983865
603 4.362770412608113
604 4.464518360995132
605 4.34609096081413
606 4.65405187422314
607 4.291148848650663
608 4.237910523937137
609 4.3441442993088035
610 4.577605524607573
611 4.471085464042084
612 4.834858687021394
613 4.405635026358894
614 4.055058571559398
615 4.541857434849284
616 4.035200618519206
617 4.267803245591072
618 4.543631218016101
619 4.23368386324377
620 4.705381730743148
621 5.8887191153189375
622 6.4507879756752144
623 6.4791936724801555
624 6.265833108665698
625 5.710794852490911
626 4.444331762943889
627 4.724402860193666
628 4.1833100427755445
629 4.580783781171871
630 4.225562718759148
631 4.091426084247876
632 4.804840528721329
633 3.9680601793911827
634 4.114506578970448
635 4.495987655984578
636 4.5919890248202515
637 5.553471112106277
638 5.225531329398329
639 5.346315109794396
640 5.6810020117785145
641 5.245084578976889
642 4.277845162085769
643 4.262476514102572
644 4.360021716861073
645 4.34352796609799
646 4.763995808775828
647 4.314078040381841
648 5.021932133153676
649 4.057202072349569
650 4.310816711310137
651 4.2647700399936666
652 4.267221584307342
653 5.8576089453090106
654 3.963304788031207
655 4.117125150433423
656 4.6799738153549955
657 4.42666556109267
658 4.577405594316857
659 5.472322417995319
660 4.725454101526605
661 3.9634727396163427
662 3.2951129525116016
663 3.398646107376804
664 4.798137673762718
665 5.582278833101458
666 4.837818866636314
667 6.064909822537937
668 5.802803399581645
669 5.828262428179591
670 5.129575591143434
671 5.773818015158647
672 4.718083026048898
673 5.5734579236468935
674 4.959144540552757
675 5.263145312174085
676 4.2461316202362145
677 5.041147650208455
678 4.488047141565394
679 4.473706989202503
680 4.960952773874981
681 5.602910340961566
682 5.446728227790164
683 5.180775667631179
684 5.95788210435711
685 5.994670545615897
686 5.008726860222144
687 5.544319871373644
688 4.118429811201192
689 3.3774773590520173
690 3.358445912659205
691 3.438562849342853
692 3.320913621999556
693 3.476202661363284
694 4.034516622897115
695 4.370232884016065
696 4.068943394995341
697 5.518862764122161
698 5.964649148158494
699 5.778228437359883
700 5.76768591169605
701 5.324711225865768
702 5.483588949391153
703 6.258132332678557
704 5.534856061017671
705 5.2203834438210786
706 5.788932450301915
707 5.995110162238845
708 6.016565720276652
709 6.153695674364741
710 6.380648087236649
711 6.201143472143362
712 5.324937968224896
713 6.218898966616868
714 6.111007685651741
715 6.343152253527202
716 6.224854785607602
717 5.678224441732778
718 5.500610927255793
719 5.308429273796235
720 5.383119866650108
721 6.032820635326341
722 5.940260344649433
723 5.663280857273238
724 6.207398508643112
725 6.385713844730779
726 6.13384620174756
727 4.729709745562033
728 4.234976203244208
729 6.066843516187112
730 6.249066352794532
731 5.361011247126484
732 5.7981131398514005
733 6.956204893113937
734 6.288874416529169
735 5.921245727924473
736 5.6317449380399385
737 6.012990864712511
738 6.057761126925943
739 6.381857067938525
740 5.691300588693634
741 5.986793149389246
742 5.93149365670053
743 6.059949563618168
744 4.421668802786606
745 3.9068966425448606
746 4.963011116896058
747 5.089461660383564
748 5.231859866012656
749 5.860663955487898
750 6.499607564215868
751 6.4705747602490575
752 5.793361301077552
753 5.7580156009014205
754 5.279175490052847
755 5.302977286338469
756 6.213950050759588
757 5.609471679153697
758 5.999500752756453
759 6.338364712407308
760 6.256481387972784
761 4.620694743676109
762 5.64108882732594
763 5.885288722427252
764 5.867962981738494
765 6.170910111684573
766 5.665713701402412
767 4.9902925359550805
768 6.175556637823486
769 6.158491197833874
770 6.4943876767734094
771 6.802681859708248
772 5.58611314279018
773 5.814558498031342
774 6.212957814848348
775 7.01813757884958
776 6.109860961945769
777 6.413798738123573
778 5.387137535392922
779 6.194113490915484
780 5.595797643489863
781 6.35427766583774
782 5.814410318578396
783 5.70719915949667
784 6.136755182741685
785 6.147337735233709
786 6.7758901631599135
787 6.108369738673948
788 6.533878977578251
789 6.255793189083764
790 6.8140278780064065
791 6.511678967566878
792 5.773319668069596
793 5.408475611951685
794 5.7392121318566724
795 5.972803211847888
796 6.1076296520826565
797 6.5089287186807026
798 5.744640339958503
799 5.353889215937052
800 6.556627784148535
801 6.377578827005803
802 6.155959252836938
803 5.746366505307267
804 6.065073471416592
805 5.911370510547707
806 5.635968220428854
807 5.49751674110025
808 5.547559537154596
809 5.30750966706699
810 5.81680318091454
811 6.349760258241655
812 5.749937382999979
813 5.927514412272697
814 5.504896011452195
815 5.83446867919785
816 6.016613445327223
817 6.001400561918445
818 5.852575044914441
819 5.249311246361238
820 5.538813972361082
821 5.679450654543748
822 5.3513087037380895
823 5.382348212218113
824 5.788706365400586
825 4.695560379040953
826 4.728709089689456
827 5.564752834585032
828 6.104345255483161
829 5.496999818598116
830 4.471800242056114
831 4.438333471569641
832 5.883690037486776
833 5.649138567268318
834 4.037435154191352
835 4.551921684596469
836 4.664074826431578
837 6.153712687218457
838 5.9249009600825415
839 5.205246404292516
840 5.884323902474692
841 5.900847463050976
842 5.307565595181045
843 5.824983014058284
844 5.325587334084704
845 5.52128062893914
846 5.1259771139106025
847 6.298245471798665
848 5.063710887995299
849 6.289474360339027
850 6.425796771523527
851 5.9870593834188
852 3.9784895556802797
853 3.9849378262131543
854 3.3343179798143656
855 3.6590833411488597
856 3.398447104083819
857 3.972350074901514
858 3.58647586933046
859 3.4060965407562334
860 3.390431078287589
861 3.3980695628350848
862 3.271880518131703
863 3.403563369863131
864 3.5722265442680947
865 4.074419274821871
866 4.56201176601825
867 4.722227657693382
868 4.53812813304348
869 4.3954230761665745
870 5.037725545334617
871 4.529379927921887
872 4.05991334725952
873 3.574719522256624
874 3.372545456773067
875 3.3248795616437965
876 3.312852401103801
877 3.721861191438791
878 4.191158645650467
879 3.4445648910479574
880 3.4472960764945904
881 4.082330466509549
882 3.451769230370425
883 3.361040700792419
884 4.4820491990444
885 6.14851859746564
886 5.965794248119613
887 5.8757410945911
888 6.036226912588447
889 6.255579555540406
890 5.602286814886268
891 5.645541116930091
892 6.116551025235679
893 6.1640234389941115
894 5.5648013431305
895 5.524908890857572
896 5.837126545721743
897 5.825375431169679
898 6.1342156725558405
899 6.047325639500745
900 6.314020983340085
901 6.283589020005589
902 5.76033059681738
903 4.337217832124679
904 5.904396332766079
905 5.705732321112535
906 6.043413067487035
907 5.8611094764252725
908 6.319610220384636
909 6.8372141431249345
910 7.311062511707864
911 6.439125491737916
912 5.66287797313408
913 5.606359468321078
914 6.605174871163462
915 5.788881748203388
916 6.5844922637716214
917 5.507308901869967
918 6.023283148443014
919 5.697921329010338
920 5.629671154562217
921 5.911408673234197
922 5.792699380218501
923 5.983104635511086
924 5.529623649071331
925 5.73835194872203
926 5.689540729470252
927 5.983313205700866
928 5.857245697692199
929 5.779197541338134
930 6.120589541321443
931 5.813744709506471
932 5.898961125562212
933 6.034523773841827
934 5.927293487436431
935 5.66544624054942
936 5.693779753696816
937 5.849301633862455
938 6.052483937954261
939 6.241535045946116
940 5.499887875633938
941 6.621224859641513
942 5.7101174735279345
943 6.195334114628202
944 6.4729330540655425
945 5.985477232837081
946 6.652328712651279
947 5.576753831558725
948 5.89748481981897
949 6.379297920291003
950 5.4839797849381515
951 5.986378028791585
952 5.804831480945094
953 5.3685740623831055
954 5.5738498832965515
955 5.906998333431249
956 6.018399854228884
957 6.136637051751804
958 5.283206030897163
959 6.979088351165504
960 5.958198270754615
961 6.287550162395854
962 5.678696032433998
963 5.787660044023756
964 5.829992865438099
965 6.054463036579663
966 5.877566872500293
967 4.975145048087805
968 3.767410129486195
969 3.331847087422021
970 3.358027098950515
971 3.5082824481948496
972 4.134976231355576
973 3.4323820155296514
974 3.7339427702657577
975 3.398247830933381
976 3.3640179625653612
977 4.001360402787259
978 6.136203606740337
979 6.808391491492556
980 6.098345598627581
981 6.65911279438896
982 6.536972340349738
983 6.695563076289169
984 5.740333161188739
985 6.998155520021029
986 6.222962131719281
987 5.484750306758943
988 5.803401801200866
989 6.331931244507223
990 5.3846324476138845
991 5.135636760717144
992 5.800980351586734
993 6.081389490780947
994 5.678077104999156
995 5.9514897365779404
996 6.0887761640888725
997 6.624554307235084
998 5.365306573304892
999 5.599399690508248
1000 6.0372433671854475
1001 5.617557496989257
1002 5.793495485871557
1003 6.259813208135158
1004 6.320492131170745
1005 5.398964040586929
1006 6.374318759980873
1007 5.675126400140181
1008 6.019016286884981
1009 5.895431930356147
1010 5.936141415982381
1011 6.083529812804189
1012 6.287274431482622
1013 5.8860386726405745
1014 5.7464544019713095
1015 6.003212535202898
1016 6.142456244888614
1017 6.063381702213167
1018 4.580141614234699
1019 5.740746283494756
1020 5.979677166746729
1021 6.187653991585048
1022 4.2123477245262215
1023 5.170382103540169
1024 5.304381487634441
1025 6.565447534233276
1026 6.5390991130367615
1027 4.3750780181184865
1028 4.510656700440907
1029 4.957835182634792
1030 4.695547001025586
1031 5.582233141804444
1032 5.541111816697499
1033 5.996684649941784
1034 4.375332442909568
1035 3.7973903633051442
1036 3.4930072091340856
1037 3.2860741077761504
1038 3.2356231209617197
1039 3.7837525248600232
1040 3.616905263649484
1041 3.3870089125365266
1042 3.52444940425147
1043 3.394247416490793
1044 3.2963994987991376
1045 4.323644759749102
1046 4.3169508013689555
1047 4.353822475193248
1048 3.30918297509812
1049 3.86394445960689
1050 6.129565924731006
1051 4.0494287679269805
1052 3.4437740168417967
1053 4.543494447972167
1054 5.087629082113566
1055 4.282344985907149
1056 5.562899363736272
1057 4.254221361170444
1058 3.3897707419547696
1059 3.3826437033684518
1060 3.90080054459017
1061 4.947015698807873
1062 6.236999186260232
1063 4.666239547347286
1064 5.951333319178666
1065 6.348284902808134
1066 3.7403748139151647
1067 3.9305182350369665
1068 3.4874704749587333
1069 4.145744030238013
1070 5.516379981847363
1071 6.04898206106403
1072 5.985836107307267
1073 5.281163031596766
1074 5.909326619823002
1075 6.140651223311253
1076 5.708326766526539
1077 4.876580550496487
1078 4.696447615600349
1079 4.598644334417073
1080 4.593344228565474
1081 4.552081442872491
1082 7.231313285157007
1083 6.855235807521012
1084 7.075690837131167
1085 7.123229640987672
1086 6.246378471403315
1087 6.3733308795954144
1088 6.209335483189198
1089 6.118895146375541
1090 6.3846073835031305
1091 6.4372596861282885
1092 5.927284523624262
1093 5.7683418449964226
1094 7.106342128850775
1095 6.725262069328189
1096 6.449096626823577
1097 6.6249041874659556
1098 6.627021276718624
1099 7.057210211655684
1100 6.512896790491331
1101 6.752455010792186
1102 6.712674343034722
1103 6.663335846404444
1104 7.200194253043587
1105 6.674190801834581
1106 6.4727772999432975
1107 6.031726409230099
1108 6.815952643667664
1109 6.106011372256622
1110 6.7653041780545236
1111 6.671720739532926
1112 6.642719796028073
1113 6.588325427273789
1114 6.635100240787868
1115 5.751891931183219
1116 6.445753740909873
1117 6.348218590375479
1118 6.1272062744863725
1119 6.3083501815738545
1120 6.4690587250631895
1121 6.156263016721712
1122 6.260878944400114
1123 6.570250661569445
1124 6.296367338149586
1125 6.330389288593843
1126 6.192235252216538
1127 7.139303578404947
1128 6.953185710585297
1129 6.941429770055327
1130 6.23486251228148
1131 5.968965732889893
1132 5.869367688668511
1133 6.580603738937447
1134 6.341716724441013
1135 6.199734165448434
1136 6.326689038635773
1137 6.958970248517617
1138 7.030111076678405
1139 6.684090132273037
1140 6.16685297674747
1141 6.358415102099557
1142 6.358084388383404
1143 6.685319526143524
1144 6.2628069155269905
1145 6.3885397921234475
1146 6.4581650108349296
1147 5.6309889743023005
1148 6.430806605731488
1149 5.207984184405937
1150 6.15898851921344
1151 6.809889644225043
1152 6.17786429964179
1153 6.170465470204496
1154 6.666260751382441
1155 6.302374672457285
1156 6.04053436910477
1157 6.141621438658469
1158 6.802620752260396
1159 5.7256878790995644
1160 6.743549677679506
1161 5.62033725255569
1162 6.947630298753261
1163 7.072422168044545
1164 6.054406544251776
1165 5.933133900973546
1166 5.816770019919987
1167 7.044044310259255
1168 6.907598770894357
1169 6.475766927907693
1170 6.037140063481816
1171 5.812843988357813
1172 5.8641717991401405
1173 6.320052510492344
1174 7.50109005679163
1175 5.726054955149151
1176 6.792365183193968
1177 6.697308504533176
1178 7.051099620943005
1179 6.4305786109627885
1180 6.80958037260535
1181 6.55901158747158
1182 6.58425991980017
1183 6.680039741233849
1184 6.8084257166415565
1185 6.165330227932317
1186 6.532564293541581
1187 6.752821106862781
1188 6.533901841369236
1189 6.478697325820514
1190 5.628331487438574
1191 6.315774924917659
1192 6.889012607393246
1193 6.959180228435455
1194 7.0721171004022665
1195 6.094385394061892
1196 6.4153414040238745
1197 6.010296656119078
1198 6.36533433724439
1199 6.579678281260465
1200 6.633851552818583
1201 7.166900355137961
1202 6.825166293021766
1203 7.235976309782626
1204 5.8518947922871245
1205 6.562713766725137
1206 6.795133488387202
1207 6.712522014928582
1208 6.58589430031704
1209 4.293647327807775
1210 5.460028821564434
1211 5.793405657688962
1212 5.774008572920218
1213 5.335136762872363
1214 5.435476981909639
1215 5.8258008740457985
1216 5.406785619560869
1217 5.897818029520977
1218 5.703940672598219
1219 5.749457734195787
1220 6.089154257034738
1221 5.833040054652533
1222 5.965557111564914
1223 5.768943454315509
1224 5.806323879642634
1225 5.743767287747968
1226 5.326166096315333
1227 6.04148509031715
1228 6.0678806983284765
1229 5.585214895421074
1230 6.030718863306372
1231 5.498426922642676
1232 5.657941151296248
1233 5.867999983580355
1234 5.1527355303115225
1235 5.341629032655931
1236 5.743398857991795
1237 6.279307252883019
1238 5.468851035360944
1239 5.770409994478975
1240 5.77282425498852
1241 5.301682378788342
1242 3.418109733561715
1243 3.3689345284372116
1244 3.657002190734512
1245 4.16173771652478
1246 3.474762782927339
1247 3.375280211362271
1248 3.259194773330289
1249 3.4254304297848823
1250 3.3871733817958067
1251 3.5166650017789367
1252 3.7921589072969417
1253 3.15046837400409
1254 3.462950193637407
1255 3.5408229170786902
1256 3.5152145249932847
1257 3.589434011502472
1258 3.626857701029886
1259 3.4440578286344583
1260 3.443891236334445
1261 3.344348547384103
1262 5.055017779455144
1263 3.3402488069614082
1264 5.301373702626074
1265 6.950528950279986
1266 5.746544760618174
1267 5.7064721250802295
1268 5.579972956025242
1269 5.544261887246029
1270 5.788057258190501
1271 5.7438735674671335
1272 5.7181604332533364
1273 5.957307190453687
1274 5.410386633850843
1275 5.997392460418449
1276 5.811278953236198
1277 5.991465068483664
1278 6.006085690455698
1279 5.738751643536386
1280 5.869078173048292
1281 5.818952913394797
1282 5.613205182730657
1283 5.0495126306815274
1284 5.880351540944979
1285 5.871320586793754
1286 6.081510238792046
1287 5.298406278308285
1288 6.3068404244746885
1289 6.088788302300871
1290 5.573408986443898
1291 5.245768880770869
1292 5.861811957511121
1293 6.116791130088404
1294 6.5815995753324295
1295 6.18749258103437
1296 6.328247785965434
1297 5.90758867439427
1298 5.837606500852038
1299 5.860381400376424
1300 5.415264468487425
1301 5.962540215336727
1302 5.477904198075601
1303 5.498063190733692
1304 5.522597198562363
1305 6.834441354728583
1306 5.317536772426392
1307 5.342926639120354
1308 5.7718979454945005
1309 6.204206640347055
1310 5.683149716346145
1311 6.114609100625089
1312 5.54018581061027
1313 4.803930220374726
1314 6.007728021387277
1315 6.167244130318599
1316 5.861543027171561
1317 5.789392452287046
1318 6.455019180678277
1319 5.723405263068343
1320 5.663299484919394
1321 6.622689823960796
1322 4.864319292281039
1323 5.646951039374707
1324 5.660220382457244
1325 5.650463939080394
1326 5.807901677479738
1327 6.128567079491981
1328 5.906210600002771
1329 5.254367982021805
1330 5.980762982638821
1331 5.687530247948876
1332 6.153458259096325
1333 6.145984669669434
1334 6.624504585882508
1335 6.28689115745726
1336 5.700699210020562
1337 5.6844062036269545
1338 5.933113299681623
1339 6.121343749653673
1340 5.409652317543445
1341 6.192735352986111
1342 6.337118326159016
1343 5.569403883543292
1344 5.699936475214965
1345 5.896804534236344
1346 5.622470038873318
1347 5.852970703938662
1348 5.879857970744245
1349 5.84517842793038
1350 6.094744239476915
1351 5.460195616349254
1352 5.897629338282204
1353 5.8593257443353215
1354 5.692034958539737
1355 6.502613711455781
1356 6.121489559821982
1357 5.758592414287108
1358 5.532023090963687
1359 5.700623226083461
1360 6.085769175435738
1361 5.697348285183402
1362 5.688780136253957
1363 5.970611705763395
1364 5.983895708804896
1365 5.929189322953762
1366 5.901898022265286
1367 5.841519850610326
1368 5.562061388709884
1369 5.428852313779947
1370 6.615318659387913
1371 6.261197606743564
1372 6.073326926420037
1373 5.182071631276932
1374 5.117783197104115
1375 5.882246155266902
1376 6.093348745296578
1377 5.8267413329514826
1378 5.91495194338564
1379 6.162715164415256
1380 6.484025665482698
1381 6.238834484039732
1382 5.719628716833567
1383 5.822028359264415
1384 5.660753731331361
1385 5.816487836118846
1386 5.530035781949228
1387 5.615605849612659
1388 5.2607182489857625
1389 5.506041187300268
1390 6.189828591112048
1391 4.958032802870143
1392 5.701513357328052
1393 5.998653615309325
1394 5.667273590087505
1395 5.830736643654573
1396 5.673861036345229
1397 5.995466708591631
1398 6.548583590601159
1399 5.825753070728926
1400 5.9027975268168875
1401 6.3675060477981935
1402 5.9994260527322005
1403 6.18056990323966
1404 5.947143404538492
1405 5.636394915238983
1406 5.739335342444686
1407 5.653535287074642
1408 6.133189956352013
1409 6.857164046091371
1410 6.065533496951136
1411 6.015487351797941
1412 5.957703888281565
1413 5.949655057833095
1414 5.591554219635227
1415 4.861525518159703
1416 5.7360048419255305
1417 5.64479015131839
1418 6.308091309191015
1419 6.000659157677167
1420 6.0975764044520115
1421 5.6896707069650025
1422 5.5080444973990295
1423 6.151956816537757
1424 6.027085098940035
1425 6.103363905507338
1426 5.73849535762818
1427 4.320131735116564
1428 3.785078498595863
1429 3.650873437807836
1430 3.341169577268127
1431 3.2655558644869487
1432 3.68964133867062
1433 3.2981094159729567
1434 4.061091448515256
1435 4.4245971572702985
1436 5.14072960924009
1437 5.691636110416419
1438 5.003033809715497
1439 5.800914496669962
1440 5.511664841119396
1441 5.561734553798744
1442 5.447991202043794
1443 5.4358877035727255
1444 5.392730976537374
1445 5.379420360766061
1446 5.539038133932268
1447 6.18982973909967
1448 5.666212381436119
1449 6.091128074617439
1450 5.6445582591862795
1451 5.852601884695526
1452 5.636471126409602
1453 4.295918040241996
1454 5.952724135201006
1455 5.947223614482139
1456 5.557016897283971
1457 5.543728747750983
1458 4.926976024828484
1459 5.904528237611261
1460 5.612192121252146
1461 4.823448924773926
1462 5.411662630614626
1463 5.783239846966303
1464 4.548096387679875
1465 5.793605038227219
1466 5.867185383353569
1467 6.96458305516148
1468 5.988995464632752
1469 5.176518584944684
1470 5.569482603109439
1471 5.729964326679018
1472 5.847141320066666
1473 5.855432601912302
1474 5.354501636104167
1475 5.760410543515296
1476 6.043484470135372
1477 5.512381139959192
1478 5.179812058142744
1479 5.546297298519434
1480 5.801633275583651
1481 6.35366893415913
1482 5.96561348625094
1483 5.504743656946038
1484 6.077780514017934
1485 5.819854818263318
1486 5.782337857769243
1487 5.698575562059802
1488 6.9194240112511585
1489 5.686167360802637
1490 5.554631670669679
1491 5.506526248258648
1492 5.688927889665893
1493 6.054482928379357
1494 5.458984534172709
1495 5.311652298352242
1496 5.479580595084704
1497 5.104678449825451
1498 5.946420542386437
1499 5.566289520106952
1500 5.411828877951012
1501 6.347571848620518
1502 5.5279106639765265
1503 5.044803853779585
1504 5.993571502872873
1505 6.246666115093964
1506 5.764300908565237
1507 5.670938318209593
1508 5.765939186910475
1509 5.643252474446601
1510 5.812042250111666
1511 6.095225132006888
1512 5.886189853094635
1513 5.664988115893158
1514 5.644207695977336
1515 6.130697822714545
1516 6.171273138215161
1517 5.305052372804365
1518 6.111562441419482
1519 6.3927714290931705
1520 5.72892580445755
1521 5.617395282018223
1522 5.958550049933123
1523 5.917304768869863
1524 5.3419800113608025
1525 5.752031540070518
1526 5.523326649775302
1527 6.017987390270871
1528 5.678869551323535
1529 5.714349217368886
1530 5.689222864721749
1531 5.759780502307001
1532 5.344249046695633
1533 5.318197479247528
1534 5.954714295878298
1535 6.20726175451973
1536 5.887253834289687
1537 5.6523228427139145
1538 6.135011426082633
1539 6.665523255515662
1540 5.12186148103716
1541 6.187701764981838
1542 5.659558224064307
1543 5.599536751139198
1544 5.630100064753621
1545 5.6006188935511165
1546 5.530655143842856
1547 5.7813574207797584
1548 5.832704503952892
1549 5.845737935112936
1550 5.454140823403506
1551 6.136237018747066
1552 6.180423282298523
1553 5.955190515870061
1554 6.055420271634684
1555 5.697415109396982
1556 5.428964028302269
1557 5.784391817499618
1558 5.486821898231012
1559 5.555914735563421
1560 5.836270688922457
1561 5.5113897833189105
1562 5.886136563968442
1563 5.984988273622429
1564 5.063137798413407
1565 5.786870075476444
1566 5.237908304032351
1567 6.325987581272391
1568 4.84460222410466
1569 5.698467623570396
1570 4.852414175424356
1571 6.065902471218291
1572 5.679887836318216
1573 5.6985618127887845
1574 5.773430507797921
1575 5.928707059605073
1576 5.730343798407082
1577 5.400900170494512
1578 6.027416435015068
1579 5.606703233649978
1580 5.890905837143231
1581 5.653500869151358
1582 5.683638774028982
1583 5.847899312767634
1584 5.451975140717562
1585 6.20203862464952
1586 5.996994419655272
1587 6.170956813597944
1588 5.350701270822158
1589 5.694378638541605
1590 6.0376179399439485
1591 5.834879598842912
1592 5.890021560831217
1593 5.6883377337448975
1594 5.308092204605812
1595 5.438102004992947
1596 6.9956038816888535
1597 5.889800210897717
1598 5.8980655399258834
1599 5.729208489883935
1600 6.209875579870531
1601 5.98809497056923
1602 5.5483763286590895
1603 6.0393010686903565
1604 5.732526727657883
1605 5.616839943907544
1606 5.891197905477497
1607 6.315341818718246
1608 5.992367422940791
1609 5.799520719872516
1610 6.043870493832921
1611 6.025919851479077
1612 5.382818119132351
1613 5.609368810853254
1614 5.131397326207395
1615 5.804743162287723
1616 6.067042618034099
1617 5.45570197403482
1618 5.9148764693999665
1619 5.7887144680988545
1620 5.463838624885344
1621 6.0478937990015424
1622 5.4951945394500274
1623 5.158497256780459
1624 5.548274157133448
1625 6.040023863128113
1626 5.944996376929638
1627 6.653503866498297
1628 6.6307283939920225
1629 6.638867495128082
1630 6.562865772414274
1631 5.94546993239823
1632 6.149490429669202
1633 6.275526433966281
1634 6.573268478743937
1635 5.813714693313164
1636 5.6426113388699335
1637 5.966064653636942
1638 6.062903691363236
1639 6.027271766586434
1640 5.6646758700942685
1641 5.738174334446242
1642 6.122690574985532
1643 5.62325045290904
1644 5.366615998955992
1645 5.378334195956237
1646 5.085356054033453
1647 5.2246927044911775
1648 5.452146483247802
1649 5.657051654680365
1650 6.2828008452251645
1651 5.582412151880675
1652 6.268177481372666
1653 6.3065196123197875
1654 6.348146914235154
1655 5.726761639264864
1656 5.481570619844893
1657 5.75757024533358
1658 5.32976201737252
1659 5.762480821328628
1660 5.386138562966338
1661 5.752700872458393
1662 5.433896054848373
1663 6.229941098898291
1664 5.219821752900395
1665 5.646399376770369
1666 6.549507447658144
1667 5.728205535090306
1668 5.741421050882186
1669 5.420822386049503
1670 5.728642918644681
1671 5.955874675642111
1672 5.451453501606589
1673 5.921251047814508
1674 5.825536955673695
1675 6.388763063685935
1676 5.638889587347927
1677 5.8867577270301
1678 5.680482003435309
1679 5.6659593221202895
1680 5.202727772744805
1681 5.544008627430668
1682 5.776337780180686
1683 5.721443814138276
1684 6.006222370337354
1685 5.923737690665698
1686 5.8924421766881165
1687 6.221554290339671
1688 5.450458230881728
1689 5.50699068123366
1690 6.042802831226003
1691 5.842388783357842
1692 5.967931250180163
1693 6.175748986232522
1694 5.6220630908587115
1695 5.867242097456285
1696 5.783579528231528
1697 5.904755378793405
1698 6.0743283136009625
1699 6.0937535574271635
1700 5.618080166536478
1701 5.479752784420753
1702 6.275503943922786
1703 5.656092091076784
1704 6.565800180940032
1705 5.707978426933384
1706 6.292199454817365
1707 5.716502249992611
1708 5.782796166256539
1709 5.499557796547908
1710 5.995495962394132
1711 5.837463614860974
1712 5.667378193529116
1713 6.23840402176085
1714 5.787221142294788
1715 5.6160059896203105
1716 5.886412327658323
1717 5.521119924842687
1718 5.839160942367176
1719 6.07916359555994
1720 5.654160137972493
1721 5.92177694270429
1722 6.165905929832321
1723 5.275660466905349
1724 5.58625619333626
1725 6.307396031318994
1726 5.725412102479492
1727 6.021621795465688
1728 6.185325907148343
1729 6.307856032187821
1730 6.184063328716864
1731 5.7433109562847395
1732 5.724569342793289
1733 5.9300470841471205
1734 6.0726610551723335
1735 5.717915103861925
1736 5.544244416037534
1737 6.274379734059325
1738 6.023828872879187
1739 5.317106320364289
1740 5.653850291128921
1741 5.606781227115296
1742 5.422913130135518
1743 5.892853362015495
1744 5.967703138349276
1745 5.6901120589758865
1746 6.1311584488120054
1747 6.156078888769965
1748 5.051566307297611
1749 6.49158089647785
1750 6.050654034552754
1751 6.24133731760778
1752 5.612205975187491
1753 6.351185463557968
1754 5.9299078528873235
1755 5.654777615488085
1756 5.60206977598844
1757 5.539424826637257
1758 5.728106480649942
1759 6.351340653324214
1760 6.3262555674253695
1761 6.07260670504768
1762 5.873042851696639
1763 6.002862464659652
1764 5.691875647598276
1765 6.509845844359429
1766 5.847891478138898
1767 5.9584311702875
1768 5.723796038545656
1769 5.290360556002901
1770 6.392140467313816
1771 6.050031491017804
1772 5.962617346164926
1773 6.2803301155325375
1774 6.107630636146319
1775 6.0773672462993416
1776 5.661348496749961
1777 5.760311213007353
1778 5.95445388326293
1779 6.288845529557413
1780 6.115222510048247
1781 5.438119587239972
1782 5.997117186317624
1783 5.375800197840202
1784 5.997078838501736
1785 6.563799490100412
1786 6.035203547846451
1787 5.970970993659483
1788 5.777033689048607
1789 6.050128403932843
1790 6.371252834648401
1791 5.51575698443501
1792 5.962349963128629
1793 5.851004581913579
1794 5.278507769891355
1795 5.020988169592479
1796 6.09453138314826
1797 5.466132210194549
1798 5.946524078257339
1799 5.8306915995098985
1800 5.942404220655122
1801 5.42523640041552
1802 6.052034853727633
1803 5.603817739461337
1804 5.859788264583349
1805 5.868689183128861
1806 5.585015373808617
1807 6.453577084792725
1808 6.12996483681616
1809 6.066413032535154
1810 6.188592253305614
1811 5.979377283998732
1812 5.6275305239407265
1813 5.960499492056979
1814 6.529210027613791
1815 5.633513109504797
1816 5.933380314635413
1817 5.825686336136249
1818 6.083525126975331
1819 6.0070038844639395
1820 5.986696610460333
1821 5.5705879481447145
1822 5.988595009088256
1823 6.023248967688161
1824 5.545360575987063
1825 5.957079416637845
1826 5.788258574534564
1827 5.686520883766336
1828 5.887851439128515
1829 5.928111069650688
1830 5.314007115701018
1831 5.765169766615475
1832 5.467120383469506
1833 5.631909892937617
1834 5.470184133455747
1835 5.799052779630483
1836 5.580878641790442
1837 5.432475736828919
1838 5.3865044321317015
1839 5.352345960208076
1840 6.047594248020832
1841 5.843608992652269
1842 5.804698557638859
1843 5.320437192480436
1844 5.307983378061731
1845 5.683330079584713
1846 6.250167342565205
1847 5.928054734452601
1848 5.675658227283143
1849 5.512808064336325
1850 5.471080189478604
1851 5.724851298403922
1852 5.684498829912194
1853 5.349913916801794
1854 5.576341622393821
1855 5.4152957117261495
1856 5.892087583599981
1857 5.730909911727604
1858 5.720581088936575
1859 5.472868499833767
1860 5.82324474810737
1861 6.361629090553162
1862 6.098481999494265
1863 6.014715136544906
1864 5.465519685529583
1865 5.933629033464995
1866 5.8833698986486285
1867 5.701418806849672
1868 5.923311402140608
1869 5.4416725501411864
1870 5.680556547878878
1871 5.6643985979714255
1872 5.427403984567054
1873 5.61054674710332
1874 6.015945186218803
1875 6.000059112636997
1876 6.063176011860385
1877 6.174846511630346
1878 5.89272247666381
1879 6.054033329064579
1880 6.004988890596837
1881 5.600748724091672
1882 5.8537378220304985
1883 6.509908379932774
1884 6.03529159391345
1885 6.275672550673763
1886 5.501340727662788
1887 6.2276543556006265
1888 5.409215397300939
1889 5.998485707156036
1890 5.86770422026946
1891 6.199730510879269
1892 5.983093000372513
1893 5.640464457213073
1894 6.158958424110976
1895 5.773277754104595
1896 6.21602328747584
1897 5.509544677839614
1898 5.537099051286333
1899 5.832141543870709
1900 5.8806342396307265
1901 5.88137799963341
1902 5.872828463837805
1903 6.121935743882988
1904 6.033533010615007
1905 5.695096652891378
1906 6.063575882897536
1907 5.254794222138738
1908 5.646197385863381
1909 5.449136616153754
1910 4.929608540956147
1911 5.74344772989851
1912 5.51482179529545
1913 5.711312127279138
1914 5.421980608689932
1915 5.702417264573251
1916 6.1486544886573276
1917 6.992383931454837
1918 6.1100954105983005
1919 5.952865358962134
1920 6.3817963268874
1921 5.79255036832523
1922 5.862179797138362
1923 5.332074177423638
1924 5.773087656831389
1925 5.629588077881168
1926 5.8856676852308505
1927 6.026103257590703
1928 6.298038499002945
1929 6.1890392051517145
1930 6.051292770197389
1931 5.9919759590768695
1932 6.256268071246707
1933 6.321154224788729
1934 6.020951522421391
1935 6.199630780719962
1936 5.822389578068091
1937 5.945698908661894
1938 5.8117264226795395
1939 6.048149558709244
1940 5.852801628905436
1941 5.623105686011541
1942 6.246809531259056
1943 5.608024293145695
1944 5.728728978965209
1945 6.094939498926059
1946 6.527495523230443
1947 6.481116867689714
1948 5.513734760641927
1949 6.441175060922729
1950 6.077580232573999
1951 6.282353184002281
1952 5.91142088678866
1953 6.021031684416327
1954 6.492364957860923
1955 5.99807756937876
1956 5.892054144630727
1957 6.121015863305151
1958 6.100351336602087
1959 5.960979039934135
1960 5.337694093771876
1961 5.920701670251599
1962 6.331187106890723
1963 5.982739630135105
1964 5.238463664159548
1965 5.64505092695002
1966 5.902467693255817
1967 5.642716365608669
1968 5.568432113798912
1969 6.150740866861044
1970 5.473972546309834
1971 6.471617517732289
1972 6.225828452527756
1973 6.183506967324475
1974 6.05776051567517
1975 6.256996843174134
1976 5.857847117757184
1977 6.374932322671181
1978 6.250926130836784
1979 6.571883979780113
1980 5.881076197925241
1981 6.218840896813733
1982 6.310486122126401
1983 6.718308725715546
1984 6.070956369352656
1985 6.787248506661746
1986 5.906525816242506
1987 6.696372412175931
1988 6.101085799808901
1989 5.691852396649989
1990 6.375478958295845
1991 5.948859083872374
1992 5.69442669599616
1993 6.640570465398249
1994 6.3326007145431396
1995 6.241096496912982
1996 6.241389710735925
1997 6.202769312887059
1998 6.277165717837737
1999 6.231460429774074
2000 6.859446994289723
2001 5.8206493932819
2002 5.6032967386350885
2003 5.542724777839127
2004 5.97788488969592
2005 5.984113497891624
2006 6.188499405570044
2007 6.0048328093403205
2008 5.943451258544168
2009 6.156642184820571
2010 6.238626305057426
2011 6.8936820226498305
2012 5.5580183297878705
2013 6.243487197905152
2014 5.8414178079132295
2015 6.177028620546577
2016 5.7982322080678115
2017 5.9800005956957305
2018 6.466040765491822
2019 5.9860966295538836
2020 5.8442356328948115
2021 5.877452693780487
2022 6.022977270607599
2023 5.722066722294912
2024 5.66233710426168
2025 5.7000315525884675
2026 6.39202886042613
2027 6.442103723085722
2028 6.1795121597285005
2029 5.819231173853857
2030 6.474242565881779
2031 6.247880656574453
2032 5.27873599162521
2033 6.123244581209301
2034 5.500095037214636
2035 5.917061863102554
2036 5.826592833742197
2037 6.183119858884869
2038 5.774532286366459
2039 5.651287257407173
2040 5.585271361048101
2041 6.314811516537003
2042 5.904021461738989
2043 5.951561937840061
2044 6.1397328140729455
2045 6.253518831117314
2046 6.317318431931925
2047 5.766751933803961
2048 5.885299698021329
2049 6.3008543822887
2050 6.020136022913304
2051 5.919338672126222
2052 6.3584996521821875
2053 5.789477411097607
2054 6.377660667545807
2055 6.058103191890049
2056 5.824995127726385
2057 6.10382443791766
2058 6.020560799007854
2059 6.157240204852806
2060 6.075752431084609
2061 5.622658287854792
2062 6.002596917202238
2063 5.66968312334324
2064 5.562076805173938
2065 5.4962413002502055
2066 6.157966300383671
2067 5.8263684869060235
2068 6.179209822383362
2069 6.563543480130731
2070 5.780455291443667
2071 5.5828467768775365
2072 5.991130571647537
2073 6.365269995858171
2074 6.175571306760896
2075 6.0091699681975514
2076 6.04676735764126
2077 5.807429323775909
2078 5.853832393397846
2079 5.684209714262756
2080 5.96939613578294
2081 6.477519712607835
2082 5.843641277383195
2083 5.831977803280434
2084 5.898929733127442
2085 6.3288727584774955
2086 5.835729923441119
2087 6.160681185838414
2088 5.7696424745383075
2089 5.317326467586202
2090 5.567036061148684
2091 6.356622070354105
2092 5.779953763152349
2093 6.2033542370149295
2094 5.57550577227078
2095 5.880247963649717
2096 5.79673258435842
2097 5.7034703566706355
2098 5.885056391335735
2099 5.7050240735963085
2100 6.3970657174253525
2101 6.223125574121909
2102 5.9892775563662966
2103 5.920393574818793
2104 5.541161093818086
2105 5.914087884144183
2106 6.128639973295615
2107 6.0961819744798875
2108 6.063597455419335
2109 6.025278524840559
2110 6.02970938053776
2111 6.48864367108292
2112 6.033136828633105
2113 5.834428203616377
2114 5.856849366864753
2115 6.310720293309586
2116 6.091904784630269
2117 5.957795954086176
2118 5.852770464042416
2119 6.414774535829405
2120 5.726223243741651
2121 5.7191823969822195
2122 6.001340029738682
2123 6.062077834672754
2124 6.377288324629182
2125 6.205882922236078
2126 6.036092899915748
2127 5.730954492921189
2128 6.257231447349834
2129 6.010201145842452
2130 5.861180298860321
2131 5.610397524199137
2132 5.975062084223321
2133 5.677202328498274
2134 6.367582632879027
2135 5.910159580986948
2136 5.732420608036406
2137 5.424121054406362
2138 6.118766447244902
2139 6.088312580238503
2140 6.60407211141049
2141 6.553534536970409
2142 5.997532161257152
