0 4.175954230665465
1 4.226954231595529
2 4.3724237743767445
3 4.585359977027949
4 4.625137012718707
5 4.429164999910238
6 4.604598910931475
7 4.498066448655963
8 4.286211978727768
9 4.307978936666051
10 5.075360905070705
11 4.347020546397007
12 4.6206902930212745
13 4.293573699708964
14 4.439004166191774
15 4.356553770180699
16 4.870791664445012
17 4.3476552197932605
18 4.640000058286097
19 4.612444399282479
20 4.418339373645479
21 4.545581380115783
22 4.644584888769955
23 4.488282085028003
24 4.308756929955678
25 4.309897817238095
26 4.437375375558239
27 4.28157147401772
28 4.386954826060471
29 4.163558796948332
30 4.164416328161316
31 4.2831033389576545
32 4.635081394302224
33 4.6634660470922515
34 4.866674243216246
35 4.685324817248809
36 4.025802244023405
37 4.144301774992564
38 4.1528294389487765
39 4.3983331387596
40 4.291163992798085
41 4.14832713054824
42 4.642717217476674
43 3.543491709383971
44 4.473550963228291
45 4.452780547870339
46 3.4565327114303073
47 3.449303673406238
48 4.055710871236597
49 4.223291625872686
50 4.64547453978582
51 4.30599028945985
52 4.470645481104316
53 4.109760674225215
54 4.3510611902295375
55 4.62703675202709
56 4.422488230141289
57 4.211211613674972
58 4.156846583080277
59 3.8044124209003978
60 4.076246742143079
61 3.650362444081663
62 4.161795643103283
63 3.2974070538040983
64 3.4497223082217534
65 3.343472302976274
66 3.4193257839617277
67 3.4159278674459497
68 3.414580041469919
69 3.486334715816269
70 3.4363809616228513
71 3.526910033589358
72 3.3120388490862203
73 3.4710825532608522
74 3.3434800177084933
75 3.4465473337471506
76 3.3590283351474897
77 3.3916834542926058
78 3.220717892291548
79 3.3542172382758055
80 3.342335610343948
81 3.4916610821819365
82 3.3945059807023146
83 3.4725957339054423
84 3.378632322553114
85 3.3682857025373254
86 3.450689376993323
87 3.26058656889723
88 3.3608224879557693
89 3.3188555773130597
90 3.317006766295802
91 3.2510363944040463
92 3.560314989976808
93 3.312625117875759
94 3.223616439920449
95 3.2990248692193043
96 3.316786643189146
97 3.448887236444364
98 3.575725764255138
99 3.365102021457719
100 3.3176101003931104
101 3.4383019308690415
102 3.425997703806673
103 3.449049055313454
104 3.431486580445088
105 3.2158549288817637
106 3.189660930551053
107 3.393272861097076
108 3.445009944480873
109 3.4138822857132536
110 3.2581544085956025
111 3.303737630215024
112 3.3864440883272624
113 3.3379251414692668
114 3.3545253333563814
115 3.3123458384260664
116 3.436650237547299
117 3.505168790202615
118 3.451991204985706
119 3.2781338945236937
120 3.2916744968953195
121 3.4128174908702333
122 3.4634503555526384
123 3.4601380290824206
124 3.3953924623962854
125 3.3190319502833714
126 3.305425946832563
127 3.4218642587222714
128 3.4586844617616634
129 3.462652105983508
130 3.4032609000646246
131 3.2861803317661478
132 3.25703550807934
133 3.388071854244331
134 3.311326070125196
135 3.356069881591372
136 3.3312848098990964
137 3.4852572402864785
138 3.4014915590204313
139 3.3338462905817496
140 3.4321875309533447
141 3.469701654021658
142 3.3717510217680187
143 3.442919104150906
144 3.4640738112824048
145 3.296831536310412
146 3.434406999495398
147 3.659289745281393
148 3.3783736030940004
149 3.418584371909894
150 3.425267339031347
151 3.393831525491246
152 3.4660778168353623
153 3.4431641314119212
154 3.587743065014283
155 3.418606414073388
156 3.5012265251834847
157 3.6637204180086984
158 3.289583199587788
159 3.3917610503368616
160 3.249522795424279
161 3.2894307818462822
162 3.26170735482069
163 3.33339022664578
164 3.4098559179470533
165 3.2660690302250686
166 3.405710601276051
167 3.321281370434551
168 3.3693659561415945
169 3.4392305926370765
170 3.29434280225921
171 3.579465050332755
172 3.391564968245992
173 3.429701169566518
174 3.3740218551053465
175 3.4531826154206975
176 3.271708120550122
177 3.2839097121301584
178 3.3231240585907753
179 3.3594132651156388
180 3.266448671957498
181 3.260992611853877
182 3.2326404939077746
183 3.39105609353805
184 3.3178326648613767
185 3.3235480585900246
186 3.3245171996993435
187 3.30707209668193
188 3.313462049500209
189 3.300158693644245
190 3.387933640468281
191 3.3403926907186423
192 3.329981458065003
193 3.3302330198961365
194 3.2999756469227686
195 3.2884388986901003
196 3.3611673901594967
197 3.52697564793097
198 3.5404778780195123
199 3.311999276113035
200 3.4743529265167488
201 3.512785421473934
202 3.3481077179871166
203 3.391818177730344
204 3.5134142406953583
205 3.3981613947602076
206 3.4164911673112344
207 3.3615671741985236
208 3.3898732676719767
209 3.284861547282181
210 3.450728972883046
211 3.221815765848965
212 3.3812170757197872
213 3.370407226751692
214 3.372749893245974
215 3.326244540123953
216 3.3196472808176867
217 3.3052668363211946
218 3.2503175246711713
219 3.2559594504154865
220 3.512209329639682
221 3.442740915262917
222 3.4786219983879287
223 3.39908309697098
224 3.480557001862306
225 3.3138427520263436
226 3.2488706437930897
227 3.4420083115812248
228 3.34311976813911
229 3.343543329678325
230 3.5864667147982474
231 3.4182782614282634
232 3.4118985330644134
233 3.2611491517507227
234 3.2698853430312016
235 3.301847831754928
236 3.2179491891409917
237 3.433368351660328
238 3.6173547982699352
239 3.5562007581514608
240 3.5475039396822985
241 3.327664811485869
242 3.3141510277229145
243 3.3469187855052502
244 3.249668414771532
245 3.709451992720671
246 3.907719825585675
247 3.138229130320872
248 3.2386784343037114
249 3.9681154257015323
250 4.200552753892323
251 4.022375530682006
252 3.4303263191575852
253 3.4389422980051227
254 3.2364440574150826
255 3.289666452419893
256 3.2209842617546043
257 3.3677231043881446
258 3.314933473437057
259 3.4069233683689593
260 3.3073536291141044
261 3.644378770925696
262 3.280252564044666
263 3.6179112689081183
264 3.437094873034189
265 4.062677339993997
266 3.309274463331687
267 3.684337124803785
268 4.024796861208761
269 3.4156659824605744
270 3.779579308408083
271 3.9070289917103613
272 3.281307631442954
273 3.290829929983468
274 3.5819832415598047
275 3.3282938120441328
276 3.362807068713992
277 3.358378782855353
278 3.390279801057323
279 3.267700180729225
280 3.4257416311634943
281 3.269905270867862
282 3.3716872172165675
283 3.311812013635838
284 3.3838725216365106
285 3.63881178286665
286 3.3845221346705725
287 3.4188624976999336
288 3.4402717001414027
289 3.4613949886553943
290 3.3944221812686033
291 3.250443835930455
292 3.292362056927482
293 3.4991385878999415
294 3.283841973374742
295 3.409802314435939
296 3.283289328651097
297 3.429943175260617
298 3.3217190665985763
299 3.413550296233775
300 3.4221496390172668
301 3.3644360505073316
302 3.3888743841062596
303 3.32923038582161
304 3.314470841753236
305 3.3737523122601143
306 3.4194916206457715
307 3.3132675099582656
308 3.463758896612318
309 3.3703363740607686
310 3.370661866231863
311 3.271974845079447
312 3.2897630039009327
313 3.3961485060877084
314 3.526106278894936
315 3.438798491320863
316 3.406257267895776
317 3.3051244295934286
318 3.3729141806591074
319 3.421176996594582
320 3.3996528246114206
321 3.4581884669302276
322 3.3916414608940717
323 3.2445082108429895
324 3.4214727364459647
325 3.448743237252514
326 3.395750169390808
327 3.3137279591970774
328 3.3153469877240958
329 3.35596273624082
330 3.8314671918367997
331 3.394625352071423
332 3.245664882323974
333 3.331687798945712
334 3.3917568542405143
335 3.3115485597586853
336 3.4136425455557533
337 3.564868548454343
338 3.2820299641418567
339 3.4680825102941224
340 3.475491681605777
341 3.360828682902251
342 3.242284314392144
343 3.3963373900239078
344 3.2839015379309817
345 3.2952537755202482
346 3.3859442474254187
347 3.3472224820455283
348 3.350308699392596
349 3.3941000252131217
350 3.4022017292047497
351 3.2790353186444854
352 3.3164399242480274
353 3.502883258225033
354 3.4845248821866077
355 3.619758170680151
356 3.3863409308504666
357 3.251746668599499
358 3.4084269730613013
359 3.4764550360862496
360 3.3701782907684366
361 3.30098994428238
362 3.3954561079971897
363 3.262960822438113
364 3.2844902241114946
365 3.372242642793459
366 3.404836207345693
367 3.4294936568081003
368 3.264259518940806
369 3.3596205548815155
370 3.5103154337778855
371 3.405882257697502
372 3.5060596925621246
373 3.3564616312631945
374 4.398068874809157
375 3.4527064124478786
376 3.395055853046289
377 3.5401967954641713
378 3.3141175836640047
379 3.7872580966550964
380 3.2974914399023962
381 3.3318772491152924
382 3.378169063798286
383 3.2981550044905874
384 3.3566223802729547
385 3.405242671153615
386 3.4135140963174275
387 3.423020047504254
388 3.389270689801059
389 3.315721790639297
390 3.4072943153455397
391 3.31842361312318
392 3.3657625987432795
393 3.326083351332928
394 3.5245294127735294
395 3.325665441672873
396 3.44913881475175
397 3.507327068101962
398 3.439380026729863
399 3.3945166000442515
400 3.383284756417663
401 3.5347294421615105
402 3.3555737689674614
403 3.4430781991336707
404 3.46787311482103
405 3.296145535321251
406 3.297137717452351
407 3.218818215114758
408 3.490007391469529
409 3.3867579159162746
410 3.5335142176421748
411 3.345702090248946
412 3.2561831547201785
413 3.354290977553666
414 3.3033224632388483
415 3.217010041242851
416 3.414740891904332
417 3.7061257888658408
418 3.239215512305397
419 3.6431682125577103
420 3.265567399738577
421 3.4198782665448064
422 3.7080800895298114
423 3.313402818751397
424 3.383970837293188
425 3.293931263740903
426 3.588912535977952
427 3.3279272874731545
428 3.3551385583599322
429 3.28088892137393
430 3.516330425470941
431 3.3412563862588813
432 3.370379822269344
433 3.483505832210107
434 3.556899498184347
435 3.5374345343081592
436 3.5257620709105097
437 3.6841722836284934
438 3.200675162422845
439 3.5103639948054113
440 3.2601445559455624
441 3.651801799066846
442 3.406459787448372
443 3.2382355813733086
444 3.4422013311424027
445 3.495575953492271
446 3.3106799327562126
447 3.365406029093158
448 3.2967799093847487
449 3.228556884698417
450 3.4259917183026642
451 3.464065032323646
452 3.3946137657921733
453 3.324029906724886
454 3.3506078090169207
455 3.442972856479993
456 3.2481544640276954
457 3.3164008562073968
458 3.762515809472235
459 3.2687729359255067
460 3.0991505781015776
461 3.239373941770321
462 3.35663162064593
463 3.4227859975669097
464 3.26952626840019
465 3.3136545671926174
466 3.3688755709055056
467 3.374113734186223
468 3.3707526440253313
469 3.33951386804874
470 3.296794572582337
471 3.5140553313141596
472 4.06731603779074
473 4.0727165382400985
474 3.688369689182278
475 3.38585485209917
476 3.502471703962406
477 3.332074393673771
478 3.305356332323317
479 3.414191268409453
480 3.313220652642983
481 3.3910541140630777
482 3.2909843396817
483 3.2897270642510392
484 3.3546184355575526
485 3.356309816092673
486 4.1276611518894715
487 3.9947675204034927
488 3.989460747671985
489 4.321831206808682
490 3.9453548528534106
491 3.2442723796415933
492 4.097663657866457
493 3.5247788164924834
494 3.3031821764649822
495 3.37136002110211
496 3.310075373271457
497 3.293650553955077
498 3.475724219908559
499 3.4354604610896953
500 3.2957295717643884
501 3.268130733255886
502 3.3301308203595275
503 3.3397231435187877
504 3.346605767183818
505 3.319394091174086
506 3.158530540238705
507 3.522427870965452
508 3.4993948281432408
509 3.3404547070129196
510 3.3975302814784603
511 3.3123356847289545
512 3.2204081723686393
513 3.34762703729214
514 3.4267093287294723
515 3.2059308062342318
516 3.4253436486613404
517 3.2940049466787356
518 3.4441104011652386
519 3.4696154069111302
520 3.4121392732611593
521 3.3892310993087986
522 3.406013756425762
523 3.420415602847958
524 3.3499516577251147
525 3.340081998004737
526 3.5234807040078917
527 3.395284094551193
528 3.4432545003550756
529 3.490966850987648
530 3.476071603992959
531 3.4162500594702685
532 3.270602862733386
533 3.3661800502750676
534 3.318338447356728
535 3.34322802806058
536 3.2972402822861535
537 3.3213268770769973
538 3.309345996223494
539 3.3672310571355575
540 3.3384876961958976
541 3.2887078978740583
542 3.3616648467786745
543 3.343738593752492
544 3.3583996163222896
545 3.2290015861526067
546 3.3826743117119884
547 3.396123605749264
548 3.3581938627285015
549 3.335553491078482
550 3.286832439115557
551 3.19284037140606
552 3.4658635153244166
553 3.66835526404821
554 3.373741160355124
555 3.2155582694235174
556 3.8205427972608423
557 3.4863302995584884
558 3.3754456538617745
559 3.4045190256494453
560 3.3546881202906076
561 3.2128944157255037
562 3.249085158450994
563 3.298272054313725
564 3.3904071822929684
565 3.3374488753403027
566 3.2346146686722577
567 3.298774597833984
568 3.335222915326004
569 3.301185734074338
570 3.4620453180305
571 3.217863555860811
572 3.344613800935355
573 3.389617834798902
574 3.457242623669383
575 3.3494616093648597
576 3.2630684095562903
577 3.275089079512863
578 3.296475219486801
579 3.3689055456039476
580 3.336163196777611
581 3.3167764968012845
582 3.321865952511485
583 3.37903829468877
584 3.3944546223814345
585 3.388835506500467
586 3.3911035130695337
587 3.4347038739145974
588 3.3742141220135187
589 3.2612823694102886
590 3.414829970398191
591 3.4098887001498963
592 3.2735291576318204
593 3.3139327425904574
594 3.3155138343408983
595 3.4217940451216085
596 3.5720645706772856
597 3.439556793791878
598 3.264255449131376
599 3.3467915977906455
600 3.276909682641539
601 3.3667369273419023
602 3.204884708265739
603 3.2897337103388393
604 3.3162850571397677
605 3.2754214852484815
606 3.2380715525790844
607 3.5451871282620067
608 3.422729442013895
609 3.2704814816420043
610 3.525724631449848
611 3.456929355342208
612 3.2830087250528766
613 3.309047351294023
614 3.274710834434686
615 3.3734670660395567
616 3.334636042562218
617 3.3855913364220807
618 3.4951222767447394
619 3.314357674034703
620 3.483329296722902
621 3.265994747313113
622 3.358335650746534
623 3.471047623921258
624 3.296806637129863
625 3.3294329690924167
626 3.3238531735812074
627 3.44322825784877
628 3.5597195348426536
629 3.3640038438446376
630 3.3118649397284186
631 3.259560366912232
632 3.48038102209448
633 3.3411316540374854
634 3.3324377304194126
635 3.402087386540337
636 3.772166730142033
637 3.285276279652572
638 3.3271890614418305
639 3.31485056243818
640 3.268764491860823
641 3.3413524306582856
642 3.325898070507183
643 3.4899738549567902
644 3.2772676300985655
645 3.35699032194356
646 3.460789651559252
647 3.4056299598607875
648 3.267337264457119
649 3.26288291796748
650 3.3536975104469726
651 3.315414634026155
652 3.3800355094928554
653 3.426077404741958
654 3.3659375720808478
655 3.356363670393958
656 3.3199040761274174
657 3.4678550768675183
658 3.3057400878301446
659 3.511526334315067
660 3.316939569510485
661 3.3031720694463322
662 3.347702488546304
663 3.2898690866277374
664 3.2243808865106773
665 3.399150933132912
666 3.2224534163489578
667 3.5348602583032553
668 3.30782674934567
669 3.381728066415353
670 3.31941567650937
671 3.3929116403422492
672 3.4275337979997023
673 3.2651415116260747
674 3.4352647806784082
675 3.3908662779923344
676 3.4606794591880163
677 3.3911382207392684
678 3.423751726192294
679 3.5484923701875113
680 3.2637399921387087
681 3.423363093523689
682 3.367910660632506
683 3.3665450191970296
684 3.3559517872434577
685 3.273349912868452
686 3.383867097213782
687 3.3132195238948987
688 3.3847408983403677
689 3.308455108240907
690 3.5443439000278554
691 3.3933234303973316
692 3.2518471286431785
693 3.5073747937981627
694 3.3594842130751563
695 3.3975632353237444
696 3.3603968361185474
697 3.3599389521621115
698 3.340352219299973
699 3.3095367194871455
700 3.272836903711279
701 3.3997509593191704
702 3.4784244281879557
703 3.4816066102952923
704 3.497555777456347
705 3.4179046602522236
706 3.2726926890635726
707 3.2997881735514834
708 3.3793097019970264
709 3.2813604981266575
710 3.499453908692931
711 3.369596279386105
712 3.373980478581879
713 3.279397636592956
714 3.292750406877805
715 3.3568437927806314
716 3.385914191423254
717 3.396054141919358
718 3.2758820570364406
719 3.217740576732503
720 3.2876393471727616
721 3.3308291550799325
722 3.450610576174954
723 3.308781831005124
724 3.258008414578139
725 3.2826388244054865
726 3.315633461072379
727 3.437062559193615
728 3.2418447845019775
729 3.4527471800725187
730 3.4874629192999933
731 3.4051002732079105
732 3.633818906450074
733 3.287134778026488
734 3.464541012916743
735 3.458326051780673
736 3.3606401785917344
737 3.3685401645011894
738 3.3304927680103042
739 3.4328921012831857
740 3.315599238187527
741 3.489092164377252
742 3.4824583117538483
743 3.438785538218538
744 3.334957681932346
745 3.345576956222635
746 3.240874755354241
747 3.3301633537585094
748 3.3409354525738535
749 3.502915951043338
750 3.4346782466737396
751 3.350450457720695
752 3.291600046906742
753 3.591400794487521
754 3.3551550258594487
755 3.1883237414509793
756 3.254980455719963
757 3.3392195640620135
758 3.340493388814786
759 3.4177652780163217
760 3.239644521571085
761 3.3098769815610116
762 3.4123014961529177
763 3.2062263413861007
764 3.295002860722913
765 3.3917759423887666
766 3.3217933751060365
767 3.323730001507094
768 3.2630546282627937
769 3.3694934439135067
770 3.5056007493287265
771 3.243968417321609
772 3.2296434952485997
773 3.408056296848276
774 3.3364272271581736
775 3.4045380881667047
776 3.384491174114583
777 3.4199500662643008
778 3.3236264219766207
779 3.7061546058144117
780 3.4021874385743742
781 3.3963683461423795
782 3.5546700893345697
783 3.4163451538597847
784 3.334584657847013
785 3.2469492606527726
786 3.293099883927353
787 3.459384981898895
788 3.345470198848271
789 3.3537338290616843
790 3.399279097705916
791 3.2676051933263537
792 3.408210757742515
793 3.2385562928335596
794 3.3261514931399496
795 3.372410476397495
796 3.3478451513234018
797 3.483960648501891
798 3.3612289270241402
799 3.360286811877726
800 3.592049035110545
801 3.3281061061389265
802 3.489970945644932
803 3.36168820533794
804 3.3252097984344124
805 3.5136501963707616
806 3.4819624725616416
807 3.299697868073777
808 3.299033102088851
809 3.3483244572809108
810 3.3317389560469564
811 3.3633270704809966
812 3.394758729914666
813 3.4669789701040354
814 3.27857325170648
815 3.2302628957386568
816 3.2106030986559535
817 3.708097914863671
818 4.1714794920652025
819 4.285074181472663
820 4.806227118628768
821 4.25820478735388
822 4.0883679049420225
823 4.183136980567339
824 4.249709691912866
825 4.260296795055441
826 4.1590745526322825
827 4.038415787971351
828 4.353976342513609
829 4.625370905821634
830 4.521998972906205
831 4.323187091421084
832 4.316377941011922
833 4.470051753094687
834 4.3600786387675585
835 4.5216055975755
836 4.23082300993601
837 4.388220934700782
838 4.37647986780349
839 4.2258308374032145
840 5.192692826368771
841 5.762295084482196
842 5.630332448623083
843 6.64608781769761
844 6.609292839040981
845 6.425620275581003
846 6.63991058754725
847 6.57269650855564
848 6.597137185479306
849 6.559926305606799
850 6.744437272351046
851 6.579769630201807
852 6.557299627131038
853 6.5672994788058165
854 6.611969454870337
855 6.339719121820391
856 6.808208637528592
857 6.499782601818418
858 6.619169520268284
859 5.262880970534196
860 5.876057245311748
861 7.14066217368254
862 6.72498205258152
863 4.475020219423052
864 4.525643895645282
865 4.750455151634982
866 4.644237059053779
867 4.694076768165279
868 4.35651465240256
869 3.8399696936049574
870 4.463437052893418
871 4.20111741365126
872 4.262682053772329
873 4.36525451066709
874 4.485548554090934
875 4.636396724119124
876 4.608639016516093
877 4.510529959022079
878 4.621894513392865
879 4.520598368728032
880 4.252322590848685
881 4.306147670009671
882 4.854258315274071
883 4.598455338596357
884 4.3961156033149384
885 4.35259701361203
886 4.5666092094389805
887 4.271049672310219
888 4.307376697312613
889 4.592085474202582
890 4.512952863740866
891 4.301442610938054
892 5.158695110444446
893 4.4279891283462245
894 4.222502572085815
895 4.179634919513623
896 4.635299398850399
897 4.144678010759373
898 4.527286486540837
899 4.179015243654471
900 4.426439829091254
901 4.475869567703786
902 4.333405337835515
903 4.393004108222693
904 4.470906656746564
905 5.051296111159551
906 4.376221442889656
907 4.438228636403686
908 4.237638083682805
909 4.4624068656873535
910 4.119141844665682
911 4.41246155727864
912 4.334935230345811
913 4.187173208739458
914 4.229069802857133
915 4.377384640777936
916 4.153524945007106
917 4.172745849489841
918 4.452215270965834
919 4.494013614951772
920 4.145027504161322
921 4.460643206699909
922 4.361033117229733
923 4.452814680813292
924 4.538404530484236
925 4.367488048596562
926 4.295923630047765
927 4.391563688550352
928 4.464834039130636
929 4.448262094736508
930 4.071756142688916
931 3.8752149244964764
932 3.605663051983103
933 4.9938835948340135
934 3.467750174624561
935 3.4419931030316837
936 3.893327077900899
937 4.432485108430029
938 4.635520109265292
939 4.586996568918925
940 4.667621690526394
941 4.192078472439982
942 4.233108371027711
943 3.95860898763295
944 4.111858499827902
945 4.294293920478416
946 4.502390218831828
947 5.163077138401389
948 5.765367580473783
949 4.28055984418767
950 4.656812095790866
951 4.5114430375217305
952 4.552646211694873
953 4.554814444925205
954 4.649176622749471
955 4.416772748541135
956 4.015343860782239
957 4.363137377204562
958 3.338494627177931
959 3.831627170681901
960 4.152729484572707
961 4.522849212143999
962 4.4166848455274
963 4.3888369731019194
964 4.148285505434856
965 4.618979967141557
966 4.454391054973361
967 3.588030883260681
968 4.112119326079608
969 4.233011861051048
970 4.040465060084395
971 4.339818460042342
972 4.27022590181151
973 4.33543778402264
974 4.095620591905552
975 4.577967758904738
976 4.363064604022091
977 3.888915464424832
978 3.3228628058237994
979 3.4016525613038677
980 3.184696455222492
981 3.5448083496011105
982 4.663003442790692
983 4.563096006595588
984 4.387506149002142
985 4.488469691457443
986 4.116868583236001
987 5.674657061299817
988 4.354441843084844
989 4.25309550587905
990 4.382431107436378
991 3.332376356693962
992 4.342297205429668
993 4.2421278913067875
994 4.332637928802455
995 4.459742298327225
996 4.637304055796387
997 3.4810517015051325
998 4.46434756029079
999 4.487758548448828
1000 4.495203598453565
1001 5.099170925962066
1002 4.224697006540156
1003 4.6668855202254855
1004 5.012625293789096
1005 4.574800002852541
1006 4.966347482960962
1007 4.33130123893636
1008 4.755460043049314
1009 4.442444451480086
1010 4.170239536032165
1011 4.901746534720963
1012 4.657149035495385
1013 4.711290981655403
1014 5.5658893641190526
1015 4.586558112965103
1016 4.672215191153965
1017 4.263053254160604
1018 4.484926653222613
1019 4.193520763736239
1020 4.309100683881467
1021 4.178895723703643
1022 3.9604148102595023
1023 4.027351661494395
1024 4.405809769669353
1025 4.370240882891529
1026 4.197397648156245
1027 4.5626497837657904
1028 4.029692187701173
1029 3.6543870676590586
1030 4.327533168946207
1031 4.056329181214437
1032 3.3793211743408813
1033 4.512098363579683
1034 3.736292493410325
1035 4.586619107942812
1036 4.528013191771368
1037 4.305501107666649
1038 4.445490191903903
1039 3.936730833018242
1040 4.33743481410925
1041 4.625898052311856
1042 4.581358202890015
1043 3.8965946442669064
1044 4.1597883428626625
1045 4.246126098718818
1046 4.126007765684461
1047 4.35037787806055
1048 3.8826154304763207
1049 4.389297787486935
1050 4.037819725054816
1051 4.381608907689026
1052 4.309362559076641
1053 4.1305092229255775
1054 4.140349695313587
1055 4.073242364149543
1056 4.224600988580573
1057 3.759450481406042
1058 4.720779290078306
1059 4.55307960442837
1060 4.261044352090527
1061 4.419655407310629
1062 4.413292494103752
1063 4.450560360482647
1064 4.5470372934214085
1065 4.272370597942879
1066 4.259814312218794
1067 4.758108260142267
1068 4.179897019080232
1069 4.195358513229264
1070 4.49941199030361
1071 3.654480719239316
1072 4.380074993018492
1073 4.357289074743472
1074 4.2332725033529135
1075 4.421226258697631
1076 4.5132157054392845
1077 4.50587493247355
1078 4.543631714486908
1079 4.289229628062423
1080 4.304826587230252
1081 5.24402223521089
1082 4.193552624927699
1083 4.440445530844037
1084 4.772009620524623
1085 4.226882395400346
1086 4.729490166397109
1087 4.715739477414309
1088 5.550395628269297
1089 4.650179191567459
1090 4.388504311091993
1091 4.687848594863742
1092 4.356304768316642
1093 4.396581088126852
1094 4.413371158766929
1095 4.590475843606048
1096 4.550716481160218
1097 4.403002575570555
1098 4.386353277651391
1099 4.4735780301800165
1100 4.608207085071944
1101 4.340805609635042
1102 4.299716602538456
1103 4.534888245796835
1104 4.680121610128722
1105 4.344675977282166
1106 4.456847032100025
1107 4.841079740855469
1108 4.586964961179866
1109 4.45503175880037
1110 4.437942373966161
1111 4.3185802728228975
1112 4.173831304026397
1113 4.546819855349491
1114 4.1635341820369405
1115 4.314543993831558
1116 4.466892652856001
1117 4.398263324747599
1118 4.162838157303656
1119 4.409173314530957
1120 4.72174692631258
1121 4.4130007576530454
1122 4.842585908397061
1123 4.396519917814406
1124 4.545558150390752
1125 4.566371065638116
1126 4.424003025635974
1127 4.50050397375201
1128 4.3864885839922545
1129 4.413367458364997
1130 4.469531579084366
1131 4.349139174267828
1132 4.405747473487115
1133 4.395582518814448
1134 4.553074175628743
1135 4.277530716829463
1136 4.376297353066471
1137 4.326683414144402
1138 4.2684255415207195
1139 4.2760756543296985
1140 4.610547379119408
1141 4.527316903411762
1142 4.5255130940784225
1143 4.341221780903261
1144 4.145785521657773
1145 4.493473620711156
1146 4.230192397005445
1147 4.4957743193271105
1148 4.571827361155523
1149 4.704481616362176
1150 4.484874836706094
1151 4.629189143718656
1152 4.255051270052094
1153 4.739710270579262
1154 4.13889406972796
1155 4.312466306922112
1156 4.800323090302096
1157 4.258938655980639
1158 4.466590212671879
1159 4.425914787491543
1160 4.27900007648462
1161 4.380558411161226
1162 4.483530624709637
1163 4.37525899070835
1164 4.292904728199408
1165 4.4069079992514295
1166 4.022433661713538
1167 4.324247996324681
1168 5.250840286890934
1169 4.415308554248883
1170 4.696637205461928
1171 5.564810821895559
1172 5.988748111248153
1173 5.656370595674937
1174 5.825425042917535
1175 5.73863217045159
1176 6.213695946584638
1177 4.29104186119196
1178 4.502588366180512
1179 4.316264039981665
1180 4.313192935151852
1181 4.234642586047762
1182 4.385196485092318
1183 4.394320262506081
1184 4.3391930289528675
1185 4.492032852050378
1186 4.26775645747466
1187 4.681436262899815
1188 4.132355367064961
1189 4.157514101154078
1190 4.474442269761932
1191 4.311368846022462
1192 4.615350337072088
1193 4.395470942358632
1194 4.530052704311843
1195 4.326147609635826
1196 4.4598091729356275
1197 4.0442441234804525
1198 4.399889746092669
1199 4.56262786445596
1200 4.808994105652337
1201 4.380267458180469
1202 4.748431116381629
1203 4.488830999837519
1204 4.384291573033123
1205 3.9859248703867336
1206 4.360460493914523
1207 4.183848589796254
1208 4.239147854791207
1209 4.5539079340414865
1210 4.30663906262759
1211 4.382372214014932
1212 4.555070240288317
1213 4.736306145090001
1214 4.47283734584219
1215 4.406474913659976
1216 4.577179806148383
1217 4.291021976035302
1218 4.403190930825463
1219 4.090017779811682
1220 3.8456776135952127
1221 4.544659706410146
1222 4.178061510007091
1223 4.316634597971668
1224 4.230330554172681
1225 4.383518373064184
1226 4.242216338303144
1227 4.331966227822903
1228 4.496971890401264
1229 4.382721707209449
1230 4.091805790862811
1231 4.273719550109161
1232 4.486313939227961
1233 4.250839200124831
1234 4.310812076403331
1235 4.4452963288354645
1236 3.869008792689474
1237 4.250190311422921
1238 4.621544195267572
1239 4.671895063703565
1240 3.929172359429897
1241 4.298286453347836
1242 4.551715750744447
1243 4.245624424040187
1244 4.372409676998649
1245 4.5736962955892855
1246 4.3560389345394155
1247 4.576063109367136
1248 4.689669464066008
1249 4.451594072955571
1250 4.576269686737034
1251 4.527178778698126
1252 4.409128561355344
1253 4.4623229700567615
1254 4.404041485470053
1255 4.688067584844711
1256 4.628643339052903
1257 4.717034716610824
1258 4.762822030324468
1259 4.530892587455865
1260 4.211542763257039
1261 4.28887154494889
1262 4.620602591116033
1263 4.315839325950372
1264 4.314143816384394
1265 3.990156860225788
1266 4.45850933916501
1267 4.318509818380237
1268 4.17908312809182
1269 4.4022313171503615
1270 4.4924349094666445
1271 4.148697608390289
1272 4.31920548658315
1273 4.326304772259795
1274 4.38113926562862
1275 4.252643050834057
1276 4.421432571439593
1277 4.4815731532681164
1278 4.248069415616349
1279 4.442922393604914
1280 4.199748554784277
1281 4.210881569189243
1282 4.436776945325922
1283 4.245902068676435
1284 4.506807643666956
1285 4.629443579572261
1286 4.24505719882194
1287 4.328336573048439
1288 4.1481242255523325
1289 4.140388682746572
1290 4.173477852852262
1291 4.165705562549844
1292 4.369246856575028
1293 4.398427791621842
1294 4.224472783786566
1295 4.6967014168076195
1296 4.097735172106431
1297 4.58420563452507
1298 4.283229072879425
1299 3.8355729855041485
1300 4.111571674193951
1301 4.379449684446662
1302 4.217225239760625
1303 4.566605490998857
1304 4.704481016804726
1305 4.203867261557197
1306 4.025671935126267
1307 4.08667159671938
1308 4.270113181797294
1309 4.147667501776856
1310 4.235752314329981
1311 5.013679418200635
1312 4.27244134357986
1313 4.549483161677304
1314 4.406113259345852
1315 4.506746246214933
1316 4.247174850101852
1317 4.154097166337284
1318 4.075247784055654
1319 4.25696994143548
1320 3.98249200843628
1321 4.395927101265351
1322 4.174635467011362
1323 4.498274792797341
1324 4.1141233485660305
1325 4.685255643246762
1326 4.511783908730997
1327 4.319540788445576
1328 4.144690418674391
1329 4.102520565338862
1330 3.475180497902359
1331 3.5881422431875696
1332 4.308974262385989
1333 4.6052777835225465
1334 4.349353570732955
1335 4.241008344755268
1336 4.252334640132619
1337 4.262996850235304
1338 4.588474811282809
1339 4.629323761165044
1340 4.459572275126573
1341 4.3621586553820455
1342 3.7468187430199213
1343 4.618976261580309
1344 4.4783062013853705
1345 4.471737095587163
1346 4.564746767658414
1347 4.391105898250912
1348 4.229099761730734
1349 4.562166169711075
1350 4.354674287039774
1351 4.586864799320071
1352 4.570787793029232
1353 4.3529826969194145
1354 3.951379557202412
1355 4.134018891200433
1356 4.4463522341103685
1357 4.601413734959887
1358 4.677809466221286
1359 4.571729599717905
1360 4.57224112634406
1361 4.444445003661194
1362 4.493753737396377
1363 4.538317368769732
1364 4.484081628152288
1365 4.4797862299708235
1366 4.090947676215822
1367 4.484902691967616
1368 4.4086950087761165
1369 4.706126585724078
1370 4.418822525906836
1371 4.424080399422427
1372 4.194625568233867
1373 4.470765353871302
1374 4.625282593666408
1375 4.5120429184338064
1376 4.328508305052063
1377 4.288969402470949
1378 4.897594044450369
1379 4.5851984190537936
1380 4.696806395703034
1381 4.3012310075029925
1382 4.5287539298272685
1383 4.339847956501655
1384 4.627266615495128
1385 4.332084036761648
1386 4.331848737990646
1387 4.4417153083644285
1388 4.605402362619449
1389 4.590286596247505
1390 4.152249339068796
1391 4.192376277622703
1392 4.374041053826229
1393 4.256256582975409
1394 4.121891353592638
1395 4.207277412364181
1396 4.398716873974794
1397 4.417520270332352
1398 4.458060451496565
1399 4.553770816405845
1400 3.7226379333721424
1401 3.359281988518457
1402 4.447657884080055
1403 4.6579091470877865
1404 4.152252292012536
1405 4.536217867660526
1406 4.611762275687528
1407 4.350910967818267
1408 4.402948460102639
1409 4.717307601336505
1410 4.466733286845713
1411 4.766698949957629
1412 4.265685148616382
1413 4.470473547171441
1414 4.485918783156118
1415 4.574960835418499
1416 4.564129676904895
1417 4.169031133002959
1418 4.468559514223216
1419 4.722268278058139
1420 4.6529480687499225
1421 4.5747272121689
1422 4.5187841688624575
1423 4.2243255642535456
1424 4.589866201473337
1425 4.2409238622074055
1426 4.3405521545453425
1427 4.378489273815864
1428 4.4439889607863785
1429 4.436579167218783
1430 4.232615604701004
1431 4.5477513084981
1432 4.480415841726037
1433 4.467192430661801
1434 4.5789589807163225
1435 4.409310361009134
1436 4.413901568174926
1437 4.391394754439133
1438 4.65526300970243
1439 4.3020397027612525
1440 4.41354534856939
1441 4.078950017368058
1442 4.001005852109313
1443 4.144434790589705
1444 4.5871050032950595
1445 3.979667424164389
1446 4.299095943555606
1447 4.153070926440396
1448 4.321321416388109
1449 4.612784705877015
1450 4.388966292041353
1451 4.780598133137842
1452 4.458812572004371
1453 4.277532584411234
1454 3.8594092391524737
1455 4.584078513289121
1456 4.483728153688125
1457 4.548142557963595
1458 4.521679557358842
1459 4.711907631851292
1460 4.641615067379372
1461 4.764935650701072
1462 4.231287514592555
1463 4.620311019924397
1464 4.318682708483487
1465 4.287798631520008
1466 4.564910321996673
1467 4.569669096782808
1468 4.502762757410752
1469 4.286422745767601
1470 4.432757854790772
1471 4.563852818352958
1472 4.19173231354374
1473 4.408084697654429
1474 3.969339400842874
1475 4.298098936706683
1476 4.492000336396202
1477 4.64100994869023
1478 4.493736645191801
1479 4.227916739349405
1480 4.156275493096055
1481 4.277515480183281
1482 4.573224089659802
1483 4.699312825413966
1484 4.576633061675298
1485 4.385564793540604
1486 4.130131198413418
1487 4.359497940311831
1488 4.545269038921185
1489 4.499623432275654
1490 4.103182879770555
1491 4.792602311411519
1492 4.646534501358777
1493 4.378958337128744
1494 4.324386011182476
1495 4.557411293546263
1496 4.319043792048861
1497 4.664187456748707
1498 4.566368524143527
1499 4.8799025579959405
1500 4.079959732787075
1501 4.361617087237237
1502 4.2624812281145985
1503 4.49632054982515
1504 4.772620059385523
1505 4.243749451525924
1506 4.653294555677189
1507 4.4889428159329725
1508 4.296824344067156
1509 4.463277100666067
1510 4.141490310427659
1511 4.538862488605026
1512 4.41885182288328
1513 4.622226006651031
1514 4.52085978629275
1515 4.63733694660998
1516 4.371857955977505
1517 4.498584075233958
1518 4.804769863273991
1519 4.592746926741427
1520 4.92947728580101
1521 4.535598228497665
1522 4.2076133818893835
1523 4.507252735584178
1524 4.4261150426067
1525 4.266181016107587
1526 5.151007678532594
1527 4.380964590193196
1528 4.605487322438435
1529 4.916690316862432
1530 4.201714155524077
1531 4.546074868107099
1532 4.808488516855497
1533 3.9266542964873596
1534 4.7017780428230855
1535 4.951568862177475
1536 4.282765127886443
1537 4.461032197569645
1538 4.902680320113978
1539 4.639524613768904
1540 4.537241190848282
1541 4.721294223932013
1542 4.468870541071521
1543 4.688335931479354
1544 4.3298582953008085
1545 4.530519830477705
1546 4.519420841002016
1547 4.664481198982894
1548 4.704293908234716
1549 4.63604254609111
1550 6.258524751360136
1551 4.429672190454632
1552 6.1764866966824865
1553 6.76528050227455
1554 6.620462102979871
1555 5.8634950940056685
1556 5.884358948792106
1557 6.111768144780259
1558 7.545460123088459
1559 5.835290099654913
1560 5.833129804662189
1561 5.976972228228087
1562 5.883311087039836
1563 5.909146189990631
1564 6.32128232547985
1565 6.398945562732511
1566 6.537231779005268
1567 5.667794947743979
1568 6.402027755808004
1569 6.300786594689032
1570 6.271445557299578
1571 5.807348940991164
1572 5.737313213161818
1573 5.735602175540283
1574 6.428665116687414
1575 6.826461111854946
1576 5.459259108681522
1577 6.2583280457713055
1578 5.736290407920953
1579 6.109731300524743
1580 5.593739287759532
1581 6.199126675113593
1582 5.989900214741035
1583 5.549064833254979
1584 6.117295545225503
1585 6.230557373984583
1586 6.266499563839519
1587 6.103438670881895
1588 6.7661105019162795
1589 6.351803848338266
1590 5.879192506797244
1591 5.962030773448178
1592 6.661652786219277
1593 5.864433937524688
1594 6.208757300805625
1595 6.539678124402552
1596 6.412855700130173
1597 6.35453414250093
1598 6.110293245996623
1599 5.793478821968402
1600 5.712083398345932
1601 6.869023653079026
1602 6.523057855307779
1603 6.652499335039021
1604 6.124683458610045
1605 6.204147632052213
1606 6.06397903820345
1607 5.820949294296573
1608 6.590688352771633
1609 5.718642888000457
1610 6.155300015647193
1611 6.363251842220366
1612 6.673913572262568
1613 6.222380178565137
1614 6.999490720393355
1615 6.080794404271732
1616 6.200221482386633
1617 5.832643200132601
1618 5.976349914296969
1619 5.825492804008021
1620 5.899551990289261
1621 6.552507018270472
1622 6.69182323343265
1623 5.657610657538842
1624 6.3261412229860765
1625 6.872168087316676
1626 6.229119604676496
1627 6.550413785317044
1628 6.252142990891378
1629 5.708819776647347
1630 5.9690369290926375
1631 6.480887034540678
1632 6.574523000454447
1633 6.783640741714303
1634 6.126598453319331
1635 5.813881845736199
1636 6.066621703362804
1637 6.572218387955195
1638 6.057394166152884
1639 6.251587242362151
1640 6.364185195270648
1641 6.39429888738776
1642 5.939414865146708
1643 6.098705189785095
1644 5.988591589066385
1645 6.62493445634575
1646 7.084472053171352
1647 5.90507344125737
1648 5.745664191530675
1649 6.635649690062507
1650 6.625607167388521
1651 6.528078184445132
1652 6.90763653033191
1653 6.7661798456107025
1654 6.578468067646875
1655 6.1975916088950695
1656 6.556908572957364
1657 6.732132878727056
1658 6.504039909017334
1659 6.528837467153761
1660 5.920548896452219
1661 6.838726822393785
1662 6.783381273094217
1663 6.401518557780112
1664 6.0946367721634465
1665 6.254310628784833
1666 6.4948307411125175
1667 5.998164713286043
1668 6.1068604328407785
1669 5.6460320820512715
1670 6.581526050766992
1671 6.315830796162134
1672 6.646717680493852
1673 6.818144733894207
1674 6.608738889170401
1675 6.496876375212288
1676 6.327975625861371
1677 6.256649511715274
1678 6.6014906590937095
1679 6.314217477742405
1680 6.393555523203488
1681 6.462549492149949
1682 6.651073416615007
1683 6.962506039277222
1684 6.282831304674363
1685 5.906742757633211
1686 6.543478007474444
1687 6.088846072739736
1688 6.329794520443084
1689 6.520371203990417
1690 6.769146902569637
1691 6.209230786755805
1692 7.016797458424289
1693 5.901798750262779
1694 5.721711386382327
1695 7.068888528203659
1696 6.321558042737394
1697 5.752564174881721
1698 6.116174363942149
1699 6.571928538854147
1700 5.8538974595120585
1701 7.14556275736383
1702 6.3808514373040435
1703 6.867891041786818
1704 6.400512239973779
1705 5.507325311968727
1706 6.290253818653752
1707 5.913486053291952
1708 5.862192286083207
1709 5.936092808446804
1710 5.609918647722768
1711 5.648719853514221
1712 6.52058591783006
1713 6.759192070204637
1714 6.348857359551752
1715 6.028794479993661
1716 6.1974098838360465
1717 6.656835316899909
1718 6.198816647873072
1719 5.876382507110216
1720 6.398832235762153
1721 6.074431777201124
1722 5.834351679505718
1723 7.029081680769633
1724 6.124522211519209
1725 6.097671279856197
1726 5.922186482051237
1727 6.353871503716563
1728 6.3971689755518035
1729 5.924280386016378
1730 6.139664937323568
1731 6.964691586012365
1732 6.6418373239237285
1733 6.2841812319110995
1734 6.026606196109269
1735 6.089887527641492
1736 6.303723880124812
1737 6.152234641170633
1738 6.920571476028061
1739 5.711927194452796
1740 6.140637156525908
1741 6.5539267084629556
1742 6.463927718545642
1743 6.231626582206653
1744 6.436739160603534
1745 6.170278995145448
1746 6.595125982616533
1747 5.5195110028687955
1748 5.864207567615556
1749 6.336056918192805
1750 6.912743159649103
1751 6.722362441391042
1752 6.902459081457908
1753 6.757794928755193
1754 6.404514171496942
1755 6.443440201411831
1756 6.536935360845155
1757 6.739267727158231
1758 6.523326241805918
1759 6.044048419706518
1760 6.366044507780615
1761 6.892252945666508
1762 6.215075779717415
1763 5.826527005633245
1764 5.784083692243567
1765 5.864254568314769
1766 6.7048963380850966
1767 4.7512505654188475
1768 4.6767147959749185
1769 4.471587134194801
1770 4.622390212672013
1771 4.387576081322874
1772 5.644834401174467
1773 4.70205008477619
1774 4.744550364176655
1775 4.635869169017088
1776 4.766130107055627
1777 4.522148946804802
1778 4.814230231464142
1779 4.600077548168164
1780 4.820976124951738
1781 4.576813688584894
1782 4.529288660834196
1783 4.693618900641485
1784 4.724442259844235
1785 4.668001108941306
1786 4.709590212994234
1787 4.742376486442514
1788 4.7087857392779355
1789 4.914150631416806
1790 4.731573156286733
1791 6.080294535954298
1792 4.48972812725438
1793 4.401628821846876
1794 4.725762831412373
1795 4.581204078767306
1796 4.641383852343973
1797 4.65616457022399
1798 4.661165989916834
1799 4.8091137628142375
1800 4.504633873168875
1801 4.576440016639517
1802 4.72711396123561
1803 4.414026246820692
1804 4.743040831486157
1805 4.822416115359833
1806 4.708113156663631
1807 4.591653096035704
1808 4.4929851349844885
1809 4.872241604658209
1810 4.531614347489017
1811 5.205101655916774
1812 5.77199920435535
1813 4.734963726355542
1814 4.6921055376076675
1815 4.876269070936187
1816 4.710183801295355
1817 4.319060877417007
1818 4.61320985185987
1819 4.498640433638578
1820 4.893805365668633
1821 4.50932834205253
1822 4.4506920885395544
1823 4.793858356158709
1824 4.68347507221407
1825 4.417396430540838
1826 4.730553006422336
1827 4.699103158187142
1828 4.600845236345394
1829 5.02649616154855
1830 5.730315750536552
1831 4.450282574363463
1832 4.71054745730685
1833 4.410833802145153
1834 4.492233420928518
1835 4.603835161740778
1836 4.484961646997109
1837 4.57502800987931
1838 4.62453371845971
1839 4.479886553905865
1840 4.620149440198569
1841 4.500077305823063
1842 4.3391623100011625
1843 4.536908482325937
1844 4.62075870295337
1845 4.482771794857358
1846 4.685461268461152
1847 4.215500379547992
1848 4.4042143069862645
1849 4.182594147070206
1850 3.731297453541198
1851 3.978998534482822
1852 4.1409733960245
1853 4.363337406473068
1854 4.617154716539201
1855 4.410756035957908
1856 4.446522675401041
1857 4.391085356008561
1858 4.727341095975466
1859 4.635612098239226
1860 4.959304149202442
1861 4.044647760057524
1862 4.508527079825569
1863 4.372469985186208
1864 4.572950528969836
1865 4.460691420894994
1866 4.549164026407488
1867 4.463650897516742
1868 4.413294076490135
1869 4.283038455452912
1870 4.222818283323104
1871 4.646957152197642
1872 4.656438430730471
1873 4.586352540172112
1874 4.739166189453783
1875 4.381102829296162
1876 4.421759010807696
1877 4.711524727229124
1878 4.2447191496667775
1879 4.479476616141423
1880 4.413648225379072
1881 4.424337382039156
1882 5.026385995203573
1883 4.674696039550227
1884 4.140729983167525
1885 4.20339538663614
1886 4.51321990789748
1887 4.391727814831136
1888 4.755090718664006
1889 4.552278294427227
1890 4.3607857775724925
1891 4.587217565767418
1892 4.663372484555377
1893 4.331913943316683
1894 4.7042417607254245
1895 4.40035192899934
1896 4.576056956849359
1897 4.499300030558297
1898 4.505687164785742
1899 4.648804523874263
1900 4.480991628163766
1901 4.417179583644754
1902 4.19954441987442
1903 4.819043662072889
1904 4.404062214933601
1905 4.552090271611802
1906 4.434363939799126
1907 4.303380246979309
1908 4.6932682903598915
1909 4.4578032203976035
1910 4.398851050326317
1911 4.272081042263888
1912 4.36707794591066
1913 4.191056267930397
1914 4.385778420443923
1915 4.695278300818226
1916 4.466981426133093
1917 4.6982880542117105
1918 4.332771239502525
1919 4.72521574286346
1920 4.228381105379438
1921 4.444370532763417
1922 4.575933640775857
1923 4.339096665638802
1924 4.418740893930933
1925 4.216887511152323
1926 4.272109942304884
1927 4.701202276371914
1928 4.529518793146397
1929 4.691749763044599
1930 4.5564830609868485
1931 4.687678363853557
1932 4.63417223752102
1933 4.391491857754175
1934 4.637147505030737
1935 4.46280511029389
1936 4.3384777002693315
1937 4.282641421063846
1938 4.359913519898864
1939 4.1449805534727195
1940 4.205540570752919
1941 4.584704136143326
1942 4.448890183450175
1943 4.558834394006294
1944 4.673387025044193
1945 4.413776716355383
1946 4.716500978208646
1947 4.322225615653719
1948 4.170626674323034
1949 3.9463446595037563
1950 4.206225853867317
1951 4.285866739997538
1952 4.226367469647865
1953 4.0632574294464785
1954 4.489074783420239
1955 4.533587973558356
1956 4.799190325253164
1957 4.452510889749122
1958 4.108876746269422
1959 4.07667152254384
1960 4.385831932146192
1961 4.441311534317615
1962 4.317541206494973
1963 3.9953524735139085
1964 3.846098307217193
1965 4.2552337800121025
1966 4.17544851306736
1967 4.08210745165659
1968 4.289442693437441
1969 4.412463793487437
1970 4.3276806184469905
1971 4.092042456076086
1972 4.3040804336396095
1973 4.117194733933971
1974 4.214960370070801
1975 4.0516970548835145
1976 4.365701145347758
1977 4.311786349304456
1978 4.328526949954548
1979 4.759909248963362
1980 4.425830425534309
1981 4.235537737552443
1982 4.284534839955284
1983 4.5315867714659825
1984 4.321585747710483
1985 4.30065247905144
1986 4.788617055173079
1987 4.2676588719894095
1988 4.488142445936187
1989 4.232067323916003
1990 4.434573203736372
1991 4.386787630436035
1992 4.756467084910374
1993 4.0483007781534415
1994 4.206427417763795
1995 4.100018721643159
1996 4.042401207357361
1997 4.396692083824241
1998 4.400818052718117
1999 4.258861211964476
2000 4.314244489366049
2001 4.433457520808356
2002 4.301600975679868
2003 4.344818622608687
2004 4.534170799219183
2005 4.219828599930266
2006 4.230423054321461
2007 4.179614327920239
2008 4.3425716478158165
2009 4.5360036157635735
2010 4.5939739555652706
2011 4.851805395857435
2012 4.431021914503453
2013 4.680709714234885
2014 4.652576754147794
2015 4.1138168112914455
2016 4.778053821395189
2017 4.794845189902664
2018 4.568283539754122
2019 4.585856839467485
2020 4.686046169030844
2021 4.508867699910027
2022 4.411787645089507
2023 4.473799028644622
2024 4.444958309130812
2025 4.260984715377758
2026 4.519402045526085
2027 4.417959207579595
2028 4.730902914082734
2029 4.453273450618212
2030 4.528767515604258
2031 4.473444494692683
2032 4.394834115827696
2033 4.216210545218831
2034 4.439283961905919
2035 4.574339489688185
2036 4.629709814622386
2037 4.332372865280063
2038 4.363150015812953
2039 4.667920173626862
2040 4.534268331729747
2041 4.4312413234232935
2042 4.473375098130181
2043 4.4720411188160325
2044 4.664275711976206
2045 4.667642735944291
2046 4.288955624877251
2047 4.385692493664779
2048 4.5569046435285205
2049 4.624666540286805
2050 4.399557620355015
2051 4.329870831101648
2052 4.431433277831922
2053 4.533893139806206
2054 4.258193362615253
2055 4.429838270097694
2056 4.69231809483712
2057 4.51582657671794
2058 4.911730032194163
2059 4.67173768793232
2060 4.655515865761393
2061 4.37340495440799
2062 4.768065008277506
2063 4.566551019963136
2064 4.532321496082693
2065 4.766463899896747
2066 4.396027024821086
2067 4.750596650272239
2068 4.710615137137998
2069 4.794351421814553
2070 5.051645351853631
2071 4.486136716221588
2072 4.322166357616771
2073 4.647235885624491
2074 4.5397222356423725
2075 4.564393956183097
2076 4.566950477457976
2077 4.77708071893755
2078 4.583670471764639
2079 4.565062344299886
2080 4.555194293017865
2081 4.513913995868016
2082 4.929623554945455
2083 5.645361511458379
2084 4.5846289523204256
2085 4.893343333152614
2086 4.533094700717938
2087 4.774228165653997
2088 4.467779345158679
2089 4.325730201066636
2090 5.347807925241347
2091 5.637010547719298
2092 6.075356246748323
2093 5.1841165161936695
2094 4.920491760764431
2095 5.830843065703745
2096 6.605680354313707
2097 6.788879679719935
2098 6.529110338343175
2099 6.1875862901505645
2100 6.665541568711292
2101 6.351702097652591
2102 6.652124669085458
2103 6.8406296143993925
2104 6.830387567720336
2105 6.136762113597654
2106 5.796858244503125
2107 6.862380656927478
2108 6.371100394095912
2109 6.766046298498275
2110 6.77472090972129
2111 6.813298557037576
2112 6.578935107066793
2113 5.989432586512847
2114 6.380184204559029
2115 6.397140463086254
2116 4.70400528661185
2117 4.598952558461318
2118 4.619101207807361
2119 4.658673974802351
2120 4.3811117826414145
2121 4.6774398839656675
2122 4.41076236062129
2123 4.310757961186941
2124 5.038954839612953
2125 4.474775644886874
2126 4.415379554124292
2127 4.560027929124394
2128 4.9122836992746555
2129 4.65634255340832
2130 4.52303920615503
2131 4.753534676900407
2132 4.379031665171943
2133 4.8641244575477
2134 4.627741631893773
2135 4.489027597888707
2136 4.948940315249102
2137 4.505882122469803
2138 4.603632850998277
2139 4.743653860975081
2140 4.431154144831904
2141 4.771215390498217
2142 4.900536625803167
