0 4.225411472183037
1 4.153263944963635
2 4.217314568524619
3 4.242299533766888
4 4.28239523148283
5 4.1408890881800495
6 4.001706011927698
7 4.247646049493337
8 4.2049853168085685
9 3.9369378984408505
10 4.350639955992443
11 4.198208489240154
12 4.390666825876603
13 4.537239250219757
14 5.273884752141464
15 5.63451530013746
16 4.770141926046552
17 5.04315053529611
18 4.584333471393037
19 4.903317962407778
20 4.962573171414275
21 5.195248322021196
22 4.899489408710198
23 4.899213475058977
24 4.85850949937504
25 4.664467489291349
26 4.757926602465013
27 4.905224940100847
28 4.855638467127358
29 4.993566493601606
30 5.0480308101850895
31 4.756610934152437
32 4.7231168864199
33 4.907469724902978
34 4.902065333622319
35 4.642041721417963
36 5.1497854787821336
37 4.936861223665794
38 4.807439984506339
39 4.80084404525585
40 4.870018074715933
41 4.92210361540035
42 4.923901702722575
43 4.753162674695919
44 5.078116230067876
45 4.847620872875724
46 4.915615959774051
47 4.952293239238852
48 4.851575499942309
49 4.744462416134174
50 4.759298792516429
51 4.347398906527915
52 4.230199130507904
53 4.690401538654172
54 4.614334229737101
55 4.7684404495152775
56 4.371603254155495
57 4.961248825827867
58 4.767292908186197
59 5.038077654393096
60 5.030779383706448
61 4.772804820857966
62 5.001910281868087
63 4.5689811796203905
64 4.732980019611671
65 4.898168136124233
66 4.624798424535575
67 4.738789782050161
68 4.540741725483849
69 4.7965930267888695
70 4.601110930786273
71 4.688219384723845
72 4.741823933022059
73 4.77470116853496
74 4.645559206063736
75 4.967050851522422
76 4.76854330817676
77 4.820978548965848
78 4.962889940434657
79 4.708195173277983
80 4.897635053822522
81 4.609101827161962
82 4.735043957871782
83 4.703927517821412
84 4.669678567743517
85 4.891364320216376
86 4.835958469216799
87 4.7296779647078
88 4.705423146388825
89 4.5795938145440305
90 4.779563690431583
91 4.604950423241714
92 4.867503478536305
93 4.777126544213945
94 4.894696611082576
95 4.847278744543702
96 4.603051308079601
97 5.0924391796716595
98 4.604611146822419
99 4.7913047671377225
100 4.797802462436991
101 4.395032250194475
102 4.752569728346083
103 4.802170211939615
104 4.98250958295879
105 4.782150950367003
106 4.7248993300611986
107 4.838402326590143
108 4.662467680322132
109 4.706615573791927
110 4.672328750145872
111 4.891759100717612
112 4.692944418817404
113 4.817885207067913
114 4.7253622732290745
115 4.730536044070619
116 4.515654282494361
117 4.824462904213139
118 4.725153665339705
119 6.126471794353939
120 6.420118369170948
121 6.843028935498529
122 4.345499747035371
123 4.822945863641585
124 4.713812785029496
125 4.756342402755888
126 4.587564556058862
127 4.6665683596431515
128 4.254390045823513
129 4.111276771382314
130 4.615353069684253
131 4.8386685149493855
132 4.78492087203679
133 4.598733350308301
134 4.585338918815152
135 4.5759313753396045
136 4.517662268070507
137 4.52060885724025
138 4.326057338967329
139 4.566058761104573
140 4.74899069721509
141 4.729635803537385
142 4.8001824960754655
143 4.506934609764826
144 4.823176364402719
145 4.701208052854853
146 4.672460221235331
147 4.845902098081418
148 4.73727969920209
149 4.919584581437752
150 4.784140794741951
151 4.789252999166129
152 4.085855868299483
153 4.548687365988977
154 4.582278156194143
155 4.763839237875014
156 4.609504337709947
157 4.723051979364378
158 4.731600712943455
159 4.361175987491441
160 4.785166786421104
161 4.54888495460304
162 5.02764146216718
163 4.83073669671614
164 4.875033405264665
165 4.803291140709737
166 4.786959270307531
167 4.806019176489715
168 3.9914362789047586
169 4.431080347632388
170 4.519960645590671
171 4.206671130490098
172 4.502058186200538
173 4.679369474987556
174 4.478772121696407
175 4.335218727996951
176 4.609474710033304
177 4.708836041665536
178 4.606521958144747
179 4.318028613780332
180 4.89181811475704
181 4.703692709111333
182 4.81551611290644
183 4.263399008758888
184 4.769037952468524
185 4.660441256646632
186 4.8949757571026415
187 4.794272511555741
188 4.647453628031652
189 4.856238518121005
190 4.758027259209578
191 4.70339472921546
192 4.929831532659908
193 4.3966603835069575
194 4.1783697878488635
195 4.321990426922673
196 4.84255100258581
197 4.614415136181811
198 4.649250868550085
199 4.964750421555979
200 4.809039056810481
201 4.7461299829233425
202 4.529451265757684
203 4.480011129049112
204 5.226885570589278
205 4.842141285596332
206 4.642092337244051
207 4.499121143005559
208 4.910375888660847
209 4.9631884390585785
210 4.586247743215793
211 4.645908683851376
212 4.636042974622556
213 4.755518572051184
214 4.687264115117513
215 4.611323159265286
216 4.647855577592602
217 4.697290937635873
218 4.95459700798824
219 4.94738422645091
220 5.0221883615300555
221 4.730670073587252
222 4.590978320266561
223 4.620484662000071
224 4.764248780353314
225 4.707037934944763
226 4.949331086318965
227 4.897577799517794
228 4.610008149573628
229 4.881856448618017
230 4.5966432875839445
231 4.781983198180422
232 4.188483017630653
233 4.868227871078484
234 4.833565293746635
235 4.371520582667387
236 4.750792746347252
237 4.580548197094527
238 4.619137163892255
239 5.029170055349128
240 4.888150983111787
241 4.859005362024187
242 4.8632196262368135
243 4.68218825499311
244 4.663022702396814
245 4.674806074436432
246 5.100793330613417
247 4.7033561536417965
248 4.596913913147167
249 5.035368343909564
250 4.708156910503058
251 4.568417325824998
252 4.711487207101754
253 4.589266460827308
254 4.701414480000413
255 4.453547329843957
256 4.833278850244626
257 4.6791024972212325
258 4.886307321959877
259 4.7929981323979725
260 4.450241624534525
261 4.671592771578606
262 4.715408054699754
263 4.542749796283888
264 4.65484320452219
265 5.08724281136746
266 4.558598029427416
267 4.826918182146106
268 4.921143117399714
269 4.692754713705237
270 4.542298015340933
271 4.55813909419985
272 5.037890475919835
273 4.74600666239101
274 4.96849015440676
275 4.6780395414956075
276 4.884717160235346
277 4.89734745482583
278 4.534831861061549
279 4.419314648643091
280 4.650411164434646
281 4.8059953289767146
282 4.601573409680457
283 4.635493087677983
284 4.613247185233945
285 4.662495871133878
286 4.60558007247076
287 4.852094268390748
288 4.557201242891905
289 4.806121311814442
290 4.7916546488900975
291 4.499978245580441
292 4.565831107931873
293 4.727304806880338
294 4.255697752247906
295 4.770651018428367
296 4.677006061802298
297 4.605540016935084
298 4.824350851827643
299 4.646047766459027
300 4.494382738027818
301 4.660482283482642
302 4.722696812339359
303 4.701789741540984
304 4.688379638465865
305 4.5498684514605845
306 4.6120391532905805
307 4.520647928402778
308 4.778191164745974
309 4.592360515805147
310 4.621172072890519
311 4.7129379818412955
312 4.997533262113531
313 4.864865578107613
314 4.703357996631558
315 4.7486921467628145
316 4.780292248930127
317 4.626074755895866
318 4.870289637424868
319 4.655343708966857
320 4.670513757522117
321 4.929762021751858
322 4.620192488040652
323 4.657472972419318
324 4.5644891598627
325 4.631720234132829
326 4.957077641763406
327 4.671372252606583
328 4.792453191164179
329 4.656070264392352
330 4.584538664660844
331 4.650562695294226
332 4.549352995046923
333 4.339016666135588
334 4.7127730273151345
335 4.6489953313989165
336 4.667745242174283
337 4.606049661026932
338 4.523658516315452
339 4.670319726532326
340 4.500482984750784
341 4.537387761905365
342 4.554440732340461
343 5.057304485059057
344 4.72364443319004
345 4.6610702864848905
346 4.728641500746411
347 4.701059867093485
348 4.953416390210768
349 4.627758857136927
350 4.722224048146075
351 4.626872916121676
352 4.757785006289417
353 4.463235209501672
354 4.626850437522726
355 4.839568758034856
356 4.861516728209038
357 4.704332409590871
358 4.799744872440049
359 4.643628699843902
360 4.578569586180816
361 4.735699900974781
362 4.7908276300300185
363 4.843623110233813
364 4.690895858702801
365 4.715153961050101
366 4.58260408334864
367 4.61300735889249
368 4.549615626378225
369 4.818677193248434
370 4.855995456216695
371 4.859555499166195
372 4.631274332298425
373 4.867310139950513
374 4.814226543086698
375 4.638070027206613
376 4.775968055616682
377 4.553097008484809
378 4.655540118876419
379 4.661685382781843
380 4.7233133939256025
381 4.967050477962041
382 4.875770339414578
383 4.645621781683161
384 4.571266468311098
385 4.663703243274524
386 4.951265139043417
387 4.805745599934514
388 4.66653963681169
389 4.615347711411431
390 4.853633316194021
391 4.801994807252643
392 4.745068542060712
393 4.727280773355283
394 4.644339602908775
395 4.568057105533093
396 4.803835063524831
397 4.824847180269044
398 4.900135239728591
399 4.871423484290871
400 4.760894342322414
401 4.664823912642877
402 4.9205274037354
403 4.626689962478607
404 4.689599825595537
405 4.938961226993251
406 4.797319833522293
407 4.858000493070316
408 4.788401469300556
409 4.770953875402939
410 4.745616189777465
411 4.892423098247733
412 4.8234493151364015
413 4.699636703285018
414 4.305217508986497
415 4.824563672276659
416 4.4552086580523635
417 6.742571056636764
418 6.174047108757174
419 6.293117372110364
420 4.603931573482684
421 4.63553303703967
422 4.596579655488601
423 4.814511837813279
424 4.75948140129557
425 4.622072136365722
426 4.877722952225278
427 4.749219965943519
428 4.195195971974264
429 4.744811110804822
430 4.78882864870798
431 4.686776810393411
432 5.063915454128206
433 4.334251798572401
434 5.049634626378575
435 4.957396432188836
436 4.652347958727113
437 4.830604987382085
438 4.733200465622298
439 4.767366202729472
440 4.736053083003454
441 4.921206697804688
442 4.863496869205639
443 4.239921389509291
444 4.992654420172044
445 4.8178630414558015
446 4.529186924821716
447 4.86290751349878
448 4.921209953278561
449 4.853756455865642
450 4.822823478628796
451 4.795376900770227
452 4.765567370984178
453 4.9837116917832205
454 4.648407541355159
455 4.7116535011237595
456 4.732765410657419
457 4.4898063412775855
458 4.690987916866516
459 4.755498386866833
460 4.514466426207
461 4.707073196561788
462 4.831496363543351
463 4.735569899742935
464 4.728268388703913
465 4.335572526035674
466 5.010417821443619
467 5.145752525953792
468 4.7356961411268035
469 4.447417221349235
470 4.7479163221249525
471 4.770951328897179
472 4.694948326230583
473 4.630580499922606
474 4.639441350970179
475 4.343429202187307
476 4.5455825637681775
477 4.579969917004342
478 4.752388595506546
479 4.796900872303826
480 4.835973790847532
481 4.77465993196854
482 4.682232262469242
483 4.6748559492471315
484 4.652822496786865
485 4.758654619402508
486 4.803737665499307
487 4.743056550554582
488 7.185339888056831
489 4.504397104074721
490 6.40382902966589
491 6.141845559105978
492 6.386470037693681
493 6.408238716830587
494 6.437755752912773
495 6.239687362840426
496 6.759317467012836
497 6.18325835759367
498 6.12249097531718
499 6.571385210000937
500 6.790919499159857
501 6.493059272168105
502 7.216411533872928
503 7.981800116055307
504 7.624233978098066
505 7.266008893910623
506 7.330280794178977
507 7.266465447788277
508 5.780408889482443
509 6.890367796376924
510 6.498187660594117
511 6.278241955434255
512 5.97184199681941
513 6.146280073092778
514 6.187118159036712
515 6.723517103777628
516 6.927816962323417
517 6.2937684071315445
518 6.018641560159679
519 5.33666017556364
520 6.399830236764698
521 6.230620289541297
522 6.673004421048827
523 6.3055059179987225
524 7.138239606139686
525 6.460500945926156
526 6.86860101037709
527 6.933978854440818
528 6.0092109425732145
529 6.064713715322586
530 6.565042689163062
531 6.918955035765982
532 6.913433690459731
533 7.364079626785503
534 6.590939147897008
535 6.9474728390892295
536 6.197587895141002
537 6.650977722499432
538 6.301505782935547
539 5.6599880571604455
540 7.025341632368807
541 6.846942538881696
542 7.977581652202302
543 7.31158370133918
544 8.836450797238477
545 7.756696878563579
546 6.716242884307963
547 7.021404861714055
548 6.894971327249754
549 6.7420161301712564
550 6.843324602913891
551 6.296380926009413
552 5.818906211494971
553 6.03875708978057
554 6.361535529396716
555 6.11534123346177
556 8.231719030806461
557 7.638308176030416
558 7.7113263820513795
559 6.722225742919948
560 7.356107897090507
561 7.632341616826962
562 7.743083987316374
563 7.9219736926111315
564 7.810719364389808
565 7.946339848201369
566 7.364758692093931
567 8.012641022799414
568 8.421629261633019
569 9.12761456232599
570 7.13667105006419
571 5.95953035718746
572 7.074714535383434
573 7.287779485163818
574 6.507050629244401
575 7.183801275667435
576 6.644234227888262
577 6.622306201674534
578 6.349309185728388
579 7.079888589645561
580 6.30672589710419
581 6.550937495465752
582 6.753975703299815
583 6.503233623671145
584 6.917388244218705
585 6.148802919556856
586 6.037031058377388
587 5.528139174876622
588 6.631352623204357
589 7.189900659454672
590 6.236886057107207
591 6.70284343475976
592 7.067683046247715
593 6.754047582716611
594 6.826850374030251
595 6.889598793341346
596 6.534414589713383
597 6.768826284610395
598 6.6097534645459595
599 6.389236215080429
600 5.753844664392891
601 6.060864884928418
602 6.135924969223687
603 6.5059776888355545
604 6.07584977975489
605 6.019077922963438
606 5.489648775592338
607 6.555468161285458
608 5.6529698321334
609 6.7037549368982505
610 5.654111158452491
611 6.462825037027706
612 6.559124141278127
613 6.173487639412346
614 6.43207682773382
615 6.09093284889515
616 6.748763371550951
617 6.2016866764822085
618 5.864978747364919
619 6.498881714617627
620 5.932134784278076
621 4.948332571162522
622 4.813103911807255
623 4.409727528128118
624 6.950422377727721
625 8.241385273025758
626 7.129806727589792
627 6.766624905833723
628 6.567415157892428
629 6.199642043555559
630 6.0725635676268475
631 6.801631145473166
632 7.670328358286243
633 7.469779662367612
634 8.425757332574312
635 6.818932904350146
636 7.753329785126054
637 7.355385352625014
638 6.597167835474747
639 8.121832649819115
640 7.320286975118803
641 7.417780721269189
642 7.509461583858006
643 6.197660690159865
644 6.235741997943229
645 6.804778045892195
646 6.537339312111362
647 7.395559335581187
648 8.622636348331325
649 5.990370510051984
650 6.43009992355426
651 7.285351620029299
652 7.369305008091802
653 6.3856051842292585
654 6.889263795873835
655 7.491991371366896
656 9.647317221609121
657 9.410727947999481
658 7.773304914371049
659 6.285674729997353
660 6.370250609423176
661 6.419423218352727
662 7.945124563037962
663 6.792771119125081
664 7.394758712980196
665 6.888770801005414
666 6.36455351924232
667 7.074956090299566
668 6.483079033243606
669 7.1416213309792616
670 5.876735014493152
671 5.398916903221058
672 6.656566230710549
673 7.200435617893929
674 6.494457684926703
675 6.807750860655542
676 6.193027454518814
677 7.284250527390362
678 7.575284383708511
679 7.531365082353599
680 6.954878343406389
681 6.700056521077162
682 6.308509204854066
683 6.6766863636828955
684 7.309968000635789
685 6.829578659221271
686 7.561824701911324
687 6.546034785085408
688 7.827605928833012
689 7.7186960757131295
690 7.506665264305985
691 7.787541894460879
692 7.036082426161222
693 7.5973789005875405
694 8.564702855841851
695 8.196462571207705
696 7.537332626931848
697 6.081775559104621
698 4.708367102380907
699 6.065427540475363
700 6.527692919133862
701 6.557207141770422
702 6.308989436615941
703 5.91716582021002
704 6.917182447247833
705 6.741329860793794
706 6.069255233518269
707 5.9623424657794075
708 6.438551878797313
709 6.507789640459637
710 7.515875679947086
711 5.8376993260091234
712 8.640100928066776
713 9.436649556422166
714 9.338764590600201
715 8.764000131827585
716 8.362046513744824
717 7.408961338234078
718 7.030811692457143
719 7.726861382625367
720 7.355029253716659
721 6.247865480853228
722 6.967408791617171
723 7.017080319452948
724 6.266185914437815
725 6.795562142944873
726 6.315557477072551
727 6.6355531470690465
728 8.11708998880282
729 7.35837832574242
730 7.5718173492620044
731 6.067369292421982
732 6.904184899484601
733 7.435511825470121
734 6.98748286488217
735 7.877463575321964
736 7.020560826974279
737 8.41896494559375
738 8.052904168696408
739 8.412949352716488
740 7.387450949646392
741 7.669844629224788
742 6.334416388486853
743 7.554400902295104
744 8.914220843645774
745 7.263603531461846
746 7.388263534819419
747 7.180373725879327
748 6.202008102216689
749 6.6025540424613505
750 6.5854843433601715
751 5.381273967859367
752 5.052043906767985
753 5.6476614751353456
754 7.3533031703771705
755 7.025678607612375
756 6.508348747246805
757 6.924860560993389
758 6.808316701918173
759 6.892208902103505
760 6.946390946195222
761 6.930229043826093
762 6.110913941982147
763 7.730545364346302
764 6.442665794247285
765 6.471525026318006
766 6.819785717374223
767 6.171740227724463
768 6.372164354366326
769 6.82633728268063
770 6.298973066928409
771 6.203563672323381
772 6.751306051591451
773 7.415570952650795
774 7.791044097500968
775 8.624661262095595
776 7.7484372111038144
777 7.299294148420496
778 6.519360046863258
779 6.978472208269187
780 7.058945331490254
781 7.645995193866825
782 8.042069650644882
783 7.588313668295696
784 7.760602269661367
785 6.953074186718491
786 7.320023254295565
787 6.490809347710894
788 6.852989309942939
789 6.249559631724865
790 6.973391331758649
791 6.854244630353972
792 6.269818072119348
793 6.49249084305566
794 7.193677438544403
795 6.103007402381293
796 5.855280887229594
797 6.162112497791769
798 6.952354882405513
799 7.843762609942801
800 7.271648776035017
801 7.525626636060415
802 9.775998348803318
803 9.045190419094817
804 7.545601793034154
805 7.536539209299804
806 6.474937880760362
807 6.9040184542267955
808 7.179923186157626
809 6.5061783922275405
810 6.473189302509169
811 5.771812401608679
812 5.9998549019279785
813 6.060014417180117
814 6.814604300698208
815 6.22723015806365
816 5.932154943004065
817 6.808123243956886
818 6.61360699853662
819 6.205804888543821
820 6.458363222277209
821 5.76411615584351
822 6.258188997128452
823 6.546428302018479
824 6.495946432964106
825 6.392051751829073
826 6.363174882033961
827 7.06392133336407
828 6.161489567468127
829 6.130466481089695
830 6.062409246558464
831 6.678377386859196
832 6.735740854354114
833 6.9495022796516555
834 7.402071440023323
835 7.395113526066994
836 7.630020258632301
837 6.8878264182180615
838 7.349722746293879
839 7.219115197089932
840 6.918960219071142
841 6.824493226503444
842 6.749011634954046
843 6.543674747570626
844 6.158129197407416
845 5.31168085578861
846 6.119132739637039
847 6.659600070009732
848 5.032217787564206
849 4.125224810628632
850 4.323804976227981
851 6.704865613381512
852 6.847697063321612
853 7.763509343166129
854 8.350196975997784
855 7.964748913721805
856 8.309221106113537
857 8.394478785162304
858 8.02454501356287
859 7.842739510753704
860 7.621895462797564
861 8.023723931360848
862 7.670068857155012
863 7.124281336196385
864 7.388073618669063
865 7.05439812081687
866 7.825508683388796
867 6.704860593856832
868 8.167002001398957
869 7.563817559391111
870 7.81475287600814
871 7.06259051130103
872 6.816279507675773
873 7.839808750998526
874 7.048188566077329
875 7.422303647796046
876 7.724578844367239
877 6.438161413545863
878 7.030546078228495
879 7.7994728915032825
880 7.158405851042832
881 7.244623104093427
882 7.999635883463217
883 7.449510620029465
884 7.123080265348289
885 7.1859822727346625
886 6.556557716157202
887 7.016073047551434
888 7.379193404359052
889 6.851768154818704
890 6.134945684014518
891 6.739169291900277
892 6.835369658687124
893 6.702638331579005
894 6.738493567431187
895 6.620099586077902
896 6.913653183590528
897 6.663924545079681
898 6.568399991789142
899 6.447085698738364
900 6.722502605370071
901 6.747396294456259
902 7.11334183707073
903 7.211734773536994
904 6.656251396392757
905 6.824021503685955
906 7.225572619860717
907 6.695034564655788
908 7.364454125123422
909 9.269663106279923
910 8.56530518093587
911 7.459082638760508
912 6.830098330854824
913 5.744511351631709
914 8.206086266233129
915 7.710066929812795
916 7.958384263017546
917 7.704890074126922
918 6.996347207741914
919 6.558186840129304
920 7.684984743746056
921 8.312657780223947
922 7.4235344632535325
923 6.698251612148963
924 7.292744561800339
925 6.8710493883673776
926 6.932411285306342
927 6.629990067207166
928 7.61578382921927
929 7.050901175393844
930 6.270917255227007
931 7.359726859056324
932 7.028005005445734
933 6.8608116423969046
934 6.536738094440909
935 6.16496219176498
936 6.179823443521735
937 5.719713504536894
938 6.815861161702753
939 6.182811655909779
940 6.942555201031055
941 6.725305209569527
942 6.265300091875244
943 6.350367201857785
944 6.565543069178978
945 6.679547487828159
946 6.166379010484471
947 6.56461116966099
948 6.307312922800811
949 6.418916896462895
950 6.70163510321771
951 6.75160180792662
952 6.424584262772219
953 6.570940574476585
954 8.107306980899464
955 6.235968143640139
956 6.487547374715508
957 6.3816849050262245
958 6.972993427085649
959 7.002037965312345
960 6.247183319685868
961 6.808027690778575
962 6.238044961985909
963 6.346570668297543
964 6.751967012173433
965 6.896591296390385
966 6.044782772146139
967 5.836012586329459
968 7.660531466483226
969 7.707414359916884
970 7.391552755680085
971 8.971987056276463
972 7.65813139389807
973 7.994815498692279
974 8.524351589635465
975 7.596158579670234
976 9.565710419040357
977 7.813527317878584
978 7.7919368532119915
979 7.361586534642703
980 8.463868150031121
981 7.654429338539529
982 7.920112065328881
983 6.865591375732459
984 7.594815932575627
985 6.765534056062384
986 9.580583159691168
987 10.339053268258093
988 9.092900098137374
989 6.939626064042231
990 6.711317789703632
991 6.759424002228481
992 6.617631642471222
993 6.92498683202406
994 7.128087736225493
995 7.354456421573307
996 6.739289218161527
997 6.553854099868554
998 6.395091371926475
999 6.915191585789553
1000 6.291463745666062
1001 6.443369983393753
1002 6.6923253922379455
1003 7.292936918702416
1004 6.907803203623882
1005 6.718573521284405
1006 6.789657879304597
1007 6.588918318139606
1008 6.444823056283645
1009 6.1180894328629645
1010 7.002689951607938
1011 6.2709378256911155
1012 6.282543435133418
1013 6.7911178334742095
1014 6.436945409697252
1015 6.867549627971652
1016 7.243605263878762
1017 6.550526091935906
1018 6.2637011907220295
1019 6.7959170330336836
1020 6.135894336634545
1021 6.256146448260954
1022 6.0969506499809665
1023 6.291212213559935
1024 6.868633860375486
1025 7.39055040197509
1026 6.832640065450374
1027 6.530408282984917
1028 6.008108074376265
1029 6.03271628007357
1030 6.448253127054433
1031 6.516287683959994
1032 6.79069501669663
1033 6.538600562267512
1034 6.818596188557069
1035 6.690102017544037
1036 7.764037229030137
1037 7.414993391723402
1038 7.32408910284719
1039 6.92319141599678
1040 7.59548242370579
1041 7.610347293996657
1042 7.861617898540148
1043 7.926775667327149
1044 7.356713529136916
1045 7.6890232044107005
1046 8.126646130765499
1047 7.579620691872701
1048 7.693307498024062
1049 6.680426745515421
1050 7.07083164901801
1051 7.31073798869202
1052 7.3257756832480325
1053 7.028166415618813
1054 6.990508785146291
1055 8.738129531028978
1056 6.819692577550956
1057 7.39540566310699
1058 7.795796412405239
1059 7.830914371690536
1060 7.382904343719481
1061 7.079389669775967
1062 7.252105777491492
1063 7.077387008101112
1064 7.194434909082758
1065 6.698375927033578
1066 6.999543515661589
1067 7.748422811858036
1068 7.480103996194806
1069 6.835386708669561
1070 7.40091845778254
1071 6.0933785541048096
1072 6.682029681435415
1073 6.429158097363272
1074 5.862941348763876
1075 6.220806757238023
1076 5.989784914531937
1077 6.416862974165338
1078 6.358250024216336
1079 6.4996324128329315
1080 6.547688100326386
1081 6.4780843818850515
1082 5.473957499251173
1083 4.371508250789191
1084 6.098890075312493
1085 6.220908874903796
1086 5.867864816928807
1087 5.654812519184907
1088 5.3940859580116145
1089 5.352610117149228
1090 5.941404844946289
1091 6.2039283363729885
1092 5.831786789845105
1093 5.896160312896131
1094 7.280376951199325
1095 5.981620111167822
1096 5.923843928995955
1097 5.93792366995873
1098 6.119134291132329
1099 6.09738871732694
1100 6.634624866055921
1101 5.9140155308958935
1102 5.52762345424831
1103 5.947805486948748
1104 7.072764755407637
1105 5.703867581088694
1106 6.274613577183479
1107 6.266066261490349
1108 6.287613388477394
1109 5.295259586414024
1110 5.838972966901705
1111 6.6134148109479804
1112 6.107631788905492
1113 6.482927893764481
1114 5.346201168638207
1115 5.8691448636670875
1116 6.197254085054023
1117 5.473917101437133
1118 6.464416766381776
1119 7.645581296731124
1120 6.233999283296504
1121 5.994186972040952
1122 6.123588996464752
1123 6.1574930009775946
1124 6.426259736514314
1125 6.712044160968201
1126 6.311380751861729
1127 7.001110229035126
1128 6.403452452089418
1129 6.528178043482156
1130 6.9493093826274945
1131 7.487879934952859
1132 6.301290633019879
1133 6.131528781888484
1134 6.125969131398976
1135 5.592618456140999
1136 6.127557011714354
1137 6.425149054324768
1138 6.804228913382591
1139 6.241363528054031
1140 5.073463146720976
1141 5.3587447821222876
1142 5.731716836035893
1143 5.633112927253386
1144 5.758675914612149
1145 5.615945421995721
1146 6.1351393184905545
1147 6.425657429346975
1148 5.827234963366035
1149 5.7741135122008185
1150 5.990043218752203
1151 6.039492712995387
1152 5.606504445073072
1153 6.095350774103724
1154 5.723690297751174
1155 3.712175887743311
1156 4.422972389551566
1157 4.067478241345613
1158 3.932725682068546
1159 5.527629502327761
1160 5.547546321383824
1161 6.224673026692598
1162 5.622395203630674
1163 6.065440759966458
1164 5.914406201956579
1165 4.451401912803582
1166 4.504501348873077
1167 4.328795832842981
1168 4.510420996226307
1169 6.0652937196327334
1170 5.744450298816281
1171 6.3713590988533895
1172 5.952836693476684
1173 6.135235434330167
1174 7.361838276986031
1175 6.654711078741011
1176 6.293284777254563
1177 6.044723310905797
1178 5.624039764445641
1179 5.59381861120316
1180 6.7683491667348585
1181 4.078540290200689
1182 4.04021203324908
1183 5.93028162718523
1184 5.952777918757656
1185 6.685746262732545
1186 6.420162652783729
1187 6.249805951580502
1188 5.591872162055171
1189 5.512511278425381
1190 5.921623748674013
1191 6.469450688315025
1192 5.346242659197258
1193 6.083200453372106
1194 6.2601039657523625
1195 6.095020535318746
1196 5.854507175245086
1197 6.299871722479078
1198 6.39914614686664
1199 6.71015970901586
1200 6.490397419362979
1201 9.216420997680519
1202 9.52582489904103
1203 5.665821744544803
1204 6.781457829446273
1205 5.854844212456625
1206 5.290029703433046
1207 5.594278570315608
1208 5.4122586345009225
1209 6.777090272885844
1210 6.397311316819176
1211 5.799835093091701
1212 5.734465234524807
1213 6.797574738225739
1214 6.215062725549006
1215 6.10341148327563
1216 7.137475136218127
1217 7.057371367582977
1218 6.838400180019835
1219 8.274817004435311
1220 6.48867317165791
1221 7.081990090831336
1222 5.745920426762959
1223 6.742301080903463
1224 6.626864041666999
1225 6.594332426011643
1226 6.520013047227279
1227 6.4433477214100225
1228 6.895238806403883
1229 6.962084515374255
1230 6.697758734030577
1231 6.17540448511468
1232 6.4330388053258325
1233 7.399371665106493
1234 7.116355627451717
1235 6.412443650710626
1236 6.630237043884911
1237 6.697721189256581
1238 6.607551048532817
1239 6.033244641094189
1240 6.261718330486607
1241 6.0261478871044325
1242 7.760833278106128
1243 7.106806117329407
1244 8.330805198687075
1245 7.858981685755915
1246 8.621699909741155
1247 8.662040203199135
1248 7.602628124801595
1249 7.255811697393599
1250 7.750847235990278
1251 6.764813377984829
1252 6.688417710498078
1253 8.1677589877023
1254 9.000345441815549
1255 7.745642983824359
1256 7.430385637494766
1257 8.47631033595843
1258 8.955461021230729
1259 7.389755343102965
1260 9.306562100729755
1261 7.256987787193321
1262 6.5675016043881165
1263 6.857304847950858
1264 5.868538125792647
1265 7.157276237923141
1266 7.019087841383988
1267 6.45346905719655
1268 6.453852349739848
1269 4.481127638424192
1270 6.810964782802731
1271 6.501438541423223
1272 7.206577211843002
1273 7.392753927392761
1274 6.622524244773014
1275 6.175803484278708
1276 6.998650775096226
1277 6.578022617852262
1278 6.473187048136296
1279 6.266663309782914
1280 6.465429827932518
1281 5.934915443706109
1282 6.042453499525524
1283 6.44632158046982
1284 6.6128988059471006
1285 5.539017870916752
1286 6.442927132252519
1287 6.411085937159286
1288 7.171516425917575
1289 7.4834913959612095
1290 6.560233998183218
1291 6.144058507412896
1292 6.996530956140621
1293 6.915311342784016
1294 7.166115507616488
1295 6.256168472600053
1296 6.8815289055576425
1297 6.892708789767336
1298 7.116362168104813
1299 6.9258679197053965
1300 6.8289096439724055
1301 6.662013731168433
1302 6.2736479271426635
1303 6.6199271262908885
1304 7.114524727802609
1305 7.532565951375574
1306 7.01838713356856
1307 6.39842531776206
1308 6.034356198957549
1309 6.606010829941847
1310 6.9486000501208
1311 6.619369083513819
1312 6.912168128186241
1313 6.8368053054034705
1314 6.5743894504761515
1315 6.982769920355838
1316 6.909924583101894
1317 6.531811310220459
1318 6.3940400340677055
1319 6.427249629857945
1320 6.103672990344678
1321 6.8251361030493385
1322 6.803395750688019
1323 6.352337118413835
1324 6.4166518436579905
1325 7.006132525995427
1326 6.453368603263021
1327 7.329551892848907
1328 7.355326347073481
1329 6.5003408008495756
1330 6.894757784657477
1331 6.633305720324161
1332 7.322077696417226
1333 7.050952689173844
1334 7.523628912461414
1335 6.839221128227524
1336 6.627637087846502
1337 6.857507256479951
1338 7.211801494475621
1339 6.89181507892318
1340 6.378440026310018
1341 6.8786648358748455
1342 6.523305397382544
1343 6.601416640846161
1344 7.322952740715292
1345 6.311155644702055
1346 6.432625479792174
1347 5.919522413629806
1348 6.49951714393285
1349 6.765101559465209
1350 6.256134437970338
1351 6.313712118974007
1352 6.986175173787209
1353 6.538771828017821
1354 6.489944555515342
1355 6.942844943973433
1356 6.807553324750699
1357 7.163323638065988
1358 6.410665563264902
1359 7.3089918123675774
1360 6.904904377912867
1361 6.757720951058141
1362 6.8931317747717324
1363 7.053622559113314
1364 7.074157743396686
1365 6.766471671151914
1366 6.827226227452424
1367 6.627635851229326
1368 7.184474143157302
1369 7.192818376606625
1370 6.954819778751304
1371 6.881387628950423
1372 6.893946829411951
1373 6.591062757100613
1374 6.69638422699084
1375 6.913945264081452
1376 6.982564622712771
1377 6.251372456061292
1378 6.756006064888322
1379 7.1625737523863995
1380 6.732157653459793
1381 7.079375917365241
1382 7.090200220645375
1383 7.803542735018247
1384 6.801324879694425
1385 6.481077535520817
1386 6.569211444052302
1387 6.56345484229001
1388 5.904285173912539
1389 6.063470264503153
1390 6.80747600623228
1391 6.232642314887331
1392 6.191276418105062
1393 7.38777399685471
1394 7.090150709522448
1395 7.333881185795719
1396 7.372207829500779
1397 7.015869896108585
1398 6.776102097879391
1399 7.21921786244699
1400 6.86181578961941
1401 6.816539867621052
1402 6.980945121021648
1403 6.61514365872445
1404 6.905090489695542
1405 7.610032655678099
1406 6.345016060650741
1407 6.733254591389062
1408 7.213534321303134
1409 7.098933478669269
1410 7.315885104617065
1411 7.192785395460712
1412 6.527861138069723
1413 6.4574367787169304
1414 6.652307432506843
1415 6.589809434163839
1416 7.061954739152441
1417 6.367336776444392
1418 6.650464346660587
1419 6.571041307380056
1420 6.888760451262975
1421 6.412619130185994
1422 6.476432804273322
1423 5.281420754208366
1424 6.964526162501456
1425 6.829901685264723
1426 6.192446965391129
1427 6.946419094779814
1428 7.337880201655569
1429 7.57383895964435
1430 7.922045601627516
1431 7.8490545651190775
1432 6.840028237499305
1433 7.637546044530366
1434 6.227013584525124
1435 7.583468542820792
1436 7.672762139380253
1437 7.4611497257943
1438 7.653356116454723
1439 6.668435953854802
1440 6.181292112939575
1441 6.66852176594759
1442 6.837683399769846
1443 6.415461354424242
1444 6.856038933798907
1445 7.1454822463130805
1446 6.340073697397478
1447 7.087617804746874
1448 7.41148228418064
1449 6.627745072882492
1450 5.7172819116210905
1451 7.34627347242128
1452 6.618403401959616
1453 6.772537798579381
1454 6.988352130059885
1455 6.947389440065391
1456 6.548888500803912
1457 6.861601711657197
1458 6.577479531088052
1459 6.751646205608775
1460 6.489882531501902
1461 7.282337977200476
1462 6.663318488160189
1463 6.7024223707210036
1464 6.2589014015580124
1465 6.5987294528240765
1466 6.945467525649103
1467 8.74198128408446
1468 7.1147275267321906
1469 6.749212693517827
1470 7.071913781802948
1471 6.720722341444765
1472 7.962937352368351
1473 7.255231787150909
1474 7.096201415635644
1475 7.609501217325796
1476 7.523016293656551
1477 6.91863432946395
1478 6.4228216558827125
1479 6.792603594617432
1480 7.201596645970871
1481 6.839227748817397
1482 6.282554186707823
1483 6.522716720093142
1484 6.761832578600697
1485 6.683516347342319
1486 6.609999662913889
1487 7.481318014321276
1488 7.786355015925898
1489 6.673145525885335
1490 6.618390241434344
1491 6.306960488760418
1492 6.583275102100487
1493 6.980540273532379
1494 6.8911028728926516
1495 6.692412079112982
1496 6.816904828310773
1497 6.798635807681061
1498 6.537113951702396
1499 6.563428174978379
1500 6.820055661998846
1501 6.589505130260847
1502 6.386825691518015
1503 6.2707758712441235
1504 6.672766351086616
1505 6.993335734586201
1506 6.008226015939426
1507 6.440937504440961
1508 6.53111421044096
1509 6.877068294998658
1510 6.528949783282266
1511 6.459948654508878
1512 5.460923226244567
1513 7.105056993627834
1514 7.126314127216399
1515 6.797425862700189
1516 6.705424474053679
1517 7.1851358500879705
1518 6.767157192933138
1519 6.568020535237298
1520 6.684876498243955
1521 7.183607122312221
1522 6.291472186543336
1523 6.55728490751868
1524 6.416329133507535
1525 6.302230396816425
1526 6.908653394515898
1527 6.698047718045738
1528 6.892381410047816
1529 6.665544377044672
1530 7.494440156707625
1531 6.340810142480634
1532 6.984420068180685
1533 6.054054414782865
1534 7.10780754996479
1535 6.299539572817731
1536 6.272439108058808
1537 7.084619225064516
1538 6.8882320828811405
1539 6.963026277558662
1540 6.258455419719619
1541 7.063830041323058
1542 6.398939255447389
1543 5.992402860258602
1544 6.618706419740503
1545 5.9841483206694175
1546 6.605163067611333
1547 6.209340450411158
1548 6.906464131561056
1549 6.33741080496402
1550 7.132829232110354
1551 7.278293603632016
1552 6.799183161021951
1553 7.894369150286427
1554 7.275771511651688
1555 7.021811833127263
1556 5.8241378220631175
1557 6.663573291640953
1558 5.532876570198905
1559 6.217899354522508
1560 5.958239020189937
1561 6.915192289838401
1562 6.822435431038346
1563 6.641959854716286
1564 6.452555919327958
1565 6.390483478644306
1566 6.9726286829387885
1567 6.578514220600139
1568 6.333235745342713
1569 6.413539561232275
1570 6.959778450725742
1571 6.23281628760704
1572 6.667049152721285
1573 6.762562550656547
1574 7.263430815057384
1575 6.837316408348039
1576 6.710787660043597
1577 7.980739525878673
1578 6.285625631460234
1579 6.802611363651744
1580 7.074982585523328
1581 7.053397461633012
1582 7.317710880894238
1583 6.34471187218238
1584 6.767018857983295
1585 6.315995120959245
1586 6.948303738812789
1587 7.40978488304108
1588 6.366422470330458
1589 6.733931823159485
1590 6.801118340095765
1591 6.745105794633071
1592 6.549994008615597
1593 7.016700630077739
1594 6.250314878702736
1595 6.824237864921221
1596 7.515341390820256
1597 6.984540145181822
1598 6.826099011371249
1599 7.47544473928335
1600 6.818696931752679
1601 6.711777735359552
1602 7.089785333458886
1603 6.472935629032938
1604 6.875942862688555
1605 6.50439027552812
1606 6.990330208583376
1607 7.363450420417298
1608 6.629447502805619
1609 6.546410593709926
1610 6.807272567321422
1611 7.155316741433921
1612 6.163493366269947
1613 6.716651790148696
1614 6.605618033458256
1615 6.571375259813864
1616 6.964143797753482
1617 6.760959239151335
1618 6.7105296981427935
1619 6.240753533691063
1620 7.0897895116779575
1621 6.343469336456119
1622 6.695774347236525
1623 6.966031200183355
1624 6.776530146587272
1625 4.925236927523046
1626 4.564494499459712
1627 4.493710969732666
1628 4.3924448399934715
1629 4.36065214382525
1630 4.24569289534194
1631 4.543724231932628
1632 4.379894465502006
1633 4.225024741333316
1634 4.6957833677602725
1635 4.0987066159193555
1636 4.700194130183424
1637 4.524636491478023
1638 4.473931170525851
1639 5.892747645433675
1640 6.131092155252742
1641 6.381054251857867
1642 6.818268677362248
1643 6.770885566629661
1644 6.514730773412203
1645 6.962490244728638
1646 7.031144738752853
1647 6.469876830767676
1648 6.658561238212721
1649 6.26436324414825
1650 7.044089046245836
1651 6.920982640618602
1652 6.947428228738244
1653 7.015554390651714
1654 7.283228739818155
1655 6.939151947148073
1656 7.042379480356036
1657 6.823498639229803
1658 6.910408567370738
1659 7.026975499502168
1660 6.3984894093787
1661 7.0358370397636145
1662 6.403723553995304
1663 6.244429327951772
1664 7.220465270390978
1665 6.584660350591434
1666 7.308069406882093
1667 7.061265614439968
1668 7.26257187753918
1669 7.082703053512552
1670 7.228759695285187
1671 7.124749400698765
1672 6.872161485424519
1673 6.768940250232811
1674 6.64501748902963
1675 6.999598279202571
1676 6.897243339831881
1677 6.74097503637865
1678 6.5994176935257345
1679 6.277779640414573
1680 6.084636721269304
1681 6.837924755456608
1682 6.2385128525574824
1683 7.22114393620935
1684 6.989846551263873
1685 6.830499895590313
1686 7.2464701550645305
1687 6.550460113230231
1688 6.374049798781112
1689 6.374100315942605
1690 7.299828452412477
1691 7.55801520205415
1692 7.495946497411862
1693 7.15295261190603
1694 6.889032447633718
1695 7.1691591690660665
1696 6.662685802028265
1697 7.049605217752579
1698 6.946341920433342
1699 6.30403375738072
1700 6.4368875677022865
1701 6.555677245581168
1702 7.139300623197014
1703 7.33468577993002
1704 7.4116915507503105
1705 6.9096294720353955
1706 6.754818363252675
1707 7.350564142983896
1708 6.557376339440238
1709 7.030011880565463
1710 7.2259228143066725
1711 6.9617908055476825
1712 6.370130085415897
1713 7.362138037371337
1714 6.88222360010407
1715 6.864043004067823
1716 6.582710839061833
1717 7.568027773295442
1718 7.351587210437197
1719 7.48453783812647
1720 7.065760637290802
1721 6.545625396173593
1722 7.179116965834928
1723 6.3245873900508025
1724 7.126575390408354
1725 7.022439351383505
1726 7.110379333498634
1727 6.937239627555815
1728 6.700847584470033
1729 7.070391389562529
1730 6.8525660277660645
1731 7.017523028891087
1732 6.730633820194029
1733 7.239163152401262
1734 6.899230828571895
1735 7.043154752074203
1736 6.693977990009899
1737 6.109407758286227
1738 6.99011051339638
1739 7.303803279712087
1740 7.364911268263954
1741 6.558622919124995
1742 6.732388967216973
1743 7.7029837434684145
1744 7.397834297351096
1745 6.4201630645486025
1746 7.244787234154405
1747 7.425822234295588
1748 6.450144963598203
1749 7.079557849758035
1750 6.731208077237964
1751 6.21164889542232
1752 6.372260691654797
1753 7.07685752171893
1754 7.101045561836199
1755 6.795296522697004
1756 7.4414809086944045
1757 7.042853993438493
1758 6.832441109999374
1759 7.703766141924658
1760 6.382692355915737
1761 6.635783805618992
1762 7.124831690924915
1763 6.622214616051308
1764 6.7210071230539805
1765 7.249719695248542
1766 6.924972470354445
1767 6.666018703539816
1768 6.541759641353839
1769 7.255763639704275
1770 6.741164572365711
1771 7.229619372363043
1772 7.184967896004342
1773 7.202842350758943
1774 7.272663913471121
1775 7.085723370623814
1776 7.056521521337565
1777 7.060193717713653
1778 7.000888181101883
1779 6.944235093744153
1780 7.145610553609606
1781 6.217379160031084
1782 7.689091912510666
1783 5.9958940799561
1784 6.358215059519999
1785 7.326054965568117
1786 6.3409320791595585
1787 6.521293161486929
1788 7.0189384696094566
1789 6.775927624247282
1790 6.859458818431778
1791 6.6543675206536665
1792 7.185618675540561
1793 6.810966396000853
1794 6.671719430028453
1795 6.687459927019576
1796 6.65797918252052
1797 7.3160593614381
1798 7.189382747448225
1799 6.502718933137321
1800 6.847100930581762
1801 6.567637188069704
1802 6.650604805392141
1803 5.932954915051752
1804 7.146806901124359
1805 6.679344482980384
1806 6.750003890060328
1807 6.56171133919731
1808 6.465112525769961
1809 7.13743164634867
1810 6.469635158557669
1811 6.767795164159558
1812 6.590613652484209
1813 6.900415730520642
1814 6.64082045905761
1815 7.028355119315764
1816 7.068783587783781
1817 6.89867186349418
1818 7.086009761223452
1819 6.790867809394833
1820 7.394980097196277
1821 6.756658536603876
1822 7.172801292615378
1823 6.921660827199812
1824 6.645860269679746
1825 6.609928586902207
1826 6.525680398648139
1827 6.495740915766007
1828 7.222542888026427
1829 6.704804806933466
1830 7.3890641660798995
1831 6.77597542583754
1832 6.801834590802013
1833 7.1426154343244646
1834 7.259907532870495
1835 6.547678837981289
1836 7.067582664242544
1837 7.267583937003804
1838 6.772395920202749
1839 7.10883075441084
1840 7.000747129994339
1841 7.437010499614117
1842 7.069272493294083
1843 7.1457225866111935
1844 6.778147733224719
1845 6.642955241772356
1846 6.8760184718970825
1847 7.003605153051617
1848 6.621244129082905
1849 6.542553691040891
1850 7.0079817350639795
1851 6.758856563077695
1852 7.75157053305839
1853 7.0004803118076
1854 6.863791194555851
1855 6.566731033215158
1856 6.73298716184114
1857 6.996599568221076
1858 6.577930937765966
1859 6.273131552042038
1860 7.362669055479119
1861 6.417069577589432
1862 6.623378463853661
1863 7.176806848630256
1864 6.799577540887237
1865 6.879755377713987
1866 6.67047117446651
1867 7.207224171162775
1868 6.892327296156524
1869 6.021889837977712
1870 6.902858006199639
1871 6.66157414184104
1872 6.691462701981264
1873 7.5368106658046266
1874 7.387921879213123
1875 6.647956198553187
1876 6.998115828301239
1877 6.392326425483019
1878 6.5961897516011385
1879 7.051463522460947
1880 6.685091235081865
1881 7.012264664270108
1882 6.8238427072972305
1883 6.759674653956374
1884 6.994269971812921
1885 7.129029552517176
1886 6.928296282034396
1887 6.905664140680396
1888 6.7247692034106334
1889 6.5719454079438435
1890 7.220656359567458
1891 7.632275724648858
1892 6.702082120250783
1893 7.244528864458004
1894 6.275872206782302
1895 6.6965267373881145
1896 6.824993709957983
1897 6.981507515679735
1898 6.792384502937654
1899 6.883476287792363
1900 6.821755352577134
1901 7.103654505777094
1902 6.734227640966655
1903 6.743696674737557
1904 7.603791193212842
1905 7.0017551514178
1906 7.167585868325854
1907 6.556392324875673
1908 6.636368410324991
1909 6.212433333012822
1910 6.193395706093716
1911 6.505048284597069
1912 6.465503395263371
1913 6.524394792675579
1914 6.463007840791062
1915 6.971929264562928
1916 7.720895464705776
1917 7.9736231082674225
1918 7.045852232945751
1919 6.901839962394239
1920 6.232477905393739
1921 7.2559240656057495
1922 7.428417322839889
1923 7.06048244476631
1924 6.804669672144323
1925 6.638553572596857
1926 6.933216518914732
1927 7.138545526016719
1928 7.346500913492443
1929 7.29185279802255
1930 7.443242908471727
1931 7.115902304007826
1932 7.0629413497339835
1933 7.77712414786671
1934 5.799233779596839
1935 4.48533930977741
1936 4.832527122633324
1937 4.748907610826529
1938 4.7711360972484425
1939 4.66718048762125
1940 4.588663497909691
1941 4.970210780373124
1942 4.777930188612707
1943 4.768869235008919
1944 4.912799262066861
1945 4.784388404222313
1946 4.616842709600381
1947 4.774360403236159
1948 4.740218135902819
1949 4.309965762531937
1950 4.810471599309654
1951 4.761658888340085
1952 4.539606237316497
1953 4.722977280154367
1954 5.050428746034241
1955 4.704911831500881
1956 4.206014091955123
1957 4.731386263184273
1958 4.291818608813416
1959 4.764933180872063
1960 4.0796501506661045
1961 4.442428506380782
1962 4.612295313325238
1963 4.681278779071866
1964 4.892423858041917
1965 4.837533136495464
1966 4.893967429693183
1967 4.753109123135522
1968 4.764976069016905
1969 4.828244278754251
1970 4.72866026115528
1971 4.622954948169491
1972 4.662749356083476
1973 4.7893613754161
1974 4.904822633939593
1975 4.47840070507603
1976 4.652259332894574
1977 4.681559003772808
1978 4.683869898645344
1979 4.825470846043851
1980 4.685574993865691
1981 4.63829704078239
1982 4.654370559108412
1983 4.717703145419412
1984 4.787556446024225
1985 4.657436197515221
1986 4.572030141427557
1987 4.572421665979869
1988 4.695374063638786
1989 4.233334840183197
1990 4.7277978426270755
1991 4.595797717534236
1992 4.734038096244194
1993 4.613613219838121
1994 5.897009392533955
1995 6.711360510069741
1996 7.27681418188973
1997 7.1091173304222135
1998 7.093755004627693
1999 6.895245877688889
2000 7.227377089943501
2001 6.90405788343481
2002 6.817164057254037
2003 6.8319225306272
2004 6.356373971688208
2005 7.150970153810752
2006 7.041768320679835
2007 6.504998046087489
2008 7.052101926255818
2009 6.9602297349524465
2010 6.753272787943321
2011 7.57152136440097
2012 6.363691788605278
2013 8.523045739257974
2014 6.853063374212485
2015 7.326350209465349
2016 7.139620376852879
2017 6.9418782014642675
2018 6.652257694654957
2019 6.9627015722627466
2020 7.0912164700163824
2021 7.042377807294349
2022 6.7264399985639285
2023 6.701577021168948
2024 7.407174498734874
2025 7.024388483094912
2026 4.620442945551089
2027 4.879790541540734
2028 4.383925239956918
2029 4.450112945613449
2030 4.615026180783644
2031 4.774760409113484
2032 5.488068855017401
2033 6.417931809886962
2034 5.9641673982782875
2035 6.434877018183792
2036 6.896727891702031
2037 6.93518431499909
2038 6.953599946739256
2039 7.01282893011514
2040 6.293662328941598
2041 4.365513628637557
2042 4.8031183545672285
2043 4.9954789494809075
2044 4.250248485002123
2045 4.589677903451669
2046 4.8463805525904755
2047 4.942171619949374
2048 6.297919377061344
2049 4.346276786116107
2050 5.026932317695882
2051 4.779785829234072
2052 4.668980621351089
2053 4.877363373477
2054 4.756177350827573
2055 4.863952173824611
2056 4.134593024128813
2057 7.001784181633176
2058 6.6228592701187505
2059 6.590031671484946
2060 6.56064238109268
2061 6.382523582607078
2062 7.114649585844144
2063 6.558029217906698
2064 6.870863080836277
2065 7.113264489872113
2066 7.1397377598773835
2067 7.156547052004921
2068 6.577708610677743
2069 6.977700537071449
2070 5.856088621341518
2071 7.003238876347443
2072 6.857245775597981
2073 6.414179688117386
2074 6.544540035724227
2075 7.058788246180487
2076 7.496624780698083
2077 7.191293196848681
2078 7.22430981169343
2079 6.314504676797934
2080 6.069760956906206
2081 7.505281168308753
2082 6.800843921192237
2083 7.205832445815546
2084 6.820654919508263
2085 7.573968505376072
2086 6.877665251221578
2087 7.143147717976052
2088 7.581820199699803
2089 7.002631002377905
2090 6.864878826002599
2091 6.515485733333956
2092 7.035529257818408
2093 7.394751688740013
2094 6.757248514621579
2095 6.977977179587402
2096 7.314373905023755
2097 7.1189496021104635
2098 6.906225650477085
2099 6.8748444447783115
2100 7.473081806890583
2101 7.0039461466345845
2102 7.185577784479423
2103 7.273125450463578
2104 6.500164459868018
2105 6.707885821569873
2106 7.218149399313049
2107 6.527211241295836
2108 7.040950366319611
2109 7.11681734238571
2110 7.281932672502115
2111 7.112893582818704
2112 6.974602994588602
2113 7.00345594995361
2114 6.816190878708704
2115 6.9850002913465605
2116 5.972121259133658
2117 6.531296629174075
2118 6.756318172176507
2119 6.9163370086157325
2120 6.28624694500414
2121 6.755736610512335
2122 6.693003093489667
2123 6.673948707682252
2124 6.723936436907149
2125 7.129604003935814
2126 7.250368192585207
2127 6.65600041456698
2128 6.5978114524001805
2129 6.79388502556822
2130 6.996187738957555
2131 6.998015137934682
2132 6.8643268687710775
2133 6.821649939411668
2134 6.614536818886674
2135 5.119799728530803
2136 4.413029512202912
2137 5.175650879619773
2138 5.050624476550308
2139 4.742955864126014
2140 5.049392391530522
2141 4.642174190497271
2142 4.669147424464163
