0 9.702961992320697
1 11.365766192882718
2 12.205157921085434
3 12.266122297170224
4 11.306394228992414
5 13.001958032210583
6 12.772157543681152
7 12.349488823591264
8 12.72655112049
9 13.441648759102156
10 12.730465782771615
11 13.390746422510805
12 14.25836483891416
13 14.102667911496415
14 13.42193516378558
15 14.21033876675883
16 14.348973875068625
17 14.054770973721192
18 13.013414501093806
19 12.40860299640422
20 12.413133061741785
21 12.597611743870456
22 12.694095660042812
23 13.158278314994796
24 12.817991040772284
25 12.575402125722846
26 12.008438116977697
27 12.762251141908099
28 10.996980936876021
29 11.09106859617283
30 10.270630223934733
31 9.89938678740275
32 9.058704967438716
33 9.438359186111372
34 10.808277282434567
35 9.494542394561499
36 10.146260471950363
37 9.85653417974317
38 9.93671385384657
39 11.482981663075522
40 9.46324369100479
41 9.94982533690883
42 10.208062562363397
43 8.444486734236989
44 8.859480831394803
45 7.791852392334936
46 7.779791072015558
47 8.899934137963369
48 7.306594674320624
49 7.330663059367003
50 6.561141229104966
51 6.959584950291554
52 4.559037451940209
53 6.187001463888454
54 8.261009581104487
55 8.054020224768925
56 7.727229612520635
57 7.418522811176281
58 6.50585434663713
59 6.061434341325356
60 6.816733849902573
61 6.710524144690095
62 7.233890942993881
63 7.646010554236346
64 8.224603203727314
65 7.515435753431235
66 8.038663798693852
67 8.627994401173137
68 9.675365352271989
69 9.591313763300414
70 6.999315596849581
71 7.630486694975888
72 8.575243867904293
73 7.776468850343857
74 9.804151186562274
75 9.335372194100076
76 8.26789099229154
77 8.897597723825092
78 9.117176400721302
79 7.603109300724132
80 8.093924118422423
81 8.714038760094974
82 9.053845236208312
83 9.807053064058405
84 7.59282001087775
85 8.620303902780654
86 9.42564421863866
87 9.417803964146138
88 8.514549759405375
89 8.611860772422366
90 9.22276712790289
91 9.926457063787748
92 9.86848010999514
93 10.137206107030345
94 9.844373369408228
95 10.16404697047274
96 9.366795789478994
97 10.047353030331417
98 9.529148920288808
99 9.467060397269243
100 7.917363795794558
101 9.24017573129372
102 9.101797648761032
103 9.443168569595855
104 10.122021179333286
105 9.901990062260202
106 9.260080001710092
107 10.124509464107195
108 10.22348102273404
109 10.34165981597735
110 9.478996499801644
111 9.921990951896026
112 8.892535979214824
113 9.542151010538863
114 9.882344109766272
115 9.41107053108293
116 9.12760893626937
117 9.832990462776051
118 10.15674661848558
119 9.167124847150607
120 9.578452237849376
121 10.053112714413505
122 9.4409129516274
123 9.161279651445229
124 9.655823598346954
125 10.49466250418937
126 9.499495932705434
127 9.53704890434208
128 9.719568764435214
129 8.689674573504986
130 9.0302550526878
131 9.475302421760505
132 8.38279418658574
133 11.069033320607193
134 10.87202916669589
135 10.965731053971139
136 11.435879382349542
137 10.325156941003382
138 10.07193908294005
139 10.069180209489618
140 10.602771639619604
141 11.04724790648581
142 10.027131613272656
143 10.246062642465542
144 10.330999140585847
145 9.482196936172809
146 9.75779577435428
147 8.27368021513324
148 9.83806328563909
149 8.965734925956362
150 9.724735968153661
151 9.362784578455196
152 8.882213029491005
153 9.293351519844657
154 9.066076463982407
155 9.938739583398652
156 8.779200390472123
157 9.02881144070883
158 9.789126231583241
159 9.827838912873474
160 9.631209624308562
161 10.97751726741157
162 10.320379963707492
163 10.207387606063737
164 9.306433402749496
165 9.291660411335087
166 10.548910002861387
167 9.52619282820536
168 9.563127350443946
169 8.974170645831988
170 10.629167807258447
171 10.527312714031316
172 10.087259443911048
173 9.911309810544836
174 10.32556480515681
175 10.292628832998822
176 11.461891386503222
177 11.296507855678833
178 10.413199618399362
179 10.413885377958957
180 10.77169328132835
181 10.506587508559132
182 10.633325549806951
183 10.54232223004809
184 10.149815291808453
185 11.375634567886438
186 10.129534544754737
187 10.51957302506351
188 10.221156966326888
189 9.502951558920337
190 9.767809213380971
191 9.63754574322909
192 9.832915595158697
193 11.384658159120725
194 10.737373998827119
195 10.007405963854312
196 10.75978720651244
197 9.546901379799195
198 11.610817240586883
199 10.864117501331576
200 8.503978029431284
201 10.77222596397312
202 10.178036416282083
203 10.26060066805098
204 10.924765792504191
205 9.501774328077754
206 10.007306476324535
207 9.466204883079607
208 11.453265101863064
209 9.92977369992538
210 9.379474158321688
211 9.944920524881178
212 8.782924976716057
213 9.562497247745421
214 11.275969735154694
215 10.8195502095774
216 9.450861646204107
217 9.850978710258893
218 9.99753191434551
219 8.940087649345712
220 9.190335237326375
221 9.649965490251992
222 10.755931417547746
223 9.845987701151973
224 9.412913882632308
225 10.141862754925047
226 9.902812491266188
227 11.058107548608538
228 11.174269006470476
229 10.271474469026716
230 10.141774811287629
231 11.466088694125277
232 11.108436620835164
233 10.081265744807224
234 9.804307044020339
235 10.063918081233235
236 8.709503576343486
237 9.286243680840652
238 9.97581891374468
239 9.788211249365855
240 9.512287610123282
241 9.26067183791395
242 9.042914651118233
243 9.47087744254552
244 11.518404892346897
245 9.841055098686818
246 10.134236459705349
247 10.784212257847337
248 9.472986207704759
249 12.013398121350201
250 11.331141813144873
251 11.292729281761837
252 11.580476980834089
253 11.51870608305605
254 11.309474466357033
255 12.372814661680838
256 11.578213479528342
257 11.978751904075956
258 12.256158731713207
259 11.56002257198564
260 11.067032283461232
261 11.943090028506859
262 11.285390865577842
263 10.288489280713744
264 11.859235543743527
265 8.260071247932595
266 8.05062106733646
267 8.889039688709122
268 8.089803893879461
269 10.411615297791059
270 9.602294327771572
271 10.206667391593406
272 10.743473321222462
273 9.492214309563332
274 8.757108338680684
275 9.788395998171122
276 9.959912681036949
277 9.793286613809766
278 9.29129678522677
279 9.638276835653036
280 9.57411947677399
281 10.563688988812173
282 10.32915977072198
283 10.143268833253876
284 10.669746416151547
285 9.924380107174066
286 9.894162556312441
287 9.121551053200632
288 10.410097940464281
289 10.200568256506456
290 10.300322726136796
291 10.60183857474871
292 10.821767689847714
293 9.818936137177516
294 10.103421250631833
295 10.180736806694613
296 10.269368160030007
297 10.90797447297226
298 10.580930233459656
299 11.73400034145174
300 10.83905384849547
301 11.451036342429646
302 11.224131272503813
303 10.73516014327606
304 10.944121930136866
305 10.584926997371367
306 10.969943117418671
307 9.97764248781858
308 9.641020761948859
309 9.599454027476057
310 10.04962461765052
311 10.023961757850365
312 11.156715014386448
313 10.723073524033234
314 10.383334433590903
315 10.081309671136983
316 11.060119420817761
317 11.510388401014646
318 11.130240983001805
319 11.007713060828827
320 11.17155503798411
321 10.44636219601804
322 10.361154077746807
323 10.160839092661961
324 10.249282754260836
325 10.586011094507954
326 10.419525707542437
327 10.43298696520597
328 10.289654740290823
329 10.221896370144865
330 9.625941381747388
331 10.101807670563817
332 9.954213063845419
333 10.64000058748165
334 9.799343403491934
335 10.071071415024642
336 9.86263663535312
337 10.248683552413018
338 10.189035704936655
339 10.562134578375833
340 10.188197964145013
341 10.296491817211848
342 10.306693493916654
343 10.159197043938107
344 10.776987995437484
345 10.19420658105331
346 11.421096428552987
347 10.940005332553206
348 11.178190622903251
349 9.867871289685624
350 11.438232655501848
351 10.904845367531019
352 11.389826182741194
353 11.64676361076684
354 11.567980219715409
355 10.614768076017977
356 10.160886654979416
357 10.482401301491757
358 10.77436715534348
359 9.78427760264469
360 9.702003368206285
361 8.890299305479717
362 7.7482172662010464
363 7.901370633850048
364 8.235462305785413
365 9.433059668615611
366 8.080105012296347
367 8.156508818820617
368 7.88626159757442
369 8.977365589037525
370 6.551413587714082
371 7.473103856213713
372 8.465937340685372
373 8.74360857924331
374 7.843941310494001
375 8.951364897472862
376 9.32393407572287
377 8.249339155030176
378 7.697954367696294
379 6.900410875916451
380 5.992778744527153
381 7.088929297420301
382 5.48631420003601
383 4.890140112264945
384 4.8260956799183985
385 5.333547986438424
386 6.518593831633799
387 6.862463231059998
388 7.841377552275597
389 8.465450494579262
390 8.541750781693853
391 7.840029334064727
392 7.361084696146379
393 9.325234994065083
394 8.653976699127007
395 7.5361456330603485
396 7.664179275680209
397 7.52050858915566
398 8.702244456191329
399 7.25926992289231
400 8.576335319538035
401 7.786725943146454
402 8.137485627044768
403 8.490928785152056
404 8.549850320152103
405 7.494509413955946
406 6.730177371233991
407 6.994802729635113
408 7.505871232457343
409 6.646674784163153
410 6.8210017320684475
411 10.386069409203126
412 8.129619107209534
413 8.331810486460585
414 7.763307090614573
415 6.698907187025906
416 6.295826555889802
417 4.417859499675015
418 6.325437857368612
419 6.986224027247904
420 6.969368878426353
421 6.8253463906828555
422 8.19617727363348
423 6.915090069704011
424 7.02261965306964
425 5.8048847307924545
426 6.354205532251319
427 6.748175447543739
428 6.545210159929423
429 5.6402454281650725
430 7.768659776439803
431 6.562777404968054
432 5.689796062285001
433 5.609754671783032
434 5.495092942290515
435 6.051536360208173
436 4.414029739216995
437 4.755091625902435
438 4.508364152266461
439 4.747242935680175
440 4.5949550744460925
441 5.734850930807188
442 4.7609131742309145
443 5.063873216920305
444 4.6147614156446295
445 4.605087435442245
446 4.5930890336875105
447 5.0727100247128964
448 4.617708776693347
449 4.636571584468612
450 4.517445545921485
451 4.497948025810933
452 4.825872597356555
453 4.716732111201348
454 4.424004639026069
455 4.653194447434545
456 4.704004744104592
457 4.597451982346991
458 4.765424253552121
459 4.881938251179193
460 5.030559720602676
461 4.501995676230423
462 6.559004038591504
463 6.15078897049134
464 6.154068144701403
465 9.371355853258187
466 10.158682921974306
467 10.18519911164989
468 9.785728944699844
469 8.146342956293612
470 7.46561036665435
471 6.322486265311261
472 5.3765907475850705
473 6.669969728200179
474 7.643926207324844
475 10.019021222423326
476 9.14517857889642
477 8.525394355666016
478 8.434200314382393
479 8.885748844765326
480 8.78974488548651
481 8.749375657317108
482 9.146587094424998
483 7.806649961387715
484 8.538783949111501
485 10.215943094011292
486 9.937062708670435
487 9.504761959303439
488 9.884236635165157
489 8.769594046464182
490 10.182635613210659
491 8.382328847266246
492 8.769948244788585
493 9.878041176210607
494 9.740905659132688
495 9.010190211825606
496 10.517669956345284
497 9.571655366675325
498 9.586484783029386
499 8.864769582795429
500 9.110577105394555
501 8.928807778101213
502 9.166602877947541
503 9.514693723659384
504 9.82466805234766
505 8.919173308528148
506 9.188714114139348
507 9.42205811084868
508 8.229244582072607
509 8.129594429624296
510 9.473904433964933
511 7.56102254051097
512 8.516400515485113
513 8.68319360612847
514 8.204796440241097
515 8.263969658885868
516 6.42469229633458
517 7.174755407885143
518 8.344499684629128
519 8.20935724041449
520 8.377733343426145
521 8.956382705659184
522 8.096401364002242
523 9.199845643486505
524 8.000945964065016
525 7.541651091332947
526 8.374095910959914
527 8.07039237010166
528 8.202620728951405
529 9.982754161961449
530 8.474372214236446
531 8.950233240640689
532 7.600187685023237
533 8.292895817176733
534 8.423645326515823
535 9.186188853684998
536 8.657633338364995
537 9.308199091398595
538 9.514539400013497
539 7.903336868513991
540 9.438424035058814
541 9.704658944722741
542 9.635254893192256
543 9.620384797965373
544 8.457199669609786
545 9.111393114975314
546 8.9198709647382
547 9.346561128029142
548 9.148551098856228
549 9.3595033639913
550 9.338136123282794
551 8.24986255672107
552 8.093838140555908
553 7.459336370450046
554 7.287751789857983
555 7.983909929523684
556 7.749629510209184
557 9.159304838709156
558 8.74744035231269
559 7.914666221376628
560 7.527163257246122
561 8.312222008916905
562 9.037069340800787
563 7.766930035531726
564 7.907187554769692
565 8.521920501825019
566 8.127409309187554
567 7.951833749668749
568 9.099895444261136
569 8.028447309318011
570 8.867021105034842
571 10.07611577789018
572 7.69397976830935
573 7.766840108690924
574 6.5468171727511555
575 7.864949341885822
576 7.634269877440145
577 6.183991041724595
578 5.7131363606989725
579 8.300307244049847
580 8.398847022173818
581 8.33904082077503
582 8.493557541667851
583 8.534270560435361
584 9.991174382604097
585 8.634959341214921
586 10.112801466826696
587 7.876849875049299
588 9.16637620132072
589 9.32150446712378
590 10.38642039787255
591 7.824690204337863
592 8.924510885489576
593 7.696556163148211
594 8.150650070352645
595 8.33211322396436
596 8.849805122578713
597 9.855965500948619
598 10.094132398703962
599 8.908150448201555
600 9.536228066699243
601 8.753223505477811
602 10.403575386791536
603 8.523878956376556
604 7.947725226716252
605 7.849103620569902
606 8.85041025710408
607 7.876045715771712
608 9.36208122154117
609 8.266857153332865
610 8.5173940749632
611 7.996231023437036
612 8.359089521743943
613 8.720165913532007
614 7.990844463002916
615 7.1022046961810315
616 8.049372612422376
617 8.893084319259783
618 8.696408547090739
619 7.457598026609099
620 8.232145934708022
621 8.359021111462095
622 8.075075906564813
623 8.650810136367939
624 8.552334446336227
625 6.79237051832269
626 9.556418362033666
627 10.85053242718536
628 8.46651504646162
629 9.825593487907547
630 8.182180329478255
631 9.344607164490945
632 10.03917060121061
633 7.974669279874476
634 8.725480054091383
635 9.522261537245225
636 9.174778265213773
637 9.131768872028534
638 9.463100207064702
639 8.596854998202488
640 8.889367869855894
641 9.43880323410818
642 9.576312919388027
643 9.001348883769774
644 9.61036726337262
645 9.42299899771859
646 8.368388961213428
647 8.923995648141194
648 9.466635488128519
649 9.533160985682722
650 9.06523986500147
651 9.286092589683534
652 10.312736109609839
653 7.761400478864231
654 10.992261627516182
655 9.464338156686445
656 9.470365668862337
657 8.277573738333066
658 9.928474031386948
659 8.59402151471939
660 8.588379816520263
661 6.727014304903046
662 8.525566587431836
663 8.076673693133067
664 7.829078356835221
665 7.599187693172078
666 6.969439578691859
667 7.268373367716179
668 6.788303856902825
669 6.8468661368952
670 6.821975657965599
671 6.85066509864589
672 6.976832430502523
673 6.6538877296362005
674 6.935926418221094
675 7.4396874965342015
676 7.126157941941665
677 7.035225714771005
678 7.070817929427648
679 6.826073364743128
680 6.798080671111125
681 7.522205999157037
682 7.42156487327765
683 7.3417014156777896
684 7.734589348396849
685 7.399020014508917
686 7.5018023018048225
687 6.951425488835602
688 6.881616221243559
689 7.486131001856853
690 7.220182606692527
691 9.60450550377691
692 9.74914433074552
693 9.869773275128383
694 10.170434946396453
695 8.622268145584783
696 8.778244052305482
697 6.807211867148707
698 7.431940490192763
699 9.215856486643506
700 9.486982369415182
701 8.818520736419632
702 8.213717307396681
703 6.944114094090424
704 6.968649707213019
705 7.2406701017582815
706 6.527721488843217
707 7.584304755038754
708 8.983777232319545
709 9.763705171770518
710 8.934074972451752
711 8.351568676449043
712 9.031079078313697
713 9.559763258047782
714 6.759402447393018
715 6.46708901827819
716 8.115487506275997
717 7.045352001877324
718 7.0530420512351055
719 6.609908915376321
720 6.9870996227731235
721 7.02824592816424
722 6.706899744583317
723 7.091921934189537
724 7.170652287420399
725 7.996608379350596
726 8.140727028548731
727 8.139096175112048
728 7.026016911334188
729 8.06827849924397
730 9.07114807377126
731 7.989233505593282
732 8.516793159803507
733 7.395779067049684
734 7.662973239436932
735 7.597834442716471
736 6.969747962278914
737 6.855530872286308
738 8.083384432428852
739 7.030795833594373
740 7.12070266168097
741 6.755531787165189
742 7.006226070185759
743 8.350052297861328
744 8.667337139416075
745 9.233440840112888
746 9.563492089299075
747 8.450059577792802
748 7.226307144395539
749 7.925520059276237
750 7.33288221679696
751 8.69956988050956
752 8.315199874897115
753 9.035267528046914
754 8.106170698032502
755 8.64796402231029
756 8.589345589280006
757 7.907000257655652
758 8.434425345718866
759 8.18817536953751
760 7.700478941552037
761 7.411287541130484
762 8.204498565263789
763 6.490835549583921
764 8.453610812372789
765 7.439910882721552
766 6.9461361512956605
767 8.644946143906823
768 8.425298960154336
769 8.12437025516331
770 6.874802858804266
771 8.034357142749604
772 7.391050616322395
773 7.777317927704817
774 8.397357197701275
775 8.884401346846714
776 9.251497684187735
777 9.396703575060803
778 10.278039265646724
779 9.550044389093467
780 9.4412965475932
781 11.345335703735735
782 10.043971673930901
783 9.43665539764582
784 9.704351522100154
785 9.442170585919328
786 10.360046798242392
787 8.760392254572842
788 9.30465444160168
789 9.319652064954346
790 12.019161093026037
791 9.225880265682177
792 9.306908777042073
793 10.56142821318292
794 9.975073878721211
795 10.042402507632582
796 11.454415981229939
797 9.250199356557795
798 9.230706924614113
799 9.299855817896447
800 9.02860309781449
801 9.358948777746319
802 9.122656858090243
803 10.534129808068268
804 8.889175070818789
805 10.951030772398282
806 10.428747098850348
807 9.694122938839296
808 12.265117769481192
809 11.285487603289337
810 11.086561654386976
811 9.790845229018696
812 8.974460821617326
813 9.153039876423474
814 9.500032644750325
815 9.610318295468582
816 8.962828877837888
817 9.916481568358765
818 10.271876987987005
819 9.928173065603609
820 9.63146921662774
821 9.154719017776761
822 9.542721450380803
823 9.589602437620545
824 9.956976704273075
825 9.706569110395
826 9.088365620484584
827 9.614328798491119
828 9.901220164714779
829 9.526074368545128
830 8.959918711242645
831 9.7091001345358
832 8.4390897073514
833 9.704484871176357
834 9.02385767752877
835 8.456792156082937
836 7.875487679307894
837 9.352652216207792
838 8.190752434933966
839 10.756909494818826
840 8.7910089082024
841 9.025698116672638
842 9.128724465507238
843 9.426207827237889
844 8.809558143700832
845 7.884841595732081
846 8.676594588898517
847 8.409638838080467
848 9.012464542507598
849 8.6136831799739
850 9.928541507499517
851 8.720783152523609
852 7.91037047660256
853 7.936805909022024
854 7.1187576528100385
855 10.42129989987377
856 9.487226730494866
857 9.859982887529888
858 9.219493523363921
859 9.022389215021803
860 9.12629075566021
861 9.46328789076018
862 8.472684356102546
863 9.368914385122176
864 8.444626459841524
865 7.739956283929765
866 6.665568840463176
867 6.819168432906757
868 7.0779620338352185
869 6.180246863701435
870 6.78860683247065
871 8.300856489507126
872 6.675277067697598
873 6.397427925937175
874 6.828929279288106
875 8.263296284970911
876 10.086112765672569
877 8.753937438294262
878 9.076290622035435
879 8.449743179051302
880 9.116535974647539
881 8.896872858340855
882 9.746845696430368
883 10.9313025077367
884 9.77523241975276
885 10.246671601292816
886 10.31206018358087
887 8.760696312455979
888 8.692974975386214
889 8.522547531827712
890 8.2390091728697
891 9.068728746222286
892 9.05315883335473
893 8.551772457218036
894 8.544743873668677
895 9.47683943339791
896 8.797278124238128
897 9.705197042090045
898 8.704256766649548
899 9.285835137501998
900 9.061481327808032
901 7.811815309668721
902 7.307278494673716
903 7.841133058654669
904 8.701336719876632
905 10.098624161414445
906 9.652788076488573
907 10.52593589224035
908 9.433068865973706
909 9.713818143629954
910 8.723432975342162
911 9.462035637714955
912 11.423152428623697
913 9.156996547425624
914 8.982921075876842
915 8.808909802460507
916 10.160225562702369
917 8.645835578625876
918 9.17725611222795
919 9.615100072841221
920 10.031216245884695
921 9.694476702344733
922 11.193987649886042
923 10.274286004203935
924 11.275219983348553
925 11.280229241773629
926 10.340013644875508
927 9.438191802136796
928 9.916990231784913
929 11.448593388346413
930 12.170059227445506
931 12.554674146154218
932 12.064207433214841
933 12.068632157035404
934 13.323292582544065
935 14.436520701334503
936 13.86100610394555
937 12.866848574212549
938 13.766000201643019
939 14.024249657633607
940 12.730062780018546
941 13.049220442469185
942 12.368273038292278
943 12.31921757994982
944 14.106203355599204
945 12.739857023007275
946 13.123067212922068
947 13.22344649038217
948 11.389080431193772
949 11.998635682643519
950 12.279720404305284
951 12.609400184172683
952 12.049785770617614
953 10.73083369837101
954 10.02317623059662
955 8.675831972183474
956 9.980409795766935
957 10.328984531983641
958 10.573630023776888
959 11.128175563873917
960 9.902484420129259
961 8.72549738041989
962 8.642943039038409
963 9.409812371577564
964 10.155885306148162
965 9.177106934412476
966 8.224355248053472
967 8.400000858858107
968 10.849941260021492
969 10.621084545995991
970 11.71583873235506
971 11.062137397059091
972 10.94179938515227
973 11.086876788768892
974 11.388232814832433
975 9.990363341261501
976 11.996503136429977
977 11.591739246504805
978 11.242403207400608
979 10.713524674521103
980 10.056056356235956
981 10.493054117754625
982 10.762021192689588
983 10.703647858266923
984 10.2165306747962
985 12.59250875007104
986 11.432327163088123
987 11.331673800918177
988 11.250343008186475
989 10.33507425127522
990 10.166062236980828
991 12.986303317556768
992 10.981479158290801
993 10.301631544718338
994 10.12096413050767
995 10.370728900329821
996 10.260798378552966
997 11.485129062840118
998 9.919201055760636
999 11.673231070934579
1000 10.36553082718456
1001 10.741695603821475
1002 9.378911146417584
1003 8.598202295237087
1004 8.891560075024985
1005 9.176595955823608
1006 8.932408692308247
1007 8.934119057822851
1008 9.010575638832162
1009 9.837340785555192
1010 8.313788520093802
1011 8.905886661881409
1012 8.26761258714464
1013 8.92947291331383
1014 9.593044357441126
1015 10.221273793837687
1016 8.509837875363045
1017 9.497618802391445
1018 9.763058448252167
1019 10.506681744676637
1020 10.956543122779616
1021 10.154023618180762
1022 10.320983187374468
1023 10.75244742197652
1024 10.410522254933136
1025 11.158290393986888
1026 11.260245823917538
1027 11.35194618814959
1028 11.26343681416346
1029 11.683535483731378
1030 9.962829638991492
1031 10.814475692451078
1032 10.394246522514882
1033 10.750669539411577
1034 11.1832826870064
1035 10.166535013749712
1036 10.43378943053539
1037 10.64264770606063
1038 8.893310156135943
1039 9.17096920567446
1040 8.552391310814075
1041 10.191116837059008
1042 10.221846315116212
1043 8.150110688874655
1044 9.85089544010783
1045 8.531752404974
1046 9.225498895629906
1047 9.2771878419643
1048 10.093231945119669
1049 8.66704163528616
1050 10.076106859824133
1051 9.237876565710797
1052 8.832430372698099
1053 8.270189008639894
1054 8.196646945391935
1055 10.014786713166155
1056 8.868999239632275
1057 9.926027102832053
1058 8.785746813037179
1059 8.776803742930722
1060 9.032917665447574
1061 9.261469505545943
1062 8.807126765421733
1063 8.73376600319099
1064 10.297210465844481
1065 9.969181872100009
1066 10.201018536717324
1067 9.18613987680169
1068 9.042792733331162
1069 10.490734316560026
1070 11.185575762628341
1071 11.293769399220107
1072 10.472042033985648
1073 11.293482521563396
1074 11.767486218017561
1075 9.450433289762387
1076 10.45037322842581
1077 11.042795117573487
1078 9.607173285313566
1079 10.94852127523733
1080 9.653273094971658
1081 10.953409570480472
1082 10.467118744863509
1083 10.138726358472171
1084 9.581202519381932
1085 11.305533386344106
1086 12.069056892272213
1087 11.020751999095511
1088 11.09337459660255
1089 10.32947560658484
1090 12.040139355813325
1091 10.718929581279681
1092 11.320898704642993
1093 10.826541932862805
1094 11.141058233324769
1095 12.070213159199447
1096 10.843599460740258
1097 10.492918002523899
1098 11.565834170549785
1099 10.406433209599221
1100 10.353035508924846
1101 11.404801408726987
1102 11.793013424644194
1103 9.312686786096052
1104 10.711455653793049
1105 10.995783550858073
1106 12.259327521324069
1107 12.491771050707632
1108 12.69291676520183
1109 13.44106121667457
1110 11.809169509509177
1111 11.735375526372756
1112 12.25164455393785
1113 11.659886601175687
1114 12.285848649674618
1115 12.856611499212063
1116 12.544528409586963
1117 11.445396092816308
1118 11.875270520256427
1119 11.536507159407229
1120 11.213358028159313
1121 13.426291439780867
1122 14.431706014885048
1123 13.474820420055272
1124 13.454865206153597
1125 13.550613514125219
1126 13.906901415655964
1127 13.758943455372075
1128 12.766809037648706
1129 15.095416801240551
1130 12.990436515115375
1131 13.109139530289736
1132 12.020327783127055
1133 10.56803191347018
1134 13.051636801532798
1135 13.200650135836455
1136 12.361118735367121
1137 13.620852007805237
1138 12.11256117761123
1139 12.663969688460657
1140 12.138580760696069
1141 11.79372144082873
1142 12.743069061975483
1143 11.957738034362299
1144 11.615981285373273
1145 11.125675103552528
1146 11.290620564209764
1147 11.520129661184383
1148 12.713780465894365
1149 11.544475978820097
1150 10.605883921381631
1151 11.527072230217426
1152 10.152671135988072
1153 7.9073323715569455
1154 10.919635578816784
1155 12.741410354030661
1156 10.62165072371307
1157 12.002406662789536
1158 12.297597031421828
1159 12.960010678410548
1160 10.904380688024643
1161 11.202350220750683
1162 11.273726492892635
1163 10.352422027476695
1164 9.834991240622
1165 11.032585875765912
1166 11.31383381734099
1167 11.358466568046767
1168 13.328176855239874
1169 11.506015536045258
1170 10.013657944749216
1171 9.922405561269132
1172 10.065585132370884
1173 9.073610754883415
1174 8.599057267478317
1175 9.167784856163014
1176 8.997688352056983
1177 9.894964172367771
1178 10.535779229382001
1179 11.397479766339824
1180 10.590172281655116
1181 11.817972970065954
1182 11.175702311605848
1183 9.745189227104941
1184 9.082870838335175
1185 9.151388201768729
1186 9.433535352426583
1187 9.779753869857755
1188 11.01424837888532
1189 11.37228876304042
1190 11.35141964938884
1191 11.197676450011881
1192 11.930585704210175
1193 11.76392565595535
1194 11.268213305040828
1195 11.681327572973533
1196 12.370271759792905
1197 11.654134437455925
1198 12.496873777148185
1199 12.19078545133433
1200 13.271372873789755
1201 12.31936145961341
1202 12.016458039600515
1203 13.030540627091591
1204 13.334380322005412
1205 13.633551321744765
1206 12.773748700150529
1207 13.503989485949424
1208 14.395556202392312
1209 13.55246297344828
1210 11.797384598861688
1211 12.986629194186515
1212 13.923659705113055
1213 13.989019062636332
1214 11.322578741946684
1215 11.569184469675095
1216 11.865449251500273
1217 11.523167486133442
1218 12.088010578735814
1219 11.921915436294318
1220 11.612516946469055
1221 9.909387421970212
1222 11.063434938376371
1223 12.771268816077628
1224 12.650257726307133
1225 11.518447133725639
1226 12.263437746538733
1227 13.679826753308289
1228 13.85784787925124
1229 10.72472698433082
1230 12.605267966058221
1231 12.288440552157024
1232 12.078757162939135
1233 12.69106248927995
1234 12.910693205216873
1235 13.657620420033405
1236 12.269856889562202
1237 15.580740320941691
1238 12.728723937491061
1239 14.707567995258584
1240 13.026193923652459
1241 12.45634086548825
1242 10.186644149327462
1243 13.516672177136517
1244 13.73556645124098
1245 11.311822136261899
1246 11.116437321108561
1247 11.584412424659364
1248 12.568581643216735
1249 11.307249851524503
1250 12.168723368684592
1251 12.41115570910825
1252 10.964200459604763
1253 10.526957981427248
1254 12.164812935862965
1255 12.747445458956749
1256 11.223936243292496
1257 11.06374759477768
1258 11.280246123236708
1259 11.484484628768902
1260 12.75306162390605
1261 12.2532670981252
1262 11.562533312907233
1263 10.798847856111509
1264 11.9719937626732
1265 13.447070756671266
1266 11.59335663984386
1267 12.64658745666735
1268 9.943035275287516
1269 11.563313202005489
1270 11.429054266068709
1271 11.97478290384221
1272 12.617323153372249
1273 13.999844414008772
1274 12.835029141863938
1275 12.46713139130581
1276 13.785585133139135
1277 11.906627338978613
1278 12.362567289792429
1279 11.476635215899487
1280 10.303908163339516
1281 11.94494908796346
1282 12.302092738294814
1283 14.654196246606064
1284 14.012019670801232
1285 12.762028893200398
1286 12.839964677632997
1287 14.298134541695477
1288 12.71260848782044
1289 13.715903746706724
1290 12.707905610094498
1291 15.01721877706683
1292 16.125261630141356
1293 15.527853028187213
1294 16.324885590156605
1295 13.425949548389937
1296 12.514388926264454
1297 14.79908892751506
1298 13.347209934715414
1299 14.377241550472622
1300 15.936572771713637
1301 14.05798102171206
1302 13.875206267534788
1303 15.045019710816915
1304 13.750319419998059
1305 12.920318931165758
1306 12.843736817736646
1307 13.37159034578648
1308 12.197409064396192
1309 14.01751198301168
1310 13.643020257839556
1311 14.707226174716903
1312 16.005948767141884
1313 16.220505599006053
1314 14.33558171666399
1315 14.441684287777186
1316 13.996315996960492
1317 14.297254857376643
1318 15.269779016818289
1319 14.636718387692127
1320 12.662971135957955
1321 12.44763623413146
1322 13.349476079364047
1323 15.206375336123484
1324 12.911325973286445
1325 14.917427018065798
1326 15.723804507497817
1327 14.593860311325477
1328 15.330155953501775
1329 14.37084682176273
1330 12.658657443356397
1331 13.474806646619191
1332 14.295478932279028
1333 13.518495885406786
1334 15.4282735067899
1335 16.807083732719864
1336 15.484986351204524
1337 14.496066612477424
1338 11.601643328516746
1339 13.287910725538792
1340 12.772169289468529
1341 11.871632385286812
1342 12.231626756078784
1343 12.254719095706783
1344 10.258073707818099
1345 12.374587393250868
1346 11.794933855266589
1347 11.3627812294932
1348 11.968147887982544
1349 12.627923836362855
1350 14.275149742693646
1351 13.581747907946301
1352 12.939692776555983
1353 11.68724326029226
1354 11.603773707499235
1355 13.970694009369224
1356 11.300865499106655
1357 12.25933314965685
1358 13.458331685628602
1359 11.732095709945837
1360 12.286911450547676
1361 12.26718306617886
1362 11.636090782153765
1363 12.300888288296795
1364 12.746406602244752
1365 11.964325886566732
1366 12.641789908747892
1367 12.768287413836147
1368 11.55403266163554
1369 11.43304563269255
1370 12.12176495342779
1371 10.948718726786119
1372 12.589098195689047
1373 11.37575290608059
1374 12.191482911458307
1375 11.904554238990803
1376 9.828111585179588
1377 11.226494206927844
1378 12.470205134541837
1379 13.145078322118877
1380 11.468252287055842
1381 11.550940417619797
1382 11.168841381439321
1383 12.048215864070038
1384 11.876762324553674
1385 12.364278147138982
1386 10.121339959323379
1387 11.526218099132787
1388 11.178531640781536
1389 9.863573930728817
1390 11.093982788602643
1391 12.71806893416383
1392 10.642031728877095
1393 10.605086412879729
1394 11.143230831753627
1395 11.2715823664002
1396 12.900262477504521
1397 10.439514148673629
1398 10.995768767616504
1399 12.617118300615683
1400 13.476471000039496
1401 14.852903429123488
1402 13.987008438117874
1403 14.088025006907614
1404 10.739229835675461
1405 10.98737429827474
1406 11.883479005220563
1407 13.992812011488414
1408 13.419548939097186
1409 13.90304313205418
1410 13.259293531070831
1411 12.078992091681954
1412 10.768743702997888
1413 10.26611666165921
1414 10.554591626184846
1415 11.034481808974277
1416 12.489064948728286
1417 12.031710063183725
1418 13.2145446475241
1419 11.685382885330027
1420 12.440911811524963
1421 12.269719380182869
1422 12.7568774617518
1423 12.32838868498185
1424 13.337121326159576
1425 12.884332428581105
1426 13.283413335290854
1427 13.128803420555547
1428 12.97598079359801
1429 13.378745506189398
1430 12.816291878217829
1431 12.387069550621769
1432 12.43763109929422
1433 12.573510777846788
1434 12.9400450903009
1435 12.193271898242699
1436 12.269888533261218
1437 12.552039677563064
1438 11.85947190913883
1439 12.534488519196367
1440 12.085587026147078
1441 11.030692785136228
1442 12.188799142075327
1443 11.823549760455988
1444 13.689362890396998
1445 11.591777314298803
1446 10.899186560775789
1447 11.538167224402207
1448 10.925063805891012
1449 11.745953409360952
1450 11.14847738040302
1451 10.967871706329822
1452 9.928221949757226
1453 10.886758942435561
1454 10.248800523164647
1455 10.434256827729728
1456 10.248837553916472
1457 10.683774792501033
1458 10.628759015815405
1459 10.513881475204744
1460 10.651097258587571
1461 9.694380872095696
1462 11.636789877831722
1463 10.763131219704055
1464 11.442365712984925
1465 10.84917404805085
1466 11.234936457515438
1467 11.65988624166685
1468 10.917070757695074
1469 12.41868001968001
1470 11.083724889996498
1471 11.963042678611401
1472 10.518554983485203
1473 11.077439696170806
1474 10.179655943853499
1475 11.19158394946
1476 11.096470318275147
1477 10.301211175485877
1478 9.774087337004199
1479 10.570852346558258
1480 9.080422557014055
1481 10.742023117584365
1482 9.196119179393348
1483 9.376006613393491
1484 8.601726311054806
1485 9.00918204137417
1486 8.548378758297753
1487 9.905056207490675
1488 11.508055924766529
1489 10.663610411154716
1490 11.089488298675038
1491 11.439197189865899
1492 8.82089171169085
1493 9.07866953652546
1494 10.864883768019801
1495 10.351218884183995
1496 10.76889561454272
1497 8.023323660617342
1498 8.821048212424259
1499 11.17963350058163
1500 11.421831435888338
1501 11.585641422079554
1502 10.692316958281845
1503 11.267023682847004
1504 10.769826271100218
1505 11.727763510861799
1506 9.97914917975936
1507 10.235630496590906
1508 9.287857160044116
1509 11.164498720881934
1510 12.50031615902997
1511 12.062860636211552
1512 11.974625195698309
1513 10.890364879543368
1514 9.987538241001944
1515 11.103534837253255
1516 10.916403241439685
1517 9.746183046467243
1518 11.18171118067296
1519 11.404108820745783
1520 11.500754048296624
1521 11.757865821187076
1522 10.698707906366144
1523 10.322989036467424
1524 11.64882325520552
1525 10.793205373884948
1526 11.700442984756336
1527 10.9086291810768
1528 11.364118162989058
1529 12.505454467091333
1530 11.680840342092196
1531 10.967431967619719
1532 10.345045758943822
1533 9.831658808598071
1534 11.582495886982702
1535 11.477693299204809
1536 12.433533236831629
1537 12.057634202761474
1538 11.872446122804945
1539 11.230326289073089
1540 11.06963836440493
1541 12.03144917701712
1542 10.83115169636586
1543 11.74217836217413
1544 10.573183933755653
1545 10.746942730368824
1546 10.520902826692451
1547 10.699302226867253
1548 10.456544203176424
1549 11.37888232955293
1550 11.632839698940838
1551 11.18230552877956
1552 11.740552600722134
1553 10.369971681006882
1554 11.137809328807252
1555 10.827843121099018
1556 10.998347833882903
1557 11.395665715268485
1558 10.655387222735083
1559 10.859194118592972
1560 11.830481850474271
1561 10.722842175398396
1562 10.916383570036484
1563 11.550240291404338
1564 10.649110795556338
1565 11.08808593327154
1566 11.375147500891575
1567 11.409026135295026
1568 10.687305814110303
1569 11.090301454080251
1570 10.47056887970997
1571 9.034046200583468
1572 10.685568343369724
1573 10.040860529940174
1574 10.860934034296497
1575 11.052748054695082
1576 10.848755445852401
1577 10.599013018055707
1578 10.747927006333725
1579 11.140545795584602
1580 10.803818774889486
1581 8.336054426243624
1582 10.679919431968075
1583 9.996327542749576
1584 9.688300260594751
1585 11.057264453611289
1586 11.507091645483657
1587 11.478391843849417
1588 10.744935454473195
1589 9.508145191367857
1590 10.443067733903412
1591 9.709478301138459
1592 10.084387307187088
1593 9.769612038309486
1594 8.135363909081823
1595 9.49122364262578
1596 11.229910319156703
1597 10.130192657165924
1598 9.904062631531232
1599 10.042124472008673
1600 9.79195594812792
1601 10.180769800425958
1602 11.190624360279488
1603 11.548423663749674
1604 10.926831035386561
1605 9.34771685226191
1606 10.630459161720996
1607 11.008242832085825
1608 11.460912386017226
1609 10.736856598634262
1610 10.206817914649317
1611 9.272342871123858
1612 10.342375017086892
1613 10.504598624358746
1614 8.854174761981549
1615 9.195386344567453
1616 9.654049017814426
1617 9.920039595009026
1618 10.482666857961465
1619 10.816668834893612
1620 11.919628096084267
1621 10.260354852210106
1622 9.090291654389933
1623 10.25259957278991
1624 10.503992573692479
1625 9.49324957952035
1626 10.511552096836605
1627 12.262956762754545
1628 9.752901465399564
1629 8.70173230219056
1630 8.25172881816296
1631 9.298449627969356
1632 9.725760456142853
1633 10.852393599272864
1634 11.472861315637983
1635 11.050229490646153
1636 11.30873398468502
1637 11.171512915411899
1638 10.376647292985137
1639 11.930356540734568
1640 11.231144632031956
1641 10.254146120546327
1642 11.402632718358998
1643 11.566783056013202
1644 11.779354209613034
1645 10.657095172621524
1646 11.877313820042817
1647 10.757417062821501
1648 11.139544986279992
1649 11.416748487457149
1650 13.546492489864097
1651 11.136264338402201
1652 9.73288106388036
1653 10.069107422270402
1654 12.017061727951798
1655 8.669202037892543
1656 10.590760721732785
1657 10.640522125994057
1658 9.886281268541985
1659 11.291137770417997
1660 11.336367939084152
1661 11.11630566449222
1662 12.060424415680005
1663 10.473585443229371
1664 11.37323593752119
1665 11.796721486852544
1666 11.786059268024431
1667 10.184060580596014
1668 10.02002285818545
1669 9.764891447288765
1670 11.202752070901257
1671 10.877506016890793
1672 10.48541704689075
1673 11.30764425350825
1674 11.215892485500639
1675 10.399021054085418
1676 11.281105069828133
1677 8.950974727774332
1678 10.470303557225092
1679 11.090671900860285
1680 12.64875297064755
1681 11.052163124789748
1682 10.480556845953611
1683 10.75020511660713
1684 11.33599446235081
1685 12.043887651876643
1686 11.61237421630309
1687 11.041243833648227
1688 9.468267394016578
1689 10.676859797408442
1690 12.215973865917443
1691 10.612955176528242
1692 11.712402428073636
1693 11.87739545948151
1694 11.941734646278917
1695 11.689071971757445
1696 11.512665299783897
1697 12.029103554273417
1698 11.163356672146103
1699 11.179617204932443
1700 11.000935480267087
1701 11.7391185964583
1702 11.30687212137195
1703 11.511047948495804
1704 11.113893793819907
1705 10.778646013801895
1706 12.11154943797102
1707 11.534675806737626
1708 11.032434198738713
1709 11.963186321476892
1710 10.952923387227326
1711 11.332276253710472
1712 10.858453747330136
1713 11.645708419038652
1714 11.420090729613632
1715 11.520133457131788
1716 10.510585042473675
1717 10.847580561974114
1718 11.032144659025453
1719 12.28797137265592
1720 13.343117248922344
1721 13.690736481359805
1722 13.510418757372491
1723 12.35356366592285
1724 12.735623924642624
1725 11.995986540826896
1726 10.052263571731954
1727 11.5740255557574
1728 9.86218619920793
1729 10.745794662121403
1730 12.029155261591963
1731 10.622023813172394
1732 11.232411319513378
1733 11.060759375730157
1734 12.443562174915966
1735 10.066574478886775
1736 10.08240924382203
1737 10.929712716228506
1738 9.767245772386763
1739 11.415387312751715
1740 11.531784081924632
1741 12.864989892239176
1742 10.79769264561282
1743 10.185715896838182
1744 10.928177262428381
1745 11.5178863607223
1746 10.836673747055208
1747 10.297742186551458
1748 11.93837606149453
1749 13.484451592817845
1750 11.58992940719088
1751 10.527825197683455
1752 9.050918409896886
1753 10.93895788208805
1754 10.763653211711343
1755 10.759345897676956
1756 12.225994126500273
1757 10.033719060497715
1758 9.849227616346804
1759 10.17911525193625
1760 12.689278772129162
1761 11.64825631449698
1762 9.214630700576636
1763 10.322375703069744
1764 11.534876316689969
1765 11.647492211755088
1766 11.105075651053067
1767 11.042187875267908
1768 10.851716570650392
1769 10.956478527168542
1770 11.03365800760124
1771 10.947219394614692
1772 10.93245537851704
1773 10.545268174682338
1774 10.67626921360845
1775 12.038854113144746
1776 12.026053384254995
1777 11.797403739612538
1778 11.450388383979902
1779 11.741589864798785
1780 10.802380457545546
1781 10.70168493102836
1782 10.784299276031389
1783 10.932670661267702
1784 11.215235098888567
1785 11.687409460673138
1786 11.441029041691818
1787 11.984794403793087
1788 11.576806495405071
1789 11.225692819774883
1790 11.307126782163348
1791 11.694741075013026
1792 11.314901259875995
1793 10.947144264135272
1794 10.816072731050715
1795 10.921801178841486
1796 11.849441781165202
1797 11.722783880598957
1798 12.704470995503517
1799 11.550839882749123
1800 11.096185135087511
1801 11.426088762435358
1802 11.461934656478077
1803 11.172082314882847
1804 11.804700111979614
1805 12.358932914102278
1806 11.340297237153214
1807 12.309560492378113
1808 11.053737547671135
1809 12.081719308538645
1810 11.08119243676205
1811 11.290114030153669
1812 11.68599126661487
1813 11.462341927879372
1814 12.33841840178937
1815 10.794045352923348
1816 11.015590745389984
1817 11.117664294237528
1818 13.178015914543511
1819 12.961200048714115
1820 11.697642256300767
1821 12.221323036514693
1822 11.55658397161264
1823 11.52649557223681
1824 11.1057430945046
1825 10.366556518296733
1826 12.01592842366416
1827 11.383952963269543
1828 12.309174864837427
1829 11.20195610594801
1830 12.468599067012724
1831 10.295335980106941
1832 12.307946363249942
1833 11.763531648023456
1834 10.83483133883628
1835 12.005512817682977
1836 11.541058964066146
1837 10.080533155502964
1838 10.755118056516155
1839 11.517735570180259
1840 11.376497520104953
1841 11.862871915706403
1842 10.896322000735951
1843 11.27835292782911
1844 11.368266687435545
1845 11.273166404456061
1846 11.290190165159023
1847 12.764564845571405
1848 12.494597183755392
1849 12.50391020819969
1850 10.360899095734919
1851 11.11828721155904
1852 11.871069200440424
1853 11.17575028506233
1854 10.80943616332462
1855 11.314921631590357
1856 11.077049114385877
1857 11.48070870210909
1858 14.415295706355145
1859 12.502405384499356
1860 11.71324216416678
1861 11.774549745239357
1862 12.66677221853265
1863 12.59438258935902
1864 13.372993003046156
1865 11.921657165176729
1866 12.976828596169504
1867 12.620736353405213
1868 12.194520098251562
1869 12.790713998747545
1870 11.933969498713052
1871 12.289321830984445
1872 11.796569547938837
1873 12.688925354506747
1874 12.233541185425278
1875 12.262802190487134
1876 11.984204798639546
1877 12.869339696866907
1878 12.369247755996774
1879 11.849331569379153
1880 10.731906870365215
1881 11.774832706259938
1882 11.712492019531377
1883 11.526653137491873
1884 11.840410992647968
1885 11.417158637724551
1886 11.611104145358482
1887 12.878719501036064
1888 12.819726671547077
1889 11.565823411676496
1890 11.610021279160494
1891 11.730258014435082
1892 11.258637352143692
1893 11.014150961631294
1894 12.916722902785574
1895 13.380709404572483
1896 11.967315145967278
1897 11.647860332979073
1898 11.369606137142076
1899 11.25557142745365
1900 11.721252936470039
1901 12.360669618456605
1902 11.357608122564784
1903 7.893373268430553
1904 11.683995534424454
1905 11.512744011714716
1906 11.48412706873447
1907 11.930424445988411
1908 11.408481829858705
1909 11.462110032021654
1910 11.460254720653309
1911 11.905547947414474
1912 12.296166586390099
1913 11.369218196577076
1914 11.020067002745677
1915 11.617417945947208
1916 11.085065043230246
1917 11.273724223127031
1918 12.312246372957771
1919 10.348599893081898
1920 9.937792468249185
1921 10.35132871334604
1922 10.078064527573238
1923 10.513532181355252
1924 10.07567736997293
1925 11.14881680280187
1926 11.400206963534117
1927 11.039422360048764
1928 10.931378746421297
1929 12.397615321420032
1930 12.211978550515246
1931 11.61044347071418
1932 11.767026568764162
1933 11.155108393408602
1934 11.219190078296089
1935 11.638778502239253
1936 12.131792286618298
1937 11.085946621819534
1938 11.956502723668594
1939 11.124728913765082
1940 8.819747896085385
1941 10.115452625603341
1942 12.236460533451927
1943 10.964819759740733
1944 11.120448393060506
1945 11.446554086959619
1946 9.894624097876186
1947 10.46522732386677
1948 9.171980761802658
1949 10.661087371156706
1950 10.127374999309726
1951 10.293107825500346
1952 11.126840425486801
1953 11.196292232942731
1954 12.339421599300861
1955 11.732359415368462
1956 12.97032446826667
1957 13.192306654996283
1958 12.287121947242932
1959 10.460397861669103
1960 12.008677990919345
1961 12.573142951460735
1962 11.68179031831373
1963 11.348288471375414
1964 10.842646849406774
1965 11.828873623319538
1966 10.91422957525204
1967 12.112867395716545
1968 10.837521590039914
1969 10.885447630832555
1970 11.430440272453293
1971 11.171088006870635
1972 8.84824977045157
1973 13.028771653427599
1974 13.614272185209682
1975 14.165540675223
1976 12.596769414048637
1977 11.78434804544654
1978 12.681143588064954
1979 12.035336882620326
1980 13.21672492121697
1981 12.199059310118386
1982 10.367181545516218
1983 10.944545933462551
1984 12.83558830999441
1985 11.423476906565384
1986 13.224259217163105
1987 14.325679580113183
1988 12.986738479828345
1989 12.357493379379079
1990 12.401022348647443
1991 13.100434607451835
1992 11.18613166925267
1993 11.164136626775184
1994 9.374203219281812
1995 11.320534489919769
1996 9.050416596690573
1997 11.383843363474401
1998 12.471470559866312
1999 11.369297820784245
2000 13.603006109448758
2001 14.656850311536422
2002 11.789046158037994
2003 12.554221322281377
2004 14.078440932897601
2005 12.41281907568747
2006 13.314253976097609
2007 14.948873601914665
2008 14.753244490054222
2009 13.140516120055521
2010 11.216636495956594
2011 10.628129137953538
2012 11.99359253227024
2013 12.323246704934528
2014 14.091915286164628
2015 14.327135090972213
2016 16.85834976466803
2017 12.614710194744168
2018 13.831630126514709
2019 13.71602416824799
2020 14.294848414831698
2021 12.9799968318289
2022 12.425344436208533
2023 11.793751176712073
2024 13.873521965545436
2025 13.972495438723827
2026 15.095678321928443
2027 13.016692479479666
2028 12.912364440188988
2029 14.18278234032345
2030 14.142082630348835
2031 13.72878225538489
2032 13.159160166351974
2033 11.221671670550082
2034 11.423333815407416
2035 11.269697626493047
2036 9.648258625609193
2037 10.077148455885329
2038 10.378383862426853
2039 10.429241369677541
2040 11.314859706356865
2041 11.145398446928809
2042 10.733383369916389
2043 10.650367510556933
2044 10.39810697700301
2045 9.81477885827614
2046 10.380682966334858
2047 9.718679012975288
2048 10.026685143460007
2049 11.039309108479861
2050 9.52970252054963
2051 8.851781535044376
2052 8.77139843943666
2053 8.786785813239067
2054 10.490286868245734
2055 9.151545881018984
2056 9.961413422874827
2057 9.978017273703365
2058 9.55310364509825
2059 10.428401335479244
2060 10.6754839235658
2061 10.86419482457961
2062 10.606166089691472
2063 9.964156243064691
2064 9.330739487090442
2065 10.261300225047341
2066 10.721363347685514
2067 12.081319907242195
2068 11.86099925108465
2069 10.843200836246721
2070 8.83971276332409
2071 10.530260309002966
2072 9.802904564702859
2073 10.29429675711375
2074 10.623499196787098
2075 10.731817397285527
2076 10.782302785393668
2077 10.136952652868654
2078 11.12896753141729
2079 10.554734508576713
2080 10.488250682905427
2081 11.054045349375649
2082 10.709254408883773
2083 10.715192899086508
2084 10.331291010454956
2085 10.647985617166746
2086 11.084266070532292
2087 9.89912739664501
2088 10.715446294105176
2089 10.836529229434895
2090 10.379735176384598
2091 10.894264076893613
2092 10.666080495709833
2093 11.522529368614164
2094 10.136232760759476
2095 8.853938958371947
2096 11.190748715216136
2097 11.208675301466508
2098 10.917664989300413
2099 11.378869185271274
2100 10.555451570744719
2101 10.8956109526033
2102 10.485553631100297
2103 11.367787686643632
2104 12.283193867921879
2105 11.235447144635348
2106 9.388206662082881
2107 9.073255932886862
2108 9.194680413771433
2109 11.116808330170516
2110 10.226389795411663
2111 11.014511762195264
2112 9.960759404170895
2113 9.21439411369716
2114 9.175643086896365
2115 8.436229462433326
2116 9.113488737779576
2117 10.29271822564227
2118 10.123356596211266
2119 9.982764543102654
2120 10.546501451249528
2121 11.344177782508686
2122 9.179278517205576
2123 9.135509337543947
2124 8.332518647774888
2125 9.165772419342844
2126 9.971467324685946
2127 10.599381725736722
2128 10.391188358619914
2129 9.480051617071275
2130 8.59407217572401
2131 10.933117148877779
2132 11.02882890377588
2133 11.328353030378931
2134 10.546010686360768
2135 8.918783929083032
2136 11.430757178327191
2137 12.841614878399358
2138 13.218701567103691
2139 13.412828135886548
2140 11.035596536497248
2141 12.798437027794051
2142 13.38856763131985
