0 4.507284319033716
1 4.18071368257112
2 4.412249728144067
3 4.681375122428037
4 4.394549698107796
5 4.561396255867392
6 4.5892823667795595
7 4.779913085361552
8 4.593222801861861
9 4.791671477662946
10 4.7211459291019535
11 4.292433294253987
12 4.782706745287683
13 4.548213818421977
14 4.822330352314218
15 4.3586143732284635
16 4.679270112008746
17 4.189194320067737
18 4.626399726968262
19 4.594392549903647
20 4.43390128643269
21 4.672108570774619
22 4.70565602489971
23 4.941384482696332
24 4.659971557215623
25 4.5864828570156355
26 4.28434715238518
27 4.318957079662982
28 4.468124480014577
29 4.620891228469703
30 4.684315485023707
31 4.632568108729198
32 4.718782514735966
33 4.54707264388151
34 4.774907858417046
35 4.898417892542552
36 4.3744142088785285
37 4.306790786534897
38 4.118990016858078
39 4.1787410459982315
40 4.603797787974608
41 4.430234108846953
42 4.262019901099579
43 4.079864496695062
44 4.465161851108379
45 4.263664152490846
46 4.5998302393859385
47 4.3830922558875605
48 4.157463927738229
49 4.399719140680985
50 4.127992077253447
51 4.559475923773032
52 4.712368999848344
53 4.14202453777914
54 4.145537389096809
55 4.208103536848644
56 4.1073666914408635
57 3.5312555237544347
58 4.087082862138131
59 4.355262265495616
60 3.536865620004434
61 3.711581862607358
62 4.187252987084791
63 3.9285011788518247
64 4.479297567576319
65 4.470332899498683
66 3.7972529780906163
67 4.366407947072262
68 3.894660102500159
69 4.104203704896558
70 4.192354688568868
71 4.283676831780373
72 3.7563330842556155
73 4.126903714992985
74 4.285799417256953
75 4.396378741325919
76 3.8898834626694834
77 3.533686719332425
78 4.304019335520314
79 3.794786431501132
80 3.9186407367021823
81 3.935470380684684
82 3.921459115811633
83 4.181540242294283
84 3.961429775306058
85 4.509246877054827
86 3.9311992044528608
87 3.9095192776840957
88 3.98922621663919
89 4.082644700881979
90 4.178974793246552
91 3.6657806336915195
92 3.7860336004438437
93 4.101151806450814
94 4.319245542701406
95 4.236725322216779
96 4.143857691905892
97 4.383506604172703
98 4.282314142425074
99 4.0539213971741646
100 4.110245965037328
101 5.210325352987935
102 4.115273695882805
103 4.198046875412519
104 3.696280263038471
105 3.71332269709702
106 4.113539321796668
107 4.448521197972073
108 4.26028657371086
109 4.368380312574431
110 4.258806126442433
111 4.339896651056081
112 4.213196102521702
113 4.368728163703591
114 4.483055605644719
115 4.114261084615337
116 4.668631754826523
117 4.152342720572471
118 4.264550272318995
119 4.307046165238702
120 4.192627128093785
121 4.583280539821775
122 4.058170406976453
123 4.593208437066997
124 4.134932049400175
125 4.206746528537604
126 3.9651837148499194
127 4.462298835772998
128 4.114658683274741
129 4.282284032880578
130 4.162414164097164
131 4.06599996801929
132 4.507134088227918
133 4.800880051011754
134 4.627506151023337
135 4.138972619352903
136 4.210040208317953
137 4.5990297837480165
138 4.236959822448861
139 4.479972905970792
140 4.525145801494431
141 4.4312647322865155
142 4.532040013268056
143 4.274833183191042
144 4.530980768247704
145 4.395636772369114
146 4.289181761213511
147 4.6862441960004855
148 4.558622294318406
149 4.411511523332882
150 3.8162626522284846
151 3.777174761874731
152 4.733568270109279
153 4.46605265067809
154 4.459343666456712
155 3.6395751462546455
156 4.177627647698474
157 4.0713762351593425
158 4.332777018546966
159 4.294569377553028
160 3.9781189431419715
161 4.657628105856376
162 4.459221222878554
163 3.847887784560981
164 4.614567805816317
165 4.563418921143673
166 4.069700673546552
167 3.680430128910633
168 4.0505704947892145
169 4.2711284989683795
170 4.412449255492722
171 4.055171864911965
172 4.483299581780265
173 4.368832737682211
174 3.7041154509167598
175 4.4420871758242235
176 4.157949976071521
177 3.8997985235368504
178 4.148278029258287
179 3.7552244275366338
180 3.8063895440464384
181 3.9372495659977864
182 4.117114123899299
183 3.8977094915711037
184 4.476706869462768
185 3.8418850643538285
186 3.9829229635564425
187 4.198442855293069
188 4.159286084048548
189 4.059916308889841
190 3.8709245012480546
191 4.344477739585159
192 4.1531678032034876
193 4.1096671916842045
194 4.521750864978108
195 4.340950400366876
196 4.319614342185279
197 4.185563364452874
198 4.0519739132679895
199 4.520553598818854
200 4.461798026885512
201 4.269013715655448
202 4.539765285441238
203 4.601321904025162
204 4.50121119416602
205 4.251607185922651
206 4.296052272017759
207 3.8692558607387286
208 4.536124181115646
209 4.39354436328854
210 4.055440340722219
211 4.637613757432104
212 4.183624862129693
213 4.348216078611069
214 4.6334559698857944
215 4.353777337956355
216 4.307038831643545
217 4.0575590799526715
218 4.345493977713635
219 4.571651785202911
220 4.3855885197200895
221 4.465752707722937
222 4.697669527543323
223 4.30465823300022
224 4.367935121506657
225 3.9954933514480855
226 4.251985329410911
227 4.762118608144772
228 4.639596619499171
229 4.478053706540945
230 4.945312533599143
231 4.260742293394387
232 4.223181726395004
233 4.096382935305766
234 4.441076953504207
235 4.225150563338134
236 4.172118165360457
237 4.232083461176851
238 4.696768212624092
239 4.052164978184382
240 4.554050661525026
241 3.8972281804481446
242 4.200607442300575
243 4.075127140833813
244 4.19976570262594
245 3.7867839782025734
246 4.166466036144913
247 4.560804156095469
248 4.117270721576366
249 4.090092099723738
250 4.397816309588688
251 4.464417032333918
252 4.449943131638622
253 4.018649517295937
254 4.037855390775379
255 4.151440244514036
256 4.133911766452943
257 4.603594817234878
258 4.3330197271235384
259 4.083249057297613
260 4.227442461174768
261 4.27829496218322
262 4.106876125577665
263 4.2113783507945906
264 4.230456878781117
265 4.262273163746838
266 4.246276615620795
267 4.401104505397938
268 4.30816029006448
269 4.189309543006795
270 3.8255119913097997
271 3.709305246246263
272 3.70556757351166
273 4.2479011002038565
274 4.160400365067831
275 4.674422429565518
276 4.037322292874341
277 3.9229294669517905
278 4.101758988855475
279 3.7809096833502123
280 4.461031668040906
281 4.134044011178952
282 3.9389189824108857
283 3.6678554777198316
284 4.135910235160018
285 3.7972723326753193
286 4.143727646715381
287 3.877225704633155
288 4.237014327215532
289 4.1945433572089605
290 4.157275769897334
291 4.241458836787985
292 3.9858155832107682
293 4.283529626656649
294 4.619759559069236
295 4.360644705813334
296 4.471158857442234
297 3.757457673965919
298 4.356361941100691
299 4.5407365512174875
300 4.573900727665422
301 4.19858174943603
302 4.317810555062731
303 3.7614855401998017
304 4.385869085725293
305 4.007218066725241
306 4.376236104961806
307 4.039284598869572
308 4.601229667177305
309 4.604806098589416
310 4.562244611852622
311 4.681390497534382
312 4.094544357559406
313 4.25737966286838
314 4.653047872238024
315 4.222767956408403
316 4.499736326581326
317 4.067479505713053
318 4.023739618485023
319 4.395830054955246
320 4.49842266411113
321 4.674417969799648
322 4.079459179173295
323 4.211898556798026
324 4.336815812431447
325 4.485223329431521
326 4.583481855992556
327 4.71039286243893
328 4.334333768790381
329 4.637601981587612
330 4.422618301935988
331 4.568069663284133
332 4.536936462155822
333 4.171615191496749
334 4.580542418750098
335 4.404333140809631
336 4.485896503087365
337 4.646723227367591
338 4.6187958977076065
339 4.41536182621891
340 4.724072985229047
341 4.695387259595084
342 4.497193056947156
343 4.3562575798188545
344 3.999794692132464
345 4.6378010558776674
346 4.511435300784711
347 4.455545107592706
348 4.585049969898238
349 4.367049321065375
350 4.1830228521046795
351 4.40465548459745
352 4.332258415174565
353 4.321125533934993
354 4.456654977303933
355 4.660894835356247
356 4.462965666609289
357 4.1544403676748685
358 4.049518832689751
359 4.260336450410788
360 4.833560000385291
361 4.266530431485806
362 4.167855637685712
363 4.286950590761918
364 4.171826726457113
365 4.012152187661171
366 4.311306592550232
367 4.187456988299583
368 4.4172854275843605
369 4.119532133504112
370 4.247757910359515
371 4.117756982320355
372 4.0696003547567425
373 4.194349469897007
374 4.386907550348573
375 4.460170016279708
376 4.0251547593814925
377 4.072552409770076
378 3.823991268747508
379 4.27018805402919
380 3.7067634698492635
381 4.245841854062439
382 4.115057836893948
383 4.201466193912231
384 3.9687391967471792
385 3.911342507382698
386 4.437017381348205
387 4.602697450103796
388 4.524885881074069
389 4.173487728977565
390 4.331919832990755
391 4.650637731415148
392 4.735480729624262
393 4.230151019867824
394 4.447705094747815
395 4.255276101514525
396 4.101311165788882
397 4.280683644904235
398 4.447723187896839
399 4.248656507967448
400 4.112916092969531
401 4.5044457647834015
402 4.5107426260515
403 4.53600620131157
404 4.370783020740182
405 4.792222978853289
406 4.6788441444314515
407 4.278657482381057
408 4.308140686381488
409 4.4968713232828454
410 4.35789439133299
411 4.301916543553958
412 4.410443008418857
413 4.2843996418430494
414 4.3916567245381595
415 4.390061369841862
416 3.977481303198345
417 4.151794156548819
418 4.631175632712386
419 4.2973543741619995
420 4.209397264454593
421 4.114394451971079
422 4.336031693234357
423 4.173969870188166
424 4.030975044305609
425 4.3403185317041935
426 4.582505994497767
427 3.7877396489078237
428 4.511665977007547
429 4.0858871690289655
430 3.7982147227153082
431 4.242644205761749
432 4.810228373081239
433 4.229863471026108
434 3.789370241529192
435 4.187852062537735
436 4.009527110494774
437 3.7346444154998046
438 3.9625570298272046
439 4.288560988354575
440 4.039619950967923
441 4.106868821349398
442 4.2028778033584935
443 4.253982382845873
444 4.188840286394652
445 4.249953330449231
446 4.232493430784871
447 4.584304126480615
448 4.340482738369415
449 4.201529664350742
450 4.04314625223584
451 4.244128675965023
452 4.572829701548744
453 4.310175385135595
454 4.4988790144654836
455 4.665714924669752
456 4.335258103724355
457 4.327909772669501
458 4.116062397099493
459 4.620033443733995
460 4.1980884060940635
461 4.369911131508624
462 4.078515059457136
463 4.281687222921317
464 4.330054167694313
465 4.139212539474984
466 4.123606377623617
467 4.230088650536665
468 4.331434883250573
469 4.391477961579083
470 4.325613814827728
471 4.439664572806812
472 4.198245460045981
473 4.149185273188544
474 4.350775165936226
475 4.338634006352735
476 4.271022718721132
477 4.297508090127487
478 4.360795391225231
479 4.498143728265883
480 4.0210562067741975
481 4.1133017250255985
482 4.0502178594559135
483 4.68781519695162
484 4.385276574412018
485 3.988722614161016
486 4.5550033556503156
487 4.310026037579606
488 4.4642731335357615
489 4.731171004834404
490 4.0847422358868375
491 4.693112969044835
492 4.2437790605106525
493 4.639965150925263
494 4.621125087127226
495 4.550544953003907
496 4.019438013586018
497 4.428424867962589
498 4.195655540984099
499 4.525375939071744
500 4.428177032607737
501 4.012992717198811
502 4.236121216067555
503 4.2452525474482234
504 4.207142231702674
505 4.064441159901794
506 4.20159219385602
507 4.524011770685896
508 4.3892241841961654
509 4.221568196504865
510 4.852155842243328
511 4.444008395377968
512 4.705546465994774
513 4.695412509500898
514 4.458780913146849
515 4.316975095835681
516 4.549278685976244
517 4.092374917036483
518 4.22435976823382
519 4.360346322010903
520 4.121341443530748
521 4.458664477734558
522 4.0574858476341245
523 4.2457864481954655
524 3.942740658067976
525 4.49854193600149
526 4.252859180135822
527 4.220290451867375
528 4.266946778081685
529 4.443880788214892
530 3.8608474978552207
531 4.324880745573585
532 4.469482690841858
533 4.181047801730621
534 4.450549378499433
535 4.212710002006041
536 4.214523983123935
537 4.239380242962493
538 4.123734421659042
539 4.408071022090914
540 4.23227798286908
541 4.424327304792178
542 4.332452682002548
543 4.7793466771756155
544 4.380175774387605
545 4.220009368868004
546 4.698557546830941
547 4.1472264968165
548 3.9579614944112778
549 4.366505683064685
550 4.718128724961372
551 3.843783810462809
552 4.0360669920103565
553 4.219568568743181
554 4.54483852397744
555 4.144914847634996
556 4.078170963099118
557 4.652752496337216
558 4.484541916076865
559 4.182079462574727
560 4.121087924834353
561 4.031866069676972
562 4.459046627213341
563 4.394705270461685
564 4.475477508663585
565 4.24024457493322
566 4.524600802291858
567 4.697681619467392
568 4.393042608608791
569 4.187233502656817
570 4.270031886375656
571 4.170372389303933
572 4.296247766538353
573 4.499663012384132
574 4.264957700672987
575 4.388110639382327
576 4.61080451166365
577 4.250656761619456
578 4.434810771546576
579 4.45405846802956
580 3.9091384391195287
581 4.4905989410852225
582 4.729622281537992
583 4.2045871094261535
584 4.29913096619976
585 4.139874193042717
586 4.56091467494253
587 4.750457572545346
588 4.2231038497218645
589 4.368812628834013
590 4.691658151879479
591 4.213647236329244
592 4.205369374386579
593 4.291572453169738
594 4.300464464765039
595 4.349057830040506
596 4.148222100144817
597 4.447069747305448
598 4.6971571670785695
599 4.493095344680482
600 4.533473887912686
601 4.408882113514745
602 4.213984760330157
603 4.167695330594899
604 4.172753703591128
605 4.117434307682463
606 4.615159686270577
607 4.2266627960961465
608 4.488470360759702
609 4.447312326764386
610 4.164506653383346
611 4.867142814277861
612 4.370874707447236
613 4.163880852059482
614 4.148202590810385
615 4.376423778759722
616 4.213259292930463
617 4.430728517691586
618 3.808777815154353
619 3.93099863925664
620 3.875071346571688
621 4.383181574712315
622 3.8669558525621968
623 3.8611890126519404
624 3.3547613587268716
625 4.019713342060489
626 3.999080989778621
627 4.186490641754519
628 4.002670414038961
629 4.1677893451005135
630 4.53680309220877
631 4.295607982800614
632 4.133636286367305
633 3.986819579627467
634 3.8941400642675346
635 4.18411693417231
636 3.880945721538488
637 4.3373964293453495
638 3.864382617837615
639 4.370840592906409
640 4.108112462540667
641 4.463449931230559
642 4.242283874904402
643 4.149607371531036
644 4.534568347297315
645 4.435566788026358
646 4.626792913904219
647 4.2128515147898264
648 4.608579814158701
649 4.283848666970733
650 4.699415764703204
651 4.183065176550803
652 4.2491212339465685
653 4.250248621141975
654 4.197461203182445
655 4.096643615624542
656 4.222540394156794
657 4.153588725069112
658 4.329625955256619
659 4.049883090449649
660 4.266360767931507
661 4.226128096346504
662 4.169722165835941
663 4.2423471113014255
664 4.216330533004404
665 4.081014947842039
666 4.408458054882282
667 4.315780524076109
668 4.180163071225102
669 4.304337557999289
670 4.198305550039724
671 4.282133964855381
672 4.258577742379543
673 4.216560889637419
674 3.9325053084560433
675 4.101474465457249
676 3.908957469101647
677 4.389404872565339
678 4.141124972657108
679 4.055821056738415
680 3.959831551145151
681 3.9905810544698914
682 4.3160001729169615
683 4.347617377143102
684 4.413996817626131
685 3.9287881364150437
686 4.435637801038115
687 4.171679897490545
688 4.049670957624566
689 3.8503961340894
690 4.181954178946792
691 4.13569839436305
692 4.021551994119633
693 4.464849162039669
694 4.062885525114454
695 3.909345496508278
696 4.0293749118094055
697 4.3344012835722525
698 4.091256182449103
699 4.693893434256933
700 4.068575644493162
701 4.172248387309149
702 4.156016978111344
703 4.13836192768285
704 4.117579945709713
705 4.004586121700042
706 4.190531555012106
707 4.142362824384352
708 4.482878870463136
709 4.25401135141969
710 4.17264542828798
711 4.206443352304168
712 4.016581750581479
713 4.434177078873724
714 3.96785584978526
715 4.117306165844573
716 4.265481084785239
717 4.254391707307074
718 4.407394349124372
719 3.8427940200609343
720 4.22528549225794
721 4.323264719645543
722 4.162655077661666
723 4.252363116686017
724 4.317777655174076
725 4.212139503283868
726 4.2725834427328895
727 4.021120367952919
728 4.209591206129855
729 4.111806335683847
730 3.7716620295106167
731 3.992767317480025
732 4.115920840506971
733 4.114267865958395
734 4.173248777785944
735 4.16244650974516
736 4.321812092725533
737 4.424416595551426
738 4.225922156624063
739 4.294257954580264
740 4.089696249494324
741 4.395768498931372
742 4.031783502124619
743 4.407525021871833
744 4.0665613006262955
745 4.272695376532023
746 4.241040731675397
747 4.1756204877124565
748 4.174972194984804
749 4.236607649040621
750 4.217735370463064
751 4.126620454181549
752 4.2542243707382505
753 4.251036208966634
754 4.262710089200142
755 4.173046049542747
756 4.174468213481663
757 4.135606267155816
758 4.445791850879671
759 3.956499328304296
760 4.071985122845916
761 4.338565805231025
762 4.424499421254805
763 4.166491391174609
764 4.251287488666246
765 4.1837634364236616
766 4.14214013072838
767 4.304291778816247
768 4.33361410653954
769 4.32388962839818
770 4.231368102571763
771 4.223152611609119
772 4.08218921657231
773 4.181554610849769
774 4.17161680987896
775 4.341141590248165
776 4.094279915810009
777 4.2430986221011135
778 4.223416445548817
779 4.437418300617365
780 4.488084027105512
781 4.173682890130247
782 4.245786301767648
783 4.102481799747228
784 4.185730940874926
785 4.169456165722348
786 4.1653656939766375
787 4.151934391974614
788 4.242109565637693
789 4.1261727249215845
790 4.363764990112851
791 4.220761641885428
792 4.191519617329737
793 4.346782634173323
794 3.9796759935893404
795 4.132948028934709
796 3.9491990835167994
797 4.2807819256083075
798 4.085474174843186
799 3.978493151126199
800 3.9625889828215275
801 4.23254240115252
802 4.197811832150452
803 4.411129661303698
804 4.2089167263589795
805 4.081897063716342
806 4.130789683898822
807 4.264409655937414
808 3.903055913588368
809 3.9962496745470264
810 4.102378749312168
811 4.046081532323449
812 4.3754522127757465
813 4.322557749565718
814 4.322419708891837
815 4.547612006633293
816 4.26433932463835
817 4.067655190826648
818 4.132914850184137
819 4.168628096463953
820 4.109592461756415
821 4.251490951828011
822 4.262954775839698
823 3.9108934267879727
824 3.962702225780869
825 4.229099227113518
826 4.174769372715343
827 4.148596514248477
828 4.259390404557688
829 4.182744414921
830 4.120102064569337
831 4.075473000801949
832 4.205802331763657
833 4.0968682492603685
834 4.244494883534209
835 3.9704114599041858
836 4.203644665143585
837 4.019700392186775
838 4.176031634509532
839 4.212987867116255
840 4.355065843561121
841 4.227142680574012
842 4.151067898015128
843 4.382261703346503
844 4.252559578735202
845 4.117351642757742
846 4.250152970661526
847 4.087926426524654
848 4.419640755157925
849 4.407118400098055
850 4.163496054057208
851 4.2402805199737355
852 4.374657323162565
853 4.421180657836288
854 4.30018889080358
855 4.366716026572224
856 4.051678079614107
857 4.105756996375057
858 4.2321484741192785
859 4.152165219085517
860 3.923983328201531
861 4.33469147335748
862 4.060317284668321
863 4.302170823835616
864 4.096679808651008
865 4.241332622044335
866 4.227752561543392
867 4.03518149388359
868 4.1282046201524025
869 4.3726851071890325
870 4.097439284634855
871 4.643016333655802
872 4.124497260396267
873 4.146227526524913
874 4.217978256638225
875 4.319564749283193
876 4.169754193736507
877 4.170050454200531
878 4.075690904497515
879 3.874651932591356
880 4.249264529156727
881 4.0078809839327505
882 4.334578231899849
883 4.344732230235305
884 4.19475520243012
885 4.287550666350843
886 4.241525977474412
887 3.93896370803509
888 4.226954593857412
889 4.097929886788523
890 4.453798202461419
891 4.161995432859251
892 4.020820250783552
893 4.395421435872428
894 4.181259863850562
895 4.094541460778613
896 4.11304771981383
897 4.1456639654288985
898 4.277683245542206
899 4.035287876255505
900 4.391875198885443
901 4.133003680686122
902 4.1342575162619
903 4.078347611931254
904 3.983535483097329
905 4.199879369634367
906 4.211415883531837
907 4.011916832625892
908 4.336359589891809
909 4.272131708234027
910 4.264099783870957
911 4.411139168834527
912 3.9384411859692094
913 4.1131357396930515
914 4.037621498342334
915 4.059794911754366
916 4.124443774644304
917 4.038913375426887
918 4.050858221198696
919 4.272304413681649
920 3.9780329269470562
921 4.348748220428077
922 4.112041907523589
923 4.114650445609556
924 4.3260872466047005
925 4.161500290070282
926 4.133429614946315
927 4.2839566424447755
928 4.275382370074715
929 4.251047214065739
930 4.253922975177018
931 4.095420117857161
932 4.073523806105535
933 4.309442249617847
934 4.1840960685923045
935 4.168641260328646
936 4.35073410965659
937 4.255539079789544
938 4.222227313599099
939 4.1907067302222565
940 4.101163930050756
941 4.097011612084806
942 4.124707101540994
943 4.209107981914171
944 4.184097294202762
945 4.212811807162896
946 4.217518111550125
947 3.9214428310961438
948 4.1172191315943625
949 4.1015602045609
950 4.13001336689374
951 4.455798509637146
952 4.173781218902043
953 4.235564829073664
954 4.59520451223105
955 4.188516702851432
956 4.125507073238211
957 4.024209067457381
958 4.330188764943886
959 4.20463515881656
960 4.257272239517448
961 3.9509757709686557
962 4.33091105525215
963 3.9860155894926783
964 4.163206127146691
965 4.470975866696663
966 4.172662423632298
967 4.449951026863796
968 4.154528895103468
969 4.232429710529426
970 4.355296950818412
971 4.307463934235051
972 4.105416128669263
973 4.2587895124054365
974 4.23048349135108
975 4.280589042038472
976 4.256572609475447
977 4.268612045987448
978 4.142256928132045
979 4.333590676996751
980 4.143479220106069
981 4.183808512459304
982 4.336639374367586
983 4.248703606214278
984 4.314536387929654
985 4.402596009540675
986 4.109440234044374
987 4.195933299704499
988 4.163049100869825
989 4.146206982054151
990 4.171173393728829
991 4.159775419633232
992 4.029929796820828
993 3.9532591893173414
994 4.096388012775445
995 4.221033249179342
996 4.367967326096958
997 4.161287473797942
998 4.293752034930948
999 4.267123091306036
1000 4.135977157305943
1001 3.989925400828554
1002 4.230176795839504
1003 4.13377815259648
1004 4.1124333917146165
1005 4.288682071598719
1006 4.111491544088749
1007 4.31535626294818
1008 4.206731617212061
1009 4.066692505760079
1010 4.067466487532526
1011 4.21223362146214
1012 4.101072039474283
1013 4.108574325500176
1014 4.165355676640092
1015 4.0310066702085745
1016 4.709068469172307
1017 4.180019429185846
1018 4.1882063071989215
1019 4.2036550248786835
1020 4.159081256298745
1021 4.1795343324824685
1022 4.139533463917821
1023 3.932930290843808
1024 4.070243276399259
1025 4.0940157694562185
1026 4.240045700782695
1027 4.114427447628214
1028 4.176852779002041
1029 4.023484442130054
1030 4.153325114063265
1031 4.207555993937014
1032 4.38414486031479
1033 4.273543790602301
1034 4.2829530797936926
1035 4.089148200789762
1036 4.206415127611264
1037 4.165009907906573
1038 4.293619845954922
1039 4.040380920943455
1040 4.207106660200202
1041 4.17966914031919
1042 4.0718684874549425
1043 4.168671147891391
1044 4.065148284404828
1045 4.321814636470699
1046 3.9088651725397896
1047 4.25027514466472
1048 4.160345586465292
1049 4.187200773172607
1050 4.042729512772125
1051 4.112889482476306
1052 4.219818417270908
1053 4.124252314544299
1054 4.17365623444507
1055 4.199904404408061
1056 4.118148682457829
1057 4.100090785106694
1058 4.167032044973358
1059 4.088546048491459
1060 4.3258836605446875
1061 4.12061944675548
1062 4.013853097053615
1063 4.287509957404151
1064 4.199061594953709
1065 3.988841483049918
1066 4.17375991410695
1067 4.131437664986983
1068 4.1898277263233155
1069 3.897453477683812
1070 4.207283919076645
1071 4.162988289641983
1072 4.207081814293553
1073 3.9466390656663015
1074 4.096759868096297
1075 4.3467949606923755
1076 4.135603263870739
1077 4.288700269512494
1078 4.162278698000734
1079 4.0258961069204195
1080 4.122017319590464
1081 4.048877032879342
1082 4.100476102106778
1083 4.015471440978827
1084 4.267434155058989
1085 4.1081825761410595
1086 4.048568549964556
1087 4.320494577809157
1088 4.202735985758052
1089 4.186937405622166
1090 4.150274082242809
1091 4.085054725952558
1092 4.1596239660745145
1093 4.06385405140824
1094 4.35679954151805
1095 4.135307614819957
1096 4.362270987217055
1097 4.040290610682393
1098 3.969320321155095
1099 4.188524011071509
1100 4.181430591998753
1101 4.193149017233678
1102 4.103454416584669
1103 4.11271249936427
1104 4.006843808640293
1105 4.289148553149723
1106 4.102929646927448
1107 4.223165881351502
1108 4.094008142661604
1109 4.1935754389669375
1110 4.251158927313386
1111 4.118496725502107
1112 3.991422730835687
1113 4.078393949882929
1114 4.0821074022127455
1115 4.162092879375594
1116 4.095304090201516
1117 4.098944822857344
1118 4.240473976858196
1119 4.05835158809928
1120 4.327684765211482
1121 4.120487758217226
1122 4.041439465484793
1123 4.189165038854803
1124 4.018983073173498
1125 4.105483807283531
1126 4.03431815053236
1127 4.180347836331305
1128 4.0540964832947965
1129 4.072031242683322
1130 4.2265176800908115
1131 4.2432968112061085
1132 4.127185292813461
1133 4.1167828983474415
1134 4.20306990054497
1135 4.2111572348008695
1136 4.085968722505786
1137 4.23079742425953
1138 4.286765886792756
1139 4.1896793130294245
1140 4.224050442385933
1141 4.229022639083909
1142 4.1484008742176055
1143 4.268959577321756
1144 4.2380457305717245
1145 4.156059398079133
1146 4.129663695361558
1147 4.35305970147172
1148 4.055763335530209
1149 4.322467862540779
1150 3.9885402672512735
1151 4.199444498591824
1152 4.15852062087774
1153 4.162187382121445
1154 4.478160485572694
1155 4.087146614501644
1156 4.271207973919038
1157 4.2434437730614265
1158 4.165140861669732
1159 4.06260070584215
1160 4.261108081685161
1161 4.279888915972009
1162 4.078935159888686
1163 4.182912563529718
1164 4.331806761245749
1165 4.209113502504403
1166 4.040677140093678
1167 4.047732217868905
1168 4.007612363976382
1169 4.096470775548704
1170 4.169305420351915
1171 4.175866659473118
1172 4.297721337569438
1173 4.052713602824915
1174 4.204886499482051
1175 4.172564278241723
1176 3.858348926758775
1177 4.044015486689404
1178 4.268173227101242
1179 4.175280838803594
1180 4.1205606312586385
1181 4.263277740008055
1182 4.133095404484677
1183 4.11974440821388
1184 4.162856917370065
1185 4.0807001137447445
1186 4.114333427113749
1187 4.174758231089427
1188 4.153493073372589
1189 4.053452374480473
1190 4.512351615922217
1191 4.137954996406562
1192 4.258899189207321
1193 4.206660221795944
1194 4.033541160170296
1195 4.059270936516558
1196 4.167412832412022
1197 4.169302005498743
1198 4.065679969766672
1199 4.321464540237415
1200 4.164415875458352
1201 4.338399409012701
1202 4.1120274640119385
1203 4.147390274478781
1204 4.07608239234602
1205 4.275989328850723
1206 4.127207705138855
1207 4.138229891274393
1208 4.186915830505778
1209 4.294428760666337
1210 4.176033092905292
1211 4.103262864583957
1212 4.208489649744214
1213 4.383443299326681
1214 4.0702247806596645
1215 4.220869775783704
1216 4.175033053004114
1217 4.183827742575391
1218 4.0643239874979065
1219 4.164950537583214
1220 4.199845991811036
1221 4.099186408174883
1222 4.402702436037377
1223 4.228466035747244
1224 4.228975522235232
1225 4.242119357470551
1226 4.119682388899442
1227 4.2428004848165575
1228 4.113462257499077
1229 4.087844443743474
1230 4.238223721718563
1231 4.144516834878267
1232 4.10423449728775
1233 4.2776211996336455
1234 4.075278309647114
1235 4.203010654157666
1236 4.125896501344198
1237 4.2856439196509735
1238 4.132085845664583
1239 4.160053443388656
1240 4.114300065190568
1241 4.086504941672506
1242 4.2292829475673335
1243 4.169126309588004
1244 4.295634517276997
1245 4.245654039599857
1246 4.472561313275597
1247 4.206818037446905
1248 4.367765493697375
1249 4.277148060079389
1250 4.2695579993482955
1251 4.243798743159203
1252 4.238339370186014
1253 4.153813650677706
1254 4.0104925868305745
1255 4.266541516922499
1256 3.9929303523594335
1257 4.066101407318796
1258 4.105414155672904
1259 4.0884688894347505
1260 4.1752946729658404
1261 4.119817697956041
1262 4.156657977624237
1263 4.3318536207416
1264 4.2332276807059595
1265 4.289478808272377
1266 4.385414113477214
1267 4.190396633719111
1268 4.099569119528518
1269 4.155363392723974
1270 4.231938279474507
1271 4.305833278929572
1272 4.235831688314723
1273 4.248979848211713
1274 4.100244958655435
1275 4.080704681416768
1276 4.558215872595228
1277 4.118649110198849
1278 4.3656162753601695
1279 4.185887993358589
1280 4.302276432919443
1281 4.08216607437627
1282 4.19158491430387
1283 4.24373799575808
1284 4.1647696179219125
1285 4.2809344042714725
1286 4.2420172354700565
1287 4.140617949926457
1288 4.16385092573839
1289 4.18551762241086
1290 4.1446070200115654
1291 4.209363198542714
1292 4.151471132022401
1293 4.113476102574763
1294 4.218412874477309
1295 4.3020577188763935
1296 4.461214782394715
1297 4.202572813166453
1298 4.184456029249562
1299 4.248502164374645
1300 4.22699604869202
1301 4.22866920029741
1302 4.061747748558659
1303 4.354965172708473
1304 4.198617495622551
1305 4.258040303620103
1306 4.095974974504804
1307 4.144309815186313
1308 4.224857404947335
1309 4.11101206416489
1310 4.13432367116671
1311 4.221949990623887
1312 4.1246768641513
1313 4.091404367810249
1314 4.255020412650857
1315 4.047063074502312
1316 4.094985479169709
1317 4.039974234388014
1318 4.1341627257544165
1319 4.296268879764209
1320 4.176366395151865
1321 4.162952553301821
1322 4.221139635651797
1323 4.038501175253194
1324 4.355260770101955
1325 4.115341832182118
1326 4.1215523416877575
1327 4.076266142397351
1328 4.1747446653889435
1329 4.231393950134176
1330 4.164255151502459
1331 4.186552412452019
1332 4.168780214390653
1333 4.032152676842362
1334 4.318912261768766
1335 4.506672906917157
1336 4.0250599078692835
1337 4.178360526664127
1338 3.9474473510545693
1339 4.168446456839129
1340 4.0811039218582135
1341 4.2504693178735025
1342 4.296753377654471
1343 4.193817959166774
1344 4.248137480383442
1345 4.134649167534185
1346 3.9966106722578862
1347 4.037540444624391
1348 4.133929186008994
1349 4.057319725940578
1350 4.095205537933815
1351 4.139755337549595
1352 4.219365409972981
1353 4.1961996572864075
1354 4.238433587232263
1355 4.141862268991245
1356 4.057338445683464
1357 4.182333943237265
1358 4.227483686535828
1359 4.196403276143039
1360 3.9789564504442474
1361 4.172665040596853
1362 4.452817558784982
1363 4.059236508287616
1364 4.270772210407554
1365 4.032483978805559
1366 4.408910436398668
1367 4.1910901952385515
1368 4.117329812787751
1369 4.385820580470185
1370 4.095047076442715
1371 4.662075143561284
1372 4.622457150039234
1373 5.358068964973797
1374 5.5095046344911385
1375 4.4234572156815215
1376 3.8588215924891553
1377 3.966032922954492
1378 4.004306985645887
1379 4.176454542203897
1380 4.080013031875797
1381 4.0349972880611045
1382 4.2809376776865635
1383 4.100521735876562
1384 4.106921524967134
1385 4.398191856247393
1386 4.150181863941243
1387 4.084201385361396
1388 4.037376654208481
1389 4.156917664951624
1390 4.2191793954241215
1391 4.2594177999979985
1392 4.182257278678927
1393 4.165019315451117
1394 3.993816370201627
1395 4.18549337038165
1396 4.168749820375932
1397 4.215227406539597
1398 4.136043837902853
1399 4.1032019442542795
1400 4.146712873594698
1401 4.287046111847117
1402 4.234511518838881
1403 4.0197254398332865
1404 4.205852358430698
1405 4.186340497291316
1406 4.073839472116999
1407 4.312109290827187
1408 4.159708777473165
1409 4.09608917691756
1410 4.277564892230894
1411 4.111423035472979
1412 4.144604454241345
1413 4.1498332065524215
1414 4.101108907674327
1415 4.360232184012866
1416 4.199839788613468
1417 4.292883724148299
1418 4.076503419369018
1419 4.349787865639317
1420 4.087103827922433
1421 4.12904810473319
1422 4.226086345798054
1423 4.124326603080275
1424 4.27635422976508
1425 4.1946622711001735
1426 4.139945383525092
1427 4.450055920643049
1428 4.262815718193195
1429 4.283317077574024
1430 4.536135156766815
1431 4.308525580519623
1432 4.323806675086974
1433 3.883114622740511
1434 4.1416153155707045
1435 4.261261302236201
1436 4.046603476527117
1437 4.02293939444398
1438 4.217947245621041
1439 4.112559791006541
1440 4.055363850842744
1441 4.129359364849737
1442 4.242010605057792
1443 3.992308478786603
1444 4.1642516372494525
1445 4.087761361769773
1446 4.311947983152608
1447 4.0732795076247825
1448 4.154242547994559
1449 4.296052433295622
1450 4.157865234965949
1451 4.200360456579406
1452 4.002283288980271
1453 4.0980528581563735
1454 4.230968997141308
1455 4.351606531651893
1456 4.157719310080974
1457 4.0942918927539536
1458 4.228858545167076
1459 4.047871226512844
1460 4.246109608213055
1461 4.376112740112802
1462 4.166004739973917
1463 4.2930452114102255
1464 4.247674887852404
1465 4.67821678704747
1466 3.920258093286132
1467 4.3107965090754465
1468 4.2353091583713525
1469 4.264197801906381
1470 3.8845251994177468
1471 4.123781714692983
1472 4.380655498774151
1473 4.231422539346542
1474 4.0479222424009
1475 4.182827099076799
1476 4.338265139312216
1477 4.253460555048536
1478 4.3651207066186934
1479 3.839289223352326
1480 3.9926837892718394
1481 4.3125243567385345
1482 4.253594678577342
1483 4.186687605508823
1484 4.365822783170207
1485 4.194471833457305
1486 4.215475871207268
1487 4.3099208593231335
1488 4.136873984144628
1489 4.294858760832461
1490 4.227194110748702
1491 4.137480465949151
1492 4.127434191188612
1493 4.164470578568845
1494 4.14086074528912
1495 4.250808650887366
1496 4.140840223267907
1497 4.0382223055250375
1498 4.2559766090216735
1499 4.063073566571881
1500 4.263837002444847
1501 4.180369252020445
1502 4.146029657885075
1503 4.207390713227068
1504 4.38070899902249
1505 4.29599229473429
1506 4.050145478507209
1507 4.066677839237196
1508 4.565653482446583
1509 4.2127160383100035
1510 4.1318436477465985
1511 4.065051062633491
1512 4.13271636724323
1513 4.300779827288495
1514 4.189159651049712
1515 4.282050101759057
1516 4.034007382615102
1517 4.138176726850275
1518 3.9586034305485285
1519 4.375043170234106
1520 4.183396409726396
1521 4.049022813549201
1522 4.136620191634846
1523 4.046600055358019
1524 4.052923440439937
1525 4.272505520796235
1526 4.183839882559802
1527 4.181761567918779
1528 4.304742152525355
1529 4.1833578343601445
1530 4.41550256935718
1531 4.623842990291445
1532 4.161345252377692
1533 4.22952932860001
1534 4.265669981996057
1535 4.3238309597652504
1536 4.1813722854693784
1537 4.133282054165934
1538 4.409969566722679
1539 4.064226115956722
1540 4.291793163292743
1541 4.400979731402396
1542 4.154543741210981
1543 4.354848620484397
1544 4.254535110867477
1545 4.09249672076123
1546 4.178723082997877
1547 4.20815618597466
1548 4.284852609685197
1549 4.209075239783952
1550 4.0067108660595645
1551 4.122377194959074
1552 4.126007595688728
1553 4.111433892890933
1554 4.2764262058877405
1555 4.27846776566964
1556 4.227798929510355
1557 4.193046051554194
1558 4.259109746340494
1559 4.294019329986638
1560 4.353318029441695
1561 4.1187235122022825
1562 4.0557850813121625
1563 4.146803027227943
1564 4.246211488340385
1565 4.073359651086665
1566 3.8789039671263175
1567 4.132980639686836
1568 4.263611785199709
1569 4.242565925129902
1570 4.18308804519017
1571 4.404210592535199
1572 4.338233648542241
1573 4.180460765194859
1574 4.211425295337347
1575 4.255729963180305
1576 4.131380341196347
1577 4.117405632809626
1578 4.32068545702559
1579 4.405805268664218
1580 4.337908356719773
1581 4.133364436023073
1582 4.267977591640411
1583 3.9274083668379496
1584 4.208744898492142
1585 4.226596183245101
1586 4.277596470000957
1587 4.054459705837008
1588 4.130594167111699
1589 4.186101408411546
1590 4.34743831930464
1591 4.138364067746101
1592 4.2187996018700105
1593 4.219199860761807
1594 4.208180082869529
1595 4.36233951890541
1596 4.382132653412689
1597 4.3390606237038005
1598 4.468041545878128
1599 4.194118933407705
1600 4.2344366871234005
1601 4.519420599106661
1602 4.147331782252804
1603 4.179808644710843
1604 4.1043507013672444
1605 4.317131493034838
1606 4.1485697185722525
1607 4.302820558310554
1608 4.157245272787885
1609 4.340719143840261
1610 4.146556985648903
1611 4.173546728819623
1612 4.20704189475906
1613 4.383280212345596
1614 4.109490489722517
1615 4.20395498761178
1616 4.186421533220675
1617 4.297155082462632
1618 4.1605698015826835
1619 4.213868591603144
1620 4.30464045852593
1621 3.9480850824417875
1622 4.326174235852004
1623 4.143254008018849
1624 4.157518767171901
1625 4.2893359409341425
1626 4.478844689689645
1627 4.27374372260629
1628 4.255103664077254
1629 4.106336368868317
1630 4.194893876027691
1631 4.271409007938351
1632 4.1340399315882355
1633 4.246582166620965
1634 4.087595135967604
1635 4.3155584628347565
1636 4.185411835718444
1637 4.071400832555524
1638 4.129118839503349
1639 3.982720676569684
1640 4.121208454972984
1641 4.162688496213004
1642 4.173295500621768
1643 4.193004892251458
1644 4.107747468269332
1645 4.319729520030984
1646 4.1125097379161355
1647 4.188671882321032
1648 4.11971249970736
1649 4.1937656716094285
1650 4.243727248915826
1651 4.18926052019749
1652 4.030232518559485
1653 4.387433884801151
1654 4.219444045488923
1655 4.213345402798285
1656 4.338198784960946
1657 4.18253633372323
1658 4.077848772103664
1659 4.062956725054536
1660 4.248969575320267
1661 4.2290081430493345
1662 4.271846174503596
1663 4.257997431119114
1664 4.170896262338702
1665 4.173075912862542
1666 4.226401606945968
1667 4.241704314912026
1668 4.185452021962584
1669 4.065916856253888
1670 4.284302128655307
1671 4.043319908974279
1672 4.074675521265831
1673 4.099388661194178
1674 4.317990893534716
1675 4.182757492230823
1676 4.360780734351508
1677 4.332209884812565
1678 3.943947093941741
1679 4.264391558126153
1680 3.9719804661204567
1681 4.272510506025413
1682 4.0447969599666305
1683 4.329259538723537
1684 4.034308815664997
1685 4.207319528267525
1686 4.1762162991011955
1687 4.304156394549932
1688 4.011287444515075
1689 3.934542550548203
1690 4.009652525254763
1691 4.2892228928877145
1692 4.009490551714004
1693 4.07563938020121
1694 4.053985942295973
1695 4.244924297303928
1696 4.151359542748563
1697 4.084777942684373
1698 4.032911378451217
1699 3.706885549463312
1700 3.5854669834303934
1701 3.4127894717981264
1702 3.988471507762416
1703 3.9216651285108735
1704 3.6678134011083827
1705 3.372069671740998
1706 4.240530906472574
1707 4.295455538197106
1708 3.695756201947186
1709 4.001713095212882
1710 4.181600548542616
1711 4.071402272146014
1712 3.806007144556241
1713 3.996123780218372
1714 3.523327742447337
1715 4.372817994035002
1716 4.096767617612723
1717 4.151471186996368
1718 4.158592183689237
1719 4.238559505767071
1720 4.19889467074272
1721 4.318390339656569
1722 4.164473665082029
1723 4.033515272465951
1724 4.282180773142391
1725 4.304251966310383
1726 4.140778252524687
1727 3.9859172230185074
1728 4.19652030911188
1729 4.141855718454013
1730 4.118333788070552
1731 3.8989116080567494
1732 4.177990667711701
1733 4.252297878960259
1734 4.199912600685139
1735 4.203799849514138
1736 4.092379820454652
1737 4.325889698215685
1738 4.303512021471414
1739 4.3025195499602935
1740 3.7098366174975435
1741 4.054232154562158
1742 4.246560507093181
1743 4.081571858448215
1744 4.043142187713429
1745 4.109913330948856
1746 4.093380803655346
1747 4.287789980637947
1748 4.2078531745018894
1749 4.04723216895244
1750 4.354881935401905
1751 4.222067479781312
1752 4.180577180199237
1753 4.359631698198243
1754 4.326758844265079
1755 4.118490379370422
1756 4.241761821791898
1757 4.142730908857931
1758 4.203354871961647
1759 4.153246681305344
1760 4.31105524547434
1761 4.260399748392641
1762 4.045519436228629
1763 4.1567355159981085
1764 4.206771193376016
1765 4.219147742821762
1766 4.348400424090374
1767 4.356040319956709
1768 4.24652219930422
1769 4.432506048754558
1770 4.207085847513054
1771 4.3063039450727825
1772 4.315306253349976
1773 4.140475363976368
1774 4.242293374306209
1775 4.256793874224592
1776 3.9942801067611264
1777 4.593545133051547
1778 4.147370953387189
1779 4.244895603286701
1780 4.2077564154635025
1781 4.057831568971309
1782 4.31377842133134
1783 4.28872812879883
1784 4.1785465421847725
1785 4.307013108869809
1786 4.35939228618
1787 4.210800528908996
1788 4.373786931661213
1789 4.329754745144956
1790 4.568023383478956
1791 4.227729823729782
1792 4.219717575272963
1793 4.227841198028947
1794 4.249030350831803
1795 4.071322771306446
1796 4.214448917390471
1797 4.3070698088616
1798 4.20160103334937
1799 4.312842330693645
1800 3.9320613946861966
1801 4.268163894858369
1802 4.246443158429136
1803 4.262713930559862
1804 4.203395131620334
1805 4.141727006385866
1806 4.167384491894941
1807 4.337092434909509
1808 4.270550453602694
1809 4.181001707499051
1810 4.001682324482089
1811 4.001455811782497
1812 4.307723920660531
1813 4.201143755000052
1814 4.182050220539167
1815 4.2633702348152696
1816 4.070052432556454
1817 4.175119738526294
1818 4.334485224380005
1819 4.075008780056531
1820 4.308654505687688
1821 4.112726611094709
1822 4.22503277339997
1823 4.258835328051411
1824 4.136332807559595
1825 4.3792087329810805
1826 4.2174945246396405
1827 4.194141069298451
1828 4.249525405479456
1829 4.2282351620508685
1830 4.257988434220984
1831 4.362826393513879
1832 4.3262248498724905
1833 4.238180158321602
1834 4.049995341882621
1835 4.211532799659646
1836 4.090104553403749
1837 4.237081050398117
1838 4.217055169263798
1839 4.1146734666051215
1840 4.267351008996894
1841 4.268636584697829
1842 4.199121316440843
1843 4.2630892463819645
1844 4.113738322082199
1845 4.297907726214397
1846 4.108284358574674
1847 4.347090904581051
1848 4.169897524312833
1849 4.144886406398218
1850 4.096120619185453
1851 4.29505036738877
1852 4.372417743967106
1853 4.4431040765620144
1854 4.156267290021543
1855 4.2262309207366675
1856 4.229935383445855
1857 4.307894790885075
1858 4.457787897727984
1859 4.29006427841073
1860 4.203141585600869
1861 4.115013231202839
1862 4.213077179543192
1863 4.250293691260179
1864 4.283485950278443
1865 4.247435942867176
1866 4.342271495865596
1867 4.337831066491223
1868 4.219866511476428
1869 4.32487538964354
1870 4.382592036276026
1871 4.357969644096905
1872 4.210063133210416
1873 4.234165277608486
1874 4.259365243257253
1875 4.266635324718205
1876 4.161867528263018
1877 4.311357832370958
1878 4.2528182326091395
1879 4.061119885765453
1880 4.053516412800254
1881 3.9905554026797874
1882 4.309650556200096
1883 4.182569881855316
1884 4.04248013435601
1885 3.8701802919324213
1886 4.301647917020665
1887 4.209007438657322
1888 4.246354021973882
1889 4.154927182564104
1890 4.068724779389655
1891 4.025389562288226
1892 4.103112303186591
1893 4.074166163563242
1894 4.0897734621730715
1895 4.061929136602525
1896 4.147529678896987
1897 4.187715254843337
1898 4.22740964604958
1899 4.176103462531702
1900 4.221249724115209
1901 4.180455465250971
1902 4.1064259945296895
1903 3.9720696601809675
1904 4.313095472014197
1905 4.224274316760496
1906 4.208179379502476
1907 4.263409174145731
1908 4.141906637707436
1909 4.2531769162402115
1910 4.362390041334368
1911 4.034542240720414
1912 4.183617742036258
1913 4.294772232274606
1914 4.16192294510509
1915 4.177628860820067
1916 4.08634039823079
1917 4.138461774373354
1918 4.21768984384489
1919 4.233295197048606
1920 4.232928576203273
1921 4.2812430793164005
1922 4.255535038373272
1923 4.104266366392773
1924 4.318257605078439
1925 4.2893034349183115
1926 4.193789927222994
1927 4.076721976838601
1928 4.399872272696762
1929 4.2421082638234875
1930 4.391993270723813
1931 4.330866078371212
1932 4.637922743740033
1933 4.161523135659526
1934 4.4075295573106015
1935 4.161144243141172
1936 4.155684706313501
1937 4.056841159993757
1938 4.149214288966675
1939 4.259592535396455
1940 4.204279180856932
1941 4.24874884288621
1942 4.106676485991965
1943 4.155313647793168
1944 4.279096666538158
1945 4.215609462686126
1946 4.102962203392402
1947 4.314911084960353
1948 4.203674181975613
1949 4.2637491254725255
1950 3.989215687305586
1951 4.301332220607917
1952 4.034387913189993
1953 4.124417469751971
1954 4.162506733123356
1955 4.20500634630889
1956 4.085636241176914
1957 4.15081179066778
1958 4.264880872549257
1959 4.204441468497046
1960 3.959867715785968
1961 4.438145868490215
1962 4.147311684708546
1963 4.040377756864266
1964 4.29668154098575
1965 4.209745797316225
1966 4.2006117587246745
1967 4.355277791988516
1968 4.127397876417977
1969 4.251844417123651
1970 4.271834789652728
1971 4.119779029299939
1972 4.185243289046037
1973 4.200596900614637
1974 4.248695800021933
1975 4.146697615477273
1976 4.379500213349771
1977 4.075842456778106
1978 4.281818243926914
1979 4.080019062019031
1980 4.098785375278526
1981 4.138454796430465
1982 4.103447974240809
1983 4.078451341826981
1984 4.209485737029032
1985 4.1478705475930004
1986 4.006445347036401
1987 4.1937652691090745
1988 4.16808361845379
1989 4.205660948280942
1990 4.202436258888319
1991 4.140860093996549
1992 4.255424365991091
1993 4.119667212391025
1994 4.316599147470459
1995 4.251729593172533
1996 4.066916856649472
1997 4.13150642804022
1998 4.272275594069742
1999 4.282313570159862
2000 4.25431743926788
2001 4.098521995655292
2002 4.450660450740343
2003 4.576543060331681
2004 4.840979886099229
2005 4.399270201926534
2006 4.556969610806458
2007 5.673067340185594
2008 5.689560442537155
2009 4.180686648974433
2010 4.267469657487433
2011 4.157562471908775
2012 4.560035995544277
2013 4.732344363426166
2014 4.199094489025532
2015 4.5073447122698385
2016 4.172092419717979
2017 4.137260029813958
2018 4.222293442259314
2019 4.158355161351187
2020 4.259172569026812
2021 4.231662140514099
2022 4.232978458294275
2023 4.424791821774438
2024 4.532653384670468
2025 4.62328173261189
2026 4.039600805410095
2027 4.442513309386492
2028 4.048842851232183
2029 4.425927305481956
2030 4.243283068092472
2031 4.166331327027947
2032 4.587611219464798
2033 4.317858554977792
2034 4.070067887573353
2035 4.49825423446153
2036 4.516075099974664
2037 4.172487375919412
2038 4.397217310229188
2039 4.5725614685472635
2040 4.257857077169367
2041 4.404368975022565
2042 4.393650641441515
2043 4.507920925009296
2044 4.660593619763509
2045 4.468821990137036
2046 4.276542220749731
2047 4.45495255482081
2048 4.478604024308433
2049 4.680443110660029
2050 4.235995976852004
2051 4.217030915606734
2052 4.457008156802702
2053 4.530500618539668
2054 4.05254205893978
2055 4.547781273908965
2056 4.436662907541463
2057 4.4106814330492545
2058 4.65238769347514
2059 4.372248479885819
2060 4.947974928838425
2061 4.485732837676258
2062 4.313562333962065
2063 4.500720099509351
2064 4.470534661288858
2065 4.271168781252405
2066 4.408085002889208
2067 4.4153467066636924
2068 4.817672268504199
2069 4.752293124090955
2070 4.6546282757501505
2071 4.155969005677711
2072 4.60401279242965
2073 4.419109187434859
2074 4.431548526653875
2075 4.402229460889925
2076 4.397903882196039
2077 4.163344287586154
2078 4.487538662441124
2079 4.646366021564641
2080 4.723816215086872
2081 4.504320799557018
2082 4.520774369860304
2083 4.485885532431281
2084 4.388706561991789
2085 4.460446796148303
2086 4.243922850862461
2087 4.289140997044597
2088 4.348168800267129
2089 4.5645317315380165
2090 4.296366178569048
2091 4.37675275560056
2092 4.334455808518806
2093 4.639065090711583
2094 4.877089406332343
2095 4.204779876907441
2096 4.33237458930084
2097 4.491338550830531
2098 4.57950422598715
2099 4.469209964351868
2100 4.364776550484421
2101 4.747119495903679
2102 4.286881808757676
2103 4.59625515797692
2104 4.503907894080208
2105 4.443260543248192
2106 4.495270029236185
2107 4.145494696324662
2108 4.26964528120594
2109 4.517136001051888
2110 4.3176332247491604
2111 4.538233675578554
2112 4.132842887349904
2113 4.5834464719692
2114 4.540469616454978
2115 4.647502247987625
2116 4.540448496909595
2117 4.207114264813645
2118 5.479997214885984
2119 4.41648946927214
2120 4.351363091311786
2121 4.511149891508563
2122 4.237653837379936
2123 4.090029239050088
2124 4.818101407520728
2125 4.4598057445600965
2126 4.60060695671794
2127 4.476586843834561
2128 4.445672878635509
2129 4.606521634410068
2130 4.490949310410179
2131 4.524582760688227
2132 4.8218963152949765
2133 4.429573536541938
2134 4.494412845236253
2135 4.728359777120708
2136 4.470489930040761
2137 4.3254320420835795
2138 4.444231914088513
2139 4.558707008441879
2140 4.45911713024746
2141 4.373376942206683
2142 4.47035070720012
