0 4.356680612508465
1 4.812666988837654
2 5.434534026721753
3 5.539660459334548
4 5.908897246508391
5 6.395576177910178
6 6.7153185359324725
7 6.40004644123611
8 6.358419800766852
9 6.8023117265403465
10 6.703704737748978
11 6.687699109662419
12 6.973233200796026
13 7.610982348621518
14 8.18482353008544
15 7.179127969059529
16 6.151270471843297
17 6.109287935358382
18 6.0036444355149445
19 6.053810838216933
20 7.329271650904276
21 6.821702624000096
22 6.04655609514195
23 7.048016930477975
24 6.404977225401135
25 6.515832566045202
26 6.884424327302088
27 7.117117245302111
28 6.347808238794432
29 7.607617780628254
30 8.30650121134681
31 8.366339244756958
32 7.626183225025458
33 7.940643689322797
34 7.946034446605964
35 8.524960616472676
36 9.178131438656374
37 8.596511572125127
38 8.659472458849299
39 8.447385294201265
40 8.334110629350693
41 8.582090512222887
42 8.9191914098328
43 6.771837423825877
44 8.800312601379627
45 8.297314244262362
46 9.101935747618166
47 8.833039166548474
48 9.1092744595801
49 8.813531975107999
50 8.287693264736948
51 8.647049101474888
52 8.776541032259608
53 8.872719928399203
54 9.335869267661867
55 8.273552772622983
56 8.176051788679679
57 8.958193372217146
58 9.073287959493484
59 9.956927346614096
60 8.762755914933425
61 9.506054298758714
62 9.388092043634913
63 9.067978877691695
64 8.4874791664714
65 9.591543867634895
66 7.6776011632282195
67 7.235938507229822
68 8.2611044434287
69 7.764088064270806
70 7.068257447303646
71 6.505434908570796
72 5.982982553946678
73 6.23130560769552
74 6.860682971886184
75 5.611791755055115
76 6.426046410939137
77 6.489541042919144
78 5.979839673613213
79 5.7464790897597355
80 7.81797955179197
81 8.585355726582602
82 8.413997028816576
83 8.934168183085575
84 7.945708475482234
85 8.138513945604117
86 8.202005678812453
87 7.525423494664261
88 7.5497184701263755
89 7.6917399261753205
90 8.278624492011959
91 8.408346212011779
92 6.711920293178147
93 7.045332214776116
94 6.822521569008403
95 7.3215766853762405
96 7.556930057354602
97 8.189435756735033
98 6.9175317685566045
99 7.551606186633907
100 7.399566772684253
101 7.80776418357025
102 8.539667569672325
103 8.30309306633747
104 6.651137019560961
105 6.721722926703212
106 6.746343859702325
107 7.84949721235809
108 6.592220651140306
109 6.838381402029409
110 5.991909389177733
111 6.960131824157327
112 7.632169814186997
113 6.922978671059954
114 6.235870677872636
115 6.8387397061390605
116 6.202713376067196
117 6.214118700224847
118 5.455172358330804
119 6.662912905082902
120 6.512419786795259
121 5.735743274569772
122 6.523473620531671
123 6.591234127268499
124 6.063134268237598
125 6.026558045349449
126 6.740106033464505
127 7.471006215472389
128 9.79208304286686
129 8.995500021249548
130 8.615421801926777
131 8.839002472939608
132 9.809086162576879
133 9.16531891358307
134 9.14325390500895
135 9.261462496931701
136 9.368095796627067
137 9.449505061321625
138 9.774729798836042
139 10.209459523243215
140 8.731533284120328
141 9.426094420310847
142 8.548511540335527
143 9.052254471717685
144 9.037945236298421
145 9.551334331747087
146 9.076898537486898
147 8.706546496161323
148 9.231587224795176
149 8.421140931220647
150 8.90112988199346
151 8.175387989386472
152 9.40828455540607
153 8.517383414478164
154 8.506594116379503
155 8.36412979469357
156 8.86156972910029
157 8.426191699085535
158 8.775794190823927
159 8.66414297272971
160 8.678408002940266
161 7.726920438704253
162 8.296560448994391
163 8.703757092058288
164 8.626221236686138
165 8.712128363984302
166 8.246476305960265
167 8.47326897869926
168 8.437411174562158
169 8.445820429336003
170 9.692641227449462
171 8.63174350538908
172 9.740938083937989
173 9.310688628900916
174 8.938410776554347
175 9.73487322241529
176 8.032280289807568
177 8.601983028991459
178 8.726326105120158
179 9.916206187048173
180 7.132813272548642
181 8.311506254006103
182 8.408961619500245
183 8.643011167416347
184 9.307365608600255
185 9.24947459050855
186 8.97387234948134
187 9.048261935195036
188 8.467924327880572
189 8.914092910661912
190 9.89308133911586
191 9.628308049328432
192 8.616222876042864
193 10.060944324326195
194 9.73927036382857
195 8.324057954620308
196 8.530286544752187
197 10.308391285342166
198 9.261379403220936
199 8.91926180859484
200 7.839406604433155
201 9.562637397324812
202 9.208935716786904
203 9.418512922616593
204 8.683504424485434
205 9.667619204289466
206 8.617171844691422
207 8.816722592864673
208 9.81523952610576
209 9.150280391571979
210 7.977685109480794
211 8.478450886442113
212 8.440303222615505
213 8.230624545701312
214 8.859273849418631
215 9.205752139366213
216 9.6012729294391
217 9.14175929196456
218 8.713700603232835
219 7.521770242118618
220 7.498014602330357
221 6.104511720996712
222 5.7618294382730655
223 6.809662872700571
224 7.17753123668794
225 8.638058985130463
226 10.136020190446727
227 8.585765578105834
228 8.025721789107584
229 8.110942919941497
230 9.119516180689974
231 8.980275344051675
232 6.82822373883128
233 8.089302093306245
234 9.015254684016236
235 8.447226755659177
236 6.424981010965821
237 8.836800295315312
238 8.549770371384058
239 9.176855214126501
240 10.033643242442256
241 9.200776581667194
242 9.887868234907428
243 9.171092098377322
244 8.922294026885698
245 9.287981736856132
246 8.712139769395842
247 8.32395345215426
248 9.034652272490753
249 8.726936118764835
250 8.90693140031527
251 8.417789263512757
252 8.852429911647082
253 8.792485210776603
254 8.022759133787723
255 7.9699858551692975
256 9.002209411974098
257 8.035113748746317
258 9.022192685804498
259 9.860898918508433
260 7.7101328437035805
261 7.372033305538193
262 9.187634107310688
263 8.72871356300391
264 8.310280915439824
265 8.879058565034752
266 8.7769009045641
267 8.82597152307915
268 8.030501158176104
269 7.841817492978875
270 7.78525787274068
271 8.617364052198283
272 7.89031551211917
273 8.723169241135203
274 8.751425880638493
275 8.689648648607701
276 8.378465686216995
277 8.919561640998486
278 9.137974066274282
279 8.805966921155079
280 8.943422852814473
281 8.49322862103901
282 9.14859041503251
283 8.879863141695562
284 8.444939340675017
285 10.110025033872487
286 9.693246876361929
287 8.634764521841602
288 8.532902936353352
289 9.058154627054506
290 9.393145960545766
291 8.619232807759577
292 9.449604703488909
293 8.83409084532278
294 8.903351200652178
295 8.9385392461692
296 8.713910895093928
297 8.696694292674428
298 9.169952378760792
299 8.581859690201476
300 8.789016885317112
301 9.574763526503817
302 9.267937836233733
303 9.562971974009969
304 9.092027560568573
305 8.256803913932554
306 8.667074983425541
307 10.050553944654379
308 9.47644326541168
309 9.734160660354656
310 8.92061310928285
311 9.760680482072374
312 9.90370130430108
313 8.458722283622095
314 9.461801485380242
315 9.281690869271081
316 9.321631437752522
317 9.640501252231495
318 8.874453893655536
319 9.073215478779552
320 8.389127686362514
321 9.268500214794432
322 9.041662122775207
323 9.341929867807144
324 9.579874376904943
325 9.40252211379554
326 9.023051975442309
327 8.747547353468264
328 9.621901743671962
329 8.918368018970849
330 8.570922213860788
331 8.42063460958536
332 8.87322876714548
333 9.189437091516982
334 8.85017586150189
335 8.945635936985546
336 8.644922512620548
337 8.569150866132857
338 9.034199955064231
339 8.61001142797575
340 8.663878574476966
341 8.935399804615406
342 9.456216353574332
343 8.575217087252947
344 9.067850170399582
345 8.504232773073102
346 9.170438553225067
347 8.866099038818797
348 9.527873826943544
349 8.992841577669054
350 9.474903103410751
351 9.063462277523568
352 9.146081410981708
353 9.065453961089954
354 9.553135479343247
355 8.590197441543415
356 9.15900871389193
357 8.938479433191905
358 9.47439943365067
359 8.603031550711144
360 9.504797451043014
361 8.743596717625463
362 9.795199347067427
363 9.263431005978108
364 9.30026881615439
365 8.261569445478903
366 9.536798665532544
367 8.747207071094637
368 9.509893137807534
369 9.13617074066883
370 8.561290207207572
371 8.600748628409722
372 8.425066799846824
373 8.51192463571248
374 8.259268929464318
375 8.19781300308328
376 8.707508598923736
377 7.575616580558136
378 8.556144802488555
379 8.89400626151221
380 9.211631711009456
381 8.638020895870746
382 8.737065464985344
383 10.379834240668199
384 10.033789577133327
385 10.296172256496225
386 10.450494950514722
387 10.162807148865648
388 9.228636549164234
389 10.17671077750857
390 8.935875579810975
391 8.948649846089943
392 8.963012736093841
393 8.904865113884464
394 8.812100544140815
395 8.426853053984477
396 8.730081206235525
397 8.780662186952936
398 8.756463457900907
399 9.09821726489321
400 8.913532793295284
401 8.942642678743407
402 8.942140144019609
403 8.805096910381174
404 9.597844041461698
405 9.06560098070388
406 9.121514709177003
407 9.511082428788237
408 8.645734088012258
409 8.657076390813822
410 8.737691789804986
411 9.051112756712461
412 8.85254564354477
413 8.992898355532144
414 8.780529370804341
415 8.895122019027086
416 7.860677451481819
417 8.957796525209936
418 8.265882431261018
419 8.637398302072333
420 7.6576487080127045
421 7.428333601026624
422 7.947598101508538
423 8.183557869933548
424 8.596975359989342
425 7.937465519720083
426 7.657049253568407
427 6.28029321393504
428 6.6243234229613375
429 6.192131366369628
430 6.532001024393069
431 6.583440115074858
432 6.517314970143586
433 6.755808240777497
434 5.896284320797067
435 6.950597387004123
436 6.448595326246555
437 6.125716655529257
438 6.440849395542883
439 6.148259002534672
440 6.486058875105381
441 7.993650354703181
442 6.887481097965135
443 7.2309042625918245
444 6.809272707824105
445 6.856666948176858
446 6.613485678138601
447 6.180046044673627
448 6.294697505175626
449 6.105889124447012
450 6.45780105331156
451 5.870781096428788
452 6.618820003627316
453 6.156244760510797
454 5.13913225223984
455 6.284838291976717
456 5.815316419126268
457 6.065902617598814
458 6.376633603356493
459 6.228601404968094
460 6.027585676459039
461 6.476685861095378
462 6.789831021837632
463 6.73453773526795
464 7.282291426426612
465 8.325794955894342
466 8.571454173192548
467 8.388734663133008
468 7.87543430153398
469 8.896189747332553
470 8.695208623042074
471 9.049877410401379
472 8.726952118423915
473 9.090289598650545
474 8.865759014492307
475 8.327081436791207
476 8.256955708425805
477 8.15210839878764
478 8.799277034266249
479 8.716752841315838
480 9.014153412886953
481 8.731021808116795
482 8.298818679139442
483 8.580669559955494
484 7.421460001302371
485 6.544523461597763
486 7.9025343976120315
487 8.065799575611214
488 7.826278973074733
489 8.517609470899899
490 7.713476564882665
491 8.51237649694532
492 9.644950444009421
493 9.89116067478985
494 8.731837736982893
495 8.2788999182447
496 8.886219640720094
497 9.235286496442955
498 7.594721909062401
499 7.213510919841958
500 7.921490105076973
501 8.719143458830876
502 8.971745597497948
503 9.18436549597921
504 8.994169563600002
505 9.783982659629434
506 9.317312737429488
507 9.59562780119003
508 9.854643990969125
509 8.675301965428316
510 9.037727408684585
511 8.92669375589616
512 9.256277017104296
513 8.467916119635241
514 7.994957876364683
515 8.716340542952516
516 8.151004784777363
517 8.45297313227654
518 8.524078699288589
519 8.279395934750763
520 8.628361594022293
521 8.53412371764017
522 8.065141417151375
523 8.643000571333676
524 7.676598134290133
525 8.110596147835613
526 7.932506022333415
527 6.478589917172496
528 6.744929449990795
529 7.155646568962502
530 7.767400124071157
531 7.394235396913929
532 6.1213482312478815
533 6.345240942354078
534 6.771493323334782
535 6.617516595088543
536 6.388430056136113
537 6.017632417787146
538 6.786419880310516
539 6.496314425083838
540 6.360462698837803
541 6.105460346986915
542 6.579307201360715
543 6.493319461844459
544 6.36688762830496
545 6.583256740898596
546 6.858892925003275
547 6.058093933632471
548 6.448517818805346
549 6.393635871559986
550 6.741458869695087
551 6.334331677687758
552 6.638801000946726
553 6.767214565159106
554 6.314117377062263
555 6.481839443645763
556 6.709840313454841
557 6.399570289510125
558 6.603556621237821
559 5.2704858493339755
560 6.3249404620322265
561 6.688052678255588
562 7.075007052021541
563 6.500671030252106
564 6.77224402134863
565 6.356008876027628
566 5.664203843786131
567 6.731088883605487
568 6.067121616874821
569 5.665645392728987
570 6.472179708359459
571 6.801690261410276
572 6.622283341969168
573 5.953765096418278
574 6.360321895549049
575 6.221405158216627
576 6.831707856841638
577 6.577745285281587
578 6.273597353309469
579 6.663052842798892
580 6.412645074895997
581 6.149993192181771
582 6.143296331896781
583 6.973931220638713
584 6.38608638305808
585 6.535982494408925
586 6.40492264859774
587 6.145314612266037
588 6.55955987197666
589 5.807325182726079
590 6.513430543042835
591 6.370242770182447
592 6.225562008222289
593 6.068360524504866
594 7.210927463096891
595 6.837161171304655
596 6.838796682937117
597 6.337458310443921
598 6.774464156791597
599 6.578310511867258
600 6.953104497302869
601 6.364267053811059
602 6.153326636198303
603 6.848828213303861
604 6.02753889972319
605 6.6318731854931645
606 6.171429901832247
607 6.748287087747519
608 6.891635587926596
609 6.791018382059322
610 7.161083025331255
611 6.8474372254112446
612 6.922064124987097
613 6.513618701365298
614 6.75057663402328
615 6.747968957872656
616 6.467752135173524
617 6.740462999433433
618 6.839761199339727
619 5.476247319893397
620 6.04806951704806
621 6.249878884268478
622 6.549419912969152
623 5.690762514946029
624 6.68567339530295
625 6.768772957082579
626 6.205846831531686
627 7.140998209198016
628 6.633608703193901
629 6.393096992645674
630 6.023417135656066
631 6.247836864006248
632 6.833348813478854
633 7.1147438622394334
634 6.0018280567996545
635 5.952392292743998
636 6.218941490586827
637 6.210791175992486
638 6.506217699145312
639 6.198644573451308
640 6.087856058382065
641 5.969898953435742
642 6.85404983405986
643 6.610957816508262
644 5.757224127220365
645 6.71792729352043
646 6.090577279252514
647 6.7039752751718344
648 6.485056679805885
649 5.924149015102169
650 6.568766376037085
651 5.935796852592499
652 6.6303768851277765
653 6.717371447712884
654 6.377080043110643
655 7.079747936307145
656 6.358591422909127
657 6.490774115686222
658 6.266883173620611
659 6.9183584091150445
660 6.309402233800526
661 6.000094634119663
662 6.576416927346663
663 6.289529371648923
664 5.641945420074251
665 5.905062791765423
666 6.619152970639077
667 6.286263618254911
668 6.182269109264796
669 6.576336970384881
670 6.628620741034264
671 6.443686398171543
672 6.5572625303563346
673 6.1407689715041895
674 5.881159774998071
675 6.689141138310114
676 5.92963019302485
677 6.226734906849057
678 6.3199598086444055
679 5.46518449385157
680 6.3696014582031975
681 5.75223823945537
682 5.862328490421109
683 5.858090318659849
684 6.487272071428332
685 5.441163276380068
686 5.836202462300522
687 5.554601484860238
688 6.041907834843015
689 6.311687907884257
690 6.4904764965322155
691 6.476916909107195
692 6.504015710883252
693 6.477977693170089
694 5.799119949596713
695 6.323045402246724
696 6.399036063813173
697 5.523130796947021
698 6.516040010507267
699 6.114025381723688
700 6.466732744173113
701 6.473643863383236
702 6.731139818270839
703 5.854295889904367
704 6.853712791231037
705 6.712932783660788
706 6.109690985973898
707 6.24359673567828
708 6.02617160851311
709 6.553804047378821
710 5.252037829968513
711 4.845154115989648
712 4.480029342763999
713 5.909754644319399
714 6.468951762611351
715 6.38034871059472
716 5.8728309215004595
717 6.396213551254745
718 5.647077552599122
719 4.9574923160391835
720 6.223534513182835
721 5.641568567933044
722 5.0248726827573735
723 5.981926342863515
724 7.23443589667355
725 7.798028352296103
726 7.698792853687414
727 8.580229780711157
728 6.869252056869118
729 6.791115445489784
730 7.882368334572981
731 9.783485973562893
732 9.397688097884702
733 8.753657161095719
734 8.453325631265447
735 8.848817398258978
736 8.65385307001397
737 8.572264601239395
738 9.070248159384445
739 10.06279036590601
740 8.648766942223288
741 8.753150631181109
742 9.461887239099111
743 8.669601031674006
744 9.070855818057268
745 9.060351683006216
746 8.71424392228759
747 9.080729999387152
748 8.507755139051952
749 9.803296304633344
750 9.394455036113996
751 9.279364483650129
752 8.691847322287636
753 7.559774100062789
754 9.180478357429392
755 8.668225312254659
756 8.28570108120793
757 9.704555036264768
758 8.991480789795702
759 8.465011600489742
760 10.641861185675626
761 10.201173601063712
762 9.207794581011699
763 9.19767591988762
764 8.959595346816208
765 8.994204224957393
766 9.002095985491756
767 9.15311717259703
768 8.36590867412488
769 8.469271833078123
770 8.950314121110836
771 8.359954160446167
772 9.498260514631975
773 9.252773673951234
774 8.853124625388539
775 10.026729529501974
776 9.211792214793885
777 9.220185314696252
778 9.823618013895311
779 9.504684205124745
780 8.193591831977377
781 9.943052589574805
782 9.606535600333451
783 8.313714030231766
784 9.577148464796707
785 10.914568452917234
786 9.33113491459102
787 10.501543073770412
788 10.22159511392617
789 10.095227278227588
790 9.95088102608016
791 9.680481837367747
792 9.38763826225794
793 10.941155674660108
794 10.113452218326794
795 11.497220590291843
796 10.648434141553174
797 9.775749226058673
798 10.968862251491343
799 9.583211002849932
800 10.471361387971173
801 10.400906587627102
802 10.42427516479935
803 10.348629433279134
804 10.107141480563222
805 8.653619321247927
806 10.55712669381211
807 10.876415418910764
808 10.399117048273045
809 11.003145441880283
810 11.204250657622335
811 9.548207577069713
812 8.669674436107146
813 9.07210588294761
814 9.275471566544505
815 9.436527294705927
816 8.64166047058297
817 8.89447018506336
818 9.048197283606932
819 6.77357099569337
820 5.878319792352253
821 7.109624764081347
822 9.714096951931602
823 9.29636990769683
824 10.346002731551984
825 10.483210026572014
826 11.397162994368935
827 11.61617085921551
828 10.403524224893722
829 10.35991653472252
830 12.188901832165561
831 12.505790928908343
832 11.702882690807478
833 11.486601164477602
834 11.18467585018636
835 12.323433727982868
836 11.371067769995678
837 10.017640985977865
838 10.508493497955765
839 11.531145650780191
840 11.350773225025009
841 10.982178794747721
842 11.520826865174483
843 11.883977448999445
844 11.822030046824135
845 11.10899399672049
846 10.910194668956846
847 11.138478036721525
848 10.081584284098685
849 9.984191230439528
850 11.021741754988918
851 10.764329942192473
852 11.193501453189773
853 11.00538273219849
854 11.562416421367608
855 10.552203528651741
856 10.639457505461959
857 11.441518715494281
858 12.597122587882593
859 10.073100667553804
860 10.810399014133203
861 12.23148560078247
862 11.907600735566845
863 12.36004594464859
864 12.745723052882163
865 13.068138168477896
866 10.986225262808242
867 11.884576121506452
868 11.399841272118516
869 10.505816424921283
870 11.269199206703215
871 11.444215051242306
872 12.189776384902746
873 11.801740099528876
874 11.8188365164622
875 11.756808403938345
876 10.63596152795535
877 10.574411452510006
878 11.425877428088432
879 9.876766399173441
880 10.88874946585458
881 9.690166429801735
882 10.232287313468408
883 11.51171213107886
884 11.186132947480372
885 10.519444506393508
886 11.263076141904973
887 10.101387863250435
888 10.25681717854032
889 12.556128770566602
890 9.014204016995533
891 10.648880802932466
892 10.801399176287426
893 10.225799559488943
894 10.441022637452248
895 9.967971958859346
896 10.981299610106843
897 10.155690333854368
898 11.621614236325021
899 10.997164297737664
900 11.230890495729602
901 12.413227393913875
902 12.240751747605309
903 11.252090412518463
904 11.848790518531352
905 10.822790821744139
906 11.179604948140637
907 10.689219144794656
908 10.875796296370433
909 11.702880750894717
910 11.485756271356735
911 12.564117143123799
912 9.96195779910951
913 10.811312616637114
914 12.474007319989923
915 11.777560046917188
916 9.378867015248865
917 11.577752116959193
918 11.367764322632441
919 11.374766599768247
920 10.432127102912215
921 11.694022069735894
922 10.213861054121221
923 9.915088279280914
924 10.684345000092147
925 10.79837763464831
926 11.975194055417486
927 9.906020483693592
928 9.265582839147273
929 9.23407247053996
930 8.456053517366524
931 7.583809399640893
932 8.59636674405976
933 9.344235215044863
934 10.53646279522847
935 9.316595519378588
936 10.418083056829204
937 10.04143869939445
938 9.488733642515234
939 10.268383772227464
940 10.185709188295943
941 11.753769755666415
942 10.631672334810826
943 10.741560074109062
944 10.635547077124563
945 10.868434138494969
946 10.815444934161413
947 9.799709229641202
948 9.411222403973412
949 8.867845689981086
950 9.284072841401207
951 10.17654787608529
952 9.58656179588651
953 7.66122128611068
954 9.381288246016483
955 10.517907237895477
956 9.533977697628973
957 9.409180089992343
958 8.847568703704606
959 8.365278890732027
960 8.883726565865198
961 8.88740528956365
962 7.497749352386391
963 8.858620063659144
964 8.284148234273827
965 9.967011953334408
966 9.400595554597581
967 8.703310870537232
968 8.616512102739291
969 10.170853659813986
970 9.132337179731815
971 10.111701365842285
972 9.419912586358796
973 7.848648179700283
974 9.453876224103631
975 9.844032187465821
976 11.01402742733956
977 10.807640000210284
978 8.68847146019617
979 9.65905867202938
980 9.549026986567226
981 9.624621317547572
982 10.45747454245556
983 10.18798576901564
984 9.62887896446038
985 8.893147217014421
986 8.378631240250925
987 7.956928047726484
988 9.326100115752874
989 9.481926437067798
990 9.283809640948705
991 9.534736255544283
992 8.491619754425097
993 9.39098444397801
994 10.711760529941856
995 9.08162920559247
996 9.58300350871061
997 9.944577765533657
998 10.734004662460473
999 9.156260223602757
1000 9.50293674709156
1001 11.194025244108648
1002 8.471238473656465
1003 9.231528207023961
1004 8.42093824341527
1005 8.24752842200122
1006 7.75236387211875
1007 9.62404518583377
1008 9.662258151536355
1009 9.226015814213106
1010 10.644480032754036
1011 9.297815845842516
1012 9.410610905268586
1013 9.062943776040468
1014 9.364404351147154
1015 9.717773541467214
1016 9.603784886739913
1017 8.492867532190813
1018 10.09105631120789
1019 10.461665598156513
1020 11.75392554803107
1021 10.681047005674731
1022 11.019474900776418
1023 10.475842498816384
1024 9.383190849037547
1025 10.671847437170813
1026 10.608271427139663
1027 10.941732867724689
1028 10.900582679114384
1029 9.716106131621142
1030 10.390756359642072
1031 11.15782727064313
1032 11.347315035041564
1033 10.789542133251741
1034 9.728691555980095
1035 9.718246195332618
1036 8.84439107604308
1037 9.357202717667468
1038 9.295496532072557
1039 8.350951702598937
1040 8.853417415052057
1041 8.880094034993185
1042 9.329202074261334
1043 10.183933015352459
1044 11.259686953094485
1045 11.031356901673051
1046 8.955428068774667
1047 10.438058993961816
1048 10.606976084282257
1049 10.600306843502675
1050 10.854928326402096
1051 9.628747655110091
1052 9.04692698098103
1053 9.082052277756501
1054 9.289134314897977
1055 8.908985629666153
1056 9.5139500181269
1057 9.075462229958406
1058 9.392233659899162
1059 9.23861191037216
1060 9.069637163904384
1061 7.865339014606099
1062 7.749851032171772
1063 7.395643985084737
1064 8.702189696134614
1065 8.63974205247136
1066 10.533519094510124
1067 9.179865710948857
1068 10.357179210976764
1069 10.15741716867735
1070 10.224315112630364
1071 9.264887915022575
1072 9.079920849233362
1073 8.833858105249279
1074 8.318404595086612
1075 8.243669613712182
1076 8.4061411319386
1077 8.998739484379643
1078 10.651556694067136
1079 10.065175417431673
1080 8.45743220014888
1081 8.243358443237804
1082 9.548003205919427
1083 10.716014851922521
1084 9.63881554071186
1085 9.700979235162123
1086 9.286240102290558
1087 9.43571025302922
1088 9.403240301413001
1089 8.089255695746136
1090 8.837551475151818
1091 9.070426720850925
1092 9.522139561876983
1093 10.89902359428286
1094 10.159967166134948
1095 9.595470001566213
1096 8.330050477394012
1097 8.168930854799276
1098 8.596456530482598
1099 7.9994890073413805
1100 8.68783381234545
1101 9.375048252753297
1102 10.147082758390178
1103 9.297260830444001
1104 8.946255104512954
1105 9.045230476346136
1106 9.325409547510578
1107 10.176667654485556
1108 10.432914674629217
1109 11.051221714872534
1110 10.970530258346077
1111 11.153159466397
1112 10.45929409086267
1113 10.57543893226011
1114 10.406007343386104
1115 10.578601006552486
1116 9.298166774387203
1117 8.53568905940611
1118 7.877137517905739
1119 7.709681471720135
1120 9.741367839041354
1121 8.445305059631194
1122 9.036018813266342
1123 7.733687641921899
1124 10.52728766847502
1125 9.969839348970755
1126 9.066061508549124
1127 8.038106815500745
1128 8.593438146294954
1129 8.438182566019037
1130 9.130220021811317
1131 10.320195404783076
1132 10.600468662289561
1133 9.63268874114925
1134 8.98100154406283
1135 9.781583655413668
1136 10.651103737110088
1137 9.567883711597224
1138 11.00721838475841
1139 11.029940058093501
1140 9.036898029423412
1141 9.852579277894588
1142 9.742822718137015
1143 9.64917941897593
1144 9.600537828781064
1145 9.01524337662712
1146 8.417899766107942
1147 9.891826723326304
1148 9.541792513551878
1149 8.898301683609475
1150 9.515481194778788
1151 8.95658544982923
1152 9.994337603248574
1153 10.073834560448624
1154 9.659741641485644
1155 9.383140089842692
1156 10.94085900561526
1157 10.128588250104153
1158 9.293261835627096
1159 9.055108108284978
1160 9.383349760243767
1161 8.406523605876218
1162 9.51410750266544
1163 10.1372428589667
1164 10.069775754679105
1165 9.884936534945453
1166 10.041865910510063
1167 10.227306900044859
1168 9.450854482545195
1169 10.36637503642728
1170 9.166766256446765
1171 9.488638094868788
1172 9.62327692904188
1173 9.681383887520399
1174 9.447776765361283
1175 9.15386455182527
1176 8.838205213840551
1177 9.657561802549804
1178 10.21926550209584
1179 10.343576134767183
1180 9.652048371486599
1181 9.16999164180547
1182 9.600400363396469
1183 9.807167228259152
1184 9.76924766196268
1185 10.326985280083887
1186 9.662658100909011
1187 9.7673962233937
1188 9.266300519795772
1189 9.740722895147826
1190 9.946981549392717
1191 10.030662291238356
1192 9.803059106473432
1193 10.521477957947141
1194 10.308868957767725
1195 9.04772188052165
1196 8.96872290251347
1197 9.500134569601432
1198 10.175699744837999
1199 8.648216867152987
1200 10.540123523506535
1201 9.80248334879839
1202 9.718353878923653
1203 10.715384169514888
1204 9.713701944661855
1205 9.477023769115123
1206 9.726860299065287
1207 8.884664024243545
1208 9.390648982040856
1209 9.858959930751501
1210 9.455691863604676
1211 10.471366574993882
1212 10.465787213285777
1213 10.447793398996534
1214 10.638771508641149
1215 9.858930593105708
1216 10.169669795800242
1217 9.392293991697382
1218 9.267487739631601
1219 11.325594741036896
1220 10.911619908684699
1221 10.18359420742016
1222 9.849423357090286
1223 10.5633173126241
1224 11.421046064699597
1225 10.614330049755317
1226 11.119608219623435
1227 10.10109607968956
1228 10.245623989538796
1229 9.800518054293192
1230 11.51610524234601
1231 9.953221401568086
1232 10.502416016682627
1233 9.777142019237377
1234 10.178036057549575
1235 10.40672461499199
1236 9.791868029667407
1237 9.434809608680098
1238 9.316507606556604
1239 10.688734274155827
1240 9.343909276701561
1241 9.924795110210498
1242 10.126401000045833
1243 11.039177762022984
1244 9.38224748158448
1245 9.595450283053472
1246 9.899248066573616
1247 9.825752600741811
1248 8.938351499194917
1249 10.295975950628643
1250 9.262559091146425
1251 9.255880236295697
1252 9.267120942185112
1253 9.462803398825516
1254 10.924068240210113
1255 9.875906469139345
1256 9.370525743277696
1257 10.446092624977512
1258 10.105547144913366
1259 10.160275860220086
1260 9.802798625112496
1261 9.945507519186592
1262 10.808116037300225
1263 10.901805260133063
1264 11.11265878293478
1265 10.913590651967677
1266 12.36406179052011
1267 10.829530038762492
1268 11.469585520666262
1269 11.304704270668458
1270 10.981309620935749
1271 11.587517344984322
1272 10.42890722468179
1273 10.003361845276075
1274 9.280929537120054
1275 11.467170857813866
1276 9.570804770004832
1277 8.795952930170072
1278 9.10044015740903
1279 9.822609023494891
1280 8.815934919460307
1281 9.819727729807568
1282 9.777748807711141
1283 10.584119623397507
1284 10.049582953802416
1285 9.503083025572629
1286 9.584052719265813
1287 9.03944805506087
1288 9.418283920018736
1289 9.582373662793962
1290 10.581472345511099
1291 8.79734327417412
1292 9.965017409654784
1293 9.482044021402412
1294 9.853917201627299
1295 8.206971199663244
1296 8.343127152697528
1297 9.43006150417312
1298 9.172378263127001
1299 11.341552513928017
1300 9.753283670776607
1301 11.011555510441303
1302 10.507962143922878
1303 11.274181694059125
1304 11.506103685204495
1305 9.724785509933634
1306 10.80699324485954
1307 11.220484832473842
1308 10.214953820138108
1309 10.022191721009897
1310 10.492146602443839
1311 11.235324979902575
1312 10.828060817422614
1313 12.026214639509378
1314 11.864758474906152
1315 12.114879314921287
1316 11.486029420617461
1317 12.05206846502452
1318 11.591262676872175
1319 11.464700064778663
1320 10.6758627770594
1321 11.251075294979069
1322 10.425330864473246
1323 9.164155866341236
1324 11.41891270574147
1325 10.813464054994837
1326 10.087922415549087
1327 10.116613436829422
1328 10.813733444534709
1329 9.78224834899697
1330 9.512550896500748
1331 10.23537750921864
1332 9.765514705366686
1333 9.485898265844327
1334 10.549870852030102
1335 8.9159073943167
1336 9.4986299570951
1337 9.954848859378913
1338 11.35959292948601
1339 11.658901294616728
1340 9.418465279675196
1341 9.62674806526202
1342 10.903189864207677
1343 8.84353173723189
1344 10.259715160532851
1345 10.785591008826103
1346 10.277560178469438
1347 9.598315422611574
1348 8.990542032616617
1349 9.577604415272258
1350 9.550899719385793
1351 9.801009696581607
1352 9.673938659970808
1353 9.342736637147727
1354 11.567427231942847
1355 11.549939178215539
1356 10.575699642851461
1357 12.320977705992295
1358 11.605488995971564
1359 11.49170069415371
1360 11.612305120483477
1361 10.733730093729822
1362 11.420539593781694
1363 10.871039504578764
1364 10.563855544165227
1365 12.623959243184231
1366 9.89157636266619
1367 10.003134471909341
1368 10.989976469184427
1369 10.444409985276318
1370 11.33830464693151
1371 13.080028109139734
1372 12.054443411903248
1373 12.541161091020175
1374 12.994174540477271
1375 12.730699249569769
1376 11.754037946007832
1377 10.764298021069461
1378 11.874882999050287
1379 11.012046250570998
1380 11.443358604753172
1381 11.070166713064234
1382 11.478100454492301
1383 12.094827217392286
1384 12.592908823710403
1385 12.484581811151129
1386 11.878728315121135
1387 11.95552225179976
1388 11.836438917927268
1389 11.16739212038068
1390 10.997798989286613
1391 12.219494632860776
1392 12.215529576058913
1393 12.253991920186317
1394 12.639613457855901
1395 10.708753886585807
1396 11.397472749486631
1397 12.077441183720774
1398 11.273219949677422
1399 11.061678462964492
1400 11.698987555411975
1401 12.445947298189548
1402 11.209858742943647
1403 11.66313886581336
1404 11.782542155541949
1405 12.530087609554842
1406 12.196887611416308
1407 12.106799953243733
1408 12.931010383076995
1409 12.575157558120754
1410 12.452062802619809
1411 12.123954115784871
1412 13.070664345207494
1413 9.012584343141214
1414 10.679893706282412
1415 9.27668813908041
1416 11.326821363671245
1417 10.169032717982386
1418 11.78062493684946
1419 11.589269988675712
1420 11.704682157645266
1421 11.50845369877647
1422 11.522747269594987
1423 12.066139014071084
1424 11.068243573000338
1425 10.4210645946231
1426 11.557014475951
1427 11.160818035712119
1428 10.595559164149606
1429 11.717739804024474
1430 11.35112898674287
1431 12.025358909790219
1432 11.405280124739477
1433 11.976300178853043
1434 13.970901270326708
1435 11.724477941981604
1436 11.28642677872981
1437 12.010989512929884
1438 11.776538701885613
1439 11.677417883373261
1440 11.646574767448783
1441 12.121118515581436
1442 12.188021112327801
1443 11.615564322504188
1444 10.936686643045254
1445 10.873093891108258
1446 11.72969636928069
1447 12.099046007684748
1448 10.563972773499437
1449 9.623899283966127
1450 10.815624830361298
1451 11.360997432370178
1452 11.945870282371171
1453 11.891431816900715
1454 11.825147128123838
1455 12.941703052593487
1456 12.5733177103525
1457 11.022768335019919
1458 10.943274624477313
1459 11.262707380441626
1460 9.919975603593942
1461 11.284580529333564
1462 11.226179089643566
1463 8.881253558380187
1464 11.703982628686475
1465 11.359680972977953
1466 11.086262927781474
1467 11.86350440711521
1468 12.103531495440516
1469 11.508208145462318
1470 12.81255807020803
1471 11.709784608010523
1472 11.220890200849805
1473 11.585630823165966
1474 12.11181047817344
1475 11.59488907758696
1476 10.768439507682274
1477 11.740500367427254
1478 11.510199096183511
1479 12.181543988891995
1480 11.637903030243471
1481 11.869632401233721
1482 12.269282307071096
1483 11.89083426034698
1484 11.074181974386843
1485 8.835072868631846
1486 10.47476829103099
1487 11.512409094328703
1488 13.012981483529455
1489 12.557873073328654
1490 11.924530073262583
1491 12.082724124071433
1492 11.842993019455934
1493 11.271616826541036
1494 11.296406358582479
1495 12.036226323650759
1496 10.524381471513843
1497 11.899058534134996
1498 11.830243543185052
1499 11.627696765890958
1500 11.58179018072313
1501 11.485763114170405
1502 11.693365521648454
1503 11.371471438318526
1504 12.11450923164962
1505 11.293688025833044
1506 11.950893581800063
1507 11.939274013280757
1508 11.576466902532207
1509 11.4191624180722
1510 11.719546931220727
1511 11.600498613771087
1512 11.12171967784097
1513 11.86114448302218
1514 12.323323387502315
1515 11.240086537718366
1516 12.214198610022208
1517 11.732034390682902
1518 12.015779054963923
1519 11.925482355090791
1520 10.15549633991042
1521 11.67568256295382
1522 12.79381352371018
1523 10.052016669305845
1524 10.599672678274741
1525 9.738471696249722
1526 10.663797260930945
1527 10.265014264858207
1528 11.63400911985132
1529 11.858106170950581
1530 10.270494386490494
1531 10.57609603519967
1532 11.731172076399883
1533 10.67494038488191
1534 10.943805871958897
1535 11.68664069156545
1536 12.232650618439399
1537 11.462119391174506
1538 11.355544716111591
1539 12.14397598531588
1540 11.157222542203245
1541 11.973625038287393
1542 11.271578491929795
1543 11.112867358742443
1544 13.098609911174004
1545 12.503720711189015
1546 11.878990249673311
1547 11.756115553672142
1548 12.421208126063021
1549 12.123154816515633
1550 12.45251978390025
1551 11.996115995545397
1552 11.80607421767854
1553 11.082248877735797
1554 11.921125131594746
1555 12.560215521374204
1556 12.276383190623623
1557 10.614641399300709
1558 11.06165648004147
1559 11.796549781149006
1560 11.891876810642929
1561 9.585814586552004
1562 9.766663849202725
1563 8.679914766527396
1564 9.529627470975166
1565 9.327574422730956
1566 8.51918585168996
1567 7.879055247131794
1568 8.605176117221168
1569 9.624194934433385
1570 9.968050357810593
1571 9.830158161213346
1572 9.879067635139847
1573 9.430885073959134
1574 9.113585931070322
1575 9.132990344768288
1576 10.473120500267594
1577 10.951638743867202
1578 11.29391614709837
1579 10.686222842828611
1580 12.020276756472706
1581 12.19162089851533
1582 11.119858237335437
1583 12.613701167627049
1584 11.47188340617532
1585 11.564617448400458
1586 12.341879960912758
1587 12.887535284107312
1588 11.944194548029083
1589 11.685762197184433
1590 11.583541818675991
1591 12.879068525960053
1592 11.100861172614763
1593 12.031669606563806
1594 11.210011754094053
1595 12.705056021403456
1596 12.326535909145793
1597 10.426547026168802
1598 11.18871418007244
1599 11.580053923306316
1600 10.745539083488653
1601 11.769240153442777
1602 11.747899893710303
1603 12.20914549855204
1604 12.46425669378632
1605 10.945038415863706
1606 9.113261462552478
1607 9.33311361298048
1608 9.162767820966106
1609 10.349266844820836
1610 11.21224365410164
1611 11.770661339121009
1612 9.435616555327009
1613 10.556944355801447
1614 9.398305842372794
1615 8.726552313733762
1616 10.205241581095091
1617 11.679902247847338
1618 10.329223496898171
1619 10.465818733080372
1620 9.81412396935623
1621 10.828939492490575
1622 9.754762571645736
1623 9.433839874339059
1624 9.539237261593804
1625 10.17957445816119
1626 8.79931936383222
1627 9.248079534324889
1628 9.038621958102972
1629 9.007390417563952
1630 10.87300283612565
1631 9.347206771150585
1632 9.721418444899964
1633 9.808133905385183
1634 8.788957165855145
1635 9.788975653439264
1636 9.94505022446756
1637 9.17629930055228
1638 8.975085933706772
1639 9.134689523461489
1640 8.675544016456413
1641 9.334925550035203
1642 9.169939676453497
1643 8.132544565727192
1644 8.889838261002879
1645 10.070031228882144
1646 8.958149502030954
1647 10.490576727683406
1648 10.445336060908236
1649 8.951817122770017
1650 9.331971970715758
1651 9.148272760221651
1652 8.957898817231639
1653 8.671562671112687
1654 9.001242329765807
1655 8.335809784022842
1656 8.539710000348789
1657 8.351424548776057
1658 8.352108068468066
1659 9.152462563024578
1660 8.568550501427522
1661 9.49353132530872
1662 9.768024847613976
1663 9.076118407220804
1664 9.398031287013033
1665 8.914063530043231
1666 9.446979309454006
1667 9.0115724170793
1668 9.647519171806591
1669 9.217961997272882
1670 9.190362110384404
1671 8.36903406790681
1672 8.417011156073466
1673 9.15330120701857
1674 9.198636038563839
1675 8.60065781297781
1676 9.250822247134854
1677 9.173036912699823
1678 9.152935515348512
1679 9.417498295966062
1680 8.938146277504837
1681 8.98903076621699
1682 10.455657607952013
1683 8.612460845911299
1684 8.544477452295814
1685 9.683047054481225
1686 9.135476646861028
1687 9.18499522142001
1688 9.666643688575743
1689 9.413345195774358
1690 8.40000567017624
1691 9.717894104361134
1692 9.737102606986761
1693 9.581812315369987
1694 9.570415034783485
1695 9.773308810571994
1696 9.157313634672057
1697 9.299010631667509
1698 8.907128896485736
1699 8.747804568298974
1700 10.016866181335137
1701 9.480729476399791
1702 9.115204846176646
1703 9.548123352848826
1704 9.644302084504135
1705 8.757179528226768
1706 8.87918349491965
1707 9.10088846678185
1708 8.799627729763783
1709 9.069236418308398
1710 9.536770890997373
1711 9.145474237871078
1712 9.396344458599396
1713 8.601173738722254
1714 9.387920071940584
1715 8.946128059211675
1716 9.701857136177967
1717 9.04147003707726
1718 8.66323743735012
1719 9.09260146770827
1720 9.370723515544974
1721 9.249738302071664
1722 8.959503964253178
1723 8.606655774163555
1724 8.962142814388049
1725 8.579584491246738
1726 8.831999877054601
1727 8.688668229103055
1728 8.888688434654876
1729 8.876580881552202
1730 8.759936280897822
1731 8.481944217111511
1732 8.689885676033708
1733 8.648230995403267
1734 8.309614945953486
1735 8.49051229619625
1736 8.790431811591418
1737 8.451050792272145
1738 8.714845407992414
1739 8.007548705577756
1740 8.648163668301544
1741 8.988015676229749
1742 9.092778605593267
1743 8.713924704002245
1744 8.746581613511902
1745 8.8409804652814
1746 8.309136222492235
1747 9.085794519133017
1748 8.436026544998539
1749 9.284119591057816
1750 8.941058665990544
1751 8.387663387811365
1752 9.851461790488344
1753 8.258988709892503
1754 8.454289481319902
1755 8.68740819055521
1756 9.199620274829652
1757 9.748371307018289
1758 9.29503588394342
1759 9.04001453722753
1760 8.833539114672199
1761 9.320849332799632
1762 9.180010841393171
1763 8.824563862461922
1764 8.83976636608804
1765 8.462967343014487
1766 8.816393567819258
1767 9.302545074965938
1768 9.772780254767598
1769 9.377015313217997
1770 9.777181327058628
1771 9.44004324294269
1772 9.32689457326651
1773 9.644554261606908
1774 9.742031155373965
1775 9.270048705639555
1776 9.272918495994915
1777 9.851914468124216
1778 10.698650753894395
1779 9.086371400429764
1780 9.607644514057839
1781 9.631267199630985
1782 8.886083179131647
1783 9.54556652556109
1784 9.494367817569408
1785 9.48440858146781
1786 9.013252098040867
1787 9.249835951196962
1788 8.80461733716514
1789 10.193823386422753
1790 8.052743657847477
1791 9.693568767260315
1792 8.946260228894394
1793 8.986851447266295
1794 8.537907319185502
1795 9.37562840606782
1796 8.199925161430263
1797 9.057798565104466
1798 9.413553185083126
1799 10.143371749485535
1800 10.036107468181282
1801 10.696754133685516
1802 11.372403337370237
1803 11.902396675824813
1804 11.747643768442849
1805 11.516758367012478
1806 11.59396670486389
1807 11.003008626723632
1808 10.399627112196145
1809 10.247863397504636
1810 11.044501789918057
1811 10.710037465318013
1812 11.480435787180095
1813 11.370846787186313
1814 9.954896871212567
1815 8.242244079543227
1816 8.62709581974775
1817 9.622415191870443
1818 9.96575930816463
1819 9.477846170265005
1820 9.401489481978565
1821 8.642165501294079
1822 8.220433539013303
1823 9.333019611605884
1824 9.933351061987784
1825 9.306990103859496
1826 9.220787788155857
1827 9.20360021976751
1828 8.499328356086675
1829 9.29564040610862
1830 8.680669505066708
1831 9.35031266429652
1832 9.288925666023195
1833 9.686936864308654
1834 9.062083395163052
1835 9.66742733141247
1836 10.266745064956828
1837 9.05494084383726
1838 9.068054686539506
1839 9.644465637815726
1840 10.267046723002203
1841 9.485820724045444
1842 9.005087175718499
1843 8.54777579091353
1844 8.232727742694442
1845 9.574480782125345
1846 8.9936418161043
1847 9.148800175254094
1848 9.73971456664898
1849 9.725361035738517
1850 8.479278938165422
1851 8.317366711081732
1852 9.22569338352274
1853 9.056020248423692
1854 8.839788960648686
1855 8.469848772308772
1856 8.70592254559283
1857 8.649684825439056
1858 8.879774786714668
1859 8.452212996175861
1860 8.467040455112008
1861 9.038538826138764
1862 9.504827197837988
1863 9.56197077207937
1864 9.150374581841287
1865 9.369211516556305
1866 8.544505874839786
1867 9.236628322184393
1868 8.4008406759161
1869 9.537476495521569
1870 9.995494448224568
1871 9.708751450410324
1872 9.299301642266553
1873 8.979692272641907
1874 8.845693133604058
1875 9.185164374285302
1876 8.85657681703254
1877 9.476233842338619
1878 9.296387793890888
1879 8.775640315647195
1880 8.385587708407213
1881 9.731702320408207
1882 9.277164623748435
1883 9.267299117885774
1884 8.854051658996928
1885 9.53963484715429
1886 8.843875064223075
1887 9.89690916920541
1888 9.237562186837708
1889 9.287075250435908
1890 9.064609971516294
1891 10.53432903140493
1892 8.903633496424872
1893 10.178416738281891
1894 8.598591724294886
1895 9.577364935176334
1896 8.708103025643783
1897 10.07771600206104
1898 9.118070064714143
1899 8.663887966547271
1900 8.931040921091089
1901 8.256939348055093
1902 8.894679942258536
1903 8.47890552834258
1904 8.630524837443135
1905 9.035088591440488
1906 9.22414417824672
1907 9.096719095478209
1908 9.337795478947392
1909 9.312325192662005
1910 9.615605969059985
1911 9.526705932476789
1912 9.241981928407382
1913 9.775077689103053
1914 9.167042282619766
1915 9.066815510044407
1916 9.110914774936038
1917 9.157198151878402
1918 7.906596949593995
1919 9.031239026614585
1920 8.92998497047009
1921 8.825139294005028
1922 8.89504006571921
1923 8.833332726033488
1924 9.233232585241515
1925 9.105601261887047
1926 9.09264753559547
1927 8.709709942134959
1928 8.906424767151746
1929 9.079034056445153
1930 8.324035388608424
1931 8.623342114092988
1932 9.038967660953913
1933 8.387119825586685
1934 9.226558088674647
1935 8.547701943543586
1936 8.168708277857103
1937 9.429730997705938
1938 8.948213356419993
1939 9.14916302072059
1940 9.67622735388199
1941 8.973297397782435
1942 9.879606201362666
1943 9.578880641211484
1944 9.110350612742657
1945 9.291312918355167
1946 9.389406115081146
1947 9.183118762168297
1948 8.341775109115126
1949 8.926764076985968
1950 9.362717207031302
1951 9.145283169595096
1952 9.316756704040689
1953 9.006731616399787
1954 9.541800107342073
1955 8.644744787920436
1956 9.042277135354023
1957 8.984895399909009
1958 9.418846867571862
1959 9.247931464695153
1960 9.056957432150018
1961 8.91662734755062
1962 9.374638704916713
1963 9.110139380321563
1964 9.787954568965986
1965 9.513239372860035
1966 10.113087983899415
1967 9.890317537126025
1968 9.583227308449157
1969 9.579036220115784
1970 9.584358531259813
1971 8.992233003429149
1972 9.424418897181617
1973 9.566504739455777
1974 9.406993862459341
1975 9.424080931049758
1976 9.42923748961145
1977 9.209869431026336
1978 9.318137804119766
1979 9.154579589506577
1980 9.582172232420815
1981 8.707668535777756
1982 8.906758548806167
1983 8.558695806091489
1984 9.72801707766335
1985 8.837920500657036
1986 9.327271041259776
1987 8.485426850745576
1988 8.746967452687956
1989 9.09210907273212
1990 8.681067821722877
1991 8.181830809680894
1992 8.523651819396958
1993 8.443639121594574
1994 8.570236747177603
1995 9.539463967714777
1996 8.199835853837872
1997 8.97527682557172
1998 10.100752289266133
1999 8.604547633163108
2000 8.48211480713125
2001 9.318370505433931
2002 8.871183986047132
2003 10.105113626203014
2004 9.13023169984458
2005 8.933503826094944
2006 8.42566870541162
2007 9.09055539336924
2008 9.133961288936263
2009 9.747893855236079
2010 9.033094036341705
2011 8.661782485944567
2012 9.138991283489423
2013 9.305964064767881
2014 9.537719223726944
2015 8.256323928213762
2016 7.976146297092857
2017 9.248754468625725
2018 9.4377153002506
2019 8.72039343221574
2020 9.119692901497654
2021 9.47297149129605
2022 8.695492587308715
2023 8.617387709202522
2024 9.23800705130237
2025 8.703523302275741
2026 9.131186552379896
2027 9.730097966111723
2028 9.06825530379704
2029 9.62592380602146
2030 10.290079097103819
2031 9.87236319560673
2032 9.967878533278794
2033 9.099585650523801
2034 8.969447371826266
2035 9.106371145831766
2036 9.091876464713954
2037 9.280989764311146
2038 9.095908313372297
2039 8.950142031394048
2040 8.822244693932259
2041 8.433962387487073
2042 8.522184406671002
2043 8.7261248928563
2044 8.568573486830294
2045 9.101033879139846
2046 8.5251366854569
2047 8.895660170327137
2048 8.962190555535319
2049 8.887492332496949
2050 9.593046451134917
2051 9.401976313686665
2052 9.52260946973326
2053 8.983126110377155
2054 8.793808739194304
2055 10.184348244068854
2056 8.814152579834465
2057 9.279248323381626
2058 9.021856863297225
2059 9.281410804111527
2060 8.761291665826567
2061 8.849670271403994
2062 8.497434865890828
2063 9.574990885477789
2064 9.229725072234956
2065 9.308554731700314
2066 9.2316348309662
2067 9.930960936931802
2068 9.233093252301245
2069 9.737752991218073
2070 8.797028057626989
2071 9.417336471900986
2072 9.53175863551469
2073 9.063834154745363
2074 9.656086681672448
2075 9.58006717501887
2076 9.52016333186302
2077 9.105988151289765
2078 9.034563974127742
2079 9.576692354307061
2080 9.194147094522432
2081 9.430884701403086
2082 9.596136954810035
2083 8.529584722271148
2084 9.215800467365405
2085 9.012861562530292
2086 9.001153658619588
2087 8.451330381733518
2088 8.59593385658955
2089 8.604462900513994
2090 6.349240873187542
2091 6.186922509816993
2092 6.66626527353014
2093 6.30357626942885
2094 6.7605769616804405
2095 6.86799199236313
2096 6.217259228510489
2097 6.939446262368791
2098 6.479736582321458
2099 6.284767123474881
2100 6.036064204988704
2101 6.295628453954823
2102 7.439744496389785
2103 6.284175405004857
2104 6.182641320292797
2105 8.781620276948539
2106 8.223779118858502
2107 8.215851029345169
2108 7.677948637970508
2109 7.614810084920378
2110 8.934873521952197
2111 6.612497576482013
2112 6.1242786051871105
2113 6.344872912250636
2114 6.569194148312503
2115 6.350054390936729
2116 6.6706557994587525
2117 6.795425214736919
2118 6.565279889825454
2119 7.1099918714921895
2120 6.336820559114128
2121 6.240590335239074
2122 6.1654651538789995
2123 6.6652278282745545
2124 6.949743702048942
2125 6.537083781898425
2126 6.287151334427454
2127 7.188740728922523
2128 6.696118330903175
2129 6.291733922725808
2130 6.709793747203736
2131 6.338250474828609
2132 6.171177725639428
2133 6.96499234667266
2134 6.284849076872715
2135 6.733175680741163
2136 6.44993996736358
2137 7.168811303006514
2138 7.777886778155404
2139 8.485151701524611
2140 7.763690893349033
2141 6.851801366594438
2142 7.8375379265889995
