0 125
1 124
2 127
3 125
4 120
5 122
6 127
7 122
8 122
9 128
10 120
11 123
12 122
13 126
14 125
15 123
16 118
17 123
18 119
19 119
20 119
21 124
22 121
23 125
24 122
25 118
26 123
27 123
28 119
29 116
30 118
31 128
32 120
33 121
34 120
35 124
36 121
37 119
38 107
39 118
40 119
41 119
42 124
43 113
44 117
45 115
46 112
47 118
48 113
49 122
50 111
51 114
52 111
53 111
54 123
55 113
56 110
57 114
58 110
59 115
60 118
61 109
62 119
63 111
64 118
65 111
66 113
67 115
68 111
69 119
70 120
71 119
72 124
73 110
74 105
75 111
76 116
77 117
78 115
79 115
80 113
81 111
82 116
83 112
84 107
85 105
86 117
87 104
88 112
89 114
90 113
91 109
92 113
93 108
94 114
95 113
96 116
97 114
98 108
99 108
100 123
101 116
102 111
103 116
104 118
105 112
106 115
107 122
108 98
109 117
110 113
111 119
112 116
113 108
114 113
115 114
116 115
117 113
118 112
119 114
120 119
121 114
122 108
123 110
124 113
125 113
126 112
127 115
128 114
129 110
130 118
131 110
132 110
133 124
134 112
135 105
136 117
137 108
138 116
139 117
140 107
141 117
142 113
143 121
144 112
145 114
146 114
147 109
148 107
149 114
150 107
151 114
152 111
153 113
154 107
155 119
156 120
157 121
158 113
159 116
160 113
161 114
162 120
163 116
164 108
165 115
166 111
167 118
168 112
169 115
170 120
171 111
172 110
173 118
174 113
175 115
176 105
177 112
178 116
179 110
180 114
181 122
182 111
183 110
184 110
185 113
186 115
187 121
188 117
189 118
190 118
191 108
192 112
193 106
194 114
195 104
196 110
197 114
198 115
199 117
200 116
201 107
202 112
203 111
204 112
205 110
206 111
207 107
208 117
209 102
210 119
211 107
212 121
213 114
214 120
215 112
216 110
217 110
218 112
219 111
220 118
221 107
222 109
223 114
224 115
225 115
226 121
227 102
228 117
229 112
230 112
231 115
232 119
233 112
234 112
235 121
236 121
237 118
238 114
239 117
240 118
241 117
242 111
243 114
244 120
245 116
246 116
247 116
248 124
249 118
250 113
251 119
252 111
253 119
254 118
255 101
256 112
257 119
258 116
259 117
260 120
261 116
262 122
263 113
264 124
265 112
266 116
267 118
268 115
269 117
270 117
271 114
272 110
273 111
274 121
275 118
276 120
277 117
278 125
279 123
280 113
281 112
282 116
283 115
284 115
285 115
286 113
287 122
288 115
289 113
290 109
291 120
292 104
293 103
294 116
295 109
296 119
297 109
298 117
299 113
300 116
301 119
302 110
303 113
304 115
305 113
306 109
307 113
308 113
309 114
310 117
311 115
312 111
313 114
314 114
315 119
316 104
317 110
318 103
319 111
320 124
321 109
322 116
323 112
324 120
325 113
326 116
327 118
328 128
329 122
330 121
331 120
332 118
333 115
334 114
335 111
336 117
337 118
338 118
339 114
340 126
341 114
342 117
343 114
344 111
345 110
346 115
347 116
348 113
349 121
350 110
351 123
352 116
353 115
354 114
355 114
356 105
357 111
358 107
359 119
360 105
361 121
362 117
363 117
364 117
365 111
366 116
367 118
368 114
369 123
370 118
371 122
372 115
373 115
374 112
375 119
376 119
377 117
378 114
379 114
380 112
381 112
382 116
383 112
384 117
385 104
386 118
387 113
388 111
389 121
390 110
391 116
392 113
393 111
394 112
395 115
396 112
397 101
398 120
399 116
400 116
401 117
402 114
403 115
404 121
405 114
406 118
407 117
408 115
409 122
410 116
411 118
412 113
413 116
414 110
415 126
416 108
417 120
418 114
419 117
420 118
421 115
422 117
423 114
424 116
425 121
426 115
427 116
428 124
429 118
430 118
431 119
432 119
433 116
434 112
435 114
436 117
437 116
438 115
439 119
440 114
441 116
442 111
443 117
444 114
445 121
446 118
447 119
448 117
449 114
450 115
451 117
452 111
453 114
454 115
455 121
456 110
457 117
458 114
459 114
460 116
461 115
462 114
463 113
464 106
465 117
466 112
467 112
468 118
469 129
470 124
471 116
472 117
473 118
474 110
475 112
476 111
477 115
478 113
479 106
480 117
481 116
482 116
483 117
484 112
485 116
486 116
487 119
488 113
489 117
490 121
491 110
492 112
493 110
494 108
495 119
496 115
497 118
498 120
499 114
500 115
501 106
502 112
503 108
504 107
505 113
506 122
507 120
508 115
509 116
510 111
511 105
512 119
513 110
514 111
515 117
516 106
517 113
518 112
519 116
520 114
521 116
522 115
523 110
524 106
525 110
526 112
527 121
528 107
529 116
530 108
531 117
532 107
533 116
534 114
535 114
536 123
537 121
538 111
539 114
540 121
541 116
542 116
543 116
544 117
545 109
546 120
547 123
548 121
549 117
550 105
551 115
552 108
553 107
554 111
555 114
556 117
557 114
558 112
559 116
560 111
561 107
562 110
563 115
564 112
565 111
566 114
567 109
568 112
569 106
570 120
571 120
572 119
573 113
574 114
575 117
576 115
577 117
578 112
579 113
580 115
581 110
582 111
583 108
584 107
585 115
586 113
587 108
588 114
589 115
590 119
591 116
592 105
593 112
594 112
595 108
596 115
597 107
598 112
599 118
600 114
601 108
602 114
603 112
604 117
605 118
606 113
607 110
608 113
609 108
610 114
611 115
612 121
613 106
614 109
615 123
616 116
617 111
618 123
619 111
620 104
621 114
622 113
623 109
624 103
625 109
626 117
627 111
628 118
629 119
630 107
631 110
632 119
633 113
634 111
635 111
636 111
637 108
638 122
639 122
640 117
641 120
642 115
643 110
644 111
645 115
646 123
647 115
648 111
649 117
650 112
651 113
652 110
653 110
654 119
655 110
656 118
657 112
658 115
659 109
660 117
661 112
662 108
663 122
664 116
665 115
666 118
667 115
668 111
669 113
670 114
671 116
672 113
673 119
674 114
675 112
676 113
677 110
678 118
679 115
680 110
681 109
682 116
683 109
684 119
685 120
686 111
687 116
688 115
689 106
690 118
691 116
692 119
693 117
694 118
695 118
696 111
697 112
698 111
699 119
700 113
701 113
702 112
703 120
704 119
705 112
706 112
707 123
708 121
709 119
710 119
711 115
712 112
713 114
714 113
715 112
716 118
717 108
718 108
719 104
720 117
721 116
722 115
723 113
724 113
725 122
726 117
727 110
728 106
729 104
730 108
731 117
732 114
733 111
734 117
735 110
736 121
737 113
738 118
739 113
740 115
741 113
742 115
743 115
744 115
745 113
746 107
747 119
748 117
749 114
750 121
751 110
752 116
753 110
754 118
755 109
756 111
757 112
758 112
759 112
760 117
761 111
762 122
763 116
764 120
765 119
766 120
767 115
768 109
769 120
770 115
771 118
772 111
773 113
774 117
775 112
776 115
777 121
778 122
779 113
780 117
781 110
782 113
783 104
784 123
785 116
786 109
787 117
788 116
789 112
790 122
791 113
792 110
793 121
794 119
795 121
796 124
797 115
798 119
799 117
800 125
801 120
802 119
803 116
804 113
805 120
806 119
807 117
808 119
809 120
810 109
811 115
812 118
813 120
814 121
815 111
816 123
817 112
818 115
819 119
820 119
821 114
822 120
823 118
824 116
825 117
826 116
827 113
828 117
829 118
830 111
831 122
832 121
833 116
834 120
835 118
836 119
837 121
838 117
839 121
840 117
841 121
842 113
843 114
844 117
845 122
846 115
847 116
848 115
849 112
850 116
851 112
852 112
853 118
854 112
855 121
856 120
857 115
858 122
859 115
860 120
861 108
862 117
863 119
864 107
865 114
866 119
867 114
868 112
869 117
870 116
871 118
872 121
873 115
874 107
875 123
876 112
877 114
878 113
879 118
880 117
881 122
882 108
883 114
884 117
885 106
886 114
887 115
888 112
889 110
890 113
891 116
892 116
893 107
894 106
895 114
896 112
897 114
898 115
899 117
900 106
901 117
902 121
903 106
904 118
905 112
906 112
907 110
908 116
909 116
910 111
911 115
912 110
913 123
914 107
915 113
916 105
917 113
918 117
919 115
920 117
921 105
922 112
923 122
924 114
925 111
926 108
927 116
928 116
929 110
930 112
931 110
932 115
933 112
934 109
935 105
936 112
937 108
938 113
939 113
940 115
941 112
942 111
943 112
944 114
945 111
946 112
947 117
948 117
949 109
950 116
951 114
952 115
953 113
954 121
955 114
956 113
957 114
958 118
959 120
960 107
961 124
962 113
963 111
964 110
965 115
966 115
967 113
968 109
969 116
970 112
971 116
972 111
973 116
974 118
975 111
976 118
977 113
978 105
979 111
980 124
981 102
982 115
983 109
984 114
985 117
986 115
987 112
988 115
989 114
990 117
991 114
992 119
993 113
994 110
995 115
996 105
997 118
998 105
999 101
1000 109
1001 118
1002 117
1003 109
1004 107
1005 109
1006 115
1007 117
1008 103
1009 116
1010 112
1011 116
1012 105
1013 115
1014 116
1015 114
1016 106
1017 107
1018 107
1019 119
1020 114
1021 117
1022 109
1023 118
1024 107
1025 120
1026 109
1027 111
1028 112
1029 114
1030 115
1031 113
1032 109
1033 104
1034 110
1035 112
1036 115
1037 111
1038 118
1039 115
1040 112
1041 109
1042 112
1043 115
1044 114
1045 109
1046 105
1047 114
1048 110
1049 115
1050 114
1051 107
1052 118
1053 116
1054 119
1055 113
1056 116
1057 105
1058 113
1059 118
1060 119
1061 126
1062 116
1063 111
1064 109
1065 115
1066 112
1067 114
1068 103
1069 111
1070 122
1071 116
1072 114
1073 114
1074 108
1075 117
1076 118
1077 109
1078 113
1079 106
1080 116
1081 108
1082 109
1083 112
1084 110
1085 112
1086 114
1087 113
1088 106
1089 111
1090 118
1091 110
1092 114
1093 115
1094 109
1095 115
1096 115
1097 119
1098 111
1099 112
1100 115
1101 107
1102 115
1103 111
1104 107
1105 114
1106 103
1107 114
1108 108
1109 106
1110 115
1111 114
1112 112
1113 112
1114 109
1115 118
1116 110
1117 109
1118 113
1119 106
1120 109
1121 115
1122 111
1123 114
1124 108
1125 113
1126 109
1127 118
1128 113
1129 114
1130 114
1131 109
1132 118
1133 121
1134 110
1135 122
1136 116
1137 108
1138 117
1139 107
1140 111
1141 117
1142 114
1143 102
1144 99
1145 118
1146 110
1147 109
1148 111
1149 110
1150 115
1151 108
1152 112
1153 112
1154 114
1155 119
1156 110
1157 113
1158 111
1159 115
1160 112
1161 122
1162 116
1163 108
1164 112
1165 116
1166 115
1167 107
1168 111
1169 115
1170 123
1171 107
1172 108
1173 112
1174 126
1175 112
1176 115
1177 115
1178 118
1179 108
1180 115
1181 114
1182 115
1183 120
1184 125
1185 125
1186 111
1187 116
1188 110
1189 111
1190 117
1191 120
1192 118
1193 111
1194 117
1195 113
1196 114
1197 123
1198 120
1199 116
1200 109
1201 120
1202 117
1203 121
1204 112
1205 113
1206 109
1207 121
1208 120
1209 117
1210 109
1211 127
1212 113
1213 108
1214 117
1215 112
1216 106
1217 114
1218 118
1219 113
1220 117
1221 108
1222 117
1223 112
1224 116
1225 116
1226 116
1227 113
1228 117
1229 118
1230 116
1231 114
1232 112
1233 108
1234 109
1235 113
1236 109
1237 118
1238 121
1239 112
1240 112
1241 113
1242 106
1243 112
1244 116
1245 104
1246 106
1247 112
1248 111
1249 111
1250 110
1251 116
1252 111
1253 114
1254 108
1255 116
1256 109
1257 114
1258 125
1259 121
1260 109
1261 105
1262 109
1263 113
1264 121
1265 114
1266 114
1267 110
1268 115
1269 119
1270 114
1271 107
1272 125
1273 107
1274 121
1275 113
1276 116
1277 113
1278 113
1279 115
1280 114
1281 115
1282 115
1283 117
1284 114
1285 113
1286 109
1287 116
1288 108
1289 113
1290 115
1291 106
1292 114
1293 105
1294 116
1295 109
1296 113
1297 109
1298 109
1299 116
1300 111
1301 115
1302 116
1303 113
1304 115
1305 114
1306 115
1307 117
1308 110
1309 113
1310 105
1311 110
1312 116
1313 115
1314 121
1315 109
1316 115
1317 115
1318 114
1319 115
1320 115
1321 111
1322 121
1323 108
1324 123
1325 119
1326 114
1327 113
1328 115
1329 121
1330 109
1331 113
1332 116
1333 119
1334 108
1335 109
1336 113
1337 110
1338 119
1339 112
1340 112
1341 108
1342 115
1343 125
1344 109
1345 112
1346 112
1347 108
1348 112
1349 110
1350 117
1351 119
1352 126
1353 118
1354 106
1355 116
1356 112
1357 114
1358 117
1359 117
1360 117
1361 109
1362 114
1363 106
1364 112
1365 109
1366 118
1367 117
1368 112
1369 118
1370 114
1371 117
1372 105
1373 115
1374 109
1375 120
1376 122
1377 119
1378 116
1379 115
1380 118
1381 114
1382 116
1383 117
1384 119
1385 115
1386 116
1387 116
1388 119
1389 117
1390 123
1391 110
1392 114
1393 114
1394 118
1395 120
1396 118
1397 116
1398 118
1399 114
1400 109
1401 118
1402 109
1403 116
1404 118
1405 110
1406 116
1407 108
1408 121
1409 110
1410 118
1411 120
1412 119
1413 120
1414 105
1415 109
1416 120
1417 121
1418 110
1419 121
1420 112
1421 111
1422 111
1423 111
1424 115
1425 116
1426 115
1427 109
1428 117
1429 118
1430 120
1431 116
1432 111
1433 115
1434 107
1435 118
1436 104
1437 108
1438 113
1439 117
1440 103
1441 121
1442 109
1443 109
1444 114
1445 117
1446 119
1447 114
1448 120
1449 111
1450 120
1451 112
1452 111
1453 119
1454 122
1455 116
1456 111
1457 118
1458 112
1459 122
1460 122
1461 118
1462 118
1463 109
1464 119
1465 118
1466 114
1467 104
1468 115
1469 117
1470 123
1471 115
1472 116
1473 119
1474 116
1475 114
1476 121
1477 116
1478 126
1479 118
1480 123
1481 108
1482 118
1483 115
1484 112
1485 114
1486 114
1487 123
1488 116
1489 124
1490 116
1491 117
1492 113
1493 111
1494 117
1495 109
1496 121
1497 119
1498 111
1499 107
1500 113
1501 116
1502 115
1503 119
1504 108
1505 123
1506 125
1507 124
1508 120
1509 113
1510 117
1511 111
1512 121
1513 117
1514 116
1515 127
1516 121
1517 109
1518 115
1519 123
1520 107
1521 111
1522 115
1523 125
1524 116
1525 115
1526 117
1527 118
1528 111
1529 113
1530 114
1531 108
1532 111
1533 115
1534 111
1535 111
1536 115
1537 118
1538 122
1539 120
1540 111
1541 121
1542 112
1543 114
1544 114
1545 121
1546 111
1547 117
1548 117
1549 116
1550 117
1551 112
1552 114
1553 119
1554 118
1555 118
1556 114
1557 125
1558 112
1559 116
1560 122
1561 108
1562 120
1563 120
1564 120
1565 115
1566 109
1567 108
1568 113
1569 123
1570 112
1571 115
1572 120
1573 117
1574 110
1575 112
1576 103
1577 113
1578 111
1579 119
1580 124
1581 113
1582 117
1583 113
1584 124
1585 112
1586 115
1587 110
1588 117
1589 111
1590 116
1591 120
1592 112
1593 122
1594 118
1595 122
1596 123
1597 117
1598 113
1599 121
1600 104
1601 118
1602 116
1603 113
1604 120
1605 112
1606 114
1607 113
1608 111
1609 115
1610 117
1611 121
1612 117
1613 119
1614 116
1615 115
1616 118
1617 110
1618 113
1619 114
1620 112
1621 116
1622 119
1623 110
1624 115
1625 107
1626 116
1627 119
1628 111
1629 121
1630 109
1631 121
1632 114
1633 114
1634 108
1635 118
1636 112
1637 111
1638 115
1639 114
1640 107
1641 123
1642 106
1643 111
1644 116
1645 119
1646 107
1647 115
1648 117
1649 110
1650 121
1651 119
1652 113
1653 117
1654 112
1655 110
1656 109
1657 118
1658 109
1659 115
1660 105
1661 111
1662 114
1663 121
1664 122
1665 107
1666 115
1667 112
1668 110
1669 118
1670 118
1671 115
1672 115
1673 117
1674 123
1675 117
1676 114
1677 120
1678 113
1679 112
1680 105
1681 109
1682 123
1683 123
1684 113
1685 114
1686 110
1687 116
1688 98
1689 113
1690 116
1691 108
1692 122
1693 117
1694 115
1695 121
1696 113
1697 119
1698 104
1699 116
1700 119
1701 106
1702 118
1703 112
1704 118
1705 113
1706 112
1707 119
1708 112
1709 112
1710 118
1711 112
1712 109
1713 105
1714 116
1715 116
1716 118
1717 111
1718 115
1719 114
1720 117
1721 117
1722 120
1723 111
1724 120
1725 118
1726 119
1727 109
1728 120
1729 123
1730 115
1731 116
1732 110
1733 120
1734 119
1735 117
1736 119
1737 110
1738 117
1739 118
1740 118
1741 119
1742 122
1743 119
1744 121
1745 116
1746 113
1747 120
1748 113
1749 119
1750 115
1751 119
1752 118
1753 119
1754 116
1755 107
1756 112
1757 110
1758 114
1759 117
1760 124
1761 117
1762 119
1763 108
1764 112
1765 119
1766 111
1767 112
1768 112
1769 121
1770 110
1771 113
1772 115
1773 112
1774 111
1775 110
1776 119
1777 118
1778 114
1779 100
1780 115
1781 114
1782 114
1783 121
1784 114
1785 108
1786 120
1787 104
1788 109
1789 113
1790 108
1791 118
1792 125
1793 106
1794 111
1795 109
1796 116
1797 120
1798 116
1799 119
1800 123
1801 112
1802 116
1803 110
1804 114
1805 112
1806 120
1807 119
1808 114
1809 118
1810 115
1811 108
1812 114
1813 116
1814 119
1815 126
1816 119
1817 114
1818 118
1819 110
1820 109
1821 117
1822 109
1823 112
1824 112
1825 112
1826 116
1827 118
1828 116
1829 111
1830 117
1831 112
1832 110
1833 112
1834 107
1835 121
1836 110
1837 118
1838 105
1839 119
1840 116
1841 115
1842 113
1843 111
1844 115
1845 117
1846 116
1847 117
1848 110
1849 119
1850 107
1851 107
1852 108
1853 107
1854 114
1855 119
1856 115
1857 107
1858 119
1859 119
1860 107
1861 116
1862 110
1863 114
1864 117
1865 111
1866 119
1867 112
1868 105
1869 108
1870 116
1871 109
1872 118
1873 114
1874 110
1875 116
1876 119
1877 113
1878 113
1879 115
1880 107
1881 119
1882 116
1883 116
1884 121
1885 111
1886 109
1887 120
1888 116
1889 114
1890 108
1891 116
1892 111
1893 114
1894 107
1895 108
1896 117
1897 123
1898 116
1899 108
1900 114
1901 110
1902 119
1903 112
1904 115
1905 111
1906 114
1907 113
1908 114
1909 117
1910 117
1911 117
1912 115
1913 114
1914 114
1915 115
1916 111
1917 109
1918 123
1919 113
1920 117
1921 108
1922 118
1923 111
1924 113
1925 113
1926 116
1927 126
1928 122
1929 113
1930 113
1931 117
1932 118
1933 119
1934 116
1935 114
1936 109
1937 119
1938 124
1939 125
1940 116
1941 108
1942 113
1943 119
1944 119
1945 111
1946 119
1947 110
1948 112
1949 113
1950 113
1951 123
1952 113
1953 113
1954 112
1955 119
1956 117
1957 112
1958 113
1959 111
1960 113
1961 121
1962 116
1963 112
1964 118
1965 104
1966 111
1967 110
1968 121
1969 106
1970 111
1971 118
1972 106
1973 110
1974 119
1975 119
1976 111
1977 118
1978 110
1979 114
1980 112
1981 117
1982 112
1983 117
1984 122
1985 117
1986 104
1987 118
1988 113
1989 119
1990 120
1991 117
1992 118
1993 110
1994 110
1995 121
1996 114
1997 114
1998 118
1999 122
2000 114
2001 118
2002 113
2003 109
2004 123
2005 118
2006 119
2007 111
2008 120
2009 114
2010 122
2011 110
2012 120
2013 109
2014 107
2015 112
2016 122
2017 118
2018 110
2019 117
2020 120
2021 110
2022 118
2023 113
2024 122
2025 110
2026 112
2027 117
2028 120
2029 111
2030 105
2031 120
2032 125
2033 113
2034 122
2035 125
2036 123
2037 103
2038 116
2039 112
2040 114
2041 120
2042 111
2043 118
2044 116
2045 110
2046 117
2047 116
2048 108
2049 113
2050 115
2051 111
2052 113
2053 110
2054 119
2055 119
2056 112
2057 116
2058 116
2059 111
2060 113
2061 124
2062 115
2063 121
2064 119
2065 111
2066 117
2067 114
2068 123
2069 116
2070 117
2071 112
2072 120
2073 115
2074 114
2075 115
2076 115
2077 111
2078 119
2079 121
2080 113
2081 108
2082 118
2083 117
2084 120
2085 112
2086 113
2087 114
2088 123
2089 115
2090 119
2091 115
2092 115
2093 119
2094 119
2095 115
2096 119
2097 115
2098 106
2099 113
2100 116
2101 114
2102 114
2103 114
2104 111
2105 117
2106 114
2107 120
2108 126
2109 106
2110 124
2111 115
2112 119
2113 112
2114 117
2115 118
2116 111
2117 116
2118 117
2119 105
2120 113
2121 118
2122 119
2123 119
2124 120
2125 109
2126 110
2127 113
2128 116
2129 118
2130 111
2131 121
2132 118
2133 107
2134 125
2135 102
2136 120
2137 110
2138 115
2139 112
2140 116
2141 116
2142 114
