0.053
0.073
0.070
0.072
0.081
0.072
0.073
0.079
0.082
0.079
0.076
0.076
0.075
0.076
0.076
0.078
0.078
0.077
0.076
0.075
0.076
0.077
0.076
0.076
0.076
0.076
0.076
0.077
0.077
0.076
0.077
0.077
0.077
0.076
0.077
0.077
0.077
0.077
0.077
0.077
0.077
0.077
0.078
0.077
0.078
0.078
0.078
0.078
0.078
0.078
0.078
0.078
0.078
0.078
0.078
0.078
0.078
0.078
0.078
0.078
0.078
0.078
0.078
0.078
0.078
0.078
0.078
0.078
0.078
0.078
0.080
0.078
0.078
0.078
0.078
0.078
0.078
0.078
0.077
0.077
0.077
0.077
0.077
0.077
0.078
0.078
0.077
0.078
0.078
0.078
0.078
0.078
0.078
0.078
0.078
0.078
0.078
0.077
0.077
