0 3.736904730407654
1 3.9831608776995138
2 3.8002168385050474
3 3.7143536394549286
4 3.673587612790917
5 3.7790950945277038
6 4.133227044199011
7 4.020154605462473
8 3.969767882535736
9 4.306816102646017
10 4.017047656940508
11 3.807424734019186
12 4.31760060948674
13 4.363446290591331
14 4.070127790625259
15 4.103431936221484
16 3.890931153303144
17 4.014312085051932
18 3.9334288040285537
19 4.029885479238449
20 3.9474048396772754
21 3.97063872239178
22 3.948564007932866
23 4.128096246768244
24 4.114131097933712
25 3.9420341940773116
26 3.9379981675552216
27 3.8126921592476366
28 4.01093854256451
29 4.110429735808895
30 4.128376420871327
31 3.9158855974835003
32 3.9523305465298373
33 4.069366330180718
34 4.009517820014822
35 3.9707761746888215
36 4.283326224957572
37 4.238693774337394
38 3.7906771025640023
39 3.9496475421959336
40 3.807997725496855
41 4.180570308046486
42 3.7125478105150425
43 3.8429561981844484
44 4.003767588097129
45 3.4782139806266508
46 4.043052746125856
47 4.302054142510871
48 4.089606944318538
49 3.6489890640029894
50 3.9343555842368745
51 4.122667378346929
52 3.8774219542140487
53 4.033081104457353
54 4.328156595611784
55 3.7699382413082203
56 3.9272764837478014
57 4.070478588046715
58 4.0510624351456705
59 3.881696800594987
60 4.096033065131154
61 4.067449097124108
62 3.7890078554392175
63 3.8284155641106605
64 3.91598180989904
65 3.949372422577255
66 4.016355176147156
67 3.979834680483939
68 4.042210348904982
69 4.0643075348796165
70 3.770435494085646
71 4.102082765212301
72 3.841393065514145
73 3.912232188005234
74 4.010021397075722
75 3.8362673494170654
76 4.337520262437465
77 3.941351534226745
78 4.444096312403201
79 4.057237018870899
80 4.176416982788218
81 3.9950075810857277
82 3.979594562009944
83 4.373154997041861
84 4.378728991276879
85 4.308976593938971
86 3.7686057327519924
87 4.051695842300511
88 3.6088552262810287
89 3.6768402044109085
90 3.929553178271121
91 4.086443700464977
92 4.037570547889815
93 4.245895246673952
94 3.8746654849639626
95 4.026504389865016
96 3.919391913748238
97 4.311367339134771
98 4.137628132030483
99 4.320602115162439
100 4.33549541329521
101 4.543769936579983
102 4.174517986119934
103 4.3385746108996175
104 4.10396957544499
105 4.043608716186852
106 4.297245760659723
107 4.382299663512186
108 4.1379737112906465
109 4.200723039039234
110 4.046304470414877
111 4.323016414166536
112 4.002995676343964
113 4.065305828314027
114 4.173410956150721
115 4.456469139338659
116 4.598772234551719
117 4.092108452726644
118 3.9936091222623094
119 3.8712907507276686
120 4.107640873578729
121 4.043219001834532
122 4.171049569965172
123 4.039567845124394
124 3.8070059815800517
125 4.03188465830915
126 4.110703403981979
127 4.025422066488482
128 4.21107810208933
129 3.913280463830146
130 4.325139293021733
131 4.334754398189059
132 4.165428046025196
133 4.058043264318024
134 4.401346716697037
135 4.31733277102514
136 4.1118827691113715
137 3.8696286188437785
138 3.949415823645758
139 4.1803003372111
140 4.209589479359902
141 3.915175459337995
142 4.041037652627401
143 4.054809396293642
144 4.348511009021173
145 4.300971374811024
146 3.931483218421719
147 4.540255394064356
148 4.474365968939112
149 4.531838430093111
150 4.420887704672409
151 4.729163976042974
152 3.951528974792559
153 4.053082694343359
154 4.096978654742764
155 4.187551758423069
156 4.010555591805698
157 4.164301372657617
158 4.093509351811218
159 3.981556896387812
160 4.075864210581357
161 3.848515934240188
162 4.350508063995252
163 4.096519680519506
164 4.021583503703782
165 4.004025852156099
166 4.286172863454707
167 4.285373292977774
168 4.299258777987098
169 4.259630357826197
170 3.9667880768358703
171 4.267005404931928
172 3.9079320603948347
173 4.268882149121005
174 3.89515564605328
175 4.354183031329575
176 4.4963815524344035
177 4.096394317778203
178 3.824771656572753
179 4.212077410945153
180 4.026766719013909
181 4.016120445290992
182 3.7858352192850373
183 3.940374266005095
184 3.891841553697342
185 3.8665078917873634
186 3.9689855954158477
187 4.035659682493151
188 4.230366433593566
189 3.99861021197566
190 3.7779385087754083
191 3.835407777383892
192 3.7575989000286527
193 3.8062606347576047
194 4.122245323591256
195 4.122613819346367
196 4.162078916303777
197 3.935235955019848
198 3.902063146879516
199 4.432206034603758
200 4.088277574113666
201 3.948154749593405
202 4.090902832077588
203 4.155173493379914
204 3.6827683016559924
205 3.7982629906258607
206 4.069916643215939
207 4.0706422150866
208 4.28320462612769
209 4.433015197712218
210 4.106006070899238
211 4.009837362233161
212 4.544886833882685
213 4.444080993407085
214 4.4289923246469245
215 4.4755739768889375
216 4.373426634403532
217 4.372466543695985
218 4.506084127910204
219 4.463222585187917
220 4.192787833398488
221 4.209742748255648
222 4.443306899027616
223 4.375257515097525
224 4.168166938518615
225 4.494012257299938
226 4.132891101420406
227 4.515504949059287
228 4.310696917959895
229 4.528960402001689
230 4.3061797375959845
231 4.298076772065851
232 3.900972094545381
233 4.423501951848339
234 4.302041732422465
235 4.152446646679884
236 4.401886994460203
237 4.246099018059918
238 4.328611710638855
239 4.239293862003853
240 3.940283554791646
241 4.233015759198559
242 3.922884185464016
243 4.421719999327991
244 4.300087366171217
245 4.0367528328792455
246 4.0096206691430085
247 4.388718638605261
248 4.132760955668978
249 4.211781447496471
250 4.260198493754414
251 4.126866958839695
252 4.053293917199123
253 4.023976541401193
254 3.786038601602777
255 3.759666855065561
256 3.9069848867586887
257 4.088033173792129
258 3.8789138411554425
259 3.9665948299468323
260 3.8717497934425524
261 3.667984408238974
262 3.782469509769923
263 4.131838201936491
264 4.147857288215336
265 4.154394611550747
266 3.9255391003104303
267 4.437435898778446
268 4.309601002798277
269 3.713520958026401
270 4.284834773061469
271 4.120551300812353
272 4.243455357564193
273 4.07408440121049
274 4.492610358061583
275 4.478934396486629
276 4.3235173221858
277 3.7969695789356637
278 4.0060659599958806
279 3.944702351285795
280 3.901825227273668
281 4.122643381591004
282 4.034683074921892
283 4.675530883919957
284 3.9630529270143677
285 4.008088305292546
286 4.244105611509627
287 3.8108668822349645
288 4.229592350133743
289 4.381166524544827
290 3.7680802830685582
291 4.0398562247276955
292 3.98420783971447
293 3.9145727364488057
294 4.018378543868016
295 4.331542110720716
296 4.084971505679293
297 4.4073144282773145
298 4.016276421224897
299 3.7033368149410424
300 3.6949408355573756
301 4.159014632652124
302 3.867807654786118
303 4.161854875920007
304 4.192213333231655
305 4.368983818346251
306 4.110259797502975
307 4.1830400908406835
308 4.229612618653044
309 4.039163933679759
310 4.103712928068039
311 4.231536086782909
312 4.034324562975652
313 3.9805740890477317
314 4.0125953892593
315 4.182543013194005
316 4.115840387311349
317 4.032536960842354
318 4.329410445473871
319 3.9199864163712417
320 3.941622821827525
321 3.8697250440582436
322 4.356763395520019
323 3.841885865515084
324 4.322409141986033
325 4.375843598669225
326 4.3107510428637905
327 4.084347311520644
328 3.9146027433736745
329 3.858438946624627
330 4.2940152332874
331 4.143644859279097
332 4.134976372282632
333 4.018444341893047
334 3.959532482332117
335 3.99249874179966
336 4.097193972675384
337 4.236889958234086
338 4.068736578720101
339 4.272417047454046
340 4.022912047824001
341 3.892848630374979
342 3.9055700592774514
343 3.9355726624864165
344 3.8300289612716027
345 3.979557270728949
346 4.015264548531783
347 3.824035230373067
348 4.176243069520736
349 4.058376976262925
350 3.8160927989604425
351 4.186416938911914
352 4.086376755098501
353 4.197215697570286
354 3.9957142704807147
355 4.299784199231704
356 3.8662926870553367
357 4.217108126074714
358 4.039707991376749
359 4.2076230939312245
360 4.300339065444364
361 3.9110633194547795
362 4.101098625725134
363 3.8710131662243903
364 3.8130638967121264
365 3.986088478492197
366 3.92352465758579
367 4.220539690934598
368 4.131407107425627
369 3.945022073073289
370 3.961562893445214
371 4.1261476406102995
372 3.9030636765700377
373 4.1133279192443695
374 3.8746412472624265
375 3.9958404466895265
376 4.04762001176675
377 4.337712814916378
378 4.020581031225075
379 4.0215174261638325
380 4.148276307501843
381 3.9983106881638624
382 3.9936898567846892
383 3.918390678298299
384 4.16683070985405
385 3.8337196987556363
386 4.163618463173136
387 3.95042149626754
388 3.8472391187044996
389 3.971409148871621
390 3.8157019549877935
391 4.253394872724066
392 3.888487555820349
393 3.8155465373861275
394 3.9009042245464958
395 4.09126689860965
396 4.007943941284225
397 4.450292603160276
398 3.8528955605544284
399 4.224868202902378
400 3.8942369079851886
401 4.15001077336522
402 4.0772430151505175
403 3.9831634668274467
404 4.002764136320963
405 4.055286420690223
406 4.054412534332317
407 3.929904579802207
408 4.089558010433203
409 4.195506896962227
410 3.9602759995468126
411 3.915988775911617
412 4.030448928831808
413 4.225546392818512
414 3.993315444187299
415 4.088329277963347
416 4.12067734106595
417 4.059496040521834
418 4.072122501824313
419 4.034345771696912
420 4.1045070848691765
421 4.030267886057866
422 4.133841725276124
423 4.037776265411153
424 4.19865195074048
425 4.275047599543966
426 4.359314240323857
427 4.133181977500975
428 4.227791562599166
429 3.9506262046821257
430 4.203878767257099
431 4.0119498794790935
432 4.077734382589879
433 4.145756292946738
434 3.9061291329533603
435 3.9736010507589663
436 3.9634687070230226
437 4.1800937893021874
438 3.7985898284699426
439 4.024194172508933
440 4.112285646120557
441 4.156027563918832
442 4.017285746099899
443 4.104065066873607
444 4.400714837026549
445 3.863381076430139
446 4.0464365702176
447 3.895494315118926
448 3.9775832431394074
449 4.03631454806025
450 4.160884918926146
451 3.929503578566456
452 4.07323134289143
453 3.779081470256815
454 4.086960781801388
455 4.0376151374354325
456 4.013806117643598
457 4.0654024728249825
458 4.335466484381407
459 4.000585664773002
460 4.170178659958348
461 4.128759877828878
462 4.202182040186113
463 4.070455176543177
464 4.128924774171266
465 3.7506281432141755
466 4.163488273965073
467 3.7558479820102684
468 4.052147720404357
469 3.9067423947729543
470 4.141769245036321
471 3.7558408948187205
472 3.8741857153209156
473 3.919810797322513
474 3.8815790029059265
475 4.304487274540624
476 4.027756180762525
477 3.8364068521315646
478 3.9053424756775654
479 3.877182825382254
480 3.937673741531606
481 4.064975905713896
482 3.9330370743881717
483 3.965394934057019
484 4.036303228345739
485 3.963406807936678
486 4.092594183583559
487 4.079152231596658
488 4.121273987828493
489 3.97920396477728
490 4.083264208004597
491 3.945168708872151
492 4.016126443678669
493 4.185709332852339
494 3.915318495379839
495 3.8104739797296885
496 4.035542695088742
497 4.151076146284552
498 3.932828800623158
499 4.377905379298906
500 4.072509684100666
501 4.117868341874675
502 4.016101445929298
503 3.960633576836378
504 3.859883703719433
505 4.071856459475051
506 4.004639886895283
507 3.9203761697711594
508 4.1085788602298985
509 3.987509730096001
510 3.888807814450244
511 4.106774960974205
512 4.138122645669
513 4.028411221713543
514 4.10709730657766
515 4.163462988949599
516 4.011143460455941
517 3.745958336723536
518 3.8932765423906015
519 3.8671995667957946
520 4.174374295260474
521 4.018504091391455
522 3.8018831966940643
523 4.056364995722587
524 3.9836417758127127
525 3.8619822974051115
526 4.27270843340992
527 3.9716630847311776
528 4.132934100631211
529 4.0449851073486975
530 4.055198433464196
531 4.188507766844363
532 4.172592421073382
533 4.013970986032924
534 3.9700432525972875
535 3.794802286894965
536 3.9436376456090567
537 4.078353895233092
538 3.8539621290448616
539 3.8528478929257757
540 3.9704720881018756
541 4.169872161081191
542 4.0669819895780845
543 3.948492421371201
544 4.002450987125367
545 4.1436942699252075
546 3.951378104407026
547 4.182568845904953
548 3.860930215529758
549 4.247948462150186
550 3.8298695145032884
551 4.210264445050302
552 3.8317214007581017
553 4.116656785497245
554 4.182798187145237
555 4.03424375426239
556 4.139888108429834
557 4.0460332892796265
558 4.113899467300844
559 4.090477152582155
560 3.919110034467774
561 3.857789812177758
562 4.083365190038103
563 3.7990127584624513
564 3.9774219760580642
565 3.9390439947083493
566 4.373558498201486
567 4.120452851845498
568 3.8879823163595866
569 4.228064037492304
570 4.07022501933315
571 4.110316488471177
572 3.964875381896138
573 4.2753989506305325
574 3.8361747502653554
575 4.038711961803361
576 3.8084109106501933
577 4.12339354589685
578 3.8993101784991704
579 3.9935825091163633
580 3.985341758629598
581 4.042458367783871
582 4.0466350603074215
583 4.267879739636963
584 4.478294168719572
585 3.9698650685550647
586 3.819295596160708
587 3.6983952802929854
588 3.948528489465388
589 4.1717687873667995
590 4.024209535560435
591 4.124927605962424
592 4.1613003859265145
593 4.019467212504992
594 3.7605087415840965
595 4.007640464101746
596 4.130241748635169
597 4.07420899744415
598 4.012351877945357
599 3.79309397526655
600 4.356973333552164
601 4.085835402153003
602 4.017496646371927
603 3.865489502669961
604 4.227275353729362
605 4.06862275052606
606 3.9352828720821083
607 3.841971888653198
608 3.905448463954142
609 4.169462547598622
610 4.036394942513647
611 4.100728719109529
612 4.3180338855290765
613 3.9783766751674747
614 4.929590215800075
615 4.258991477077093
616 4.195872419528375
617 4.285198963126298
618 4.2917507869010745
619 3.9829275342161323
620 3.629322929820786
621 4.063081691127872
622 4.253426422573509
623 4.263881473061681
624 4.052509512528175
625 4.059873241971457
626 4.105905662183315
627 4.054939618602003
628 4.252480109239026
629 4.152489112624247
630 3.999548967941523
631 3.944460623373742
632 3.9713708361096534
633 3.915375544285598
634 4.361885359887764
635 3.852940734091431
636 4.018686375340874
637 4.1432416405615
638 4.033303225423347
639 4.127646552944171
640 4.402387564850892
641 4.2901800681664275
642 4.118344781525629
643 4.2078935736397
644 3.98444379439433
645 3.9756257999745115
646 4.24421633029415
647 4.114665138432573
648 3.897280171469899
649 4.075389521022804
650 4.0991442773015105
651 3.9308736121691306
652 4.106124526506944
653 4.149822069006027
654 4.050288452213208
655 4.282223390052706
656 3.8356885165064285
657 4.0085581546565665
658 4.0428364179924055
659 4.058048260575643
660 4.217152259893162
661 4.091148117114618
662 3.981407806562333
663 4.0429948084245195
664 3.9200506413938268
665 4.12188591089159
666 3.8325874531127466
667 3.919710627934392
668 4.2387626933551585
669 4.023549215968259
670 3.9819501115440854
671 4.005223434413748
672 4.037592590209709
673 3.879022377761526
674 3.9527281062570547
675 3.875331091695927
676 3.9235099915396434
677 3.896305884265785
678 4.384628743617948
679 4.192397065504461
680 3.996644614952487
681 3.8767909393135236
682 4.069732139886619
683 4.173282695965689
684 3.896372782724409
685 4.049421333793693
686 4.0033278709039175
687 4.008371780786857
688 4.1629067395193085
689 4.156957085130288
690 4.024120395850376
691 4.126720002721409
692 4.086641266223998
693 4.141950827651888
694 3.9775697943686277
695 3.954153313450493
696 4.040461371459946
697 4.234307031744082
698 3.8640726878753604
699 4.089686932198615
700 3.9286498106211014
701 3.8949773455273817
702 4.201256854278757
703 4.113042951151709
704 4.390979875308633
705 3.9789016431687383
706 3.8244977930864716
707 4.018647266415234
708 3.7707263185542246
709 4.09105099812579
710 3.898791342000091
711 3.876854837631222
712 4.067449787780803
713 3.9596480900719113
714 4.080068084758463
715 3.8659376249812225
716 3.884256183624502
717 3.7630855043199403
718 3.9318250851229877
719 4.119791230080513
720 3.996004379827716
721 4.191439243195452
722 3.8888934077254143
723 4.010015230718085
724 3.9109297400610243
725 3.9417950734945646
726 4.171602520602872
727 4.218398458302924
728 3.974485223831889
729 4.061105425863871
730 3.81309961022236
731 3.943028206440232
732 3.967311766655411
733 3.957256615686646
734 3.992586793184209
735 3.9642396019137327
736 4.031549092953372
737 4.1867440935852525
738 3.9266620918074553
739 4.011058227148293
740 3.802831980053133
741 4.049226454867369
742 4.073520246690334
743 4.02623122011175
744 4.138297074455422
745 3.8996856819073034
746 3.9521675798479854
747 3.8434363448600553
748 4.023315547400291
749 4.041223872259146
750 4.044777616834878
751 3.9846760924188924
752 3.8845518561700927
753 3.894398767096073
754 4.135944217072663
755 3.9043224512031953
756 3.9471953665350945
757 4.098306829573525
758 3.9651361132413934
759 3.9168204979922288
760 4.181879342617048
761 4.095915191254704
762 4.042652948700335
763 3.9313037828437265
764 4.0244777177776605
765 3.9421680137020267
766 3.794197612505048
767 4.093932968091414
768 3.9045648806938402
769 4.1130034528905774
770 4.167364697930146
771 4.130822951100919
772 4.113928512072876
773 3.911569598597337
774 3.9263263008291487
775 4.053127720417346
776 4.072087974434932
777 4.031525127775585
778 4.231922061345268
779 4.0780528324541905
780 4.28279622484154
781 4.118076754567958
782 3.9438276932616225
783 3.9567402425119713
784 4.020625191729186
785 3.963157749958509
786 4.140850231298566
787 4.164597627000087
788 4.110974408963096
789 4.255967631944357
790 3.890920105597046
791 3.9866726699007975
792 3.9434439559011776
793 3.8792766541859773
794 4.063313299327263
795 4.024858560181156
796 3.979623586631876
797 3.8849855615055464
798 3.9105571852308447
799 4.13879420770932
800 4.0257891652622275
801 4.28086743827484
802 4.1624744106079685
803 3.8999662891558113
804 4.104993749903273
805 4.102117228582221
806 4.645712608957444
807 4.330220076260843
808 4.002513732195728
809 4.325407090741358
810 4.54364249274177
811 4.336583556607471
812 4.556406776980748
813 4.378159402110637
814 4.513724037264765
815 4.851760962607221
816 4.2114425226781504
817 4.462141841141082
818 5.021835770503112
819 4.605767764701707
820 4.50382096262403
821 4.579544499577828
822 4.598092903764213
823 4.736564515142842
824 4.156024550790578
825 4.5757530487144225
826 4.15762311348052
827 4.3795039811600995
828 4.3455684810282476
829 5.036424912471814
830 4.7510232089249165
831 4.409348657367913
832 5.040669007592663
833 4.538445077387888
834 4.411187281909197
835 4.621687964921651
836 4.58317783977521
837 4.584430333294075
838 4.585126321736156
839 4.414748904656295
840 4.245372405385932
841 4.399792712871592
842 3.9843117894082094
843 4.445985437618853
844 4.1296393404710425
845 3.977229060660675
846 4.274027877201322
847 4.174459398445628
848 4.24510469839972
849 4.810049001108783
850 4.8478157672721585
851 5.389558419396281
852 4.328816718745367
853 4.443082811283441
854 4.422465101578256
855 4.743406112267936
856 4.662903364584415
857 3.988586498073682
858 3.694475658099982
859 4.0990359226746715
860 4.2141899647820535
861 4.424799428494767
862 3.948119098206983
863 3.7973077351950266
864 4.566267669273107
865 3.921301861663601
866 3.9972555331834707
867 3.9247874107021703
868 4.39395066430336
869 4.615295481196056
870 4.254841977312574
871 4.301302614338254
872 4.722043491202944
873 4.060744902555859
874 4.481689105590755
875 4.262067318829293
876 4.189214669741424
877 3.9868360784667316
878 4.150154560859515
879 4.7169852723059345
880 5.313853048805408
881 5.588678171463522
882 5.04083539731672
883 4.936086651054054
884 4.79844294222074
885 5.4513884772269
886 5.3541727711015215
887 5.018431056991324
888 5.013003192116788
889 4.638950094335435
890 5.18037196547958
891 4.860072102561768
892 3.7552279251016754
893 3.841761140051156
894 4.084021414055006
895 3.8370632860562046
896 3.703051565399283
897 4.126993495269059
898 3.8764758105326957
899 3.902537083525939
900 3.867736670701227
901 3.836399904686159
902 3.8125760211659614
903 4.866508778653648
904 4.6605691469640815
905 4.54322632769561
906 3.9404710320279843
907 4.595303985564099
908 4.202726347243242
909 4.252366632334279
910 3.8706552307608963
911 4.0675466428230225
912 3.968230084264153
913 4.754057648345313
914 3.823506632454033
915 3.933223496504418
916 3.8988047865081277
917 4.124103261925513
918 4.080233621808832
919 4.232860354838819
920 3.945764214225293
921 4.402615356592593
922 4.045356696878909
923 3.8650607243942314
924 3.8519691636602955
925 3.9298461626693206
926 4.286140883249315
927 3.942583752939645
928 4.064622446889593
929 4.187759628427734
930 3.994874651823798
931 3.9914592296305784
932 4.196098337206364
933 3.915960657405526
934 4.222382658118294
935 3.923415709319024
936 3.953982583088709
937 3.9749769235828216
938 4.012265011644053
939 3.740159569496085
940 3.8843046352671515
941 3.946699685616267
942 3.9329886628939126
943 3.9361558696263605
944 4.073856928917796
945 4.117069980169251
946 3.958801784265779
947 3.9143166115765426
948 4.048207462041505
949 3.9596973875769796
950 3.9726866397825344
951 4.7516212509292695
952 3.924182864556399
953 3.951684247474503
954 3.8593912788887286
955 3.8693712701874845
956 3.979206779761478
957 4.87981109999481
958 4.196714483545859
959 3.9798319271939393
960 4.234184883149748
961 3.9942926783121933
962 3.729803042838329
963 4.456424121480164
964 3.9654061850106945
965 3.7717573569197422
966 4.228767563794032
967 4.948512000381691
968 3.9678348153122607
969 4.091303180776793
970 4.014443952095243
971 4.278297644887904
972 3.8577085462837077
973 3.952324362155362
974 3.945833347755205
975 4.174632358812579
976 3.8255448930347726
977 3.95956805095789
978 3.857625179296011
979 3.828566453534314
980 4.127894341979328
981 3.8363543862714957
982 4.107552635199412
983 3.6344260908340846
984 3.7559841254093143
985 4.018258161228644
986 3.8058703456877967
987 4.121633622073317
988 3.790490905612243
989 4.061084139466912
990 3.769945357246906
991 4.043581969491807
992 4.399564250585962
993 4.264465133623711
994 4.306227564889001
995 3.9358743796322067
996 3.865431095492099
997 4.031606980255236
998 4.648984739979001
999 5.123635814153455
1000 4.371280364032539
1001 4.330660434845495
1002 4.273385747657116
1003 3.946888332578303
1004 4.12242558994487
1005 3.923420542721881
1006 4.044885481612831
1007 3.844711532651706
1008 3.629515118687002
1009 3.659973289423602
1010 3.7694589202598445
1011 3.691128290488936
1012 3.7404219028549868
1013 3.897074036389656
1014 4.511155506104714
1015 4.282770560874461
1016 3.914993229461968
1017 3.835351376687495
1018 4.01568060428356
1019 3.9662984449257594
1020 4.346219388350183
1021 4.179950967733083
1022 4.811031362422778
1023 4.2474916797560685
1024 4.465143382043414
1025 4.447915487848354
1026 4.006223659206974
1027 3.7488675113827488
1028 4.244665694742043
1029 4.065878559828
1030 3.667341315460031
1031 3.845660211173893
1032 3.9969300906498586
1033 3.871573213088114
1034 3.9421141844976484
1035 3.6126081970329524
1036 3.794959211495609
1037 3.9985907927687125
1038 4.45119323542099
1039 4.1184929314463385
1040 4.765023712138494
1041 4.01691675065145
1042 4.59531052594793
1043 4.6084971533679635
1044 4.064373634081491
1045 4.169237411404524
1046 4.069321034025067
1047 4.439849912803873
1048 3.8985693514653708
1049 4.165841990131792
1050 4.2817692128171725
1051 4.3023895990418355
1052 4.668086804258434
1053 3.919951227833215
1054 4.402606979919919
1055 3.737203137476806
1056 4.096770966696794
1057 4.011502253054731
1058 4.285835450426597
1059 4.597426334523095
1060 4.347595398491511
1061 4.155388481290705
1062 4.64756607985392
1063 4.835110074820598
1064 4.818909690172331
1065 3.8919011348518744
1066 4.531110576951247
1067 4.686821306261793
1068 4.718462774617395
1069 4.425090578725781
1070 4.6585531115504
1071 3.799256867467555
1072 4.413371231590455
1073 4.656450274648123
1074 4.514107516432313
1075 4.5368115009578505
1076 3.9581631851505965
1077 4.49562033490701
1078 4.73379557727453
1079 4.710796904743878
1080 4.895086284471385
1081 5.6186450803043595
1082 4.5916886624518565
1083 4.724867340597948
1084 3.885554326523911
1085 4.600573847109096
1086 4.713992209114464
1087 4.674912881632788
1088 4.579869913057704
1089 4.51023010221913
1090 4.388872703562512
1091 3.8767160185467193
1092 4.907717931211282
1093 4.328666125927513
1094 4.177028115279114
1095 3.936872965541
1096 4.1645437879608505
1097 4.2392431310132785
1098 4.2265428527580955
1099 4.14858469471314
1100 5.363486053210399
1101 4.265488982263629
1102 5.566367014433708
1103 4.528310773970784
1104 3.9212585188688904
1105 3.7381891621777
1106 4.656248420594804
1107 3.71218315074199
1108 4.431075082828094
1109 3.856907186827631
1110 4.083587580103459
1111 4.504879974627202
1112 4.3966771956822
1113 3.9195886105192628
1114 3.9289485979067527
1115 4.048202291903588
1116 4.12203629602913
1117 4.6791306493464235
1118 4.182601788647303
1119 3.8530898822001203
1120 4.080350864391485
1121 4.1918767783621504
1122 4.679071716159062
1123 5.303490839281196
1124 5.457137601100977
1125 5.863685229486165
1126 5.440047102613904
1127 5.79839263473323
1128 5.437245633212064
1129 5.360140015528325
1130 5.457632242669745
1131 5.349844327499304
1132 5.922354120283814
1133 4.7342817993753075
1134 5.473654300157911
1135 4.982130604078873
1136 4.892028314715757
1137 4.987248624293662
1138 4.905268376759072
1139 5.224958881443357
1140 5.457511453774276
1141 4.8368709660100215
1142 4.033262292029725
1143 4.446977713466153
1144 3.85801510870776
1145 4.170077784475617
1146 4.052687268489349
1147 3.860414310603163
1148 4.2682520268788045
1149 4.075035840975102
1150 4.487263305518521
1151 4.167641249713617
1152 4.429871129566903
1153 4.478056274230278
1154 4.431915749919384
1155 3.841079945907355
1156 4.877428685694515
1157 4.2840258753642475
1158 4.260182588298179
1159 4.719542588917338
1160 3.836427564750163
1161 4.012452935803465
1162 4.506708381501409
1163 4.542352021016073
1164 3.8250108989388805
1165 3.9563785260264783
1166 3.90760627668969
1167 4.118947203142597
1168 4.001109674086389
1169 3.9538651768526285
1170 4.125329794463501
1171 3.9372545103167207
1172 3.994711509227928
1173 3.9979600208205257
1174 4.374493422078779
1175 4.018317452351434
1176 4.177071972079849
1177 4.016055179189577
1178 3.988484206643638
1179 4.429855623798767
1180 4.536129015507559
1181 4.22977081931958
1182 4.578041121529458
1183 4.614095947432857
1184 3.8083619030642004
1185 4.771638035058369
1186 3.7468957784081174
1187 4.370110376259782
1188 4.388148716462351
1189 3.8933241408490638
1190 3.823345916698557
1191 3.7602227863575854
1192 3.806658235344646
1193 4.487814400067974
1194 4.825050537740298
1195 4.332773738760405
1196 3.9432396588468173
1197 4.589737171601677
1198 4.490439891258461
1199 4.37593841927205
1200 4.105766174539753
1201 3.8842334780674364
1202 4.000358350456215
1203 3.733905929923346
1204 3.65956456703048
1205 3.711531953871764
1206 3.9768754125815815
1207 4.230515160225056
1208 3.722422653948229
1209 4.255281480337461
1210 3.966068931854524
1211 4.080165647132495
1212 3.7610253564978464
1213 4.10880532148016
1214 3.9933106511378904
1215 4.033443743767225
1216 3.9073328474339353
1217 4.053275470251832
1218 3.646050352041068
1219 3.8694486825556194
1220 4.099259670620217
1221 4.0703516338372365
1222 4.368258309407278
1223 3.8374737367191023
1224 4.084059554692882
1225 3.843779936763762
1226 3.653991474484603
1227 3.9567044933466664
1228 3.9115552430520513
1229 4.017050209161821
1230 3.7433082754739995
1231 4.212199383331755
1232 3.9102038170398443
1233 3.5816397559432205
1234 4.051864501443269
1235 4.033620719618118
1236 3.741668385787647
1237 4.010077542413962
1238 3.835012197362612
1239 4.052342032111513
1240 3.654948049042396
1241 3.9215127106164913
1242 3.865804143464202
1243 4.2776743647113795
1244 3.895044213310862
1245 3.9026086181302757
1246 3.751333950465051
1247 3.78977294067541
1248 3.9693687260650474
1249 3.891143037630888
1250 3.7535028690366987
1251 4.121303702187988
1252 4.009366596980169
1253 3.93550004708731
1254 3.88127084422702
1255 3.9284058037374825
1256 4.008179375872395
1257 4.021990371838178
1258 3.9901150375580174
1259 4.041112082817103
1260 3.9507365599830964
1261 4.043985462299188
1262 4.04953346599915
1263 4.096818805813252
1264 4.105112591332348
1265 3.858978047030909
1266 4.0077579453815
1267 3.984614959071064
1268 4.525940475074642
1269 4.30017291233461
1270 3.888399313809997
1271 4.638497675254848
1272 4.427135564564281
1273 4.332047888460988
1274 5.36417342514926
1275 4.4675146318353445
1276 3.8289735163124705
1277 4.051649969034137
1278 3.8983475820137756
1279 4.191777129506764
1280 3.8852696950107504
1281 4.007825948884637
1282 4.409745283686717
1283 4.499077628435185
1284 4.510861274179554
1285 4.662271244552018
1286 3.8962116239926927
1287 3.8709384655400236
1288 3.8228164567336655
1289 4.380886592710007
1290 4.533548602806072
1291 4.609264326223264
1292 5.0700241381830775
1293 4.30079926772898
1294 4.671342914807936
1295 4.423044609511592
1296 4.373857741636023
1297 3.8012040962721065
1298 4.621464024626656
1299 4.448614562695164
1300 4.053451628513108
1301 5.333192791504132
1302 5.597400420209704
1303 4.489772979435816
1304 4.318300114288492
1305 4.410036051808875
1306 4.0539432598463625
1307 3.89642452102144
1308 4.053484288078303
1309 3.975893555097992
1310 4.580441805673207
1311 4.362212639333017
1312 4.974381500967843
1313 4.113785337920193
1314 4.0415115651416835
1315 4.8734859849368
1316 4.946569416490609
1317 5.067981087222892
1318 4.124985573687047
1319 4.4448785258541035
1320 4.283276024085787
1321 4.7881495824060485
1322 4.557960664892951
1323 5.4694974647490975
1324 4.146286272850981
1325 4.861045124416541
1326 4.851653802050181
1327 4.281260575680349
1328 3.9431017891731797
1329 4.601768550541391
1330 4.354683665659135
1331 4.453115057738732
1332 4.745964130691008
1333 4.743727780871606
1334 4.383804435134565
1335 4.421664304579772
1336 3.8594737740407457
1337 4.381380458756742
1338 4.3876834219960426
1339 4.035117521965357
1340 4.126058548810907
1341 4.475349432565663
1342 4.25808004652864
1343 5.7633995511299245
1344 3.975908016099307
1345 3.936378001896977
1346 4.059194299369282
1347 4.0393277841479405
1348 4.12052594825655
1349 4.460152159184788
1350 3.9444839421704447
1351 3.7990991925106004
1352 3.8531269033846653
1353 4.332427992969859
1354 4.239826463890249
1355 3.9553224597833294
1356 4.0356442681869575
1357 3.844726389146267
1358 3.9673710307437653
1359 4.420178008385195
1360 4.366922760602657
1361 4.233571992989643
1362 4.140330229396363
1363 3.976150425486401
1364 3.8217696043470606
1365 3.8804295788880476
1366 3.8188455776200474
1367 3.8637292587825725
1368 4.100529119539493
1369 4.036012488717556
1370 3.7889933877224524
1371 3.7250737641353395
1372 3.8200366808426915
1373 4.012382078976872
1374 3.763653479483504
1375 3.942845508367803
1376 3.8201937343782877
1377 3.79341507584765
1378 4.067041815936609
1379 4.068277050831184
1380 4.239621109720025
1381 4.15697906072124
1382 3.818015328999022
1383 4.099147211214615
1384 3.8270263654560916
1385 4.057490905749191
1386 3.849550549298888
1387 4.0086150003607
1388 3.9771582826162724
1389 3.8312087768634693
1390 3.8498877822566744
1391 3.965785983015147
1392 3.9294788437351102
1393 3.797020539223853
1394 3.8912231346506667
1395 4.7785935799088435
1396 5.248541326849605
1397 5.082503450365854
1398 4.9503385262285535
1399 3.6691313363599907
1400 4.630911232018029
1401 3.9429875005317396
1402 3.9998193665826327
1403 3.84987264917974
1404 3.7425286573539216
1405 3.966944908643978
1406 3.6475313054037732
1407 3.741338543646776
1408 3.6467935955607507
1409 3.9353662630718924
1410 3.784193551895172
1411 3.7903354279913417
1412 4.071327553598331
1413 4.7027162165956105
1414 3.8693050948856698
1415 3.9923775771297323
1416 4.000480316291649
1417 3.755033665708966
1418 4.305864953062785
1419 4.1953213137004814
1420 3.9402397512826863
1421 3.8802507156454644
1422 3.914824814093376
1423 3.834859973949484
1424 3.907297889750211
1425 3.9817168394455624
1426 4.0463709692932035
1427 4.2174173310256835
1428 3.8893619279007
1429 4.903948025390757
1430 4.872947159148233
1431 5.666872977423653
1432 5.000052948313782
1433 5.131561274350104
1434 5.566347404811843
1435 5.440963044064651
1436 5.42170725799643
1437 5.423917089634995
1438 5.2317022586059645
1439 5.34377997121018
1440 5.488980661135579
1441 5.045876794832954
1442 4.433145247081475
1443 4.041955969243664
1444 3.8960028087731002
1445 3.8854533721548505
1446 4.271030199526145
1447 4.896211514095422
1448 3.99839031657232
1449 4.045283078364653
1450 4.21605632054027
1451 5.312806216630523
1452 5.424124966616268
1453 3.891384982111911
1454 5.391603947815402
1455 5.85132158958959
1456 4.544313583555924
1457 3.9459554856554586
1458 3.8877460262385273
1459 3.8359198297960173
1460 3.6867139714620007
1461 4.082740787591363
1462 4.008144951629251
1463 4.085283092958227
1464 4.131704796312306
1465 3.864032180166202
1466 3.6856072283566967
1467 3.726310370941834
1468 3.7272725015045487
1469 3.652693877161306
1470 3.635791013019807
1471 3.950632608947906
1472 3.806848189874515
1473 3.7969000009716805
1474 3.713762515426282
1475 3.91012781548383
1476 5.275495832990425
1477 3.9472068476702673
1478 3.7918075998096943
1479 3.7819977899654282
1480 4.045698883177413
1481 3.723187874808689
1482 5.3840772259902465
1483 4.012208038315569
1484 3.833624133392075
1485 4.116726003182235
1486 3.745303987704932
1487 3.93723560593348
1488 4.040244144833853
1489 4.0667235186982555
1490 3.8434005238251157
1491 3.738471443393663
1492 4.933495031390565
1493 4.635073130565646
1494 4.706347636425328
1495 4.360331905376377
1496 5.644821062877825
1497 4.815875564407453
1498 3.9040840241652504
1499 3.8747758305952553
1500 4.286522070241407
1501 4.081403404942764
1502 4.173083895741963
1503 3.9321674787417207
1504 4.089027625536593
1505 3.947350969666481
1506 4.471287616096269
1507 3.76774078419265
1508 3.8488722504972364
1509 3.9063224538351893
1510 3.9195292400673303
1511 4.03778011452551
1512 4.405465834844841
1513 4.319073917152128
1514 3.9877464155631595
1515 4.271859473134494
1516 4.260904481682038
1517 3.8997836156708767
1518 3.9992515812398866
1519 4.295210814170918
1520 3.811202065209341
1521 3.849908784929168
1522 3.818845100530629
1523 4.11215486938768
1524 3.966493001863697
1525 3.7658357338534536
1526 4.54155377917479
1527 4.630246031034511
1528 4.442309171832243
1529 4.135278743660772
1530 3.9715153580852705
1531 3.8384524599475625
1532 3.8053269227870112
1533 3.8061345467238605
1534 5.32876108156055
1535 3.8961779327879453
1536 4.604123679748358
1537 4.331988194267453
1538 3.860112119288903
1539 4.134896441336348
1540 3.825477495949029
1541 3.790785167202923
1542 3.8563691448572994
1543 3.9215767976816522
1544 4.053827031504326
1545 4.408795829787971
1546 5.844619752962702
1547 4.8093751452358005
1548 3.908736284844548
1549 3.708856498484064
1550 3.891186824203094
1551 3.93627417248644
1552 3.8011873513758685
1553 4.335215458298363
1554 3.7507512296002306
1555 3.783627897078722
1556 4.335764862710307
1557 3.7667982677533356
1558 4.575319662372286
1559 3.978458356099776
1560 3.9516704744278597
1561 3.7837519780490085
1562 3.947792367022187
1563 3.805446928419192
1564 3.8790645154678516
1565 3.819141950012124
1566 3.906830809164499
1567 3.747368100097098
1568 4.968587334174361
1569 4.520072541091096
1570 4.980673150937681
1571 4.989326972124088
1572 5.294547408999792
1573 4.199531682676697
1574 4.063289123485562
1575 4.0595161241666045
1576 3.8827243602794286
1577 3.775123604256692
1578 3.888313127045535
1579 4.313244203075344
1580 3.8427009686013136
1581 3.7396271312279374
1582 3.8417574912584316
1583 3.98625425643817
1584 4.132213263897573
1585 3.7950421403178867
1586 4.007187151382039
1587 3.705264061762498
1588 3.90066520023197
1589 4.057681496104694
1590 3.7574336048760792
1591 3.835721426493419
1592 3.821940196319098
1593 3.8369810450808224
1594 4.355270016279268
1595 3.8509947947750125
1596 4.00328337674149
1597 3.893472399660767
1598 3.7246617036908436
1599 3.813232500785433
1600 3.995123879472001
1601 4.04106051102325
1602 3.9545171318039656
1603 3.7602935833192634
1604 3.7934858614076497
1605 4.50369428692656
1606 3.914676739380335
1607 3.8230779152159666
1608 4.182824882777356
1609 3.641565123346521
1610 3.9166463523023713
1611 3.962911075831678
1612 3.776038812586142
1613 3.9503391494032325
1614 3.881408798967437
1615 4.209982743505937
1616 3.5946999521947265
1617 3.914924682411556
1618 3.9107672868151404
1619 4.008408814061665
1620 3.7738639639876377
1621 3.5899432322678164
1622 3.9106608199730095
1623 3.8873639558407977
1624 3.9400627075913097
1625 3.6310984663213106
1626 3.782839885118398
1627 3.8375962234511216
1628 3.750525821895164
1629 3.8200469930482712
1630 3.9097477211876677
1631 3.8883748999109975
1632 3.8621645799591082
1633 3.7734652361556837
1634 3.825001744765057
1635 3.704960968732434
1636 3.9737152281032193
1637 3.958501761098311
1638 4.047876537288425
1639 4.034197758905381
1640 3.7144636435799505
1641 3.934714459937908
1642 3.771872699327048
1643 4.162642620912525
1644 4.098411570471301
1645 3.9262684643890804
1646 3.9516217614404225
1647 4.444406895284233
1648 3.6679460537753616
1649 4.322904449359185
1650 5.107248519420924
1651 3.8109294596622045
1652 4.061765410441153
1653 4.115978088570243
1654 5.059650676355746
1655 5.227647832513067
1656 3.906571294780424
1657 3.78893618200171
1658 3.744823692939402
1659 5.971222452547081
1660 5.105985362129224
1661 5.277471463097001
1662 4.738642083167042
1663 4.830719493985002
1664 5.0227381562216955
1665 5.156476136787162
1666 4.766297125312391
1667 5.6669468608277915
1668 4.673756342955514
1669 5.267270894611607
1670 4.867639614236164
1671 5.6558732207537155
1672 5.534839383656232
1673 5.539733532765499
1674 4.355936360688229
1675 4.7046019296553
1676 4.909938832461326
1677 4.867728925845554
1678 5.005875259746397
1679 5.171768861664384
1680 4.656978250073444
1681 5.385995222645643
1682 4.277677438801236
1683 4.112601523800873
1684 3.684707426577854
1685 4.480283410933249
1686 3.8434861901471904
1687 3.9922430393053103
1688 3.7465548542638407
1689 3.956651336602424
1690 3.926604760279046
1691 4.057042116956495
1692 4.716047716516163
1693 4.298551486153342
1694 3.996559664251048
1695 3.935601238808881
1696 3.699605628726828
1697 3.95762634585097
1698 4.119919978767178
1699 4.210331342871154
1700 3.850193109862085
1701 3.856363759040519
1702 4.012554762661164
1703 3.7731462515317107
1704 3.6836650340747066
1705 4.033889979699439
1706 3.989781626204438
1707 4.0090714502168945
1708 4.22235018978364
1709 3.9277732532639194
1710 3.761274741684985
1711 3.7419305374478715
1712 3.753392788445188
1713 3.8749227113859894
1714 3.7092345698515965
1715 3.9914617166879447
1716 3.8160479051576175
1717 4.008832860130136
1718 3.851701040846426
1719 3.8279256328186713
1720 3.8863079466524915
1721 4.031306923720461
1722 3.8822069016843885
1723 3.9178023167886797
1724 3.8468652062101616
1725 3.924265920500745
1726 3.9004622025178
1727 4.0767572692904706
1728 4.374681372898083
1729 4.725222856459666
1730 3.8706471427457747
1731 4.033911429896497
1732 3.813016927740058
1733 4.01268282304974
1734 3.8148722051866923
1735 4.822730274633266
1736 3.9102649268402145
1737 4.027919016861542
1738 3.826353401230158
1739 4.234913204013659
1740 4.556097786874662
1741 4.911207688645871
1742 4.132116549529853
1743 4.167730359106577
1744 3.7965541916913237
1745 3.9257571077849613
1746 3.918281432102167
1747 4.218865446288371
1748 3.984168639098461
1749 4.366803552965075
1750 3.9896148796241397
1751 3.862994361825764
1752 4.584341862171056
1753 3.7704262132534314
1754 3.926776728404005
1755 3.904989586137137
1756 4.3247027834003555
1757 4.0196595615758435
1758 4.027426968924754
1759 4.5978150754669205
1760 4.257444302838124
1761 3.7869588517408537
1762 3.8947147056193208
1763 4.093774897249429
1764 3.8891166943859155
1765 3.7033777228360267
1766 3.807299545300555
1767 4.100784557668078
1768 3.8879124286553752
1769 4.066929637440805
1770 3.8826786464854135
1771 3.847305105088671
1772 3.836338019609042
1773 4.059309089263763
1774 3.8207236347785045
1775 4.534311458955541
1776 3.986095565269276
1777 4.133013413196279
1778 3.8925705066266953
1779 4.12598178774546
1780 3.860775651497542
1781 3.799550668143895
1782 3.984388420438056
1783 3.804279324265554
1784 3.8702355920150455
1785 3.8985417124313115
1786 3.727722296519169
1787 3.827820527002055
1788 3.9388797231245363
1789 3.695368353257318
1790 3.8413027888294655
1791 3.9440733402007284
1792 3.783774982927468
1793 4.033523090029322
1794 3.7020499966489817
1795 3.9529628008016426
1796 3.8781111812455986
1797 3.569859582653195
1798 3.9540445615926276
1799 4.080927884441138
1800 3.8510048319187358
1801 3.850898911664214
1802 3.634554910197311
1803 3.8456949002482244
1804 4.134089506619593
1805 4.045862941572114
1806 4.010866142835073
1807 4.0510083030242505
1808 3.752179733031645
1809 4.073224198328868
1810 3.7316822080144734
1811 3.973247938753149
1812 4.007437878506347
1813 3.754886092349724
1814 3.905732391260147
1815 3.992878384119537
1816 4.795292354347453
1817 4.052361857372006
1818 3.995304620770541
1819 3.9869045196982684
1820 4.145156189005928
1821 3.814565379742029
1822 3.691185250970935
1823 4.417532456448381
1824 4.151973101152214
1825 5.020096298061512
1826 4.005273873681814
1827 3.730436218951832
1828 3.8296728891316048
1829 4.113923882907057
1830 3.9340812798161955
1831 3.93909089457162
1832 3.972682564547265
1833 3.6925073733618214
1834 3.9015847883805064
1835 3.926459933855356
1836 4.008255600956861
1837 4.011177850144368
1838 4.507654083018107
1839 3.9517053104675792
1840 3.9254077951812056
1841 5.048856465639854
1842 4.542303851792183
1843 4.216798355763137
1844 4.022253487710806
1845 3.9118547625870077
1846 3.941928127540826
1847 3.9042509017318268
1848 3.716267578722107
1849 4.484383146866176
1850 4.206425037576723
1851 4.005400850917616
1852 3.9468871420125122
1853 3.6262641830451976
1854 4.10537782627234
1855 3.9747391531802516
1856 3.9321497494977864
1857 5.125685193522148
1858 4.117596488864506
1859 4.392117618194331
1860 4.075364771460832
1861 4.1340794367342
1862 4.096263662319956
1863 3.740196553392998
1864 4.013009357605158
1865 4.003049289909751
1866 3.9922176437611756
1867 4.312379651100699
1868 4.003336324159604
1869 3.7767445592310285
1870 4.271944643323308
1871 4.751011711166402
1872 3.9368468705327215
1873 4.56881093522273
1874 3.820047234274015
1875 4.895113517246982
1876 4.017295256580861
1877 4.138006952917817
1878 4.4779557803023735
1879 5.024234526967334
1880 4.6238459040792375
1881 3.9848305570715823
1882 3.8569803790532347
1883 4.245722799527936
1884 3.7214853156274033
1885 3.982842752834291
1886 4.480169507632525
1887 4.0287503670117415
1888 4.161686493324786
1889 3.764790707529586
1890 4.0222330799503325
1891 3.9603063234885574
1892 4.0078942404140685
1893 3.970573979663157
1894 3.9903886035178115
1895 4.981264891337954
1896 5.110749717560583
1897 5.03876391202033
1898 4.583641550685789
1899 5.294000985761926
1900 4.721538605258483
1901 4.808490730866399
1902 4.103554930609116
1903 3.997925938801045
1904 4.174771215847492
1905 3.99295028763959
1906 4.419990185578184
1907 3.991621435293236
1908 3.8789159421838773
1909 4.1632439611551
1910 3.903595983978511
1911 3.780200037666678
1912 3.9542194003641127
1913 3.859082842062213
1914 3.826470151787999
1915 3.8031790220832815
1916 3.9019195219445852
1917 4.07579239851126
1918 3.71568672381189
1919 3.8681390168784624
1920 4.063508206656843
1921 4.158534461080451
1922 3.7906538753560204
1923 3.774914768462939
1924 3.873758495988022
1925 3.7192562048835143
1926 3.8412806512144675
1927 3.791330332278176
1928 4.074230036024805
1929 3.9505177075778666
1930 4.030634991813333
1931 3.9093689901039124
1932 3.7196273961735233
1933 3.6667329951080267
1934 3.9371973543967966
1935 3.951507525231698
1936 3.9612369790818196
1937 4.352455275594106
1938 3.76137701324434
1939 3.7577110723489286
1940 3.8983807966266
1941 3.7784123820210223
1942 3.7574565532462474
1943 3.841475670480584
1944 4.071665128326127
1945 3.6122525262284024
1946 3.79327319740512
1947 3.7118102193113285
1948 3.9524888777464167
1949 4.4262423149262276
1950 3.897232834338405
1951 4.119869281825593
1952 3.8575633111171626
1953 3.9432978556967875
1954 4.679345812891764
1955 3.94252034986199
1956 3.8555347671398557
1957 4.397969825556171
1958 4.222449267358163
1959 3.7681066450730403
1960 3.994243093369104
1961 4.116083784767781
1962 3.8959414055197965
1963 4.081440951976896
1964 3.9616769461202814
1965 3.823290788526999
1966 3.8723571104116448
1967 4.269638835394109
1968 3.6071331467272136
1969 4.956140875567825
1970 4.252674175394894
1971 4.239732687218757
1972 3.9396924061459155
1973 3.8098551837177115
1974 3.654872530038128
1975 3.982966843618085
1976 3.807663158378361
1977 3.8952387678836384
1978 4.005134673579717
1979 3.855865568705982
1980 3.9632059307175114
1981 4.07805691324403
1982 3.932845818704677
1983 3.915168517231658
1984 3.9801828252842206
1985 3.9893297385994217
1986 3.903529154116877
1987 4.042464274779349
1988 3.8653267529113835
1989 3.9401572384843937
1990 3.9556458715603484
1991 3.976663374687812
1992 4.117170333198137
1993 4.324621155907181
1994 4.233148918050137
1995 4.088486885964246
1996 4.082613659227492
1997 3.7903389141156487
1998 4.0156942876390715
1999 3.7737743360922478
2000 3.8062466981366416
2001 4.649080926434582
2002 4.063658473378336
2003 3.838036036953624
2004 3.805827573059829
2005 3.6080385799357066
2006 3.69652961333531
2007 3.880462826769163
2008 3.6988603272150837
2009 4.01867661072027
2010 4.26999522090496
2011 3.8616235222325352
2012 3.8961053482395767
2013 3.864983047903195
2014 3.9778739723441783
2015 3.9231832476957296
2016 3.8647361132026186
2017 4.037587623886714
2018 3.841887751849008
2019 4.06351712500452
2020 3.6641588565003276
2021 4.191080766814968
2022 3.857403177826241
2023 3.810743056326063
2024 3.7720442684245574
2025 3.8925883028174373
2026 3.8116011342993716
2027 3.894026916689331
2028 3.9379667367703184
2029 3.7053928358920585
2030 3.9265532781015704
2031 3.957468217443832
2032 3.669197200345432
2033 3.709706328236766
2034 3.902129029275062
2035 3.856221042725917
2036 3.869357810942422
2037 4.030419438905425
2038 4.022083855264497
2039 3.827807272682643
2040 3.8942226349181412
2041 3.8095922602242847
2042 3.9582758760402013
2043 3.9166128515984457
2044 3.870003934058978
2045 3.8253865755873244
2046 5.172757930213111
2047 3.7028837837394284
2048 3.7022457152341204
2049 3.83269951678322
2050 4.205318768926356
2051 3.8379024903833567
2052 3.8732928189540106
2053 3.9977439889958473
2054 4.120149063905708
2055 3.9188818926050266
2056 3.8912141231113218
2057 3.712225724104849
2058 3.7432192218832046
2059 3.718489578693865
2060 3.832945068467623
2061 3.882432573015373
2062 4.075262624128685
2063 4.2409198165322035
2064 3.8426030280427277
2065 3.875271964107841
2066 3.884469241382552
2067 3.9530686978887655
2068 3.7896348366229122
2069 3.945652565565736
2070 3.976231221082687
2071 3.803919314502999
2072 4.098980123958521
2073 3.6310725917564812
2074 3.9261632461320612
2075 3.796010572926928
2076 4.121144158580397
2077 3.8132780829002764
2078 3.834554846386329
2079 3.800770741639969
2080 3.972227920684813
2081 3.877227426353303
2082 3.7574391237098856
2083 4.123187334945984
2084 3.9594312286738527
2085 3.777817635246697
2086 3.8947232292006584
2087 3.9420398198992257
2088 4.237722642784595
2089 3.9810281866229413
2090 4.032064816340055
2091 4.1391391837587905
2092 3.7061608237800425
2093 3.568436705193332
2094 4.0253975657917875
2095 4.1527418946814585
2096 4.188401087686453
2097 3.963668396058563
2098 4.139424517618191
2099 3.9912461910737775
2100 3.8086434752188936
2101 3.9058668252981485
2102 3.9027215657004737
2103 3.8485589777502995
2104 3.78149609456757
2105 3.9280752083555592
2106 3.8213724046550546
2107 3.852106090616963
2108 3.967720988558077
2109 3.797085130882106
2110 3.9515533221146493
2111 3.850098831096232
2112 4.0710934446687554
2113 3.7766715193394345
2114 3.8710008751102047
2115 3.9813345842231818
2116 3.721859554350656
2117 3.8043707912777385
2118 3.889133084751469
2119 3.970902811880745
2120 4.066023907847494
2121 3.8072366444568075
2122 3.8871649968169537
2123 3.9047181623701412
2124 4.1188609988849905
2125 3.876138579303406
2126 3.8686919240704003
2127 3.8451318799110723
2128 3.7068707913051657
2129 3.973947757750199
2130 3.8025649871959453
2131 3.869110028205044
2132 4.118892380264371
2133 3.8514806001729047
2134 3.8404435082379935
2135 3.9142429288731173
2136 4.072348214108715
2137 3.894973077770343
2138 4.0150670525219825
2139 3.8786172100791547
2140 3.7722503536402083
2141 3.8022108793927774
2142 3.9095866980751595
