0 3.7737577168473617
1 3.9515603184515053
2 3.8187130618669407
3 3.684925398440146
4 3.798949716826943
5 3.8070624465720404
6 3.8823675085175426
7 3.607147378471018
8 3.8076573037344055
9 3.7997907550570758
10 3.8299188169057654
11 3.9600186703271185
12 3.742855011962988
13 3.8489918207302214
14 3.7168822789054463
15 3.934464241330877
16 3.8026324115442103
17 3.581407665007751
18 3.7460305131243206
19 3.689387324431386
20 3.732740969359835
21 3.7106161673920584
22 3.7986355176074618
23 3.930165480983329
24 3.9690924945516715
25 3.930022630534748
26 3.9985576947556005
27 3.958545753613375
28 3.9844396305343954
29 3.8569614286578697
30 4.0498955326776125
31 3.896565800702739
32 3.6744183924524774
33 3.8621598060327904
34 3.762042011892383
35 4.0443282263974325
36 3.9511478235390003
37 4.039669075022185
38 3.886323411856784
39 3.9969159157196783
40 3.872208325761147
41 4.038081250043544
42 3.976679032053464
43 3.8895440391502145
44 4.094077146281244
45 3.8071675486413805
46 4.061031872720254
47 3.9764756260722374
48 4.4224534709778
49 3.9558126859752756
50 4.015338316390234
51 4.0473097320531215
52 4.033858633990587
53 3.8747661394010358
54 3.9011999167511955
55 4.115354540880927
56 4.0574927193654124
57 3.888928342892314
58 4.058539544464229
59 3.9924894413609997
60 4.095918328421883
61 3.938523065012971
62 4.046906571285856
63 3.928800612138566
64 4.195182138404467
65 3.6748680351572407
66 4.108661919140432
67 3.7863571806403833
68 3.7750068073561613
69 3.9482814960594426
70 3.907734493216399
71 3.828061421090995
72 4.1486087167077
73 4.014285050558731
74 3.8126558348546
75 3.8892817719675827
76 3.885859808368065
77 3.8929150936397456
78 3.828477773198337
79 4.015661157204005
80 4.57716153908835
81 4.021378600038234
82 3.8271998445788764
83 4.019428453056557
84 4.2385823306079615
85 4.003516215454534
86 3.716715043975709
87 3.94842340343011
88 4.066760653726853
89 4.098476109421075
90 3.761037226661267
91 4.484973868982098
92 4.269004639073511
93 4.11880033397009
94 3.6987798534035226
95 3.765336751855402
96 3.838999675451282
97 4.009239422339706
98 4.071072565010794
99 3.9823246709520066
100 3.7451371045941384
101 4.177323410333114
102 3.8160237883579184
103 4.017167850261823
104 4.1825091715125815
105 3.8000342874341007
106 3.784055447472442
107 4.648104227334189
108 4.788188936760145
109 4.768432876418539
110 4.575817792652854
111 4.306105956582439
112 4.430545695640351
113 4.30737957903425
114 4.6557394237845156
115 3.9451971408211692
116 3.806496106588619
117 3.860388832052019
118 3.852784900098544
119 4.316186914916348
120 3.9056790892193014
121 3.9488735390844893
122 3.8953686778214394
123 3.9263757299296222
124 4.018165954508511
125 4.12810266941945
126 3.935936171474398
127 4.323633897536102
128 4.428984392901701
129 4.05492546152381
130 3.982734388109618
131 4.142646601109111
132 3.9259897371929346
133 4.332934906685549
134 3.9162106281528537
135 4.101804300369686
136 4.275386689566302
137 4.264285524362655
138 4.399991641264976
139 3.877482983328642
140 4.387581124572297
141 3.907671462894956
142 3.9578539200032843
143 3.860316933780638
144 3.7924494113737923
145 3.8690562080118656
146 3.9240901436885305
147 3.828307630856015
148 4.143777953293272
149 3.840682970644225
150 4.035946334018552
151 3.6559709005446317
152 4.083181227445223
153 4.01768036345624
154 4.159350549849825
155 3.8797724248875616
156 3.9840868859768173
157 3.7530217486171704
158 4.146919376432023
159 3.9259009998917334
160 3.8982283224238974
161 4.10159571817849
162 3.871432832528548
163 4.016660353794048
164 4.184386397152733
165 4.337920702458944
166 3.9009102552114183
167 3.937452428362223
168 3.9714918692658743
169 4.031720476465493
170 4.0658164009634765
171 3.898673933044543
172 4.249504303308424
173 3.816860622950153
174 3.8590849922951556
175 3.9585776436299076
176 3.8801717079196987
177 3.7116264125832337
178 4.078411850337732
179 4.135932956196657
180 4.080450994635724
181 3.9386004254035147
182 4.275859051180156
183 4.071693594678011
184 4.06500330279541
185 3.9964763237800778
186 3.9694204963085764
187 3.9477625179414972
188 3.887758192442889
189 3.9472862787935226
190 3.926341401680154
191 3.8813791301450435
192 4.280227809125122
193 4.419263774976337
194 4.416154041100946
195 4.006726127525391
196 4.463432685227169
197 3.7536531422623067
198 4.419255108361511
199 4.315701971408856
200 4.172961888658831
201 4.116571348708491
202 4.5851779287012295
203 4.073061929963368
204 4.230634233467818
205 4.5961487618278
206 3.7844743308084587
207 3.829552243456548
208 4.0139902579029725
209 3.9126544897123656
210 3.8809169989425256
211 4.069807700837295
212 4.010807580139832
213 4.167369453084149
214 3.8161199761421436
215 4.031900951350538
216 4.032503055492039
217 4.208493998468429
218 3.738626801697552
219 4.108538778180955
220 4.059142698780607
221 4.0108325314506175
222 3.813065497228149
223 3.8039860002893082
224 3.950343437305839
225 3.9943843855471024
226 4.037986765385586
227 3.894404441582359
228 3.9271403742541224
229 3.9645450156493065
230 3.876514804125673
231 4.177797678725132
232 3.9084310369475315
233 4.164202371126594
234 4.274729003629406
235 4.100023419861015
236 3.9713591750650497
237 3.7340578129192017
238 3.9726738036462286
239 3.940247304496585
240 3.830626405957414
241 4.349293770086435
242 4.301063447078348
243 3.8829175289581834
244 4.293656623858907
245 3.8727887621326715
246 4.176399710114237
247 3.9966154696293255
248 3.7913535184002143
249 3.804113584946767
250 3.993390800517977
251 3.918435687250667
252 4.082999666925537
253 3.9749959835551856
254 3.948959399316185
255 4.100429750950259
256 3.9893911371448403
257 4.182560874590999
258 3.7432210578108513
259 4.118929355275841
260 3.8300541955158502
261 3.9393595767516816
262 4.082564682336648
263 3.925031954679403
264 3.752904961223957
265 3.922166614892715
266 5.025416379507737
267 4.151589889611128
268 4.023397383609168
269 4.327880528952494
270 4.1688660582393355
271 4.038906423091
272 3.8690708338008792
273 4.006038595613369
274 3.896656010097241
275 3.7967624890765523
276 4.494662177941173
277 3.8988482375822446
278 4.303689952480211
279 4.241693175076953
280 4.023477463666546
281 4.57477966177231
282 4.41298679833083
283 4.404768734858192
284 4.517788125026471
285 4.881557069308093
286 4.504153040456697
287 4.6464830049688866
288 4.481755299223223
289 4.448670425154445
290 4.528756708056587
291 4.447001067434385
292 4.527198455311307
293 4.706126164504326
294 4.500492191945911
295 4.329217778632648
296 4.570345983836479
297 4.694274695195258
298 4.708453451216268
299 4.666881723692387
300 4.640766541449923
301 4.114978903336358
302 3.929749120798435
303 4.1229343352286385
304 5.3930096534675185
305 4.313074433013668
306 5.202242506121912
307 6.177481944549907
308 4.443417112530531
309 4.448403751310774
310 4.040797157396357
311 3.8679091757724016
312 3.9422665126942724
313 4.5574104100278685
314 4.0608956356426935
315 4.577030655429873
316 4.712157500944642
317 3.947517136860152
318 4.280636161709917
319 4.03557564138651
320 4.461251279211879
321 3.986568489999774
322 3.978414889024018
323 3.892972309669555
324 4.0702717925337195
325 3.8179844444828763
326 3.7475617273626036
327 3.9397905594297162
328 3.9871946751653686
329 3.9588859942872916
330 3.9953958704187325
331 4.303354299829834
332 5.469838233393967
333 3.945464406568037
334 4.684833053491331
335 4.580547515667265
336 4.324013045346755
337 4.609375784704332
338 4.515773299709341
339 4.5101305319326475
340 4.604613221011752
341 4.5094941578626235
342 4.551397505342485
343 4.735303487804175
344 4.696710876477139
345 4.484682924870562
346 4.734758650255064
347 4.5865287474583445
348 4.3158488893093825
349 4.405255071144571
350 4.563154274873976
351 4.50093627118455
352 4.4282856283294505
353 4.634931492219423
354 4.7948412641189115
355 4.698165686530927
356 4.611358383359851
357 3.936921786456128
358 4.4321646717663805
359 4.57576551445104
360 4.45229139196936
361 4.6639967439478776
362 4.551123752435268
363 3.665704855244703
364 3.746008766014465
365 3.9829714741644766
366 3.8532895617790284
367 4.038418352487682
368 4.131500922951103
369 4.3959664906995615
370 4.071521908420823
371 3.981237384729758
372 3.8433611746636265
373 4.174356055822478
374 3.901293970256056
375 3.9688286964980466
376 3.9651729849334534
377 4.554856897171607
378 3.6701938275634585
379 3.7387691956877402
380 4.719532267611095
381 4.557193874752677
382 3.974986208364314
383 3.6549555623444334
384 6.02870804840708
385 4.97215945929176
386 4.7615727347639405
387 4.701921872115649
388 4.384710833479496
389 4.2132964488688245
390 5.458547220199838
391 4.79446234875638
392 4.861254747552645
393 4.635291682289111
394 4.0415607292942655
395 5.140683513712919
396 4.802421580197464
397 4.411325259695883
398 4.465983024994701
399 4.18274790143039
400 4.711315401420992
401 4.456803669170735
402 4.410376270870503
403 4.516347978512202
404 4.027369841897968
405 4.628379374196378
406 4.645721715120403
407 4.434109755327354
408 4.459792579298455
409 4.537445652311503
410 4.373372860375823
411 4.555578656057233
412 4.32425843667721
413 4.141504724714409
414 4.125562109088421
415 4.354734671968591
416 4.416514317492552
417 4.227178566764574
418 4.589472699664471
419 5.10230367943313
420 4.239528664691612
421 4.531266588434955
422 4.588507316593858
423 4.5895928135459245
424 4.346298111583925
425 3.950763541062325
426 3.973637336485074
427 4.344576055782159
428 4.361054904098772
429 4.611894864050403
430 4.289832316292856
431 4.838394813591633
432 4.501873587538937
433 4.489112319728213
434 4.338766452525051
435 4.566412292458356
436 4.0529084275510465
437 4.4931498882936385
438 4.484085548898601
439 4.149343895002388
440 7.536618012741056
441 7.052961585244763
442 7.595309195000556
443 7.226924797194541
444 7.09580105887711
445 7.157794126545844
446 7.070416257556471
447 6.3853542258157905
448 4.2637694184186925
449 4.524022567810102
450 4.364986539383746
451 3.846923536404094
452 4.24142487601369
453 4.703142128588103
454 4.39317414559434
455 4.640756594690151
456 4.344221117622165
457 4.458780548699103
458 4.610470492226185
459 4.474714454505165
460 4.273473427210285
461 4.548876441451972
462 4.574832041112564
463 4.513903716639823
464 4.720228343340463
465 4.585210334443703
466 4.270197317803437
467 5.0070369497369915
468 4.577099877161101
469 4.3563335180432
470 4.650897800412685
471 4.747920747871094
472 4.5780139104704
473 4.837891454081455
474 4.6396761121395524
475 4.836392340947203
476 4.550433176422875
477 4.60984581608465
478 4.736889006489605
479 4.746200488847705
480 4.48239049178475
481 4.543686257058316
482 4.803129059120242
483 4.52612987464175
484 4.590535323134016
485 4.6822029659969475
486 4.499125933152697
487 4.7744973437913
488 4.8308755944335395
489 4.658553361138635
490 4.631954081605885
491 4.723001943723039
492 4.615526073150218
493 4.733153527070777
494 4.80767951324103
495 4.654981438048065
496 4.654635854369888
497 4.817170222438911
498 4.749253281059613
499 4.563465328811315
500 4.7117543115861436
501 4.826776293970616
502 4.751544507963362
503 4.523965013623313
504 4.494311138305309
505 4.63325746695545
506 4.590530760145299
507 4.687126869256886
508 4.574637332790457
509 4.452548745683662
510 4.864339363212772
511 4.807663038207935
512 4.508633603743218
513 4.698935501916828
514 4.4990134846675645
515 4.592743999235172
516 4.222169098965561
517 4.493886924771997
518 4.622357896250503
519 4.52014897620451
520 4.616151267597357
521 4.6904161176159
522 4.739469340702137
523 4.663258842576958
524 4.773912977712878
525 4.560517948799809
526 4.661720125447659
527 4.899703819975157
528 4.92283032206339
529 4.7540472812803545
530 4.75824473690057
531 4.683158171819938
532 4.670507180320923
533 4.886455480977528
534 4.641433485305522
535 4.462200276387198
536 4.772286968624697
537 4.965807559350584
538 4.794779146423656
539 4.71327094091835
540 4.599620926040181
541 4.93883276562004
542 4.7673108665508686
543 4.864378573841272
544 4.365261145383503
545 4.587560413259893
546 4.777283140131447
547 4.728652325322026
548 4.699733614184216
549 4.725174428275368
550 5.3101357185946325
551 4.74741703718854
552 4.712404373831126
553 4.603359120814577
554 4.479063780614951
555 4.843914030052324
556 4.635060797799456
557 4.470882132000766
558 4.491745507913146
559 4.674393256049518
560 4.560199246745913
561 4.648850890363886
562 4.853432269205529
563 4.540540662324076
564 4.729823046940308
565 4.703964250049703
566 4.7923311756555105
567 4.618900161415092
568 4.633228207512642
569 4.629752382784884
570 4.774661895709619
571 4.981304561926728
572 4.807650453006406
573 4.687818323132495
574 4.582263319293477
575 4.766310350406477
576 4.6561766365747514
577 4.507238677222856
578 4.677942405126835
579 4.651555598300289
580 4.7403689865988525
581 4.778399496292671
582 4.565934296062326
583 4.704473656324357
584 5.169723273091653
585 4.675777625793009
586 4.771252944984003
587 3.9276759041109877
588 4.159471214116761
589 4.199447177236949
590 4.282505869358394
591 4.548698744461911
592 4.400316635096471
593 4.164598192806217
594 4.027067036353782
595 4.0282127836733
596 4.229877160786754
597 4.033133158822421
598 3.9646585789429403
599 4.0170884585114
600 4.204827735503946
601 3.774984199510633
602 4.129115931856102
603 3.960016809877457
604 4.373440850164705
605 3.7922287755429647
606 4.218032768567722
607 3.8086019153851525
608 4.50947469827254
609 3.881590929563521
610 4.193615752041083
611 4.172051878462179
612 4.104395131271348
613 4.4212443691144685
614 3.9683666580116586
615 4.169426540363807
616 4.125318617378509
617 4.144509232570412
618 4.094878682952593
619 4.128394414395422
620 3.800450172681588
621 3.989485773858293
622 4.074741476212607
623 3.9021836317834038
624 4.12783803134911
625 4.124550560931002
626 4.044854223895357
627 3.8562873084841582
628 3.8326500134463055
629 3.869536251791935
630 4.073296309038098
631 4.175919269214884
632 4.325154942198238
633 3.751162462521135
634 4.122490297147221
635 4.3884691774429765
636 4.005359772446168
637 3.8329242419184255
638 3.906049973228758
639 3.471138561123999
640 4.059449865161009
641 3.8587931830158158
642 3.9650839351203153
643 4.209940175030157
644 3.856077047047879
645 3.791026589378453
646 4.12916353057883
647 4.123484043605698
648 4.0173829162105035
649 4.276367609128741
650 4.274182187216015
651 4.165933955049404
652 4.295560256646838
653 3.8656025002829266
654 4.155411784254855
655 4.210390149929863
656 4.244325973127187
657 4.101418304324185
658 4.008794994220487
659 4.297201492488119
660 4.424734365437968
661 3.8400169636196413
662 3.8817270732698104
663 4.183265074325529
664 4.0150570026858095
665 4.126646032678232
666 4.2731165061631184
667 4.055053818357267
668 4.126685564296375
669 3.798760563151741
670 4.0250504950536605
671 4.083376445044756
672 4.863765983832097
673 4.726269494663618
674 4.705516993101296
675 4.65966761625184
676 4.6701870254372375
677 4.642757142787505
678 4.672923156036448
679 4.723778176227945
680 4.714036280913686
681 4.912525444085834
682 4.541489842258504
683 4.6669344852600885
684 4.588636984378713
685 4.693681868360802
686 4.610239291723158
687 4.584198006018683
688 4.650815506073056
689 4.712650147555693
690 4.90632650598408
691 4.64572643465882
692 4.987691950714248
693 4.677713461523116
694 4.601030416564206
695 4.63657201021756
696 4.779687720971191
697 4.651745557637915
698 4.625896590618935
699 4.667709313071947
700 4.5913816146390065
701 4.560330985631973
702 4.691866167111848
703 4.954761119679994
704 4.539159028798551
705 4.5014798196934445
706 4.693992668064057
707 4.512222960403733
708 4.640857711703115
709 4.753026800211839
710 4.65692246361854
711 4.596631254940697
712 4.8040452977691555
713 4.664851534179777
714 4.587784016218839
715 4.603314846422961
716 4.616469116076878
717 4.689522100235067
718 4.6854534073871115
719 4.880039869201838
720 4.470513208913445
721 4.500225521941721
722 4.576625799561967
723 4.686668924328915
724 4.862232640700204
725 4.548173585983167
726 4.516820884412835
727 4.586564682348518
728 4.8598002678232115
729 4.85833477315895
730 4.520683958234393
731 4.723016900984801
732 4.497189634161314
733 4.588714531596108
734 4.5189714960201455
735 4.644683180583595
736 4.379192935428216
737 4.74350975666115
738 4.611984671414206
739 4.625722550168851
740 4.46118755265611
741 4.459702294219026
742 4.732864536746926
743 4.9175407741743715
744 4.620567389496278
745 4.59047898964236
746 4.545663618201873
747 4.723260647584632
748 4.920281733707165
749 4.692048664109605
750 4.649071625822393
751 4.536690932806877
752 4.441622806231406
753 4.634164597016051
754 4.674264980730829
755 4.753716478312284
756 4.505049852075506
757 4.5556590424965995
758 4.739438222279856
759 4.699585964695518
760 4.889709495000954
761 4.699425017122414
762 4.578818241833418
763 4.689161347217422
764 4.679369540899821
765 4.575766254603667
766 4.467302603409295
767 4.499859522679666
768 4.633802012689758
769 4.718474181365159
770 4.594345556590438
771 4.414110738532045
772 4.931376676387845
773 4.630997567703575
774 4.650495046839463
775 4.5014280069709915
776 4.593065877714868
777 4.821683311820611
778 4.454891435773473
779 4.520368177564499
780 4.347444276191571
781 4.766686383858205
782 4.543076485152226
783 4.762033230372076
784 4.504250608218703
785 4.618530257266453
786 4.759012609659887
787 4.615556777695252
788 4.738771660131148
789 4.72309969426085
790 4.813646370002261
791 4.504712335786445
792 4.56645845177907
793 4.589235400501078
794 4.423152963790814
795 4.604445700677695
796 4.368721091777901
797 4.593398862382105
798 4.454681964894424
799 4.482309958834393
800 4.568692501050988
801 4.512620614477295
802 4.653502664035381
803 4.560904187276897
804 4.607443494151889
805 4.6713016945369645
806 4.6939448753413835
807 4.597056787659505
808 4.599316448997099
809 4.632214655153205
810 4.6635758096259545
811 4.644909506795363
812 4.571627438889843
813 4.827157132972183
814 4.610103776219728
815 4.48639236888793
816 4.597960877417098
817 4.6009110353686316
818 4.618094964284854
819 4.706571285574226
820 4.571125956484991
821 4.60721034730172
822 4.745174022038005
823 4.940767893356681
824 4.607180636433518
825 4.657482150549391
826 4.647145702243077
827 4.626310407833892
828 4.726372720287349
829 4.453653348546183
830 4.667766131941227
831 4.589021640676836
832 4.626810623237781
833 4.553253013738448
834 4.6359954065308004
835 4.636714383754667
836 4.58488218755903
837 4.582305508763005
838 4.439210484086474
839 4.538612589287351
840 4.7326216150374245
841 4.722712614116069
842 4.544487007252589
843 4.764132635277514
844 4.539035105410868
845 4.811950889649753
846 4.4814619552104755
847 4.760886751155866
848 4.5168432288734115
849 4.994242359932764
850 4.603266554143425
851 4.790884197319039
852 4.513564773239834
853 4.609232737571054
854 4.722721478096402
855 4.8460633614759745
856 4.6063820616255935
857 4.818968307955478
858 4.387069295286348
859 4.622265392752406
860 4.567850815689764
861 4.615615633835557
862 4.682642688000689
863 4.771959951032911
864 4.7226377580821755
865 4.726793792654333
866 4.481618551448007
867 4.611710050771559
868 4.8227241280288045
869 4.683543142835554
870 4.999115711872211
871 4.608835426298155
872 4.876401228976985
873 4.93658494500764
874 4.680130781391971
875 4.400583194268136
876 4.773984108917649
877 4.770228535785876
878 4.447969036066865
879 4.684128628814994
880 4.57458312497884
881 4.9531741645882
882 4.696408644454852
883 4.782074810924196
884 4.759942689896331
885 5.472763105860453
886 3.5923006298213176
887 3.7696612929283146
888 4.075658999406252
889 4.037924679477712
890 4.044567450334077
891 5.07903460596799
892 5.05350599698941
893 4.439057215897195
894 4.540811073455916
895 4.919245737643898
896 4.598062826982288
897 4.64083624066262
898 4.656846147492213
899 4.475619030576197
900 4.767885106212808
901 4.429845811591566
902 4.69800601062883
903 4.599825322343736
904 4.740037817583579
905 4.549222714147361
906 4.878270908907854
907 4.504806514553024
908 4.516437807051485
909 4.6587882424475655
910 4.823370740371101
911 4.8094014072928095
912 4.9239977733741025
913 4.729763343179596
914 4.5333772726546595
915 4.600760611454801
916 4.802093028837408
917 4.535163705934264
918 4.506553146998806
919 4.709880420488387
920 4.61071856706248
921 4.831094170209894
922 4.767320615134252
923 4.707690181279171
924 4.722565587311591
925 4.506476908451539
926 4.617875638979568
927 4.900575662008545
928 4.556269177849797
929 4.880789553155904
930 4.770434295342166
931 4.87702088692093
932 4.896807509766603
933 4.686999251329369
934 4.8031431889297584
935 4.483517523567561
936 4.5368952686589585
937 4.662406537673151
938 4.7678929239469
939 4.454409972465298
940 4.963444479901159
941 4.785204074612986
942 4.633583174933301
943 4.61434265261234
944 4.716406563819525
945 4.672701674159347
946 4.569687879598296
947 4.713303017672548
948 4.9491104560517005
949 4.723999447956938
950 4.739776606002062
951 4.701158075994036
952 4.864576759626615
953 4.619128686926472
954 4.662451662535506
955 4.82989409231017
956 4.532178394319674
957 4.526079661544732
958 4.518770135425212
959 4.680436428789978
960 4.623234359222544
961 4.742556020536064
962 4.937671358239293
963 4.623753951501155
964 4.843532311972332
965 4.623713969203689
966 4.539771219856744
967 4.569178990955112
968 4.903322862158588
969 4.532128076569911
970 4.764427364227212
971 4.67592258602174
972 4.675160913072475
973 4.861878586248146
974 4.690347643491636
975 4.610788904967927
976 4.792269084655147
977 4.607425308947021
978 5.1159098091320105
979 4.541328412321506
980 4.614133315086381
981 4.729162062504065
982 4.588030219400887
983 4.76615223311655
984 4.872126011902178
985 4.457451925825843
986 4.7369725716244515
987 4.59792353865274
988 4.64056877651
989 4.64798336595571
990 4.625778054737329
991 4.7605463739711675
992 4.802236371114275
993 4.536678569464795
994 4.797537957936531
995 4.605806687808658
996 4.703529364110924
997 4.642736144485661
998 4.612599884364921
999 4.550337077116017
1000 4.552883318895969
1001 4.684980261493783
1002 4.7079600840393585
1003 4.506483789308024
1004 4.655846341626825
1005 4.9604134357148
1006 4.661362313760717
1007 4.497178368800345
1008 5.007810505174927
1009 4.722269539432263
1010 4.616087229251185
1011 4.996788585444781
1012 4.7419517079500535
1013 4.730201401933076
1014 4.70230007974817
1015 4.77774049552916
1016 4.464806278127727
1017 4.581853276206462
1018 4.6270911476055865
1019 4.8407646632370565
1020 4.901771289909748
1021 4.4840360514094515
1022 4.663913950188987
1023 4.749428429056282
1024 4.645899028667413
1025 4.671688743854774
1026 4.778940747956977
1027 4.838833376849262
1028 4.701850955451159
1029 4.5153091391354945
1030 4.733270689651404
1031 4.7749281512392345
1032 4.66280628388169
1033 4.429588430288884
1034 4.434718196785098
1035 4.69187208363031
1036 4.612167025355835
1037 4.984946915815536
1038 4.650387489974299
1039 4.665678481997502
1040 4.593359935330685
1041 4.618208250282975
1042 4.778773125375475
1043 4.81444525862157
1044 4.744474921853877
1045 4.76635716150186
1046 4.784891671387248
1047 4.759832115283981
1048 4.576580827565243
1049 4.663150857137426
1050 4.925224039729314
1051 4.748052790038384
1052 4.655628404873388
1053 4.5814284036008495
1054 4.630195658075145
1055 4.646072601785818
1056 4.7107128730764405
1057 4.6724151103573845
1058 4.658780992806802
1059 4.968460609443902
1060 4.501087944062924
1061 4.74991566103025
1062 4.858076753189185
1063 4.726571957041804
1064 4.930083286507532
1065 4.648671430852651
1066 4.431663255917088
1067 4.675449111888642
1068 4.776784165908638
1069 4.377684963193815
1070 4.615625167192419
1071 4.4995373334485285
1072 4.831551617895084
1073 4.482863938282778
1074 4.77484787578739
1075 4.744004188402658
1076 4.764792334291886
1077 4.397729023173536
1078 4.905269513928789
1079 4.6590769683808855
1080 4.951886846555778
1081 4.313790544485134
1082 4.661840970857358
1083 4.581561621579911
1084 4.792621721007806
1085 4.609609177092557
1086 4.3825031641053105
1087 4.58300874729571
1088 5.073401957999071
1089 4.534831587646804
1090 4.4646137272308986
1091 4.637514277229076
1092 4.635421498796432
1093 4.663352125612569
1094 4.600440770049022
1095 4.42213228039075
1096 4.374501811957271
1097 4.673586373461974
1098 4.638822584105167
1099 4.542995256359174
1100 4.4946475581097705
1101 4.411601252907342
1102 4.776484147469494
1103 4.645233523373383
1104 4.658995505218972
1105 4.734890264268586
1106 4.593811411137881
1107 4.482146545880457
1108 4.7327639156764585
1109 4.425329125998216
1110 4.732800863419456
1111 4.6711500097497645
1112 4.667580260486657
1113 4.619897100916766
1114 4.847355557361423
1115 4.65998747156322
1116 4.95332406740318
1117 4.497272979164691
1118 4.568362756807309
1119 4.620304045730499
1120 4.624029602076267
1121 4.602182794614408
1122 4.729059470670433
1123 4.739588866370009
1124 4.744864395121533
1125 4.8022570268559965
1126 4.536805273833612
1127 4.7010858486458
1128 4.735795395989108
1129 4.793552525666366
1130 4.638024371471566
1131 4.4938516048223915
1132 4.997570278024074
1133 4.565066324133825
1134 5.434360393856157
1135 4.887960668508976
1136 4.737388577495881
1137 4.4427619270738905
1138 4.757946813703501
1139 4.627784223522631
1140 4.4101951853976695
1141 4.730971242275911
1142 4.543349744748067
1143 4.793244211989213
1144 4.522961334749426
1145 4.476287933458285
1146 4.58235213065433
1147 4.48837171832544
1148 4.418447758711406
1149 4.420667775484305
1150 4.713333491190904
1151 4.722766376768904
1152 4.711798877291967
1153 4.529503514566721
1154 4.851801828828787
1155 4.685796690592717
1156 4.658267569183371
1157 4.880228797633761
1158 4.769528646458429
1159 4.557399858740558
1160 4.6801497971592365
1161 4.611598116899961
1162 4.796264933617058
1163 4.623553175464052
1164 4.593273436785701
1165 4.627858924565977
1166 4.441354530620656
1167 4.6847723351685575
1168 4.5867321190034245
1169 4.43898233563482
1170 4.7761282496896
1171 4.5856806333431726
1172 5.126128542281772
1173 4.5778422324273285
1174 4.71288199424063
1175 4.386097493622316
1176 4.766478393268204
1177 4.649277122444134
1178 4.836511641415571
1179 4.702617808083425
1180 4.604409141801805
1181 4.734167406579696
1182 4.534513058185734
1183 4.519810318384562
1184 4.730511065356337
1185 4.710613194686387
1186 4.692850972685881
1187 4.581531315767153
1188 4.758966620808817
1189 4.7852826404090205
1190 5.113536923327955
1191 4.641632231935196
1192 4.791161836706919
1193 4.635467408843975
1194 4.645247482409536
1195 4.515145455032072
1196 4.8633239889084035
1197 4.689570068299398
1198 4.572466407726114
1199 4.5271680770732825
1200 4.646808885176553
1201 4.537804865502395
1202 4.408186822948479
1203 4.622401550283245
1204 4.682970366301395
1205 4.748271714930682
1206 4.785163844469253
1207 4.964766989890877
1208 4.447272542165696
1209 4.696577321418054
1210 4.413763490507792
1211 4.681238277303302
1212 4.5393992286158635
1213 4.625304748696
1214 4.5622067319279855
1215 4.6564879987183465
1216 4.522620367557231
1217 4.754213856759528
1218 4.605426092777608
1219 4.544303639829367
1220 4.5547277046045656
1221 4.469987073665866
1222 4.411996627615467
1223 5.042786200721976
1224 4.744958327738803
1225 5.018394211602332
1226 4.59718513180837
1227 4.76304549312804
1228 4.8910429089643666
1229 4.8136774271848575
1230 4.546147436452917
1231 4.893475255628102
1232 4.729677195379016
1233 4.605164856233876
1234 4.706067824787737
1235 4.097864215826564
1236 4.508410231665857
1237 3.962379092586983
1238 4.083103002217194
1239 3.9216154038157063
1240 3.754874641007344
1241 4.024626980411168
1242 4.252850983370739
1243 4.339735690513533
1244 4.135661025363834
1245 4.201480654623353
1246 4.647289420270293
1247 4.2865881912518065
1248 3.9687766375970543
1249 4.465043860284653
1250 4.133180260047961
1251 4.128678455658228
1252 3.9944408702294685
1253 4.091516167291887
1254 3.880999089940021
1255 3.9095595433299457
1256 4.343516757128811
1257 3.8954954265775243
1258 4.248125909564643
1259 4.033887747406545
1260 4.067442312408999
1261 4.080677257331542
1262 3.900026341387776
1263 4.274551309256908
1264 3.8246753149786166
1265 3.9907303524869975
1266 4.213178436749535
1267 4.038949421121354
1268 3.9130639550907738
1269 3.8318931052539136
1270 4.227152442178694
1271 4.039659098676076
1272 4.017467420893216
1273 4.10987202656548
1274 3.8516552637610744
1275 3.864826355533876
1276 3.8522533117247804
1277 4.050966479410626
1278 4.118007082390809
1279 4.042517175592706
1280 3.9726289876033882
1281 4.122532120985341
1282 4.15948941200777
1283 4.0625342494514545
1284 4.264805519423646
1285 4.441391035520205
1286 3.9156958973111573
1287 4.132588723032182
1288 3.86391590973757
1289 4.070962324346648
1290 4.341141779946441
1291 3.9042108795299386
1292 4.056586654758057
1293 3.9077803837166987
1294 3.9610048021886217
1295 4.020167093732503
1296 3.8340700955620903
1297 4.223227829040039
1298 3.9762687451065246
1299 3.7933027592494146
1300 4.1452549730174315
1301 4.048941863635758
1302 3.873381797894155
1303 3.8980920854931367
1304 3.8376390571277286
1305 3.7377669873591257
1306 3.945804894954688
1307 3.9831966484572616
1308 4.1238003975420146
1309 4.171959007800707
1310 4.205841289316498
1311 3.8593437760923823
1312 4.147253645893444
1313 3.9835877776609037
1314 4.33858050842861
1315 4.4298215114919
1316 4.155902650036379
1317 3.965785171143182
1318 4.2015428675664355
1319 3.647066090654239
1320 4.018739207617081
1321 4.225809870852208
1322 5.119881369177477
1323 4.784372884245471
1324 4.570089147731359
1325 4.9330434253183775
1326 4.84546212349713
1327 4.641231938508132
1328 4.7312689000745864
1329 4.794710394717515
1330 4.036757642201002
1331 4.32064743460063
1332 4.283649175460374
1333 4.031331118842728
1334 4.230260032446614
1335 4.210716876300866
1336 4.234975238402016
1337 4.262004290487383
1338 4.214536092300378
1339 4.096581798032162
1340 3.9799411551832087
1341 3.6206300174001558
1342 4.8003244338417215
1343 3.9966450316933884
1344 3.9241157429824884
1345 3.7777401530000194
1346 4.1979453158921585
1347 4.14835997753608
1348 4.130306418439943
1349 4.123776977787538
1350 4.289453218380962
1351 3.9688978631864593
1352 3.689006566317145
1353 4.189252278035985
1354 4.057910978818777
1355 4.198655623070566
1356 4.0336219958804005
1357 3.9793209572232087
1358 4.366292054044171
1359 4.233920547250144
1360 4.087739616533464
1361 4.049666366408883
1362 3.919015062067959
1363 4.321791411498466
1364 4.445075165416802
1365 3.8753007384152514
1366 3.940629774588812
1367 3.8387919653381237
1368 4.236765352125691
1369 4.136310508960123
1370 3.7757207802502757
1371 3.954498008590539
1372 4.2507215411879455
1373 3.940239659009346
1374 5.966162710884574
1375 4.71394224600122
1376 4.1049137656242
1377 3.9497878425123285
1378 4.064239601251614
1379 3.948776893323901
1380 4.105843104620924
1381 4.1499048792357875
1382 4.099897757852745
1383 4.089303480757002
1384 4.248501220647309
1385 3.879938143633321
1386 3.8792085899669373
1387 4.40664167093368
1388 4.018450771918002
1389 4.019702616878072
1390 4.250262571476387
1391 4.016466482220099
1392 4.081286766046137
1393 3.91159947223232
1394 4.034927453363154
1395 4.200631344270541
1396 4.054486625391249
1397 4.381539010999332
1398 4.0876728412948005
1399 4.224918270753263
1400 3.885911362503045
1401 4.1172441444842365
1402 4.0849766448215235
1403 4.126546417081057
1404 3.9736111755936827
1405 3.8609005764258093
1406 4.0221824596252365
1407 3.8629888123652605
1408 4.348860713191158
1409 4.045425712067749
1410 3.991372773806599
1411 4.270844787756227
1412 4.196912812494346
1413 4.277753010597301
1414 3.7744687563440955
1415 4.135573332362127
1416 4.092405557441399
1417 4.868811832300425
1418 3.7615296808080996
1419 4.165381721925729
1420 4.462447457817206
1421 4.396339954913403
1422 4.0140077489834844
1423 4.193475963692684
1424 3.99884135330757
1425 4.175800799629362
1426 4.034748071151045
1427 4.116712922338458
1428 4.142071358740601
1429 4.049186373314724
1430 3.773536089664081
1431 4.121742660387017
1432 3.9429144480316243
1433 4.081110082946191
1434 4.33650439869615
1435 4.103459292915672
1436 3.926731420890007
1437 3.864136736133516
1438 3.994264862179584
1439 3.942540293907286
1440 4.376067505090844
1441 4.55172857573856
1442 4.239634872101447
1443 4.2258161340736775
1444 4.036425255454918
1445 4.264564838866898
1446 4.760440328167937
1447 4.8016112792438115
1448 4.820069485008556
1449 4.484064316070898
1450 4.717212320497369
1451 4.640265738831889
1452 4.3824876775509045
1453 4.7475309618224255
1454 4.983093983213748
1455 4.638571225553653
1456 4.535123498708219
1457 4.517177799644353
1458 4.64391238616011
1459 4.575160861775444
1460 4.514707460553815
1461 4.771259601307665
1462 5.194912391679451
1463 4.899612406334783
1464 4.61209835272901
1465 4.728400070760259
1466 4.678979799704217
1467 4.85996621488705
1468 4.710350120363176
1469 4.6581605873012855
1470 4.714053539673707
1471 4.51295852854219
1472 4.696860373354728
1473 4.5092076598898085
1474 4.424798236193324
1475 4.661162912046546
1476 4.585475817175051
1477 4.576142237462228
1478 4.434792971287662
1479 4.543758558010739
1480 4.435947223373153
1481 4.649255450101606
1482 4.686008560247897
1483 4.5848016471993045
1484 4.534347072881384
1485 4.375983742312272
1486 4.573217494582321
1487 4.72501812256726
1488 4.7347752002328125
1489 4.46617816493069
1490 4.753305291055199
1491 4.649705319907586
1492 4.599943443299908
1493 4.652973038234381
1494 4.8662172561046795
1495 4.654092269120943
1496 4.847085418875048
1497 4.285954661105236
1498 4.521905289429504
1499 4.647981760393805
1500 4.603604863980879
1501 4.642703008324019
1502 4.751781226764329
1503 4.662804972715117
1504 4.654733937927748
1505 4.707057608091186
1506 4.487104848588041
1507 4.461705437459969
1508 4.577365039006412
1509 4.728161201662924
1510 4.66437626721657
1511 4.541805863247573
1512 4.676430359375411
1513 4.624195341905847
1514 4.697567991534437
1515 4.324681832301235
1516 4.6092145116861625
1517 4.611247274646887
1518 4.6581580158238305
1519 4.600556973126687
1520 4.572967705617155
1521 4.556157646022909
1522 4.68958943256101
1523 4.452835394983788
1524 4.7192563463730295
1525 4.920240373958876
1526 4.640540596796537
1527 4.549327530052508
1528 4.6503811394701255
1529 4.6367503004037705
1530 4.705784824542476
1531 4.626928878810859
1532 4.469169027212517
1533 4.432252056535111
1534 4.610857493186153
1535 4.838923580696623
1536 4.752614702231241
1537 4.569237589596463
1538 4.564131235408396
1539 4.702836849676191
1540 4.694493222522937
1541 4.717858958978801
1542 4.471330578867721
1543 4.725996363359476
1544 4.593465228292272
1545 4.735287860447156
1546 4.7285862329839485
1547 4.72586286346502
1548 4.966311649783258
1549 4.539632870932273
1550 4.75333027751666
1551 4.664725749537095
1552 4.718777017430288
1553 4.531496981033319
1554 4.460538021643819
1555 4.69680356496022
1556 4.667378659056678
1557 4.633906663652164
1558 4.753581458936836
1559 4.493918811524404
1560 4.759265874677703
1561 4.645849583759233
1562 4.706610702761043
1563 4.804621786210415
1564 4.719383082067255
1565 4.659091391440484
1566 5.304090590217069
1567 4.698080138743226
1568 4.294343244807283
1569 4.553356893323987
1570 4.683636552840667
1571 4.77148154608636
1572 4.827281801786106
1573 4.630722758669436
1574 4.674665396416458
1575 4.673362325755228
1576 4.654547574786788
1577 4.727422205715824
1578 4.70583992188176
1579 4.7586793207266185
1580 4.916975625243287
1581 4.8140167056231356
1582 4.726965785081436
1583 4.711135566867659
1584 4.782811117352262
1585 4.40815327579283
1586 4.5007998827771205
1587 4.624268288817279
1588 4.831919905758206
1589 4.682731430618356
1590 4.630984859016829
1591 4.579173028908883
1592 4.504135610250947
1593 4.839448664463622
1594 4.964372460961956
1595 4.78567318161357
1596 4.845342195437351
1597 4.751305942923994
1598 4.662288971296416
1599 4.507577285784885
1600 4.413577127905708
1601 4.777219395980534
1602 4.00573495525675
1603 3.7782928880586835
1604 3.5089982918865714
1605 3.459809901674778
1606 3.883518786831503
1607 4.16869123114167
1608 4.109529012312571
1609 3.925431441190782
1610 3.9640837072946784
1611 4.041083089535537
1612 4.301450419082698
1613 4.015591381765053
1614 4.224646996869003
1615 3.8094147291305087
1616 4.094762166613944
1617 3.711033518477031
1618 3.8637346854935446
1619 3.877560053246928
1620 3.814070408423697
1621 3.9022810905156926
1622 4.905543430129514
1623 3.877977678101287
1624 4.069592786035465
1625 4.259658463942884
1626 3.9430086049466944
1627 4.016572822568012
1628 3.9023969068258406
1629 5.03710440045512
1630 4.734831286435506
1631 4.597305895076223
1632 4.634771480230455
1633 4.733580317370347
1634 4.575140824353586
1635 4.740171240276905
1636 4.516765706032878
1637 4.364146120602904
1638 5.107452136031659
1639 4.643483980931289
1640 4.636265501286901
1641 4.799774041831905
1642 5.282857135182765
1643 4.6016741881030185
1644 4.6065787829293265
1645 4.5082533417569755
1646 4.434313287868234
1647 4.718898524884713
1648 4.6641209263130605
1649 4.699507325193724
1650 4.703144692006482
1651 4.445102700608055
1652 4.623280300382016
1653 4.6793510028540855
1654 4.499328651119396
1655 4.535645583534341
1656 4.77506559325713
1657 4.511432849558748
1658 4.629544917008024
1659 4.661449847339858
1660 4.884517109933785
1661 4.703947467275251
1662 4.659790295682561
1663 4.542088661478818
1664 4.496535741559759
1665 4.616267611014233
1666 4.452844654895595
1667 4.932143269045831
1668 4.745655054590548
1669 4.659672174372745
1670 4.624882878456638
1671 4.538222324714635
1672 4.567168228211443
1673 4.613211445018532
1674 4.753647272508897
1675 4.8077408111243
1676 4.593973443040346
1677 4.430199846275048
1678 4.6291309235917195
1679 4.782715894690698
1680 4.883875318874484
1681 4.549841973628346
1682 4.917798596509742
1683 5.13843630718759
1684 4.752203332838661
1685 4.770849725072527
1686 4.537095514912858
1687 4.601475063951704
1688 4.614485139396026
1689 4.625245618428231
1690 4.485585775414238
1691 4.723499802550603
1692 4.702288759590112
1693 4.531284415794195
1694 4.672164135563039
1695 4.514454608201642
1696 4.712846535117234
1697 4.656938447811234
1698 4.661826166642745
1699 4.387128282735726
1700 4.820220217322818
1701 4.7455197579721755
1702 4.594767457349507
1703 4.808372470397986
1704 4.792146393981866
1705 4.638431274268766
1706 4.776320634803843
1707 4.457939509879895
1708 4.641483030686004
1709 4.454936173790752
1710 4.682052761139446
1711 4.729633924776969
1712 4.491444698005604
1713 4.8531465947750165
1714 4.873910807121666
1715 4.780353548983908
1716 4.002544429945824
1717 4.663665800198253
1718 4.7370919054103275
1719 4.69466080505424
1720 4.633125925833832
1721 4.622261273433117
1722 4.472993443316301
1723 4.37946860367653
1724 4.464895839146201
1725 4.734389643417929
1726 4.6181039689926475
1727 4.574123264494778
1728 4.4933087377454894
1729 4.755130268414634
1730 4.9220877465675965
1731 4.589394808323629
1732 4.816807966697729
1733 4.462689186628429
1734 4.645067683369111
1735 4.675408012058601
1736 4.5823208827448845
1737 4.60656895029974
1738 4.7548234571742976
1739 4.710763637622905
1740 4.754942796948879
1741 4.598523989710493
1742 4.6021636357004425
1743 4.545575927205503
1744 4.782606934063449
1745 4.705795634643083
1746 5.129289533458373
1747 4.657117333228821
1748 5.081105382612047
1749 4.849446608840069
1750 4.700634845437974
1751 5.1685737667422424
1752 4.817338767960287
1753 4.799922468216362
1754 4.599632671627468
1755 4.197134817134152
1756 4.72758652124103
1757 4.551484850917906
1758 4.9090511684409
1759 4.580429320785995
1760 4.611496547440142
1761 4.865549016293789
1762 4.62253515667256
1763 4.697123537897747
1764 4.621305523488491
1765 5.183388409962292
1766 4.931849920761389
1767 4.802685249100541
1768 4.750900862696327
1769 4.7777760589614315
1770 4.943146958313695
1771 5.221085100480292
1772 5.224436943280936
1773 5.25571751820595
1774 5.0866878742330535
1775 4.650191926825586
1776 4.994036835315835
1777 5.475118596022711
1778 5.221252725414203
1779 5.087716729786916
1780 4.913286891491473
1781 5.0319348590937665
1782 4.733536864328427
1783 5.081563369947527
1784 4.97309341607438
1785 5.3946491209672836
1786 5.292594523922943
1787 5.175850488192036
1788 5.115219613601028
1789 4.897915359687845
1790 4.70267794558647
1791 5.480439563314455
1792 4.7856628084556325
1793 4.810135563537174
1794 5.259145266703902
1795 5.02874627746911
1796 4.889557577343399
1797 5.255752026187666
1798 4.783878632449062
1799 4.9458850809450485
1800 4.749179565202026
1801 4.591396683201968
1802 4.563483134929861
1803 4.723918487193162
1804 4.514909933068564
1805 4.398663273013632
1806 4.569526263877468
1807 4.7319902900600175
1808 4.649113327699842
1809 4.61993899048281
1810 4.782784332988618
1811 4.793147734872117
1812 4.686050434151469
1813 4.6165736530017165
1814 5.188113984543104
1815 4.633775833855014
1816 4.047158301322991
1817 3.713023507890651
1818 4.21484817559272
1819 3.8552281912118125
1820 3.8812520157984185
1821 4.223302643976715
1822 4.413629124249315
1823 4.3319779168222965
1824 4.0999135726032785
1825 3.8823788195605315
1826 4.307206814918275
1827 4.178889624507512
1828 4.07925294423567
1829 4.258525328148924
1830 4.067606576813006
1831 3.737476106999244
1832 4.275526121904017
1833 4.1822875497296454
1834 3.9461378630635484
1835 3.852024571275087
1836 4.496880190620738
1837 4.212103872899156
1838 4.137256969766182
1839 4.106044282890152
1840 4.03298706297026
1841 3.637173775383113
1842 4.155277270887199
1843 3.9242467765661826
1844 4.1816448801817
1845 4.310381666875222
1846 3.8892932691447792
1847 4.117572380237749
1848 4.214988282791685
1849 4.059455994925556
1850 4.182378639089301
1851 4.269864392412013
1852 3.967950889462262
1853 4.080602364537317
1854 4.120145369659318
1855 4.340011611140823
1856 4.234886227611661
1857 4.238990213998282
1858 4.366981012242739
1859 4.187595123495827
1860 3.9711543711460053
1861 3.9162988867467807
1862 4.366443610006113
1863 4.3306266493187335
1864 4.204958977522655
1865 3.9034102101966823
1866 4.350332021921735
1867 4.131122745173326
1868 4.316295562795128
1869 4.136227897021917
1870 4.137338769371256
1871 4.066542225850941
1872 4.095298968546458
1873 4.345470495543392
1874 4.312180439524053
1875 4.068577173259036
1876 4.1522970813617155
1877 3.982181692041764
1878 4.145554790847465
1879 4.663076430894208
1880 4.066195300341674
1881 4.176252171968972
1882 4.7013597627314825
1883 4.639706928074229
1884 4.773774084246517
1885 4.908466132265873
1886 4.6784482014747
1887 4.770876426193416
1888 4.5194865886447415
1889 4.627664957160137
1890 4.523690722900623
1891 4.863510854122468
1892 4.652448503187686
1893 4.744761620427716
1894 4.531138007593975
1895 4.485516332146076
1896 4.624310570128084
1897 4.811412277199656
1898 4.748796376462647
1899 4.740408836115915
1900 4.551703892994117
1901 4.675504751707463
1902 4.630931803997568
1903 4.686293322453811
1904 4.654977625315545
1905 4.56427348936872
1906 4.506909042111171
1907 4.638931423718082
1908 4.594389158993965
1909 4.332239923577398
1910 4.56639895553409
1911 4.742311039981643
1912 4.824823041244151
1913 4.424114520447099
1914 4.3478104414103225
1915 4.6711193142553995
1916 4.755114064742219
1917 4.9474683447640295
1918 4.410527309455538
1919 4.698197779901168
1920 4.632691706183077
1921 4.803475536337847
1922 4.506401285079627
1923 4.541800834547524
1924 4.458011269096954
1925 4.778957348135837
1926 4.894972265316971
1927 4.886006208571359
1928 4.7358173337055645
1929 4.486381681334363
1930 4.633158925053996
1931 4.616740417512231
1932 4.498445286808741
1933 4.512366891325147
1934 4.565659196433133
1935 4.6781613725313935
1936 4.709387009782597
1937 4.627275263551773
1938 4.714470800672684
1939 4.6053896793558575
1940 4.905265705978932
1941 4.854665119883568
1942 4.7375593204556905
1943 4.7974571120700755
1944 4.3590584882923755
1945 4.696733929018137
1946 4.60994486876983
1947 4.818840924229049
1948 4.7437945214203205
1949 4.662676775069201
1950 4.4541764952794285
1951 4.542907605794716
1952 5.258775073330359
1953 5.030357556990678
1954 5.060284615050949
1955 5.838906435295175
1956 4.7018252223111805
1957 5.48444037040219
1958 4.696128988446328
1959 4.556612816314194
1960 4.806106084752842
1961 4.935609818519505
1962 4.756207927082825
1963 4.758254532918297
1964 4.817223808206637
1965 4.951671990711427
1966 4.769261198988316
1967 4.59159809629932
1968 4.450800820865935
1969 4.785696304197105
1970 4.789252727402243
1971 4.828140921759525
1972 4.5729294400665195
1973 4.616164560104621
1974 4.8252681268399025
1975 4.646121711630804
1976 4.540367848498008
1977 4.5183629429415895
1978 4.5604329196754065
1979 4.481649858673329
1980 4.7062518330910965
1981 4.493219457032084
1982 4.665372702299861
1983 4.475448158698295
1984 4.054657507690872
1985 4.163228524080706
1986 4.0520812945727
1987 4.169700640141596
1988 3.9964183310888006
1989 4.3251699445950935
1990 4.333322119512005
1991 3.961512700988006
1992 4.196816749791619
1993 4.1628538001307245
1994 4.180773751553795
1995 4.052792865341582
1996 4.093700244961702
1997 4.35100919312891
1998 3.753309359103654
1999 3.974522757120273
2000 4.18045424891359
2001 4.3122065789588095
2002 4.322570688232878
2003 4.201288201328489
2004 4.0148163160423875
2005 4.027632143296876
2006 4.327779271983207
2007 4.429877432977088
2008 4.2591734086868405
2009 4.189988153469908
2010 4.255343254662822
2011 4.206739880476315
2012 4.164633804553794
2013 4.487323678660164
2014 4.094890083440948
2015 4.091077604580063
2016 4.050709634065322
2017 3.9431292674490446
2018 4.091561440511589
2019 4.383950748846303
2020 4.205434130356963
2021 4.413675543610457
2022 4.264746707173295
2023 4.152974034804857
2024 4.276330597758928
2025 4.325383530414775
2026 3.934413037934762
2027 3.8622576170686727
2028 4.0473309951513965
2029 3.975939968563479
2030 4.118571763156722
2031 4.02757513287329
2032 4.021045360993421
2033 3.930730217269278
2034 4.064318535861929
2035 4.181438253084731
2036 4.28599370406596
2037 3.984672572374097
2038 4.179741735629446
2039 3.9206172839981037
2040 4.1827398780814296
2041 4.079647132242933
2042 4.134547030724364
2043 4.114380919831004
2044 4.237338236078943
2045 3.98447306794071
2046 4.029448974335006
2047 4.693203547576734
2048 4.060303796597864
2049 4.3333800412817345
2050 4.196702747736772
2051 4.019786701908416
2052 4.116227080883761
2053 3.9541229947491265
2054 4.506872029772483
2055 4.179353443739845
2056 4.034665801641123
2057 4.222847637822359
2058 4.200329818808422
2059 4.341978344786196
2060 4.0756253730827146
2061 4.352161611413962
2062 3.9980360432095807
2063 4.101154430871122
2064 4.305771268753283
2065 4.0171839077144575
2066 4.061007446290376
2067 4.084392728532742
2068 4.090088356637325
2069 4.218871143543145
2070 4.2184604064824125
2071 4.003938463836287
2072 3.853193741559407
2073 4.318349773921814
2074 4.091411950397478
2075 3.9656354557254963
2076 4.1204797596818326
2077 4.15488755119357
2078 4.078770568116211
2079 3.898392835988212
2080 3.9477596326819238
2081 4.0221224094149886
2082 4.077768766443821
2083 4.335555275055978
2084 4.135124621379903
2085 4.166368765895331
2086 4.397256542529271
2087 4.20801823916539
2088 4.300039453775287
2089 4.185217892445582
2090 4.185515363408508
2091 4.094326191866411
2092 3.8858235495780717
2093 4.398110185421173
2094 3.973287034835605
2095 4.203621072633417
2096 3.9833229825668677
2097 3.9910551377898265
2098 4.267813086112331
2099 4.042408752024618
2100 3.7834757254921456
2101 4.151347482074352
2102 4.328957563393188
2103 4.201364268830955
2104 4.0289013173839185
2105 4.2128489616258245
2106 4.097987269946604
2107 4.362133752405459
2108 4.266571639629432
2109 4.4340762128829025
2110 4.088478539858
2111 4.2387359473450905
2112 4.164358399767142
2113 4.399976253886916
2114 3.8773883778373035
2115 4.049296754034199
2116 4.069939630188696
2117 4.215786838767142
2118 3.939563611470717
2119 4.154200213445982
2120 4.0427673332667915
2121 4.337993200647919
2122 4.306105692207942
2123 3.7926739311609805
2124 4.0575213238703824
2125 4.01250506845046
2126 4.181785347230023
2127 4.098852716446541
2128 4.293234425937051
2129 3.9907083053719514
2130 4.176299989424444
2131 3.9635541383703523
2132 4.717609887086399
2133 4.297715038173764
2134 4.027606448388029
2135 4.235179602698721
2136 3.8736068421739374
2137 4.177215356785357
2138 3.8426364536418562
2139 4.086940102694488
2140 4.026852928929977
2141 4.098387185240506
2142 4.028322596195912
