0 	 49.08382694425232
1 	 49.14430106310468
2 	 48.85383116542907
3 	 48.975698896785
4 	 48.12628888950142
5 	 48.170124354461485
6 	 47.9220679773725
7 	 47.549889549594184
8 	 47.446314082076086
9 	 47.02329234913704
10 	 47.693805406100516
11 	 47.01350590310505
12 	 47.548165164646875
13 	 47.34802315420876
14 	 46.624592385302925
15 	 47.341765704110756
16 	 46.874054295381846
17 	 46.148750797207846
18 	 46.10405556363458
19 	 46.86462255366396
20 	 47.050263838993864
21 	 47.47445704790906
22 	 39.98097503456069
23 	 48.33595019100061
24 	 40.30061696662511
25 	 48.260186457528135
26 	 39.547248800571936
27 	 47.70990620027247
28 	 47.94516816370056
29 	 47.65343486812599
30 	 47.91445901217767
31 	 47.47395249024211
32 	 47.28266847397656
33 	 47.497272292754445
34 	 47.50800833627834
35 	 46.99663312567412
36 	 47.01559524876413
37 	 46.99714482858219
38 	 47.13181476418997
39 	 46.91566074716388
40 	 46.659931077398525
41 	 46.31279374997728
42 	 46.84932032171865
43 	 46.60630758565617
44 	 46.168113261065216
45 	 46.39356204254879
46 	 47.38785563704454
47 	 47.17655790906006
48 	 46.284529335105134
49 	 46.66898659942336
50 	 46.704701670267944
51 	 47.64646510503217
52 	 46.80917485237173
53 	 46.90280499642918
54 	 46.61449298792757
55 	 46.532458118245636
56 	 46.678885179617424
57 	 45.601291615230956
58 	 46.776796977494634
59 	 47.14289175528147
60 	 47.23702027271897
61 	 48.12222147435253
62 	 48.06862621721037
63 	 47.48800073782218
64 	 47.15115107119249
65 	 46.946317620366166
66 	 46.06932456029853
67 	 46.06381186304595
68 	 46.91171439832685
69 	 47.42551931112361
70 	 47.182986022219076
71 	 46.96552632480842
72 	 46.43116652505307
73 	 46.95435744436714
74 	 47.23885398002083
75 	 46.73070849657571
76 	 46.36904509227209
77 	 45.834738053714766
78 	 45.73359960846041
79 	 45.94592319944244
80 	 44.72209984478875
81 	 44.731143049428454
82 	 45.96161125031461
83 	 46.06040221552563
84 	 45.420094372328776
85 	 44.480520255484784
86 	 43.80226067058561
87 	 53.84469362839463
88 	 55.07770896901626
89 	 56.13719717776743
90 	 55.73780832453627
91 	 55.734925539036276
92 	 56.53855634334238
93 	 55.95987519299455
94 	 56.48076797390104
95 	 46.630070452909074
96 	 46.0005165343504
97 	 43.80151527778167
98 	 53.86373143256181
99 	 54.295583356613164
100 	 54.04235887742457
101 	 53.433639873666195
102 	 53.87676431526042
103 	 54.28861211470051
104 	 54.15614796343827
105 	 54.65154571073208
106 	 54.732560920265534
107 	 54.75207073188414
108 	 54.76808736139713
109 	 55.37587072282115
110 	 53.75429308645688
111 	 53.17842749070005
112 	 53.206301707285114
113 	 54.2406950683957
114 	 54.894134554011075
115 	 54.52733625298474
116 	 54.2501673267399
117 	 54.21604236198504
118 	 54.32651160173249
119 	 54.1938086205074
120 	 54.27729183513298
121 	 54.0674533729179
122 	 53.968990825898054
123 	 53.42157870775876
124 	 53.65075650716738
125 	 52.41149426854412
126 	 52.635276287845784
127 	 53.105885988118445
128 	 53.72545092214045
129 	 53.32392321767419
130 	 53.78388466896859
131 	 53.71032492021938
132 	 53.066417221154545
133 	 52.65985498863377
134 	 52.737385670666704
135 	 54.20464499535527
136 	 44.278251866107766
137 	 54.27809606709328
138 	 54.26609436836673
139 	 53.667873548499266
140 	 54.48160360189848
141 	 43.32983717673064
142 	 53.065048407483474
143 	 43.60698559975751
144 	 43.59013557151955
145 	 43.92541623563663
146 	 43.46669216199759
147 	 53.989966546356406
148 	 53.5808483832729
149 	 54.70545177777467
150 	 53.15088113897397
151 	 53.83864846012808
152 	 53.09992837574097
153 	 51.66681772112987
154 	 52.87222290343571
155 	 52.8628816983868
156 	 54.27062506014368
157 	 51.88978181306784
158 	 52.742099597185444
159 	 53.54805350324786
160 	 53.489048387076
161 	 53.41746361267208
162 	 52.99964635940465
163 	 53.4822825700849
164 	 54.06020600156674
165 	 53.747337679598125
166 	 53.874776083813465
167 	 54.670973638907626
168 	 44.88505023840982
169 	 44.574746991850574
170 	 45.495592745115545
171 	 44.79155322289784
172 	 44.72572270676894
173 	 43.51679154361597
174 	 44.280826049293005
175 	 44.82903061195647
176 	 45.24620377581845
177 	 53.85855475127139
178 	 54.600800280836495
179 	 44.960686128658025
180 	 37.04243308469735
181 	 37.15434614470205
182 	 45.61211601732653
183 	 46.12235275093433
184 	 46.3063237599026
185 	 46.90596050361285
186 	 37.92990116951641
187 	 45.919765413342226
188 	 37.828216062799186
189 	 38.72382478625669
190 	 45.67663786660526
191 	 46.00405068219834
192 	 37.902264594089374
193 	 28.546826392952205
194 	 28.33348361756464
195 	 38.98203991656886
196 	 29.20526118816825
197 	 28.932325354320163
198 	 29.034939499755126
199 	 29.386067739255008
200 	 29.49430852315214
201 	 29.45044375098347
202 	 29.585026264464485
203 	 29.9359238754382
204 	 29.052944179652215
205 	 29.706573634643853
206 	 29.555721718108817
207 	 29.88968239401555
208 	 30.52132379559572
209 	 31.03798347077001
210 	 31.028852946130137
211 	 31.31773050513634
212 	 32.35132571636734
213 	 31.690612560749575
214 	 31.226615585039298
215 	 31.67328985177268
216 	 31.9374492986792
217 	 31.74673301380238
218 	 30.51993609438493
219 	 30.583959122232272
220 	 40.31551763120536
221 	 30.613145429677385
222 	 31.544207675234745
223 	 32.23320996029632
224 	 32.30734439009315
225 	 31.54369425826026
226 	 32.55660072488563
227 	 41.460497284893826
228 	 32.34252965193081
229 	 42.66141047163923
230 	 33.22444654442935
231 	 32.960265946635886
232 	 33.38300591706996
233 	 32.757269890395975
234 	 34.92538274983103
235 	 33.30191398006394
236 	 32.14993908673411
237 	 33.78142892148579
238 	 33.72229701057147
239 	 32.83247369548934
240 	 32.440465104952324
241 	 31.526252876670153
242 	 32.480079350977356
243 	 32.67932673417801
244 	 32.60407363962496
245 	 42.06646671891369
246 	 41.00278760295621
247 	 31.024960271895903
248 	 31.80706411806515
249 	 32.33083339683471
250 	 32.719710569948475
251 	 33.900679219706944
252 	 32.78437044889156
253 	 34.12506932069561
254 	 33.81777948182531
255 	 22.68873498676595
256 	 22.59420230368648
257 	 22.765196454077234
258 	 22.414149841370566
259 	 22.698589129052607
260 	 31.584186184810807
261 	 44.477976730273134
262 	 22.55525019263943
263 	 24.36323007611016
264 	 23.757704130414297
265 	 32.097362294681865
266 	 31.68875849040337
267 	 32.89780675392261
268 	 30.48209268466069
269 	 31.0937163351323
270 	 31.403984830401495
271 	 24.459583320258176
272 	 23.602108836455024
273 	 23.521532364093655
274 	 33.00994073032085
275 	 33.63323920220131
276 	 27.64180842390865
277 	 27.226047327068294
278 	 25.947298738908785
279 	 27.626654162364073
280 	 27.175074200158445
281 	 26.366027984738725
282 	 25.51295634328802
283 	 25.168548915338146
284 	 24.59657158006885
285 	 26.263243268903352
286 	 36.61402384126102
287 	 35.49899124747963
288 	 33.44583217789644
289 	 33.42724731631187
290 	 32.088711216437275
291 	 30.88009251651559
292 	 33.20821140959152
293 	 30.468344201726044
294 	 31.163802587598088
295 	 31.14076543145672
296 	 29.793038671335733
297 	 32.70866155775563
298 	 33.23804915926477
299 	 33.706141670728044
300 	 33.03217653917903
301 	 34.61372535747869
302 	 32.61509338481383
303 	 30.588064013660798
304 	 32.953926632581975
305 	 32.39386080024529
306 	 24.429302904215337
307 	 23.282895247967694
308 	 23.00975750352867
309 	 33.10142834753936
310 	 21.941261917925004
311 	 23.754577835754855
312 	 33.57191360106491
313 	 46.03887329328285
314 	 34.99462177785761
315 	 35.516032724480795
316 	 45.06066158318668
317 	 35.05007282908984
318 	 34.16526218289899
319 	 34.55078210780493
320 	 44.983302146034305
321 	 32.91678615554673
322 	 33.18615528384443
323 	 32.66149536115669
324 	 34.448371190395335
325 	 34.47809938173747
326 	 32.7183171384357
327 	 33.041054325875855
328 	 33.30974739526537
329 	 33.44545796043467
330 	 45.75976428294181
331 	 45.07444128738187
332 	 34.27458470749248
333 	 45.54709826600708
334 	 45.057931205081466
335 	 33.55518083790679
336 	 33.43120037470448
337 	 36.42195536012214
338 	 35.07656764502088
339 	 34.76828686745884
340 	 36.16794852532056
341 	 36.25045281462864
342 	 35.3247473064242
343 	 34.90332317993591
344 	 36.073968862295594
345 	 34.96839389899729
346 	 34.202138081777115
347 	 35.23171510479307
348 	 35.57961224717235
349 	 37.02659253656698
350 	 34.93930257859301
351 	 36.56008437905304
352 	 38.08568607058583
353 	 46.07678997012433
354 	 36.474655336633006
355 	 36.505893456020125
356 	 35.513713346004245
357 	 47.80065302479268
358 	 46.90636510597715
359 	 44.95391671588552
360 	 33.94708266178449
361 	 34.40086359798868
362 	 36.513678180050924
363 	 35.89417704718538
364 	 35.142615489405706
365 	 30.583744264742396
366 	 30.599171530942463
367 	 32.92440581911134
368 	 34.38044780657124
369 	 45.80729832575276
370 	 43.87439625197809
371 	 42.41026550432882
372 	 45.0607747566651
373 	 46.89923359352348
374 	 44.958200048042066
375 	 44.97186546413268
376 	 30.154073310718573
377 	 31.61965219833426
378 	 32.8867992101916
379 	 44.80728879954937
380 	 44.0825634125592
381 	 43.837060301047025
382 	 46.335692795024826
383 	 46.55552869014998
384 	 46.57559040639715
385 	 45.73016763980752
386 	 46.74372848860818
387 	 45.62142112157377
388 	 35.5800511131263
389 	 33.747833159060384
390 	 35.815356367818445
391 	 35.51101694355746
392 	 36.434474071290374
393 	 36.30879098615643
394 	 35.74938010325784
395 	 35.44966757273533
396 	 36.17116479446828
397 	 36.31052352238183
398 	 35.22551656271014
399 	 36.32499017785924
400 	 35.974888458359025
401 	 37.42579640975033
402 	 36.37345906782608
403 	 38.546723164322636
404 	 37.545460831214456
405 	 38.41280188943422
406 	 37.43064608899981
407 	 37.70444154258863
408 	 37.066906666658234
409 	 38.76892289368279
410 	 39.12554227712275
411 	 38.8339754846554
412 	 38.56389790803206
413 	 38.136640399389535
414 	 38.557461530177456
415 	 37.59632585304738
416 	 38.88603511698309
417 	 36.91994979116685
418 	 38.59635204551582
419 	 38.477484703086475
420 	 38.468382809863634
421 	 36.39690148673261
422 	 36.01924389454234
423 	 37.12561869021294
424 	 38.21457294444395
425 	 37.24761270935676
426 	 38.95704702431018
427 	 40.63968510934038
428 	 39.495751442420776
429 	 39.85404878699402
430 	 41.9789152853983
431 	 40.827155749205566
432 	 39.470402302781096
433 	 40.13271654801582
434 	 41.22403312510377
435 	 41.38807193954532
436 	 40.95873058822816
437 	 41.13339078461157
438 	 41.8018249758735
439 	 40.381456719915334
440 	 43.65086960988431
441 	 40.49907068133548
442 	 39.795578477339184
443 	 38.912591906812736
444 	 40.91411676114531
445 	 38.8352835634947
446 	 40.92476909480021
447 	 37.84024978857769
448 	 37.147516749441635
449 	 38.02308080370739
450 	 35.91037819343801
451 	 38.36069367655939
452 	 39.85318849159593
453 	 42.35681556996076
454 	 41.6956131249187
455 	 41.391368232676726
456 	 42.52084313379163
457 	 43.368704592156234
458 	 39.09297179280577
459 	 40.781182324924394
460 	 39.49852471944991
461 	 39.66322891857286
462 	 40.445972023084835
463 	 39.73747544890866
464 	 41.18313433189905
465 	 40.713362069767825
466 	 41.89855014588459
467 	 41.65922473013554
468 	 41.16791876750182
469 	 43.074132952316965
470 	 41.275846584054946
471 	 43.4142356205932
472 	 42.30848556107614
473 	 42.667839573375815
474 	 44.583765699754025
475 	 45.16705487342658
476 	 46.634480642835676
477 	 43.86880213892894
478 	 45.64333348928177
479 	 43.65114587238998
480 	 45.34146894486426
481 	 42.707671917387934
482 	 42.38810490486802
483 	 43.38444288071061
484 	 42.86077730191159
485 	 43.938359844148366
486 	 44.797862569359246
487 	 44.78588655106875
488 	 45.69528021950708
489 	 46.81753991173019
490 	 47.11150106940712
491 	 49.31828174153028
492 	 53.138587433653285
493 	 50.540415076195394
494 	 50.80907454594833
495 	 49.84472184355429
496 	 49.36291466447675
497 	 50.621908082662664
498 	 48.843713139864654
499 	 49.68599610761755
500 	 50.54122579726973
501 	 48.71942770654811
502 	 50.139933638987884
503 	 50.550238482669
504 	 51.270274317649395
505 	 49.692534210634285
506 	 48.44702266008421
507 	 50.35519282680275
508 	 48.88160017512738
509 	 53.80463354349303
510 	 51.45653096818063
511 	 51.279242932336544
512 	 50.857077715350016
513 	 52.495564716355794
514 	 49.983446292137764
515 	 49.32696268504541
516 	 48.607093145005194
517 	 49.560539690037366
518 	 49.355514031666864
519 	 51.405149287941114
520 	 50.1248759348459
521 	 49.43746640083114
522 	 49.13185411690237
523 	 45.754408772928805
524 	 46.15956736843952
525 	 47.84889665904246
526 	 48.28624651945904
527 	 50.7758249528807
528 	 51.1273785446132
529 	 52.52035527332212
530 	 53.67637269500459
531 	 49.888581843848804
532 	 52.041299281445674
533 	 52.950299736520094
534 	 53.51067082384868
535 	 53.73918482679942
536 	 54.356884731778
537 	 53.72910540137046
538 	 50.47862486332755
539 	 52.39381346057748
540 	 48.70664476053418
541 	 48.476806995504425
542 	 50.19611638426165
543 	 54.04722005452705
544 	 52.17299422975653
545 	 53.22351296000824
546 	 54.83870366846949
547 	 55.771984561586116
548 	 53.21419837490059
549 	 56.38331723163191
550 	 58.42202540735207
551 	 57.49268757346565
552 	 54.06521486914974
553 	 52.654890970075286
554 	 52.173785089080575
555 	 53.588099641519875
556 	 55.22666464789048
557 	 54.43342739850189
558 	 53.88869889896269
559 	 53.420856491993376
560 	 52.0643097963148
561 	 54.31245140354991
562 	 54.18620915337297
563 	 51.61186724125194
564 	 50.08227185107118
565 	 50.58456858687372
566 	 49.627002420938354
567 	 53.95436376775786
568 	 49.25551156984499
569 	 49.215872015836084
570 	 47.86993951424322
571 	 48.5760338157909
572 	 44.411173144427
573 	 46.62601159139712
574 	 45.181811038740086
575 	 47.48853593442204
576 	 46.36319478543586
577 	 48.35646465513645
578 	 45.83039874319963
579 	 50.090662000686955
580 	 48.504396279765885
581 	 46.918829510620796
582 	 46.558263479609906
583 	 47.28699273433488
584 	 46.44200321724184
585 	 49.0110264146762
586 	 51.43013685854163
587 	 47.43885231959702
588 	 47.72462499902247
589 	 48.46905894040233
590 	 49.107729289451925
591 	 50.48422209435648
592 	 51.02577499720695
593 	 51.1471888763442
594 	 51.383962670721324
595 	 51.31098695596815
596 	 52.75361588056693
597 	 52.26594927794267
598 	 56.03954028488224
599 	 56.64076882042607
600 	 55.76979096063784
601 	 56.779880897542064
602 	 54.77331145747604
603 	 55.424748442715426
604 	 55.538588601546486
605 	 58.705268303073154
606 	 57.951433334136176
607 	 59.741485322756525
608 	 58.07656587823243
609 	 59.43180199415697
610 	 60.07892963304303
611 	 57.64904987395421
612 	 55.77028536411625
613 	 56.023183879237955
614 	 59.17447346856593
615 	 58.103602960690104
616 	 59.65734148328556
617 	 59.494611205911575
618 	 61.399818861317485
619 	 59.65685034523969
620 	 59.549981348372945
621 	 61.91061428086988
622 	 61.84619509593959
623 	 59.81486361363931
624 	 46.39275801750389
625 	 47.09372067356229
626 	 59.46042409573786
627 	 43.84906175417994
628 	 42.22892990889357
629 	 42.454163286508184
630 	 42.52948038036036
631 	 58.43967181158656
632 	 44.39144751987022
633 	 45.47235478664267
634 	 45.69246909644992
635 	 43.52399417658798
636 	 44.35023819150072
637 	 43.7836618097658
638 	 43.78208990479363
639 	 43.552835643211345
640 	 42.8794323011789
641 	 41.07627081980743
642 	 42.30398061582593
643 	 43.818033525284825
644 	 40.41209476187432
645 	 45.220388105477845
646 	 45.700367332540004
647 	 47.354852023703636
648 	 45.37073455876508
649 	 48.21081888754387
650 	 47.758438692613595
651 	 49.001725362995145
652 	 47.11262259285512
653 	 48.24527090107023
654 	 47.94495551620379
655 	 44.49373651869457
656 	 47.81730971631995
657 	 48.69834160071421
658 	 50.17021273229628
659 	 51.173330411847154
660 	 47.551278310393876
661 	 47.57363616197339
662 	 48.13333950886125
663 	 46.66798617731389
664 	 48.96609447278334
665 	 48.96663960273117
666 	 53.35481082678164
667 	 54.26213316776102
668 	 53.35446083214486
669 	 52.242038734571224
670 	 51.111627554877415
671 	 50.890662919098496
672 	 51.148148309685396
673 	 50.41758213096691
674 	 48.83913651599318
675 	 50.391461372383134
676 	 50.339484000573975
677 	 53.02015487017926
678 	 53.4830843753862
679 	 51.83278214850488
680 	 51.27589161599133
681 	 51.86351033343977
682 	 48.61013930653645
683 	 49.152997382365875
684 	 47.883080549636176
685 	 48.173474340908676
686 	 49.2202468331918
687 	 49.19546079448946
688 	 49.430264542287254
689 	 50.815443922018304
690 	 46.24986210766634
691 	 46.961133338113086
692 	 45.50414489375982
693 	 46.237876345524775
694 	 48.23147947092326
695 	 46.58431037678436
696 	 48.676454865443695
697 	 53.52249499640025
698 	 49.54259350182143
699 	 49.94021280355219
700 	 48.71747297203687
701 	 51.97671670485524
702 	 50.913290154255535
703 	 51.80517733608915
704 	 53.22541051591975
705 	 52.00887059588043
706 	 51.78119263008046
707 	 53.69240167338828
708 	 50.469198843299935
709 	 54.301530773298346
710 	 52.487887451349565
711 	 48.20215438831384
712 	 52.43544772322007
713 	 49.23607754513394
714 	 50.175992804905974
715 	 47.96504874605658
716 	 54.662705100145146
717 	 52.74402603055974
718 	 54.15001985028532
719 	 55.53490547836906
720 	 54.41240134355264
721 	 54.02204805737536
722 	 54.75680347731066
723 	 52.688294059702166
724 	 54.55167591487676
725 	 52.98790009753883
726 	 52.291016878100876
727 	 53.41347321560358
728 	 49.04968453143793
729 	 47.774604737508675
730 	 49.85750680781637
731 	 51.99525876515547
732 	 48.30018065299133
733 	 50.329352222269556
734 	 51.120326155769206
735 	 52.52587474846168
736 	 52.57639811888828
737 	 53.239848492916394
738 	 47.906028756164474
739 	 49.43469102170671
740 	 49.357834661170926
741 	 49.827003332543676
742 	 47.43972858624808
743 	 47.50598365756687
744 	 49.80193786218285
745 	 48.24129159311244
746 	 48.42349613827952
747 	 49.84735479374504
748 	 50.556767189860146
749 	 48.7257855330118
750 	 48.741790718542575
751 	 49.871589789273116
752 	 47.37665322784159
753 	 50.22942899220538
754 	 49.4384902376564
755 	 50.20479791791395
756 	 49.89419838189118
757 	 51.22688486218797
758 	 49.69424031483934
759 	 51.87529094948971
760 	 51.57553220451538
761 	 50.72792330431705
762 	 51.007619599641025
763 	 50.94865321305715
764 	 53.454679330797596
765 	 51.41491539155799
766 	 52.298438011416614
767 	 51.413363944315456
768 	 51.83883086497844
769 	 53.05598752181319
770 	 53.95188954992668
771 	 53.78531138229805
772 	 51.43261294679975
773 	 54.044749884558165
774 	 52.26108148262937
775 	 51.24104013416262
776 	 50.904385540854484
777 	 52.560229968608574
778 	 54.363331761965775
779 	 54.474970294175556
780 	 55.470080540353514
781 	 55.071633215744484
782 	 54.08334175113691
783 	 54.329332538735656
784 	 52.92269706562226
785 	 52.10240767254981
786 	 54.40696913619897
787 	 57.09097412405169
788 	 57.11903583736896
789 	 59.21074583447165
790 	 58.529762749128736
791 	 59.10703218536792
792 	 59.279444783896196
793 	 58.63156920620535
794 	 58.065601440641665
795 	 55.459742416931995
796 	 57.16416410900579
797 	 57.021240724182384
798 	 57.3160702978698
799 	 58.33868585767228
800 	 57.761412591247755
801 	 57.360066444304074
802 	 58.52298946393205
803 	 55.648930076483836
804 	 57.23725487240544
805 	 56.870123527961496
806 	 57.88148934109347
807 	 58.530854514776394
808 	 58.83049930773646
809 	 60.723569249807184
810 	 59.45353744539279
811 	 61.41479166976472
812 	 58.02481107661089
813 	 71.50032516838422
814 	 56.23903126800626
815 	 58.6235453506218
816 	 58.027480757032215
817 	 59.441177327983084
818 	 69.3585796577253
819 	 57.08403767582524
820 	 71.32021669927266
821 	 69.31702936072998
822 	 74.25497344518558
823 	 73.20538086445495
824 	 71.22759494880066
825 	 72.67206260940368
826 	 70.38928570495365
827 	 71.8345509010342
828 	 72.13462473485869
829 	 75.06069497294502
830 	 73.5009843923989
831 	 73.69073790957306
832 	 71.99411137554897
833 	 73.86486932678646
834 	 73.11850162604509
835 	 73.8861316156436
836 	 72.64415978062662
837 	 70.86233797314873
838 	 72.47482897056601
839 	 70.2018557300307
840 	 71.9731074979909
841 	 71.06373507482748
842 	 71.7524679393908
843 	 71.52994796183795
844 	 69.09201796719171
845 	 73.67496348695711
846 	 74.31654792938235
847 	 72.23012486890539
848 	 71.81132198886354
849 	 70.29048743511686
850 	 87.99320992654151
851 	 88.74165866038928
852 	 87.5606795124108
853 	 87.48483572008327
854 	 87.0943736112035
855 	 89.4573897020735
856 	 71.9533471853443
857 	 71.45412443297141
858 	 72.91066365319237
859 	 71.34013644492126
860 	 71.64203353785823
861 	 69.78992488556834
862 	 88.37895017729369
863 	 71.77898151920473
864 	 70.9060602802223
865 	 88.30633584455141
866 	 71.3309749279939
867 	 89.51205732508596
868 	 73.54214412166388
869 	 92.6947274394396
870 	 93.95022238664096
871 	 93.3243958186374
872 	 93.04645184935626
873 	 92.42159312006143
874 	 91.40420353591536
875 	 91.58554336528873
876 	 90.50429634097664
877 	 90.19303010723691
878 	 90.26355975390696
879 	 93.24917920266499
880 	 89.49392781949753
881 	 92.44876970193764
882 	 75.3193680514393
883 	 92.89453583290845
884 	 95.57061908740272
885 	 93.2636274589478
886 	 92.03537007583436
887 	 92.67423675614044
888 	 92.84906721113526
889 	 93.43060748201572
890 	 91.8270066278475
891 	 92.9881641381268
892 	 93.31535362138952
893 	 77.51719121091557
894 	 93.79746674594556
895 	 96.5194509413833
896 	 77.87612439531236
897 	 95.52921573036559
898 	 78.39676134582037
899 	 91.91492248830289
900 	 92.66343984541014
901 	 92.4491700707813
902 	 92.24424011978223
903 	 92.0710116201132
904 	 93.82676700491119
905 	 91.94129294811731
906 	 93.69602244094996
907 	 90.18000126503637
908 	 92.39066801914501
909 	 90.04876088759907
910 	 92.507908408407
911 	 91.74917944435113
912 	 93.46358408596635
913 	 90.4446180773003
914 	 92.41649240454306
915 	 90.55366757713718
916 	 90.30274677350221
917 	 91.60753171584719
918 	 89.80776888351609
919 	 89.4138357724736
920 	 90.75509327705007
921 	 90.43322510049151
922 	 90.70957641289947
923 	 76.98876068589412
924 	 75.9895191881743
925 	 75.52727697336977
926 	 73.18710925378389
927 	 72.5360545907383
928 	 73.02798415385185
929 	 77.10644437012427
930 	 78.20563076367334
931 	 77.5197392031612
932 	 78.0319665384108
933 	 77.29099348419962
934 	 76.57611243135263
935 	 74.44542312278043
936 	 74.79480790503013
937 	 75.5043834491293
938 	 74.95055878336105
939 	 73.91029036912836
940 	 72.48890314649776
941 	 75.07414766062122
942 	 77.59317242134988
943 	 78.95884234478369
944 	 77.08485748816693
945 	 75.09714117766204
946 	 75.13457405220798
947 	 75.64169763010526
948 	 75.61570178589804
949 	 76.68566190014384
950 	 74.44030884077631
951 	 85.91940945336638
952 	 87.72085740873835
953 	 87.37309267439096
954 	 74.41294151094955
955 	 74.81957696914822
956 	 88.94103768216975
957 	 89.26771203149802
958 	 90.22052786649569
959 	 91.87446903402139
960 	 72.46073496783745
961 	 88.69577022504555
962 	 76.42374905752749
963 	 92.31711757140862
964 	 78.5727770171033
965 	 76.09814437761663
966 	 76.09815406676951
967 	 76.34210011589481
968 	 73.64563423008701
969 	 75.8073890558848
970 	 77.29208416234387
971 	 78.08488083473844
972 	 77.51457031697375
973 	 77.35714193197724
974 	 78.91015411346962
975 	 78.95945399494052
976 	 77.85542575263626
977 	 79.4875173937553
978 	 80.2988492726472
979 	 80.53504869912283
980 	 83.01687988703235
981 	 83.6142460602164
982 	 80.66639834847926
983 	 67.30110374402624
984 	 82.7757683187078
985 	 68.56152724035618
986 	 69.27541374152598
987 	 68.56826098272803
988 	 69.6387465194031
989 	 69.18527461424672
990 	 68.7927779014815
991 	 67.59291607298097
992 	 68.21303286560422
993 	 69.65805422739953
994 	 67.86836892833146
995 	 67.00069316296137
996 	 68.58993162627742
997 	 68.75733925747835
998 	 68.06614384284566
999 	 70.85828865319333
1000 	 71.37243546360142
1001 	 72.19926821655977
1002 	 71.75267105806054
1003 	 69.25055483198322
1004 	 71.40043715270158
1005 	 68.94895382275527
1006 	 69.37733067063698
1007 	 68.43087459832343
1008 	 68.90799169694004
1009 	 61.90267034406202
1010 	 62.819354047734656
1011 	 70.0255861122962
1012 	 66.88395027723433
1013 	 67.97351979574101
1014 	 66.11545478560576
1015 	 67.00709474530353
1016 	 66.90614232080075
1017 	 65.06978419677932
1018 	 64.93649002714665
1019 	 64.67900751811091
1020 	 64.53243010984907
1021 	 64.2822229260357
1022 	 65.56632481321046
1023 	 65.8137834218078
1024 	 63.99845117319572
1025 	 63.90997290833322
1026 	 64.59986153364942
1027 	 64.5886005242424
1028 	 64.04331134556121
1029 	 63.192096668669166
1030 	 63.85868652284405
1031 	 64.26061037024695
1032 	 62.84434327416596
1033 	 64.37927146046763
1034 	 61.047202506181144
1035 	 59.93507847213126
1036 	 60.8865323188456
1037 	 61.57630218921494
1038 	 62.34128743625495
1039 	 60.63828184300771
1040 	 59.82445874969111
1041 	 53.87723554374867
1042 	 55.48995540873152
1043 	 63.566733874515435
1044 	 61.580697544469146
1045 	 63.13203000773495
1046 	 61.61672506692176
1047 	 59.541184744065596
1048 	 60.98986669018296
1049 	 61.860656326094066
1050 	 63.29071121032001
1051 	 61.86921888611167
1052 	 62.03965152774888
1053 	 63.55531532612726
1054 	 62.36394925530193
1055 	 64.57778540116682
1056 	 61.419275303274695
1057 	 61.9031323251663
1058 	 61.93678567269489
1059 	 63.40753351516901
1060 	 61.26345950226234
1061 	 60.97610830603233
1062 	 61.01849300249969
1063 	 62.247093865606715
1064 	 62.375084303710885
1065 	 62.20209917932331
1066 	 61.71342110959341
1067 	 56.64974570966199
1068 	 62.5777289477921
1069 	 65.03626989877662
1070 	 59.73747419117018
1071 	 61.16716919006899
1072 	 59.029930725929134
1073 	 60.70462585058208
1074 	 62.445880726823354
1075 	 62.29762722144347
1076 	 59.321123275132194
1077 	 60.98895308663677
1078 	 63.683088807840775
1079 	 61.9191792907471
1080 	 60.42754679007475
1081 	 60.59775929844159
1082 	 61.611037925860266
1083 	 64.50939018364772
1084 	 64.42593827881251
1085 	 62.542624131245866
1086 	 65.41966416612955
1087 	 64.61807153370074
1088 	 63.438120933307
1089 	 64.4329876468695
1090 	 64.13249415883851
1091 	 64.24359424361923
1092 	 66.2284811221367
1093 	 67.68302396934023
1094 	 68.2762464585024
1095 	 69.13455341178633
1096 	 70.01822935823182
1097 	 72.87061940858949
1098 	 72.03380621443824
1099 	 71.35350591900267
1100 	 68.74962478902158
1101 	 67.90212220729006
1102 	 67.89966872410128
1103 	 68.06381708320542
1104 	 70.5934296021751
1105 	 66.20787595347578
1106 	 65.98182372626344
1107 	 63.293109577058125
1108 	 65.47397594931319
1109 	 65.2311548195488
1110 	 62.94063152807972
1111 	 63.63358536130691
1112 	 65.63039680647336
1113 	 64.08737472018846
1114 	 64.66720235473588
1115 	 64.84676676258825
1116 	 63.72481503343617
1117 	 65.35179322164332
1118 	 64.47509016250635
1119 	 65.60035530703456
1120 	 66.09226435611815
1121 	 64.71109033513363
1122 	 81.00098587156548
1123 	 81.30764308470074
1124 	 64.44196010188274
1125 	 80.39090680224857
1126 	 81.7611232799492
1127 	 83.53031303987615
1128 	 80.56971737723276
1129 	 80.68516740095184
1130 	 82.71942675815191
1131 	 82.48765072825505
1132 	 82.76213469849309
1133 	 79.5622749698431
1134 	 78.65341924734702
1135 	 78.7525342648197
1136 	 79.10669017209906
1137 	 78.56371373596994
1138 	 80.8520415543301
1139 	 78.15943411691833
1140 	 75.86376169000033
1141 	 77.07462273813395
1142 	 79.9403197766526
1143 	 61.715241171167
1144 	 61.53126486568305
1145 	 61.86187522867745
1146 	 61.878097921136934
1147 	 60.261904736420384
1148 	 60.425328023200706
1149 	 59.46232433923056
1150 	 59.71888015484784
1151 	 57.59666224887041
1152 	 58.29135953857341
1153 	 59.307729122725185
1154 	 58.40428721777461
1155 	 61.032557330258165
1156 	 60.31130996301598
1157 	 57.73971215515137
1158 	 56.6412208499775
1159 	 57.28498221479815
1160 	 56.32998514794819
1161 	 55.592033454332025
1162 	 56.14662485185247
1163 	 75.7488941404544
1164 	 72.0237279832072
1165 	 73.81620188704771
1166 	 74.41615771078082
1167 	 75.34883549370888
1168 	 76.09870857609238
1169 	 72.95178792570283
1170 	 77.24238565185001
1171 	 75.254723658004
1172 	 75.28696477353415
1173 	 73.71807398336358
1174 	 75.08103537731017
1175 	 77.77772547036578
1176 	 76.90869653413696
1177 	 74.42765494379606
1178 	 71.42325767331421
1179 	 75.45497626680014
1180 	 73.08968095323249
1181 	 74.6542849978176
1182 	 74.89324006530072
1183 	 77.11437804921228
1184 	 74.15077271066714
1185 	 73.26279274677428
1186 	 74.36637461469651
1187 	 74.87938903905378
1188 	 56.72704979347605
1189 	 57.99587509805437
1190 	 57.79496755213903
1191 	 57.762959430445875
1192 	 77.62313243863761
1193 	 77.83984376313326
1194 	 76.06411863053003
1195 	 77.32523676793501
1196 	 78.06540890613392
1197 	 76.83084154990149
1198 	 58.086441144596364
1199 	 76.4369577592478
1200 	 74.25555872642651
1201 	 76.73041472794297
1202 	 57.493471609950106
1203 	 58.181012466454135
1204 	 70.87002532898316
1205 	 69.48898608036708
1206 	 68.65768745818251
1207 	 66.56182661896946
1208 	 65.85140728548667
1209 	 64.50299653437358
1210 	 65.31849117510193
1211 	 65.10050266514743
1212 	 71.37725874154617
1213 	 73.6509551751432
1214 	 72.33504941064439
1215 	 71.73796991694493
1216 	 73.76462481923802
1217 	 74.22948806791089
1218 	 59.58779918741049
1219 	 53.24051740305207
1220 	 55.189317651198586
1221 	 56.32885910276569
1222 	 70.1491650917485
1223 	 52.155757477057975
1224 	 58.38055575766191
1225 	 58.20479803505247
1226 	 56.06718198672051
1227 	 58.10817346684323
1228 	 50.2774744333663
1229 	 61.21814192165013
1230 	 60.585937372140656
1231 	 59.43972157988815
1232 	 61.00331750909711
1233 	 48.414346640832925
1234 	 58.53287801057065
1235 	 57.11326975157138
1236 	 70.76223275733
1237 	 70.36090676053522
1238 	 69.55724085256195
1239 	 69.74783560625995
1240 	 70.36364026962532
1241 	 70.25915424834119
1242 	 71.38393508225616
1243 	 72.9184603963619
1244 	 72.72134614518397
1245 	 72.5894507671343
1246 	 70.97584444948986
1247 	 63.566490230181316
1248 	 62.59552745059423
1249 	 71.74326031092505
1250 	 74.21763590675903
1251 	 72.0387763405226
1252 	 73.53107602432779
1253 	 74.13129562936817
1254 	 73.19728646604551
1255 	 74.6622207932463
1256 	 73.41398570938486
1257 	 71.62016530085808
1258 	 70.75146090438601
1259 	 71.79028600968807
1260 	 70.39635024626057
1261 	 72.18360700176791
1262 	 70.84204503514812
1263 	 72.14122410945417
1264 	 72.10486996946551
1265 	 73.52604622576284
1266 	 71.28634869601613
1267 	 71.09603544420388
1268 	 71.35623513068144
1269 	 72.73507630371908
1270 	 73.60771160704482
1271 	 69.72040158880156
1272 	 68.56886798102178
1273 	 69.75356978361043
1274 	 67.43465833208815
1275 	 54.23628941878605
1276 	 56.86817850779055
1277 	 70.92638594096303
1278 	 55.49673413362826
1279 	 56.70607605796814
1280 	 70.12662688608003
1281 	 72.31507141267561
1282 	 70.87058402956406
1283 	 69.67620523621687
1284 	 69.06069171343019
1285 	 69.7350097481596
1286 	 70.60654074772897
1287 	 71.17083878155738
1288 	 71.29870915307747
1289 	 73.297413544328
1290 	 68.75189796883724
1291 	 68.50782690182614
1292 	 72.99753007524156
1293 	 69.41725796943457
1294 	 71.77520563758073
1295 	 72.27708974832561
1296 	 73.02304374301622
1297 	 71.77743245103478
1298 	 68.8243996677737
1299 	 70.41870335627854
1300 	 67.7928199834408
1301 	 67.60918728853156
1302 	 70.04430268826538
1303 	 67.81995345353651
1304 	 69.45430317951075
1305 	 67.30793130963123
1306 	 66.55382148430371
1307 	 68.19421367838429
1308 	 67.03503391012735
1309 	 67.13583569143383
1310 	 65.56717535509388
1311 	 65.66969513551454
1312 	 70.47087742310482
1313 	 70.86703316151859
1314 	 70.5045923797634
1315 	 68.5534255648171
1316 	 69.44143125624704
1317 	 69.13971373614154
1318 	 70.56652255998979
1319 	 71.38748307570646
1320 	 70.41184099062137
1321 	 72.04126259900224
1322 	 70.51908392012116
1323 	 73.4268538700998
1324 	 73.52782613048086
1325 	 74.21336490066923
1326 	 70.87199773254802
1327 	 70.91265951602821
1328 	 69.58455214560591
1329 	 72.66183305380746
1330 	 72.81111178285153
1331 	 71.74177636758179
1332 	 71.22400963801401
1333 	 71.20842972469009
1334 	 70.04760760538616
1335 	 67.18734068306554
1336 	 56.49512419242896
1337 	 58.07177624873847
1338 	 71.48465584096576
1339 	 70.21255634419957
1340 	 69.50598796905034
1341 	 68.39612761651128
1342 	 69.8462343358879
1343 	 69.8084971901093
1344 	 69.13621639641984
1345 	 70.31907504424854
1346 	 69.08293893202293
1347 	 70.96250162375703
1348 	 68.96980702574729
1349 	 68.30051734051943
1350 	 69.42531125183291
1351 	 70.75035322016942
1352 	 69.26275080008344
1353 	 67.51968497938421
1354 	 67.9130869837693
1355 	 68.50355123480831
1356 	 69.19301306211389
1357 	 68.76997668042489
1358 	 67.96816612819892
1359 	 69.38692431294676
1360 	 68.43014665167412
1361 	 54.223354964804386
1362 	 64.73452059212214
1363 	 51.34687231969317
1364 	 50.93730938450341
1365 	 52.3777201213964
1366 	 50.53197358932542
1367 	 52.478658582081955
1368 	 53.85928370011396
1369 	 52.42862261774278
1370 	 51.52650580922795
1371 	 50.466596570636874
1372 	 51.150108398698166
1373 	 51.51138622477787
1374 	 52.035170289625384
1375 	 61.82831559065181
1376 	 64.66067040186819
1377 	 64.86744849555967
1378 	 64.41061941435746
1379 	 64.69935306565874
1380 	 66.92054682264205
1381 	 66.51590956411343
1382 	 53.20942548140339
1383 	 53.34521780485859
1384 	 64.8510754497551
1385 	 66.62995921942546
1386 	 67.31708604367408
1387 	 67.14667397490376
1388 	 53.48640742608931
1389 	 55.40749782512901
1390 	 53.84654098723865
1391 	 55.64176571822663
1392 	 68.0883713757857
1393 	 60.71011439226378
1394 	 61.576802659786
1395 	 61.92247816720594
1396 	 64.3569792627941
1397 	 50.553079092714164
1398 	 65.13459457823956
1399 	 49.79844669352476
1400 	 50.41025018759096
1401 	 63.87884402879732
1402 	 67.34936123963982
1403 	 64.9836069383107
1404 	 66.70013654339228
1405 	 66.18286364209894
1406 	 66.27862367479013
1407 	 66.47719674164743
1408 	 65.28210657645393
1409 	 66.72030813132478
1410 	 66.14777082138387
1411 	 68.19067596806607
1412 	 69.63509277441848
1413 	 70.58665192299543
1414 	 68.99873923238204
1415 	 67.6976594714853
1416 	 69.57355298868904
1417 	 67.9147793916482
1418 	 70.08995096401108
1419 	 69.5558107980232
1420 	 70.1339259074191
1421 	 71.72465950382956
1422 	 70.99690871380557
1423 	 71.22823536201857
1424 	 70.59979566170601
