0 17119 
1 17164 
2 17088 
3 17098 
4 17139 
5 16883 
6 16826 
7 16903 
8 16890 
9 16906 
10 16713 
11 16711 
12 16759 
13 16750 
14 16775 
15 16623 
16 16524 
17 16658 
18 16528 
19 16557 
20 16428 
21 16433 
22 16440 
23 16441 
24 16340 
25 16280 
26 16261 
27 16266 
28 16174 
29 16219 
30 16179 
31 16071 
32 16183 
33 16054 
34 16095 
35 16256 
36 16040 
37 16065 
38 16207 
39 16104 
40 16110 
41 16088 
42 16131 
43 16108 
44 16089 
45 16143 
46 16202 
47 16069 
48 15941 
49 16113 
50 16137 
51 16120 
52 16158 
53 16121 
54 16143 
55 16013 
56 16068 
57 16119 
58 16133 
59 15967 
60 16112 
61 16101 
62 16163 
63 16096 
64 16099 
65 16169 
66 16042 
67 16067 
68 16212 
69 16228 
70 15969 
71 16131 
72 16215 
73 16078 
74 16189 
75 16055 
76 16154 
77 15957 
78 15957 
79 16056 
80 16019 
81 16213 
82 16084 
83 16034 
84 16088 
85 16145 
86 16124 
87 16113 
88 16264 
89 16172 
90 16060 
91 16147 
92 16018 
93 16023 
94 15991 
95 16240 
96 16127 
97 15990 
98 16084 
99 16180 
100 16104 
101 15978 
102 16177 
103 16101 
104 16129 
105 16209 
106 16061 
107 16109 
108 16166 
109 16083 
110 16120 
111 16143 
112 16244 
113 16126 
114 16081 
115 16122 
116 16028 
117 16137 
118 16113 
119 16133 
120 16155 
121 16096 
122 16138 
123 16026 
124 16079 
125 16130 
126 16128 
127 16245 
128 16116 
129 15998 
130 16189 
131 16086 
132 16080 
133 16053 
134 16181 
135 15987 
136 16112 
137 16060 
138 16201 
139 16117 
140 16074 
141 16170 
142 16090 
143 16099 
144 16113 
145 16077 
146 16058 
147 16105 
148 16056 
149 16058 
150 16115 
151 16179 
152 16107 
153 16198 
154 16165 
155 16004 
156 16043 
157 16064 
158 16059 
159 16092 
160 16009 
161 16106 
162 16183 
163 16169 
164 16014 
165 15972 
166 16104 
167 16065 
168 16130 
169 16138 
170 16109 
171 16018 
172 16183 
173 16151 
174 16034 
175 16058 
176 15955 
177 16136 
178 16161 
179 16007 
180 16263 
181 16143 
182 16091 
183 16212 
184 16021 
185 16078 
186 16012 
187 16186 
188 16008 
189 16078 
190 16127 
191 16109 
192 16068 
193 16057 
194 16122 
195 16096 
196 16095 
197 16082 
198 15989 
199 16019 
200 16134 
201 16021 
202 16123 
203 16017 
204 16086 
205 16146 
206 16205 
207 15995 
208 16122 
209 16111 
210 16093 
211 16208 
212 16157 
213 16099 
214 16115 
215 16089 
216 16064 
217 16112 
218 16134 
219 16091 
220 16035 
221 16137 
222 16047 
223 16098 
224 16071 
225 16211 
226 16058 
227 16042 
228 16148 
229 16066 
230 16207 
231 16032 
232 16136 
233 16103 
234 16053 
235 16063 
236 16136 
237 16119 
238 16116 
239 16083 
240 16085 
241 16193 
242 16147 
243 16104 
244 16084 
245 16187 
246 15989 
247 15935 
248 16120 
249 16102 
250 16195 
251 16044 
252 16164 
253 16110 
254 16099 
255 16015 
256 16127 
257 16110 
258 16145 
259 16013 
260 16065 
261 16037 
262 16028 
263 16101 
264 16147 
265 16120 
266 16074 
267 16031 
268 16017 
269 16127 
270 16050 
271 16197 
272 16144 
273 16082 
274 16084 
275 16003 
276 16135 
277 16062 
278 16180 
279 16137 
280 16131 
281 16034 
282 16188 
283 15968 
284 16149 
285 16126 
286 16120 
287 16072 
288 16052 
289 16229 
290 16021 
291 16033 
292 16170 
293 16207 
294 15988 
295 16112 
296 16097 
297 16089 
298 16185 
299 16106 
300 16140 
301 16027 
302 16019 
303 16175 
304 16135 
305 16066 
306 16034 
307 16140 
308 16155 
309 16089 
310 16128 
311 16159 
312 16178 
313 16084 
314 16104 
315 16123 
316 16109 
317 16072 
318 16182 
319 16021 
320 16081 
321 16122 
322 16020 
323 16052 
324 16122 
325 16057 
326 16077 
327 16056 
328 16081 
329 16111 
330 16023 
331 16068 
332 16138 
333 15986 
334 16166 
335 16068 
336 16101 
337 16058 
338 16071 
339 16180 
340 15988 
341 16038 
342 16119 
343 16111 
344 16086 
345 15971 
346 15942 
347 16056 
348 16199 
349 16046 
350 16005 
351 16023 
352 16072 
353 16035 
354 15932 
355 16084 
356 16118 
357 16003 
358 16148 
359 16104 
360 16108 
361 16178 
362 15982 
363 16135 
364 16176 
365 16089 
366 16225 
367 16087 
368 16072 
369 15961 
370 16106 
371 16026 
372 16046 
373 16016 
374 16151 
375 16006 
376 16115 
377 16200 
378 16132 
379 16190 
380 16118 
381 16020 
382 16100 
383 16121 
384 16101 
385 16175 
386 16135 
387 16039 
388 16069 
389 16205 
390 16049 
391 16053 
392 16002 
393 16148 
394 16056 
395 16177 
396 16073 
397 16112 
398 16135 
399 16132 
400 16157 
401 15987 
402 16010 
403 16032 
404 16066 
405 15969 
406 15870 
407 16123 
408 16016 
409 16089 
410 16004 
411 16140 
412 15996 
413 16103 
414 16051 
415 16079 
416 16001 
417 16126 
418 15931 
419 16127 
420 16062 
421 16141 
422 16157 
423 16183 
424 16076 
425 15969 
426 16130 
427 16127 
428 16073 
429 16258 
430 15922 
431 16038 
432 16084 
433 16122 
434 16130 
435 16118 
436 16133 
437 16074 
438 16149 
439 16142 
440 16047 
441 16085 
442 16142 
443 16076 
444 16033 
445 16122 
446 16072 
447 16279 
448 16121 
449 16075 
450 16095 
451 16139 
452 16174 
453 16144 
454 16112 
455 16132 
456 16021 
457 16042 
458 16141 
459 15986 
460 16072 
461 16118 
462 16058 
463 16117 
464 15990 
465 16135 
466 16048 
467 16017 
468 16007 
469 16093 
470 16147 
471 16132 
472 15972 
473 16111 
474 16203 
475 16178 
476 15990 
477 16074 
478 16007 
479 16104 
480 16113 
481 15999 
482 16133 
483 16221 
484 16208 
485 16093 
486 16218 
487 16215 
488 16196 
489 16088 
490 15997 
491 16090 
492 16086 
493 16064 
494 16068 
495 16133 
496 16106 
497 15974 
498 16105 
499 15995 
500 16095 
501 16123 
502 16096 
503 16054 
504 16021 
505 16163 
506 16132 
507 16121 
508 16086 
509 16109 
510 15969 
511 16019 
512 16001 
513 16094 
514 16121 
515 16136 
516 16060 
517 16178 
518 16132 
519 16182 
520 16073 
521 16043 
522 16131 
523 16010 
524 16098 
525 16078 
526 16007 
527 16063 
528 15941 
529 16052 
530 16018 
531 16174 
532 16058 
533 16149 
534 16026 
