0 	 0.2436565715311884
1 	 0.22248564215202352
2 	 0.1561325945813743
3 	 0.15253107548731865
4 	 0.15471845616195012
5 	 0.3751690858113702
6 	 0.24025826363337147
7 	 0.4046523580410524
8 	 0.23276175987958356
9 	 0.3036763516094515
10 	 0.2665755237282973
11 	 0.24509150015838288
12 	 0.06727185506335372
13 	 0.19405807978734615
14 	 0.09668751383775676
15 	 0.3013599085374728
16 	 0.23351628702611812
17 	 0.3176450428184029
18 	 0.18311974812812049
19 	 0.3714376317639681
20 	 0.24450594795850591
21 	 0.2766489084903944
22 	 0.28174573081204113
23 	 0.31683842089365866
24 	 0.3156127800249256
25 	 0.22504043338461338
26 	 0.46292198529028306
27 	 0.21729108601549396
28 	 0.24141669995992251
29 	 0.4159469608520812
30 	 0.10055181257314895
31 	 0.35844860008789514
32 	 0.38649215360365696
33 	 0.23519638436316587
34 	 0.35832709795990697
35 	 0.1436404114288507
36 	 0.27104003783808533
37 	 0.6083259185794581
38 	 0.09223663322770942
39 	 0.6104309531886297
40 	 0.5346797042729429
41 	 0.6001073340174097
42 	 0.42801950137623124
43 	 0.28675252913403065
44 	 0.8135617692708387
45 	 0.8695531465227968
46 	 0.9342964790901195
47 	 1.4727685646179693
48 	 1.8538580211347382
49 	 1.8536975389470627
50 	 1.603961718502364
51 	 1.2772123246766367
52 	 1.1139425870125794
53 	 0.17778671299637158
54 	 0.06086657252036309
55 	 0.979593583273856
56 	 1.3373865934472295
57 	 0.14773335210508812
58 	 0.17660456747855754
59 	 1.025528644820382
60 	 1.1406093901329781
61 	 0.8841618667212774
62 	 0.9077037942162383
63 	 1.2004119991846607
64 	 1.0034086919010112
65 	 0.23763870212329655
66 	 0.9251151006681732
67 	 1.1288856717451445
68 	 1.4916835268292747
69 	 1.3765109978267869
70 	 2.1089743210731773
71 	 1.1961936031907954
72 	 1.478413969600934
73 	 1.3356514172014493
74 	 1.2337951718882585
75 	 1.7778796612899157
76 	 1.815203513340134
77 	 1.6771220777460372
78 	 0.9310124820538446
79 	 1.099857424067866
80 	 1.9686728681392462
81 	 1.6441373582865506
82 	 1.9073663387420428
83 	 2.2836175876786813
84 	 2.7294122255849995
85 	 2.344264317181863
86 	 1.5184760967253457
87 	 2.261656142891672
88 	 1.8254068515045296
89 	 2.4136346095282617
90 	 1.9899372742073445
91 	 1.3988637163317474
92 	 1.8764112317265063
93 	 1.910958531887064
94 	 2.692142814489099
95 	 1.4709559536933112
96 	 2.069431362496442
97 	 1.8567056573928178
98 	 1.8647724585994048
99 	 1.7214448822439339
100 	 1.547786097967162
101 	 2.2277589661962187
102 	 2.1344437843806014
103 	 2.477591343337717
104 	 2.3530597479561064
105 	 1.9043922144846677
106 	 2.4470594444792444
107 	 2.4178707094068503
108 	 2.6956201840406817
109 	 2.466837429793562
110 	 2.398639388989037
111 	 3.365937957403541
112 	 3.368808671407516
113 	 2.3504537000807226
114 	 2.6753743875927656
115 	 2.5988100230242592
116 	 2.5982449453769294
117 	 2.9045690296939455
118 	 1.9327632762760583
119 	 1.9419476993626623
120 	 1.3267365977278442
121 	 1.0461958080590483
122 	 1.5939457922052096
123 	 2.1170084457040614
124 	 1.7399414250956462
125 	 1.9459555069521963
126 	 1.6902728728106626
127 	 3.4080869225569264
128 	 3.590128452539921
129 	 3.026817458799563
130 	 2.936737399469526
131 	 2.415024380607713
132 	 2.5987976891897326
133 	 2.934091924841375
134 	 3.0162818130621054
135 	 2.2346419249340514
136 	 2.0306915230546827
137 	 2.6373106966410598
138 	 3.118725905041183
139 	 2.12323364578697
140 	 2.737876234767537
141 	 2.9666029111622376
142 	 3.3338535135906864
143 	 2.5779856125066365
144 	 3.397704592609378
145 	 3.144038071943008
146 	 2.7557613662481026
147 	 3.613736897464476
148 	 2.726883743690625
149 	 2.6838932966140203
150 	 2.141654028914145
151 	 3.403390550457517
152 	 3.356132939233121
153 	 3.0389596359757274
154 	 2.2685654264053143
155 	 2.601183661384913
156 	 3.0072827154604758
157 	 2.9814487406861074
158 	 3.1807499109407003
159 	 2.2423882511455777
160 	 3.1263536067573003
161 	 3.236741463459285
162 	 3.1279526846208583
163 	 3.640133242402159
164 	 3.3073072551672706
165 	 2.8466892995118402
166 	 3.1164603946017744
167 	 3.763887876696673
168 	 2.693796343287163
169 	 3.3979937943151826
170 	 3.1690994990588113
171 	 3.499396107943168
172 	 3.5823422977377146
173 	 2.8873566490299503
174 	 3.1013827875153495
175 	 2.752142779436577
176 	 1.9325161104719786
177 	 1.7571096867537381
178 	 2.421400159966629
179 	 2.3188516887052066
180 	 1.714419131594373
181 	 1.0876263786329974
182 	 2.4752163887527545
183 	 1.4284899848466819
184 	 1.8158918506321227
185 	 2.200905353728283
186 	 2.5442263269409047
187 	 2.9382403594374304
188 	 2.9752146240775246
189 	 2.2652875686427416
190 	 2.897482914699633
191 	 2.6348923854463733
192 	 2.9224724722021813
193 	 3.3759519961744777
194 	 3.1000025691087325
195 	 2.397932975244625
196 	 1.6563479527738356
197 	 2.008157957125469
198 	 2.4652076110807557
199 	 2.8319307518066665
200 	 2.221436421678001
201 	 1.970922962351985
202 	 2.6227980366745323
203 	 2.032274218204161
204 	 1.6842265935152665
205 	 2.3186988257290126
206 	 2.5492077603110053
207 	 1.5204627981471501
208 	 1.9037224421418857
209 	 1.547709641139273
210 	 1.9194464808425
211 	 1.498231375020128
212 	 2.2229689293677257
213 	 2.1681398020046196
214 	 2.7765737871480263
215 	 2.9132512093680063
216 	 3.7326804751534373
217 	 3.6032801002342256
218 	 3.1888878428398946
219 	 3.3794763627543127
220 	 3.57213194379556
221 	 2.865892208905847
222 	 2.558711332411882
223 	 3.242627448603071
224 	 3.5747604113846583
225 	 3.025069331621611
226 	 3.0280449115377874
227 	 3.3580715975933195
228 	 3.216233064338921
229 	 3.1367407794413045
230 	 2.497930242338105
231 	 3.603821278119864
232 	 3.388615174003735
233 	 2.1629513452979943
234 	 2.1231005546765216
235 	 1.6456239900248266
236 	 2.131255786882482
237 	 2.787760338167057
238 	 3.281967084502777
239 	 3.4390486138414587
240 	 2.878585075570674
241 	 2.930311603559936
242 	 2.1921529348116056
243 	 3.750191941248563
244 	 2.594327307356725
245 	 2.7008261465176795
246 	 2.1683460520609756
247 	 1.9928043476969888
248 	 1.791966974057548
249 	 3.1082768828915106
250 	 2.9708965587118206
251 	 2.063264898747001
252 	 1.8812494875464203
253 	 2.461040338541961
254 	 2.125725618811898
255 	 2.619421319084802
256 	 2.711065706590982
257 	 1.8301963583466805
258 	 1.4523450884915823
259 	 1.8617129511888173
260 	 2.575141151297902
261 	 2.3153685996332376
262 	 1.4388241152531893
263 	 2.4603840801411616
264 	 2.2771234927643027
265 	 2.919259905104493
266 	 2.751775107701835
267 	 3.331690811722872
268 	 3.112336180468893
269 	 2.8317184492654897
270 	 2.760896852407788
271 	 2.9420406906880125
272 	 2.028464393116796
273 	 1.8388384205072095
274 	 1.842655169872038
275 	 1.804499021857727
276 	 2.0258304807744354
277 	 1.60005911453806
278 	 1.158093166560199
279 	 2.158884492249237
280 	 1.9527159188184684
281 	 1.606279656139591
282 	 1.733214845547584
283 	 2.1846024849443246
284 	 1.718796624470395
285 	 1.8736481985054043
286 	 1.9607999343571099
287 	 1.3375976948633006
288 	 1.8150045882132366
289 	 2.4158181412515334
290 	 2.133827294757302
291 	 2.241338188421838
292 	 2.0527766247931263
293 	 1.6006302735262117
294 	 1.6121015970041437
295 	 1.9952213565391501
296 	 1.8816333813911323
297 	 2.037723566215665
298 	 3.277921723824048
299 	 2.8883418488706605
300 	 2.5809431207952196
301 	 2.2378123022903895
302 	 2.749836627367609
303 	 2.643428567239636
304 	 2.400024551726732
305 	 2.7548576596056042
306 	 2.972094986047681
307 	 2.65022071882497
308 	 2.842003604978386
309 	 2.9526337892412085
310 	 3.427802898511187
311 	 2.715307926567682
312 	 3.625516149071698
313 	 2.4659519576196747
314 	 2.4470183093629125
315 	 4.127772017337
316 	 3.399983716709933
317 	 2.6116033639833605
318 	 3.0917313015219205
319 	 3.266816212895002
320 	 3.561331938787324
321 	 3.616829567242874
322 	 2.2987022628865295
323 	 3.004738892223424
324 	 2.546986271176531
325 	 3.0719256969214324
326 	 3.333437122407571
327 	 2.8635618518557826
328 	 2.7998798273905265
329 	 2.112882861245726
330 	 3.106069221907067
331 	 1.8292505502459895
332 	 1.0388472818096925
333 	 2.0197921359541877
334 	 3.071892321359041
335 	 2.592626503254438
336 	 4.057061433915831
337 	 2.255969258776276
338 	 3.179059683313589
339 	 2.7848314776836927
340 	 2.0141168181104145
341 	 3.401281524909612
342 	 3.344002142387801
343 	 3.572885462613259
344 	 4.052278715244299
345 	 3.5142626041569818
346 	 3.476581688360776
347 	 4.218148909614314
348 	 3.4667307400831295
349 	 3.1242571070885634
350 	 2.14424416910019
351 	 3.1866729979611037
352 	 2.47250474814944
353 	 2.750636418373183
354 	 2.494807189625008
355 	 2.611149246310916
356 	 2.666213562587959
357 	 2.850872100774383
358 	 3.2519388124881856
359 	 3.27647135014715
360 	 2.649303217096237
361 	 2.708843342789688
362 	 2.045763754532362
363 	 1.961358724575804
364 	 2.4200938527875953
365 	 1.8855940007769387
366 	 1.8747685652878117
367 	 1.942068748404333
368 	 2.0871455866076936
369 	 2.3577932278906304
370 	 1.8152189654983535
371 	 2.0884879295739873
372 	 1.3216644756100298
373 	 0.8754488610059407
374 	 2.017224681245227
375 	 1.4429829627691249
376 	 1.449288071279683
377 	 2.0487731729124774
378 	 0.8327331037501221
379 	 1.6711694353502748
380 	 0.991779562936457
381 	 1.1111805962221288
382 	 0.8021625008942666
383 	 1.3826101002670237
384 	 1.9758478383394236
385 	 1.4907501129554674
386 	 1.8994881836081956
387 	 1.742519845709771
388 	 2.0559748129294615
389 	 1.8337757877518739
390 	 2.3475806114007245
391 	 1.874149898346511
392 	 1.4580432556366225
393 	 1.8349084055545093
394 	 1.375996859606198
395 	 2.007557399097659
396 	 1.6586114220238493
397 	 1.6973051984959004
398 	 1.4105560699096358
399 	 2.2878396222772315
400 	 2.3329117113036504
401 	 2.00567463612724
402 	 1.8353052044325404
403 	 2.3434646046871213
404 	 2.6916073990647176
405 	 2.303178332728233
406 	 2.65491068262926
407 	 2.737902318597406
408 	 2.358048405157821
409 	 2.3354092867003016
410 	 2.260903292167614
411 	 1.3018279686225525
412 	 1.7518954276749057
413 	 1.1480121627576958
414 	 1.8067904082164532
415 	 2.4142458037137215
416 	 2.216415232657953
417 	 2.7968871686977823
418 	 2.968469061262976
419 	 2.2937664179844552
420 	 3.041530512071735
421 	 3.3077105235761413
422 	 3.0338777457079162
423 	 2.332988938093208
424 	 3.156404259937173
425 	 2.7824470078465335
426 	 2.601432144294508
427 	 2.9419622591003423
428 	 2.7534742653556736
429 	 3.6125641001603936
430 	 2.327639906045917
431 	 1.7097480565656549
432 	 1.9599337838181512
433 	 2.322200378410794
434 	 1.363978167324937
435 	 2.2761163206634567
436 	 1.9443767996017585
437 	 1.8575609064766443
438 	 2.102073507154747
439 	 2.5793787952242764
440 	 2.250956292012174
441 	 2.2941200736035277
442 	 2.4265396214584656
443 	 1.9482280554983646
444 	 0.8501631514415482
445 	 2.8204393305173934
446 	 2.3091147032098363
447 	 2.225142560755124
448 	 2.736677864008295
449 	 2.0354938894855077
450 	 1.5877754952144416
451 	 0.47904030533398545
452 	 0.7508159007040018
453 	 0.7099426501448566
454 	 1.6206982281228552
455 	 1.2498829237169233
456 	 0.930483261956234
457 	 1.0429355688203978
458 	 0.5347581363002346
459 	 0.6173357141264868
460 	 0.5251774015938138
461 	 0.48197472682458137
462 	 0.7940978118668107
463 	 0.9833492859233135
464 	 1.8919668327110237
465 	 0.3668200251615415
466 	 1.088156669332691
467 	 0.7856360051382538
468 	 1.3793272278472686
469 	 1.2757180941128654
470 	 0.9606417718149116
471 	 0.9838828826242346
472 	 1.1143230383750302
473 	 0.7696353868817319
474 	 1.8110344472443831
475 	 1.6283049594906873
476 	 1.3764404493969302
477 	 1.6660452832839003
478 	 1.1550157132156202
479 	 1.5581018021524817
480 	 2.0953274079809816
481 	 2.107879829870417
482 	 2.54039535943197
483 	 2.420112721241357
484 	 2.194904180239207
485 	 1.7280423772909899
486 	 1.7264550859098398
487 	 2.22882542441362
488 	 1.5722339931886449
489 	 1.3234299562711815
490 	 1.0493833734861742
491 	 0.9144643693213277
492 	 1.3887569964844144
493 	 0.881411486929735
494 	 1.2362268730586676
495 	 0.5267610373135351
496 	 0.2631762337357118
497 	 0.5400619130484106
498 	 0.018821384172154444
499 	 0.5508825103179146
500 	 0.3922855431362527
501 	 0.8154448015452489
502 	 1.5015620962450473
503 	 1.07239407628295
504 	 1.130635560901339
505 	 1.5455692261750895
506 	 1.4318755775042586
507 	 1.0846362721064349
508 	 0.8722096296736536
509 	 1.5524031865004337
510 	 0.5985116471618611
511 	 0.1491252933148987
512 	 1.0534356736270032
513 	 0.34826879238966957
514 	 1.5341117776984456
515 	 1.5870330440176237
516 	 1.629128340020711
517 	 1.7904596711264666
518 	 1.1149243998338727
519 	 1.9308375020677717
520 	 1.9305897097206761
521 	 1.785898811311804
522 	 1.4755481187280755
523 	 1.0549487793407653
524 	 0.8178312279506716
525 	 2.122369952093643
526 	 2.2396070214672528
527 	 2.790562925761797
528 	 2.6221901891580512
529 	 2.5739306288644594
530 	 1.8869447535431452
531 	 2.8526204047674324
532 	 1.790911443077309
533 	 1.7075883221202488
534 	 1.2947266374132498
535 	 0.7081716499534719
536 	 0.6511870725428834
537 	 0.873660875675271
538 	 1.7936228269689334
539 	 1.3097143017797528
540 	 1.8549095266317788
541 	 2.285537822455888
542 	 1.5836799816333316
543 	 1.9316270765248575
544 	 1.636415169366244
545 	 0.6145270895937531
546 	 1.4501329110525927
547 	 1.3680626037194472
548 	 1.6418009517867644
549 	 3.3487679226536926
550 	 2.1056476510358966
551 	 2.46923162055573
552 	 2.497180422194964
553 	 2.6908709042729053
554 	 2.163053049897487
555 	 1.833554734787545
556 	 2.99553493659351
557 	 2.3073416776333993
558 	 1.9938530622999417
559 	 2.5741266864525216
560 	 2.797847953421958
561 	 3.1232217671932134
562 	 2.921131039483548
563 	 3.9460629516241137
564 	 4.057499844769837
565 	 3.237620189775661
566 	 2.6129549766353857
567 	 3.521387720527111
568 	 2.367198761974524
569 	 2.2361959781283773
570 	 2.730453305529447
571 	 2.7139056528509204
572 	 2.8833713485402743
573 	 3.3007771979264784
574 	 2.761728511863864
575 	 1.871570719637135
576 	 2.381211173469014
577 	 2.1974986857566607
578 	 2.102972170708208
579 	 2.6286133555864293
580 	 2.8249257544658315
581 	 1.3392239970210822
582 	 2.4561340003291994
583 	 2.172838969681789
584 	 1.8169654335435395
585 	 1.7103076555800523
586 	 1.5149946901564673
587 	 2.1878904379459403
588 	 2.153950639932501
589 	 1.6541869459055558
590 	 3.0782389514208774
591 	 2.766339863340186
592 	 2.884462655084989
593 	 2.434727218139623
594 	 3.215926366024915
595 	 2.5486782140319297
596 	 1.6566167714640374
597 	 2.560491031623785
598 	 2.3934650464959613
599 	 2.957916732152078
600 	 2.077035147423341
601 	 4.425010511628479
602 	 2.799699458185943
603 	 2.6235237915285308
604 	 2.6732918178276917
605 	 2.147404135631023
606 	 2.2909129212011834
607 	 2.7183384405728654
608 	 2.309952821211491
609 	 3.6339219242700778
610 	 2.778939495798574
611 	 1.4933057882270853
612 	 2.2161986432272425
613 	 2.9153200128087624
614 	 1.6618196406525136
615 	 1.8884298463065674
616 	 1.7607301226878427
617 	 1.9910462999116312
618 	 2.5164700467017016
619 	 2.892596015710236
620 	 2.6194173623622197
621 	 3.329854064126986
622 	 2.415489744339244
623 	 2.4107368155033626
624 	 2.410479923028712
625 	 1.4767456972978246
626 	 1.9998226701874917
627 	 1.850818810678106
628 	 2.052668543964812
629 	 1.7723670208109161
630 	 2.6518363046989117
631 	 1.9400240346134385
632 	 1.8638888281583053
633 	 2.0950505520918505
634 	 2.212613285025781
635 	 1.45026350936435
636 	 1.3217117095158009
637 	 1.7648219650183783
638 	 1.289972873473388
639 	 1.786093601015928
640 	 1.52193621563392
641 	 1.3105313816552262
642 	 0.8987071445657889
643 	 0.8109447921064942
644 	 1.2321115965080687
645 	 1.3065690243927996
646 	 0.73874428978226
647 	 1.64956003273411
648 	 1.3408349057550148
649 	 1.1781463004100985
650 	 1.5068984760121562
651 	 2.477531134812862
652 	 2.512951142011887
653 	 2.2968587109422525
654 	 1.918111453208914
655 	 2.0999690494454146
656 	 1.7582468764669779
657 	 1.3783131876609207
658 	 2.2540425233874424
659 	 3.3836340751002427
660 	 2.6082936720384793
661 	 1.4438922204458533
662 	 0.7991140681441815
663 	 0.8232808663757378
664 	 1.1517270419933467
665 	 1.7649792132637774
666 	 0.8809314951187935
667 	 2.538066013371017
668 	 1.9019424022948865
669 	 1.6924664640653522
670 	 1.807914676668516
671 	 1.2395695651350316
672 	 1.320304366462133
673 	 0.9112425417959886
674 	 0.468744738417659
675 	 0.5292070439521588
676 	 0.4037556865680831
677 	 0.5853694088660115
678 	 1.4901696285912376
679 	 1.12134582922277
680 	 1.5545728607239955
681 	 1.2147816310481852
682 	 1.8207438451435702
683 	 1.1734460140872347
684 	 0.45817277162725184
685 	 0.4857464883755262
686 	 0.7984037658068075
687 	 0.46639606464139616
688 	 0.571294337717251
689 	 0.5955304582135321
690 	 1.0040649473169592
691 	 0.9382512982277242
692 	 1.205265178675201
693 	 0.9554734277361754
694 	 0.9281739002272932
695 	 1.0228936353921732
696 	 1.0097958622043108
697 	 0.7324894845514625
698 	 1.1640744399037852
699 	 1.025284006193552
700 	 0.6204084453217882
701 	 1.4496825598315846
702 	 1.2097927533108288
703 	 1.2346748407810864
704 	 0.9922005334901867
705 	 0.6643358561925159
706 	 0.7306475802351367
707 	 1.1977886263771393
708 	 1.2434848724268828
709 	 1.2788909404194657
710 	 0.769237416588933
711 	 0.8986729650831545
712 	 2.083902627343521
713 	 2.069674017822858
714 	 1.973330939896523
715 	 1.9361851653804356
716 	 1.9481955596414136
717 	 1.3302959272159258
718 	 1.1648709662798857
719 	 0.8375363425680507
720 	 1.0777661912962757
721 	 1.09956871225695
722 	 1.3659640301699407
723 	 1.1205761197246387
724 	 1.1492020453173448
725 	 0.9677044866108968
726 	 0.4604133863701964
727 	 0.7631711807604319
728 	 0.9203579094737047
729 	 1.0016241674138417
730 	 1.5459826867163744
731 	 0.8050970692320567
732 	 0.8984186564101847
733 	 0.8043298067146578
734 	 0.9201483632591104
735 	 1.3563976601860879
736 	 1.3036187136937925
737 	 1.6902806203129752
738 	 1.2623202634655846
739 	 1.066079514681234
740 	 0.7959707129284853
741 	 1.2017208742636596
742 	 1.236574239912295
743 	 1.7839854800016341
744 	 1.7730559959657124
745 	 2.837583141435217
746 	 1.7898401789570815
747 	 0.8277256975864602
748 	 0.7836768135318875
749 	 1.5174974434124109
750 	 1.5241622597186526
751 	 0.7931820015095064
752 	 1.2602834508779188
753 	 0.994823811878738
754 	 1.9794696996792889
755 	 1.9230939605412491
756 	 1.672556364855158
757 	 1.2973732498511708
758 	 1.2656160733144277
759 	 0.9879949122595728
760 	 1.2767880434045746
761 	 2.2574233711617224
762 	 1.94461985650827
763 	 1.75186280881068
764 	 1.8966656763497614
765 	 2.201254112718445
766 	 2.4713920941836043
767 	 2.330567184393035
768 	 2.2229527095875814
769 	 0.9236716444670178
770 	 1.0674690265040416
771 	 2.4046599177540946
772 	 2.139238154220441
773 	 1.5961861829105504
774 	 1.4389590122103537
775 	 1.7868290661493031
776 	 1.7042479390695011
777 	 0.9760126661834254
778 	 1.3747245502212562
779 	 1.1860146337267978
780 	 1.186836982872285
781 	 2.1654612059333833
782 	 1.7521165287495533
783 	 1.172327038106859
784 	 1.0322224446903197
785 	 1.3312165345719382
786 	 1.3158049966261525
787 	 1.031025388504592
788 	 1.998551300739084
789 	 1.3754026209875485
790 	 0.8851667552267478
791 	 1.094423406521741
792 	 1.448852063546011
793 	 1.4849579418034107
794 	 2.547363975171671
795 	 2.7867787229146526
796 	 0.9782007422840353
797 	 0.5656647324656633
798 	 1.8589577068018552
799 	 1.3961510119831417
800 	 1.4783838970630627
801 	 1.2735874582965672
802 	 2.1094336026317255
803 	 2.0116360870741334
804 	 1.7950565192887684
805 	 2.1691102129456037
806 	 1.236056458337921
807 	 2.070971978297834
808 	 2.068023583911222
809 	 0.9433620306725896
810 	 2.1916550583293692
811 	 1.0893258062386535
812 	 1.971209005306087
813 	 1.4003651452225627
814 	 1.5353866759332158
815 	 1.927674524949477
816 	 1.0510725945889214
817 	 1.3883513251797877
818 	 0.14014615739567757
819 	 1.861523402477211
820 	 1.9074513152694965
821 	 1.759721373057875
822 	 1.8789350828707554
823 	 1.035716911294337
824 	 1.316306071002946
825 	 1.0632073810347533
826 	 1.2822186897904626
827 	 1.9746360814436181
828 	 1.2799887387257598
829 	 1.3074455152543096
830 	 0.9886313228849006
831 	 1.5394431808606979
832 	 1.6014728105080334
833 	 2.4849969480361334
834 	 2.4152267851508507
835 	 1.477884565000415
836 	 1.3942763010278498
837 	 1.8236414974653983
838 	 2.2179844755839087
839 	 1.4523229145339718
840 	 2.260036426190246
841 	 2.189784217101139
842 	 2.4830113117798653
843 	 1.3939280548665012
844 	 1.6338369298881144
845 	 2.617964037058232
846 	 2.280474075066301
847 	 3.2240461105722056
848 	 2.3908848582636466
849 	 3.525432748346534
850 	 2.744997816146657
851 	 2.1533408880358333
852 	 2.7067984558739626
853 	 2.327310326680032
854 	 3.4179495744403394
855 	 2.7864871611119644
856 	 2.3932577226553895
857 	 2.5735767739120705
858 	 2.9159340343075804
859 	 2.9367314128145043
860 	 2.3754414741872005
861 	 3.3631469666226703
862 	 3.2156161259059126
863 	 3.2459722564923683
864 	 4.152944320384714
865 	 3.300762331313255
866 	 3.56661869787955
867 	 3.436912788592107
868 	 3.230926792293415
869 	 2.826695602108684
870 	 3.672196513539974
871 	 3.8590758746050557
872 	 4.008026267008742
873 	 3.652607072032862
874 	 3.345780976550902
875 	 3.301883433042518
876 	 3.0480532029305323
877 	 2.9207351972949693
878 	 2.661637337835251
879 	 1.490383488072348
880 	 2.954515352680399
881 	 2.8214726120736078
882 	 1.8051815025039555
883 	 2.5999854345566726
884 	 2.4472136600177588
885 	 2.510607087585181
886 	 2.406671710280445
887 	 2.0032866841703085
888 	 2.6104157930924443
889 	 2.3023635498098463
890 	 2.977762176134844
891 	 2.562588273718423
892 	 2.1802667553325614
893 	 3.2602897391446373
894 	 2.2895436467183283
895 	 2.5754951099414587
896 	 3.4687789960725093
897 	 4.159782504612104
898 	 3.2664099004489358
899 	 2.725685569289011
900 	 2.7351194805779224
901 	 2.994725204665793
902 	 2.994618977736712
903 	 2.19084075613973
904 	 2.349286342647591
905 	 2.6282793574326497
906 	 2.81270093333288
907 	 1.5907246376050694
908 	 1.4969729748983542
909 	 2.3789984261993933
910 	 2.1648615386176018
911 	 2.5766090606128933
912 	 2.7241049443260748
913 	 2.0138027289282365
914 	 2.297412725353148
915 	 2.40238837312148
916 	 1.7328396339600531
917 	 2.32925930270574
918 	 1.9404813274928996
919 	 2.0026826974642473
920 	 2.4499766396169993
921 	 2.622955122425558
922 	 2.0592199792611363
923 	 2.002716596721865
924 	 1.6353089849196856
925 	 2.44064618569365
926 	 2.699268460155788
927 	 2.444724938573482
928 	 1.9238975189613226
929 	 1.6428370913764276
930 	 2.8491524128486194
931 	 2.39605495144664
932 	 2.881691900111963
933 	 3.3160637255475742
934 	 2.1910728263796466
935 	 2.6928225607531138
936 	 3.076925579682173
937 	 2.4707598975986964
938 	 2.271428193205328
939 	 1.527367003787666
940 	 1.1070304335367964
941 	 1.3658315510975452
942 	 1.8571725608341765
943 	 1.6760259102665498
944 	 1.6165246049551363
945 	 1.5026231746439729
946 	 2.088078139270031
947 	 2.3419583557579156
948 	 2.02825578098108
949 	 1.543999922629023
950 	 1.9653245481166537
951 	 1.539506798884224
952 	 1.1603314591070653
953 	 0.9029249426329975
954 	 1.872391873605478
955 	 0.7376162846777571
956 	 1.2161197958539265
957 	 1.293793502020613
958 	 1.6908434400658918
959 	 1.5126753421557726
960 	 1.1441390399893683
961 	 1.6732153656640147
962 	 2.438424413641146
963 	 2.5064891789218797
964 	 1.6900398067235436
965 	 2.13986396328219
966 	 2.299546805246106
967 	 1.841316418416484
968 	 1.5662037760711478
969 	 2.507142014253278
970 	 0.9970434181773613
971 	 1.0413448175765965
972 	 1.7195079213316602
973 	 2.1012839364401974
974 	 1.9805123356970407
975 	 1.5680135659284313
976 	 2.117044820093919
977 	 1.6888574117007342
978 	 1.6774372066378487
979 	 2.0550118890808142
980 	 2.299145913832599
981 	 2.003512442027249
982 	 1.5850318953959064
983 	 1.6777908320873263
984 	 1.169510836034784
985 	 1.5711964831978686
986 	 1.2170139670641082
987 	 1.8034621162781832
988 	 2.0573036097417066
989 	 2.503633221907503
990 	 2.4189287736424454
991 	 2.4066292115351318
992 	 2.2875917734264304
993 	 1.824252370021442
994 	 2.139030299860652
995 	 2.2950092087521803
996 	 2.1169466934281753
997 	 2.200236545506284
998 	 2.087273284321117
999 	 2.659040318892169
1000 	 2.21320930868511
1001 	 2.7237446987941283
1002 	 2.3136728825983184
1003 	 2.188925716351268
1004 	 2.1685651051701216
1005 	 2.1920420751280423
1006 	 1.8333079837144362
1007 	 2.260774520461659
1008 	 3.222998694173455
1009 	 3.1775490974156804
1010 	 3.217622957975898
1011 	 0.9326019918355396
1012 	 2.661843708247798
1013 	 1.419245346005582
1014 	 2.24442511955703
1015 	 1.6827132563755518
1016 	 2.292366706804957
1017 	 1.5233681957524963
1018 	 1.6244534069334378
1019 	 1.4160125809441535
1020 	 1.3992848951351498
1021 	 2.0905283644201895
1022 	 1.9959255511820637
1023 	 1.7406330692797156
1024 	 2.0335956608933197
1025 	 2.9752238545311447
1026 	 2.1048036756340114
1027 	 2.2965925027357437
1028 	 2.0558206702200392
1029 	 1.4150578819317812
1030 	 1.9662304794670897
1031 	 2.7328212900145674
1032 	 1.480228741018564
1033 	 1.5098970844287167
1034 	 2.5001432542974604
1035 	 1.6428427042100586
1036 	 1.6489919814399092
1037 	 0.7020155067345742
1038 	 1.1463084116407987
1039 	 1.739693734090803
1040 	 0.6323329498925031
1041 	 0.7361869491484248
1042 	 1.1467404457882002
1043 	 2.0555066722032267
1044 	 1.0929128945972308
1045 	 1.6980363551728546
1046 	 1.985782602299067
1047 	 1.6814938927518477
1048 	 1.0428379449185101
1049 	 1.0379043014168556
1050 	 0.4217116289792555
1051 	 1.2738585730979288
1052 	 0.9636346827852303
1053 	 1.1978171585698478
1054 	 0.9272683567146651
1055 	 1.6918818946885767
1056 	 1.2351016499291076
1057 	 2.1922898254203806
1058 	 1.9214979438721704
1059 	 1.561175094656785
1060 	 1.82355857897921
1061 	 2.2356473628708717
1062 	 1.7347532746234153
1063 	 0.294046254239354
1064 	 1.257101704759291
1065 	 1.5252825335870352
1066 	 0.8426321372996343
1067 	 1.3758915461963053
1068 	 1.505879664440228
1069 	 0.7592153702302582
1070 	 1.3267875912397487
1071 	 1.4701356953128546
1072 	 1.996444496494036
1073 	 2.4574049036573946
1074 	 1.8516799787474796
1075 	 2.0232999135183802
1076 	 1.9172807148753368
1077 	 2.014468960338931
1078 	 1.882623264449935
1079 	 1.2304908444488574
1080 	 1.8874344337102353
1081 	 1.4412471490096255
1082 	 1.6082696924410427
1083 	 1.4431521120075192
1084 	 1.566202103869566
1085 	 1.9129673357901187
1086 	 1.8092949129014597
1087 	 1.2354355591494288
1088 	 1.6741028481801408
1089 	 1.912376075617444
1090 	 1.4356827506703296
1091 	 1.9436819941736205
1092 	 1.7713802517337678
1093 	 1.6446098304278232
1094 	 1.9013366324614769
1095 	 1.5208076924277143
1096 	 0.4825454095398494
1097 	 0.8314064403290287
1098 	 0.7052809098989871
1099 	 1.4021331630638993
1100 	 0.5699828791067407
1101 	 0.9268643633595208
1102 	 1.133486633089404
1103 	 0.8594224408550689
1104 	 2.187645549582919
1105 	 1.413371386480346
1106 	 2.2389330858033016
1107 	 1.9126226347470041
1108 	 1.8101011838992827
1109 	 1.3337103071017495
1110 	 1.4491343460727641
1111 	 2.693976009521058
1112 	 1.729006538884777
1113 	 2.4990825452760337
1114 	 1.8140147852743629
1115 	 2.2571673298511525
1116 	 2.2548999267092746
1117 	 2.9787451768150586
1118 	 2.182675741145657
1119 	 2.6696260772363902
1120 	 2.6089423650492094
1121 	 1.5497962075326863
1122 	 1.5228165458840746
1123 	 1.0331461821440142
1124 	 1.5004738805627356
1125 	 1.7428453954726262
1126 	 1.218174488158447
1127 	 1.9516276177148757
1128 	 1.3964578863753068
1129 	 1.4148585963932976
1130 	 1.6467888540465272
1131 	 1.5777853239308541
1132 	 1.1124553951743583
1133 	 2.4384220759052937
1134 	 2.0760116910907818
1135 	 2.6496148250503873
1136 	 1.444787948717876
1137 	 2.584956854342772
1138 	 2.3624473898045846
1139 	 2.369628489343413
1140 	 2.6959730822143397
1141 	 2.0394067542971666
1142 	 1.8118662359344264
1143 	 2.412519885239427
1144 	 2.2474487148186473
1145 	 1.5136597750474485
1146 	 2.2260301214054508
1147 	 2.570981983720915
1148 	 3.2136521465631795
1149 	 3.6215421793669123
1150 	 1.423320549773794
1151 	 2.1530939722392164
1152 	 2.243142695898929
1153 	 2.303230236167499
1154 	 2.1115749037543394
1155 	 2.6973533998214707
1156 	 3.032368213519729
1157 	 3.0751236732217953
1158 	 2.310705580942937
1159 	 2.119138517324657
1160 	 0.7501454632070585
1161 	 1.72827523331528
1162 	 0.9436894562776846
1163 	 0.8403651543075371
1164 	 2.118799513144727
1165 	 1.9189615635186485
1166 	 2.041293882084459
1167 	 1.5607868421860247
1168 	 2.743083497341595
1169 	 2.9371518827899417
1170 	 1.2311403040007842
1171 	 1.204075258259531
1172 	 1.353591890340974
1173 	 1.0332196080025409
1174 	 0.7540739424518986
1175 	 1.1254079382584676
1176 	 1.315495957342974
1177 	 1.2550016586396133
1178 	 2.0010172486729756
1179 	 1.8508694499187934
1180 	 2.015083343531546
1181 	 1.5022959441732915
1182 	 1.7034113959513766
1183 	 1.2940118645197594
1184 	 1.6973632477230534
1185 	 1.2240295917286284
1186 	 0.9279146243871902
1187 	 0.5207257544031947
1188 	 1.8282996109446377
1189 	 1.2086486897111284
1190 	 0.8749701706499505
1191 	 0.3266513233721984
1192 	 1.2231855769134128
1193 	 0.46006529321266343
1194 	 0.5626458867186788
1195 	 0.4931618974122022
1196 	 0.6226303667222259
1197 	 1.2170606311568464
1198 	 1.6058818490091433
1199 	 1.1716993830255598
1200 	 2.3742406528161553
1201 	 1.6923965655047306
1202 	 1.1880644704010332
1203 	 1.5840013189053028
1204 	 2.147342990639248
1205 	 1.9297120680485165
1206 	 1.5609021082383057
1207 	 1.634098157091593
1208 	 1.206582858425335
1209 	 1.6568922253707679
1210 	 1.9854664295429605
1211 	 1.8383575744675256
1212 	 1.2885049561534392
1213 	 1.7104037004451451
1214 	 1.361728596316852
1215 	 2.3020347061396027
1216 	 1.7282091344411696
1217 	 2.184042646337313
1218 	 1.9946311297211128
1219 	 1.9536279581584293
1220 	 1.493901547988205
1221 	 1.1036755423283335
1222 	 0.8536262502716115
1223 	 2.3619668423344597
1224 	 2.1207252444995253
1225 	 0.7745832088883056
1226 	 2.0065879020290294
1227 	 2.031484581108118
1228 	 1.8484252817525337
1229 	 1.135261819147624
1230 	 1.6322127123930141
1231 	 1.8480317443693535
1232 	 1.5022592482247645
1233 	 1.4221874659064462
1234 	 2.04728890998256
1235 	 2.167336081125684
1236 	 1.512566774769553
1237 	 1.4533785316013526
1238 	 1.3884397720229031
1239 	 1.0889361097787633
1240 	 1.9367185265469906
1241 	 1.7877068248674157
1242 	 1.0097867327405659
1243 	 1.3371853004962093
1244 	 0.988625237439015
1245 	 1.6516908508524122
1246 	 1.9858650105494273
1247 	 1.149306341182689
1248 	 1.6397301896715257
1249 	 1.557443808588392
1250 	 2.337600285367839
1251 	 1.805967863725341
1252 	 1.4182121294959897
1253 	 1.038773090974317
1254 	 2.184208521722403
1255 	 1.30635051647648
1256 	 1.3048146404391687
1257 	 1.2194944538039203
1258 	 1.2956841481561898
1259 	 1.3182095092660033
1260 	 1.057841138528277
1261 	 1.1590601410400183
1262 	 1.1477539725949388
1263 	 1.4520062945230818
1264 	 1.0857184450392603
1265 	 1.477230669242815
1266 	 1.930711311958134
1267 	 1.6258007286795202
1268 	 1.4173355135969836
1269 	 2.0823824029664606
1270 	 0.7366253609635056
1271 	 1.7742003766716608
1272 	 1.8024639479504723
1273 	 2.0524009399741265
1274 	 2.051468598773251
1275 	 1.8894541966141414
1276 	 2.284787380333854
1277 	 1.6556186397236943
1278 	 1.7690348093164712
1279 	 2.059635190126672
1280 	 2.1537329560186884
1281 	 1.5944732084276765
1282 	 1.3293927321107015
1283 	 2.1391860153897744
1284 	 2.75898381079581
1285 	 2.9214760577364203
1286 	 2.3330604752750888
1287 	 1.795955595040639
1288 	 1.725972136990856
1289 	 1.8913377013395978
1290 	 2.2609567628515057
1291 	 2.2598438420219265
1292 	 2.1871757608643363
1293 	 1.638368251885068
1294 	 1.5586341330857263
1295 	 1.2483085559897389
1296 	 3.0760137307834334
1297 	 2.745567427588507
1298 	 2.2985574475868944
1299 	 2.1355070580534457
1300 	 2.1127894302328247
1301 	 2.5506452938824222
1302 	 2.9201443852299933
1303 	 1.5843694707554021
1304 	 2.3440135057556803
1305 	 2.849640975617949
1306 	 1.9506210278765603
1307 	 3.3211209843316323
1308 	 2.4469213743848024
1309 	 1.496933332225931
1310 	 2.1482323554726706
1311 	 1.6943058336676755
1312 	 1.6897506201271908
1313 	 1.939786321130366
1314 	 1.9809731734855065
1315 	 2.601394220141916
1316 	 1.7447024220335277
1317 	 2.5776512292058955
1318 	 1.3346081376101078
1319 	 2.6446563198588526
1320 	 2.5393870690028852
1321 	 1.1773263926187099
1322 	 2.599664335559979
1323 	 2.385188493375717
1324 	 3.662683784794559
1325 	 2.3436956273572154
1326 	 2.226795338433158
1327 	 1.8687954211801412
1328 	 2.1956449048904227
1329 	 2.0977051763253827
1330 	 2.528157953750686
1331 	 2.2916372148321313
1332 	 1.7856466191044276
1333 	 2.0932724433282157
1334 	 1.9841753125946837
1335 	 1.4794538675731337
1336 	 2.4198752546990723
1337 	 1.9931048187099067
1338 	 2.2836188285272603
1339 	 2.133710185010444
1340 	 2.414675767777924
1341 	 2.690488629250918
1342 	 2.2526467319368435
1343 	 1.595236235538068
1344 	 1.6991421241249864
1345 	 1.3883831350789864
1346 	 1.5446085368447255
1347 	 2.635069328650535
1348 	 2.1202715248472455
1349 	 3.071234252446756
1350 	 1.732485210853765
1351 	 1.139761121199024
1352 	 2.860453798906296
1353 	 2.8011760007687583
1354 	 3.323633526958672
1355 	 3.1381132097734854
1356 	 2.703111997618274
1357 	 2.421146998161884
1358 	 3.0762577095631998
1359 	 2.808144783288402
1360 	 2.7073994252317193
1361 	 2.7487043781983505
1362 	 2.5232771569743715
1363 	 2.0709604718496744
1364 	 1.2458351388970523
1365 	 1.4521518628889898
1366 	 2.6881226024063616
1367 	 1.841158090092797
1368 	 2.4383282242603346
1369 	 1.3475448667322998
1370 	 1.7517733541367222
1371 	 2.1329820920114275
1372 	 1.8301989645960866
1373 	 2.617754931305029
1374 	 2.640883872818508
1375 	 2.5132496808979186
1376 	 2.2279382150990372
1377 	 1.147476901050053
1378 	 1.4912053158687282
1379 	 1.3935779386609584
1380 	 2.2861050978049184
1381 	 1.3037883836249349
1382 	 1.7980173734913945
1383 	 2.6531053277627743
1384 	 2.3162093127588603
1385 	 2.2761367403211414
1386 	 1.9979229663489722
1387 	 1.2490787772652363
1388 	 0.8765898199513851
1389 	 0.9067180754472528
1390 	 1.1223746668620351
1391 	 0.7081621900207111
1392 	 1.1642751110296363
1393 	 1.3739122804910817
1394 	 1.7348192878805193
1395 	 1.7119022594156401
1396 	 1.626699368913518
1397 	 2.030340471981187
1398 	 1.8408209759606675
1399 	 1.49259386220738
1400 	 1.6775802830301914
1401 	 3.1967470780661666
1402 	 1.7913632421126713
1403 	 1.688077173526858
1404 	 2.3560066718017545
1405 	 2.6217172757028986
1406 	 2.8033677694552486
1407 	 2.68314612255148
1408 	 2.7937936635973335
1409 	 3.26839138589451
1410 	 3.441238492000893
1411 	 2.9764501624769175
1412 	 2.271419283989733
1413 	 2.245258392526463
1414 	 1.8926948321172905
1415 	 2.6605615664070688
1416 	 3.2955320521927143
1417 	 2.8928488047678584
1418 	 3.1606848832997883
1419 	 2.9281288032222488
1420 	 2.0535702563125215
1421 	 1.4595504804088715
1422 	 2.426762036927637
1423 	 2.5916949016188133
1424 	 2.1327975758968973
1425 	 1.9608411431660273
1426 	 1.4362900946406103
1427 	 1.4501280236716119
1428 	 0.8156156021255475
1429 	 0.7615922442360579
1430 	 0.8111482911963678
1431 	 1.3717293260180174
1432 	 0.8997347388493366
1433 	 1.234282908011587
1434 	 1.7332656923512695
1435 	 1.0428411024379394
1436 	 1.4752092978790075
1437 	 1.85847352197114
1438 	 2.101415851753261
1439 	 1.360738996056298
1440 	 2.245224154057493
1441 	 2.4233231108269155
1442 	 1.8729378836128359
1443 	 2.356118808640667
1444 	 2.8992959174263437
1445 	 2.7211947496749223
1446 	 3.5713147470954487
1447 	 3.151915002161978
1448 	 2.4856240426529226
1449 	 2.972803398107948
1450 	 2.9207976790782824
1451 	 3.1839289602862184
1452 	 2.8680834664989594
1453 	 3.0505113225304767
1454 	 2.8939460527998815
1455 	 2.238477322087507
1456 	 2.948718809666241
1457 	 2.7696107508544694
1458 	 1.9087371037841983
1459 	 2.5287352071138596
1460 	 1.9380116948918409
1461 	 2.5842561536090276
1462 	 2.768501794507786
1463 	 2.3925863793627387
1464 	 2.1591162655770115
1465 	 1.8454847032390544
1466 	 2.664667416393535
1467 	 2.7829821227938423
1468 	 3.1427638181336763
1469 	 2.548126113784119
1470 	 2.3370408194908845
1471 	 2.523398902512549
1472 	 2.801010063580577
1473 	 3.1007849340192672
1474 	 3.2483848661038195
1475 	 2.3878002983121704
1476 	 2.497735476541793
1477 	 2.6901712355208787
1478 	 3.266159615335986
1479 	 3.139503845326344
1480 	 3.0737713314828325
1481 	 2.7712165052826196
1482 	 2.3331827318323084
1483 	 2.0753359310837074
1484 	 2.338396146244652
1485 	 2.082828761918951
1486 	 2.480329585963724
1487 	 2.0863729651168845
1488 	 2.341177746878481
1489 	 3.005120590736947
1490 	 2.8669596272992597
1491 	 1.9510273623657919
1492 	 2.115940010954758
1493 	 3.2240009265890253
1494 	 3.5675522019518464
1495 	 2.8417819424267012
1496 	 2.3743577274037873
1497 	 2.420979141294804
1498 	 2.0010703490382187
1499 	 2.4022406647834487
1500 	 1.9420276723076975
1501 	 1.5177795303134498
1502 	 2.275061089843291
1503 	 2.625312111564104
1504 	 3.9077775784363458
1505 	 2.2674188477741715
1506 	 2.757984102887845
1507 	 2.2778083870328882
1508 	 2.723552243888066
1509 	 3.1561819089588905
1510 	 3.3087179023264004
1511 	 2.1099574147603204
1512 	 2.582666189972674
1513 	 2.7270395809046235
1514 	 2.75078826965729
1515 	 3.2157184800168293
1516 	 3.1299676891562465
1517 	 2.819680826272734
1518 	 2.3272081771153914
1519 	 2.5082443115583257
1520 	 2.222293268699185
1521 	 2.5787900901170553
1522 	 2.3346207581124534
1523 	 2.5288714407742248
1524 	 2.501424993625364
1525 	 2.2523948977644794
1526 	 3.0709463047455756
1527 	 2.4567304992520027
1528 	 2.410241927330324
1529 	 2.5412707221393727
1530 	 2.52205638750827
1531 	 3.0890251578830976
1532 	 3.0100945630012
1533 	 3.2040810744739954
1534 	 2.25156140949062
1535 	 2.447551014382602
1536 	 2.765970932230134
1537 	 2.5848077968366754
1538 	 2.420482318872379
1539 	 3.256917817559174
1540 	 2.9372084124605955
1541 	 1.859619485025545
1542 	 2.3683797652100047
1543 	 2.2652633765076184
1544 	 1.9540173539972931
1545 	 2.689814916518596
1546 	 2.760201940043327
1547 	 2.733552723273866
1548 	 2.270889633583956
1549 	 2.898313952443555
1550 	 2.6084036464583362
1551 	 3.2874453827250236
1552 	 3.037917311886122
1553 	 2.592170440379441
1554 	 3.689681376161446
1555 	 2.599099904133014
1556 	 3.7851621292119764
1557 	 3.049705148332588
1558 	 2.703928927572329
1559 	 2.5547630825812813
1560 	 2.5945336961105574
1561 	 2.5338314038739043
1562 	 2.3977509093074993
1563 	 2.6975306548128373
1564 	 2.3407577752918254
1565 	 2.748464983724548
1566 	 2.877165450097909
1567 	 3.1357870322592065
1568 	 2.5411389801324478
1569 	 2.573580269910296
1570 	 3.0243879877510462
1571 	 4.040409623879965
1572 	 3.6884538335662116
1573 	 3.3062409029020356
1574 	 3.1483972621955973
1575 	 2.804225984508401
1576 	 2.9995569079743056
1577 	 1.912003834672084
1578 	 3.4389806320278713
1579 	 2.0727690342046956
1580 	 2.390912820404806
1581 	 2.262956989880916
1582 	 1.9043879727751352
1583 	 2.078876149553544
1584 	 2.8422923221027507
1585 	 2.030460611474081
1586 	 2.4029635117294434
1587 	 1.9191760346569704
1588 	 2.6224725036575554
1589 	 2.8599051018931863
1590 	 2.561010356480274
1591 	 2.7172260101767156
1592 	 1.7508347206795138
1593 	 3.1455667130311484
1594 	 2.606171414774404
1595 	 2.701700067049236
1596 	 2.7159470779216797
1597 	 2.001144186105547
1598 	 2.011431121074526
1599 	 1.6586460371015588
1600 	 1.5677213234267902
1601 	 1.5249270633851049
1602 	 1.8789452142492278
1603 	 2.058607511309611
1604 	 1.6064761393910651
1605 	 0.9009740463378183
1606 	 1.7592660712567647
1607 	 1.957121233360265
1608 	 1.3594387410122635
1609 	 1.8021597835622347
1610 	 1.324153734904787
1611 	 0.9908103669637134
1612 	 0.6066045372561517
1613 	 1.2374364694612752
1614 	 0.8285012854075335
1615 	 0.8319957906614494
1616 	 0.9023674714648461
1617 	 0.522965200460172
1618 	 0.9029332019221127
1619 	 0.47033160526015405
1620 	 0.8060429013459472
1621 	 0.6597811043316746
1622 	 0.45356417457858705
1623 	 0.12986855248307405
1624 	 0.7012443172027826
1625 	 0.31642347806047844
1626 	 0.6537020171089098
1627 	 1.2456437323896863
1628 	 1.414105293321201
1629 	 1.3164730167847303
1630 	 1.1062092793443468
1631 	 1.6254801592531807
1632 	 1.8880116325428358
1633 	 1.4225258369810545
1634 	 1.4933611705702028
1635 	 1.2420460310862727
1636 	 1.3326245104772283
1637 	 0.6282909386736357
1638 	 1.239572144400744
1639 	 0.74241103894356
1640 	 0.6989638743126788
1641 	 1.8884099041609694
1642 	 1.9080585844811948
1643 	 1.2187187005276636
1644 	 1.3854708282633927
1645 	 1.5717752683873487
1646 	 0.7540453666848073
1647 	 1.2594353890177306
1648 	 0.9056107272466525
1649 	 1.1047357049859459
1650 	 0.6310150885359398
1651 	 0.7739308886456318
1652 	 1.5628485725677348
1653 	 1.213879376030932
1654 	 0.8317529484982832
1655 	 1.5340002967573865
1656 	 0.9500333496910653
1657 	 1.5534274310367855
1658 	 1.0404646483326745
1659 	 1.475180841109449
1660 	 1.6850769692244325
1661 	 2.049997041786279
1662 	 1.8313202093162213
1663 	 2.3765493983883994
1664 	 1.472724728491323
1665 	 2.1201949411756362
1666 	 1.8216553551898182
1667 	 1.9796102785518066
1668 	 2.0417732682507452
1669 	 2.024286167833345
1670 	 1.3215244099618508
1671 	 0.6185774577125911
1672 	 0.4328359156227159
1673 	 1.1919905602411112
1674 	 0.7586774832177319
1675 	 1.360953104053224
1676 	 1.0786353500020913
1677 	 1.0769716000922824
1678 	 1.1139919007172117
1679 	 1.3151543841847115
1680 	 1.073829177389076
1681 	 0.7593827052065292
1682 	 1.3210407331470497
1683 	 0.7485871255153843
1684 	 1.0032923966878626
1685 	 0.7973998923367541
1686 	 0.40024458470962027
1687 	 0.9667427542434609
1688 	 1.3214895445907096
1689 	 0.23859084495890842
1690 	 0.5225164666080407
1691 	 0.8141183340822975
1692 	 0.5113959967294225
1693 	 1.375083613171389
1694 	 1.0875692214597792
1695 	 1.2668077945349026
1696 	 1.30214964697626
1697 	 1.3368587679920911
1698 	 0.8676973036320584
1699 	 0.5393588310243879
1700 	 1.6863793490096088
1701 	 1.0511117572395963
1702 	 1.0562145974347927
1703 	 1.2294397743872076
1704 	 0.9130756229188411
1705 	 0.9440260893288406
1706 	 1.2177789034632043
1707 	 0.5408417281046917
1708 	 1.2719118604240887
1709 	 1.3451951039069157
1710 	 1.396602827033236
1711 	 0.703847209257069
1712 	 1.5587083493774534
1713 	 1.7744723187236442
1714 	 1.2450667086376663
1715 	 0.4616864498996361
1716 	 2.1703734878171574
1717 	 1.0739875375307484
1718 	 2.205930494754084
1719 	 1.5038533649392722
1720 	 1.0312571089979083
1721 	 1.5679955672609407
1722 	 1.1971238485391043
1723 	 1.7869987440776847
1724 	 2.4989125266737773
1725 	 2.2302053451715023
1726 	 2.4521213701449573
1727 	 0.937344961479695
1728 	 1.8976754528787503
1729 	 2.4643994243760408
1730 	 1.8066821587612691
1731 	 1.978420945778037
1732 	 2.2057162052178185
1733 	 2.3654412282017803
1734 	 2.0624153304070423
1735 	 1.9051036372120846
1736 	 2.930923762054453
1737 	 2.3153002102347653
1738 	 2.347580465020665
1739 	 1.7967928975760505
1740 	 2.8110305761390313
1741 	 2.094579724513038
1742 	 2.7085858908993634
1743 	 1.5111437920101574
1744 	 1.6993677296796184
1745 	 2.126782492717636
1746 	 2.5558068986738665
1747 	 2.6014273941019628
1748 	 2.707605564520508
1749 	 3.3084439398533134
1750 	 3.263315098966514
1751 	 2.842227341765668
1752 	 2.740047518521582
1753 	 2.4166636411752402
1754 	 2.0343275917523296
1755 	 2.452464494247583
1756 	 2.717421926817106
1757 	 1.7126973225856155
1758 	 2.7519704435496357
1759 	 1.978221260847216
1760 	 2.2684648607469553
1761 	 2.085865956306369
1762 	 2.6695645807984767
1763 	 2.3711578039365273
1764 	 1.8519438193639757
1765 	 2.683774061596745
1766 	 2.390530817652612
1767 	 2.2333446588167356
1768 	 2.25403058833524
1769 	 1.5851510049335467
1770 	 1.687737716475834
1771 	 2.3177511175098022
1772 	 2.777120661717045
1773 	 2.4708452160022314
1774 	 2.1461573007411205
1775 	 2.307779098706323
1776 	 1.451552019856949
1777 	 1.3147134256617323
1778 	 1.5340589280030499
1779 	 2.6757134469950703
1780 	 3.0328135266143526
1781 	 2.5538226945458686
1782 	 2.792034306771025
1783 	 2.5131214757400735
1784 	 2.2035303346453587
1785 	 1.8669486079064594
1786 	 1.7317798061499476
1787 	 1.7061758079696827
1788 	 1.9095918127562497
1789 	 2.428223280368589
1790 	 2.091576598520655
1791 	 1.9426046829489554
1792 	 3.646056674267987
1793 	 2.644525558269641
1794 	 2.0924192212634676
1795 	 2.611358127058583
1796 	 2.246541415339467
1797 	 2.7982887841570867
1798 	 2.2529202242590234
1799 	 2.7649718943991988
1800 	 2.742851271632855
1801 	 1.9140828397645637
1802 	 2.1371082425879213
1803 	 1.9410939036280803
1804 	 2.3134011419528497
1805 	 1.4426341719527065
1806 	 1.3036509355062522
1807 	 1.911009230017782
1808 	 2.0610033385259334
1809 	 1.917869738781255
1810 	 2.1648524375785105
1811 	 1.637471641733556
1812 	 2.2126312826077896
1813 	 1.4817728033111368
1814 	 1.9824288605004536
1815 	 2.2691550740965516
1816 	 1.2577630728083815
1817 	 1.557766858713888
1818 	 1.8891444998480948
1819 	 1.4828488204615078
1820 	 2.3168318542100916
1821 	 2.464743174317511
1822 	 1.5370588950971147
1823 	 2.67135270245626
1824 	 2.8901944194066904
1825 	 2.5069092482844564
1826 	 2.8127236033154173
1827 	 2.6674026072249375
1828 	 2.52879490544795
1829 	 2.5062621515943015
1830 	 2.5827950658138463
1831 	 2.7144774013652215
1832 	 2.54821110440694
1833 	 2.455941145537107
1834 	 3.1075210358357612
1835 	 2.5943905935540172
1836 	 2.75923612812312
1837 	 2.2445383613532988
1838 	 2.8227247681810455
1839 	 2.1484776357778532
1840 	 3.397901462557133
1841 	 3.065139489126179
1842 	 2.4767306331967704
1843 	 2.5153302105746036
1844 	 2.317360527062021
1845 	 2.2873432509220653
1846 	 1.6787536168924186
1847 	 2.506184267008138
1848 	 2.1247362561238123
1849 	 2.066317731717626
1850 	 2.7076818325085146
1851 	 2.5609248570191565
1852 	 2.9472379933201895
1853 	 2.2761736579993688
1854 	 2.159526453978387
1855 	 1.0317564232209773
1856 	 2.7654999809346563
1857 	 2.1074851833037114
1858 	 1.3996450889552656
1859 	 1.872652009933443
1860 	 1.4291607519549312
1861 	 1.830002672092729
1862 	 1.0051258842382693
1863 	 2.0489261079962358
1864 	 1.2699507937184253
1865 	 2.341028991299668
1866 	 1.983543099467669
1867 	 1.785627799181026
1868 	 2.3194150349405818
1869 	 2.962298572465307
1870 	 2.3883741046530003
1871 	 2.316996478781196
1872 	 1.6265891422955787
1873 	 1.349217168037073
1874 	 1.825608692370989
1875 	 1.6437195818920312
1876 	 2.2102451954169497
1877 	 2.450364986574383
1878 	 1.8063578608444737
1879 	 2.682105997986597
1880 	 2.334394293627653
1881 	 2.320396602377233
1882 	 3.203476648723288
1883 	 2.973269473641966
1884 	 2.7454973724113665
1885 	 3.0750446113432113
1886 	 3.1304834716556638
1887 	 3.0640430712586695
1888 	 2.247967488873937
1889 	 2.1929960225286993
1890 	 2.332719327705478
1891 	 2.4149810425421805
1892 	 1.8607462629382594
1893 	 2.1934569990454866
1894 	 2.1001697944509483
1895 	 2.277280628429852
1896 	 2.332306857739252
1897 	 1.9586436804557779
1898 	 2.23094931870475
1899 	 2.7670062821051347
1900 	 2.2709244205666863
1901 	 3.077476317806638
1902 	 2.616822476761671
1903 	 2.388614185661282
1904 	 2.251912707142676
1905 	 2.3887199978422626
1906 	 2.4918274747027387
1907 	 2.7202671841773367
1908 	 2.5499262756607153
1909 	 2.5812714573829774
1910 	 2.8936541781014635
1911 	 4.241933115693795
1912 	 2.9682783563579487
1913 	 2.8520522716660404
1914 	 2.2953747715710184
1915 	 2.438645892242775
1916 	 2.550679688063599
1917 	 2.8086204624493987
1918 	 2.474464142909454
1919 	 2.4691887330767983
1920 	 2.4190770943942765
1921 	 2.43152694989899
1922 	 2.788054026280672
1923 	 2.5625349249544604
1924 	 2.6534627203545904
1925 	 2.4984981221706146
1926 	 1.962854186714633
1927 	 1.5535623249198862
1928 	 1.4264439534179034
1929 	 1.2890554821733093
1930 	 2.3820548896746905
1931 	 2.370520559726507
1932 	 1.9616940485173142
1933 	 1.8306204656468044
1934 	 1.5362978014111812
1935 	 2.191553877612355
1936 	 1.7861209718242188
1937 	 3.0677795518983344
1938 	 2.2646360450908727
1939 	 1.32004264669019
1940 	 1.407065677714846
1941 	 2.202916198313303
1942 	 2.088801318661182
1943 	 2.568496789515419
1944 	 2.5907830617751637
1945 	 2.163022979907012
1946 	 1.9236357816350866
1947 	 2.604018894123275
1948 	 1.6453964962019614
1949 	 2.305123678385952
1950 	 1.4988848989440782
1951 	 1.675614636179307
1952 	 2.2920911200390304
1953 	 1.816279770177545
1954 	 2.5907275200547883
1955 	 1.7391585018968172
1956 	 2.319817722278583
1957 	 2.695778556672364
1958 	 2.100881240723152
1959 	 1.92536237039172
1960 	 1.3991978054423617
1961 	 1.6275695352196675
1962 	 1.9371892620302513
1963 	 1.6748566421033713
1964 	 2.191472210359276
1965 	 1.9930297789514257
1966 	 1.5667923034978213
1967 	 1.3102822514989014
1968 	 2.0244236010493353
1969 	 2.1549646197962993
1970 	 3.1520866299495856
1971 	 2.2504497593119632
1972 	 2.543973685448453
1973 	 2.139246703837815
1974 	 2.468658468558733
1975 	 2.677949259896567
1976 	 2.8994607938150714
1977 	 2.6691413076774655
1978 	 2.558455214482451
1979 	 2.646065324995998
1980 	 1.9081071699768752
1981 	 2.893475567334227
1982 	 1.9412716046590215
1983 	 2.448787810325728
1984 	 2.7139169040922124
1985 	 2.6766167915239953
1986 	 2.2580792203116213
1987 	 2.0112226699330504
1988 	 1.6423250709360806
1989 	 2.4602489743553093
1990 	 2.594055934862338
1991 	 2.1898878155755943
1992 	 2.3004549863438575
1993 	 1.5802183958763143
1994 	 1.2987474708468085
1995 	 1.3952691687993681
1996 	 1.4279709061694235
1997 	 1.4453944036886217
1998 	 1.1519531823387803
1999 	 1.3916661838556355
2000 	 1.8518246515875698
2001 	 2.2007504239351166
2002 	 1.77358757688925
2003 	 1.011903417767437
2004 	 1.0738364687163247
2005 	 1.0812719578968601
2006 	 0.5052192695393218
2007 	 1.5449494562827966
2008 	 0.8508409177184251
2009 	 1.4202569559274778
2010 	 0.7000948462556829
2011 	 0.7150293287930393
2012 	 1.289669925010466
2013 	 0.43782729834948325
2014 	 0.6157578230101886
2015 	 1.0346344883010081
2016 	 1.3618161003282436
2017 	 1.1922495384817575
2018 	 0.5769271499654457
2019 	 0.7024015784324498
2020 	 0.9954936473908567
2021 	 1.128018512009067
2022 	 1.2614104482263782
2023 	 2.105117295752824
2024 	 2.14180694332671
2025 	 3.102522886571071
2026 	 1.7507433462453428
2027 	 1.8060573807872817
2028 	 1.2668470445539115
2029 	 1.692645406755284
2030 	 2.356470370962
2031 	 2.145075685224811
2032 	 1.8632866962704935
2033 	 2.804353916160781
2034 	 1.5620053227041002
2035 	 1.7763799280106887
2036 	 1.5369196465279888
2037 	 2.023995052725863
2038 	 2.262625803836909
2039 	 2.2127461097006624
2040 	 2.1233274147336476
2041 	 1.9630265835567882
2042 	 2.959176768683312
2043 	 2.962383411909989
2044 	 2.4262373481232093
2045 	 2.560694453996238
2046 	 2.4256322618497954
2047 	 3.4104950777174143
2048 	 2.724090313228643
2049 	 2.3289278771540878
2050 	 1.6573167612752657
2051 	 2.592264451265082
2052 	 1.8067729737084304
2053 	 2.724248389214808
2054 	 2.4680394451673546
2055 	 2.7103040565840115
2056 	 2.4729078389326102
2057 	 2.4067209826890834
2058 	 1.928481417736995
2059 	 2.047654419612375
2060 	 2.174738604263284
2061 	 1.6200232911428305
2062 	 1.6398553876107411
2063 	 2.249847876496679
2064 	 1.7860839476372352
2065 	 2.3058761597254374
2066 	 2.05788618697816
2067 	 3.2160433223294205
2068 	 2.5188287112675343
2069 	 2.2220696745604465
2070 	 3.788786901156954
2071 	 2.40601664107833
2072 	 2.9520843263947136
2073 	 3.383788665989963
2074 	 2.852045071157545
2075 	 2.0759434033184014
2076 	 2.4818139061240574
2077 	 1.6351018777505624
2078 	 1.9525290965933673
2079 	 2.605022062817542
2080 	 2.498778047555127
2081 	 2.9668954019790417
2082 	 2.7017019706797774
2083 	 2.379989675268051
2084 	 2.4310440506972726
2085 	 2.8014333400841687
2086 	 2.291382839011799
2087 	 2.607155335016563
2088 	 3.282046896568399
2089 	 2.3676057947220546
2090 	 1.9376710118520462
2091 	 2.5012466127616446
2092 	 3.372206780982737
2093 	 2.7751197891329142
2094 	 2.6464691686185366
2095 	 2.493734917566597
2096 	 2.1008560835069257
2097 	 2.4321564344947575
2098 	 2.7064645023799607
2099 	 2.5856257559800127
2100 	 2.7478923381544966
2101 	 2.4406125520332798
2102 	 3.0656104353709672
2103 	 2.5642320339456344
2104 	 2.763174566792644
2105 	 2.1541784912622273
2106 	 2.4490080773320173
2107 	 1.2759453318395124
2108 	 2.844907147358494
2109 	 2.5550620079158217
2110 	 2.2280895548478323
2111 	 2.2933647634463727
2112 	 2.429150585336773
2113 	 2.3025229568929397
2114 	 1.4842841377613596
2115 	 2.2984852192752476
2116 	 2.3741893802221354
2117 	 2.082311641713747
2118 	 1.6730420607702148
2119 	 2.3131342706403206
2120 	 1.8939511366649737
2121 	 1.914549632697481
2122 	 1.6791508993000286
2123 	 1.8854107219800182
2124 	 1.6507603793786119
2125 	 1.942187982026275
2126 	 1.6615000183462827
2127 	 1.1801387694802001
2128 	 1.991744227484943
2129 	 1.6085501114076128
2130 	 1.253550414861073
2131 	 2.051394958298245
2132 	 1.6524376490361876
2133 	 1.0148393884782134
2134 	 1.8140935034795374
2135 	 1.0905255726892007
2136 	 1.5822068381189547
2137 	 1.6890409737969088
2138 	 1.7846308984813855
2139 	 1.639720071363636
2140 	 1.1127957082163846
2141 	 0.7631643054150052
2142 	 0.3660367033695081
