0 	 81.86464269926306
1 	 82.23904429410963
2 	 81.91753587585329
3 	 81.57670638637097
4 	 82.08985347326279
5 	 82.18889639763512
6 	 82.26720179134173
7 	 82.06255181543918
8 	 82.48866337798545
9 	 82.27020059407775
10 	 82.08003751969014
11 	 81.81807072924776
12 	 82.0895205784634
13 	 81.84367153923196
14 	 81.5729984057202
15 	 82.2265795055559
16 	 81.545571298043
17 	 81.76692446809875
18 	 81.77305806659858
19 	 81.90605895600001
20 	 81.74392920055055
21 	 80.82384965938458
22 	 82.04423809840108
23 	 81.27211741537239
24 	 81.17374041005331
25 	 81.630719230982
26 	 81.62813908201957
27 	 81.94144527595061
28 	 81.11143853872831
29 	 82.02441024714172
30 	 82.15288462995322
31 	 80.74595290499482
32 	 81.39845028713009
33 	 80.65298970814602
34 	 81.6629908547443
35 	 81.48414837773488
36 	 81.86032628067554
37 	 81.76371340694588
38 	 81.6256551394
39 	 81.93591739910995
40 	 82.47324153200712
41 	 82.20188639130896
42 	 81.34584003712435
43 	 83.2121350476874
44 	 83.13563633045051
45 	 81.40904128966137
46 	 82.94320073442879
47 	 82.73728221786332
48 	 82.23243832931156
49 	 81.9813114185046
50 	 82.26522925621676
51 	 84.02517489687793
52 	 80.35988859997225
53 	 83.31821023221408
54 	 82.8414010316945
55 	 82.40730166998377
56 	 83.23999943463298
57 	 84.20613735151377
58 	 82.64076930896799
59 	 82.47238058622976
60 	 82.3519009803791
61 	 83.59478285592937
62 	 82.9532926173226
63 	 83.02672134397883
64 	 82.11220675266567
65 	 81.8226075665689
66 	 81.74973051066651
67 	 83.40815954423188
68 	 80.97080351686543
69 	 80.97119706954211
70 	 80.25487431263277
71 	 81.10214086539777
72 	 81.59708926959983
73 	 80.19645211061734
74 	 79.76159930277916
75 	 81.5629039609442
76 	 81.95560296535182
77 	 81.0741646681967
78 	 80.2134443742698
79 	 80.82005307082552
80 	 81.63668363796714
81 	 82.70462092552056
82 	 81.72538626737028
83 	 82.38963019244949
84 	 81.89580876842318
85 	 82.0950063214465
86 	 81.91106138226584
87 	 81.6988858933301
88 	 81.55606144255201
89 	 82.24607761943437
90 	 81.03463477183797
91 	 81.45981067802992
92 	 81.46504403424211
93 	 82.37715779615488
94 	 81.65200871545753
95 	 81.08114949371637
96 	 80.83893754350014
97 	 82.05095329229641
98 	 81.89864364065028
99 	 81.6795985420859
100 	 83.50993636814616
101 	 83.47093838038195
102 	 82.9873158814121
103 	 82.30526674339261
104 	 83.34791537545829
105 	 81.61799734404279
106 	 83.14979574348979
107 	 81.3041604852284
108 	 81.67532383474834
109 	 80.25242108374516
110 	 81.58199893425946
111 	 83.05606195981481
112 	 80.87117858050415
113 	 81.50797473394923
114 	 82.36859166605848
115 	 82.52254167272224
116 	 82.41136096225026
117 	 82.18098726478466
118 	 79.6031633110918
119 	 81.76529782552795
120 	 82.10238507160561
121 	 82.11153826637171
122 	 82.7237716742588
123 	 82.56150864439437
124 	 81.84846848093183
125 	 81.77957222172547
126 	 81.52287193074633
127 	 81.09879585297931
128 	 81.73036721379795
129 	 81.08254852506435
130 	 81.42769706463275
131 	 81.48420096657848
132 	 81.70568570729105
133 	 81.40865782340781
134 	 81.87691647946225
135 	 80.5051000389287
136 	 82.22210676075736
137 	 80.94495115095657
138 	 81.51952855761212
139 	 81.30739075600886
140 	 82.5996303818445
141 	 82.73726522355676
142 	 82.73272820487509
143 	 82.2319227563917
144 	 81.1453954590076
145 	 81.8197567256698
146 	 80.23675097881554
147 	 83.11215011074012
148 	 81.38257914240552
149 	 81.64532737405493
150 	 79.13644148215602
151 	 81.14366998397043
152 	 79.81762728838359
153 	 81.12978733777422
154 	 81.32608547116588
155 	 79.72877180116149
156 	 80.5599120215958
157 	 80.45040973175809
158 	 80.92895741535777
159 	 80.8654999903075
160 	 81.08964224154063
161 	 81.56981828364124
162 	 80.78640012277118
163 	 81.54884268828984
164 	 81.18965529783266
165 	 81.11484228347756
166 	 81.76786663241583
167 	 83.17694706091615
168 	 82.76172259387623
169 	 81.70583841171292
170 	 81.81712346904618
171 	 82.27882386522035
172 	 85.06727911870438
173 	 83.13463886502564
174 	 82.72386830309719
175 	 82.21025958282657
176 	 82.09204961859456
177 	 82.30033635495465
178 	 81.73801368621268
179 	 80.50755078336218
180 	 81.76003629207358
181 	 80.0376307992483
182 	 81.28171975646015
183 	 80.92700713913507
184 	 83.21684279313986
185 	 81.76660452938934
186 	 81.14538897824607
187 	 81.55691129604436
188 	 83.20510755560302
189 	 82.27969795562325
190 	 80.84880041663811
191 	 82.74210956249595
192 	 82.25948806060138
193 	 81.36301841295696
194 	 82.32693784735643
195 	 81.23369532752311
196 	 82.19751019779028
197 	 82.37959819819905
198 	 82.20278126911894
199 	 82.5477248307076
200 	 82.81864892289155
201 	 81.56941509081553
202 	 82.95481985095506
203 	 82.73602401556319
204 	 81.50377769522747
205 	 81.20750447628835
206 	 81.91212818891496
207 	 81.56051580128981
208 	 82.42510468790319
209 	 82.20751300284113
210 	 81.74314080768913
211 	 82.38475021105856
212 	 81.4731844173562
213 	 80.97598433087782
214 	 81.56267232416448
215 	 80.7741057934383
216 	 82.43269151184222
217 	 81.90277319023232
218 	 81.28361293904517
219 	 81.57630321226166
220 	 81.61969574410261
221 	 81.59373923662922
222 	 81.53011174848538
223 	 83.39708720466209
224 	 80.14062089644352
225 	 82.77126588112988
226 	 80.907829561461
227 	 81.61109478278036
228 	 80.5172405047103
229 	 81.90793001515252
230 	 81.23462248073392
231 	 81.70395021938603
232 	 81.69519481425658
233 	 80.57522470214005
234 	 80.69444271312263
235 	 79.72405912259414
236 	 80.72287943871848
237 	 81.22040631918259
238 	 81.42403891962792
239 	 81.66208709606283
240 	 81.14421932290139
241 	 81.5879481818665
242 	 81.7155470595276
243 	 81.32590848021086
244 	 82.10959941750862
245 	 81.33442693648085
246 	 80.50206567676113
247 	 81.76052826516535
248 	 82.48257200044682
249 	 83.76595429343732
250 	 83.48542491112772
251 	 80.64710903945483
252 	 80.52647397142621
253 	 81.98192803712585
254 	 80.232250107562
255 	 82.28927087162323
256 	 81.78880947301992
257 	 81.60678403840629
258 	 79.89516046371946
259 	 81.6444675424599
260 	 80.90733365155324
261 	 82.39197723143158
262 	 81.35306398364439
263 	 81.78393850987828
264 	 82.78133226165849
265 	 80.36328988023143
266 	 80.66283167645753
267 	 81.70074499055951
268 	 79.64023178706144
269 	 81.01651666185631
270 	 82.162810942997
271 	 80.6018756741102
272 	 81.58130489629326
273 	 81.58302398971239
274 	 80.34609990768055
275 	 80.03940673591212
276 	 80.53130821961528
277 	 80.63550280731383
278 	 81.83284639454887
279 	 82.2319129103504
280 	 81.68855625801885
281 	 82.3180909407127
282 	 80.34321670062641
283 	 81.17560587603849
284 	 80.56516919512364
285 	 81.57167935553204
286 	 81.57670373262678
287 	 81.84090550162709
288 	 81.73094713163563
289 	 81.40924358478136
290 	 81.5242200164077
291 	 80.92267018230208
292 	 81.41555887254927
293 	 81.69298377982636
294 	 79.50748743671888
295 	 80.86007746981034
296 	 81.1704559672634
297 	 82.06441505141069
298 	 81.97921828806639
299 	 80.58024554179107
300 	 80.86205435611478
301 	 82.16874266845154
302 	 82.08308155104734
303 	 81.6509613258361
304 	 81.1241533500789
305 	 81.82688699859172
306 	 81.28531915338652
307 	 81.50676139790946
308 	 82.02380712167037
309 	 81.5932534437505
310 	 81.3517081448967
311 	 80.56328147560906
312 	 81.48592928418665
313 	 80.84309045127502
314 	 80.85466774790969
315 	 82.24395753755259
316 	 82.77577683652328
317 	 81.9439692416748
318 	 82.01057294676059
319 	 83.17948506262253
320 	 82.93912838330084
321 	 82.73342936506961
322 	 82.18239204211646
323 	 82.28371770955344
324 	 81.0443287709314
325 	 82.14153404124599
326 	 80.0239593526837
327 	 81.32855837923282
328 	 81.87830820279405
329 	 78.84031638446456
330 	 82.04092878697564
331 	 81.53065137043451
332 	 81.45769469018279
333 	 81.60399577326325
334 	 80.44947771924144
335 	 81.7511467830885
336 	 82.82066655100867
337 	 81.4749966550417
338 	 82.51971307539789
339 	 82.22087072067421
340 	 80.53364832901931
341 	 80.74121109164432
342 	 80.28233196812528
343 	 80.37720942751585
344 	 84.01018816510648
345 	 82.10185897293333
346 	 80.89476381908317
347 	 82.67345196047263
348 	 80.72973655833093
349 	 81.68620976081249
350 	 81.2218885001764
351 	 81.98958638875287
352 	 82.20626904252974
353 	 79.8876384227791
354 	 80.03290744620489
355 	 81.41509185054933
356 	 81.12586538345678
357 	 81.15948887525497
358 	 82.08270681692642
359 	 82.1463875513171
360 	 81.92804726649257
361 	 82.68262503870423
362 	 80.90270739981206
363 	 81.76289825519508
364 	 81.66062140365838
365 	 82.53554109800943
366 	 81.33215600719485
367 	 82.67818642549528
368 	 82.1099097700173
369 	 82.44860155581816
370 	 82.31569101265427
371 	 82.7120481991804
372 	 81.3612627570423
373 	 80.05185946480266
374 	 81.8628555780479
375 	 79.99338777140913
376 	 81.45220457297778
377 	 80.29274529760819
378 	 79.39539575429754
379 	 78.02530176864978
380 	 82.20008947784738
381 	 80.68606369328705
382 	 79.64620582139733
383 	 81.2123735936498
384 	 80.82388072586826
385 	 81.377325373286
386 	 81.37714132107249
387 	 80.50443639848083
388 	 81.25110972753768
389 	 80.48655180677049
390 	 82.10059522598695
391 	 80.75428420009492
392 	 80.90672799410653
393 	 82.97909749484973
394 	 82.71172163553202
395 	 81.59335261427996
396 	 80.47315645617624
397 	 80.37387648778612
398 	 81.28755886639479
399 	 82.06062438494723
400 	 81.36459726424776
401 	 81.23680289382118
402 	 81.9850993176809
403 	 81.60880696589446
404 	 81.46602168720837
405 	 82.22560695147996
406 	 82.33893380189514
407 	 81.92612103371971
408 	 82.06686680414867
409 	 80.19231945332628
410 	 80.57021489966715
411 	 79.53867862428208
412 	 80.72110533724661
413 	 80.7000636149779
414 	 82.14301233089384
415 	 80.73930554740815
416 	 81.8720435429975
417 	 81.44894857679564
418 	 82.63421027058459
419 	 80.30675797269055
420 	 82.7095108603725
421 	 84.36406631138503
422 	 83.85365249626922
423 	 82.18790276279628
424 	 83.51358745089118
425 	 81.94186236055532
426 	 81.66476045193768
427 	 82.53591167072383
428 	 82.37091428807354
429 	 81.73524194880271
430 	 81.77123611760004
431 	 81.08787665880911
432 	 82.0104221386309
433 	 81.67552713251001
434 	 80.97228942369676
435 	 81.55164887936743
436 	 82.36129972224319
437 	 82.70933965528555
438 	 82.05448719416269
439 	 84.55387663875399
440 	 82.39009139325528
441 	 81.04620962016054
442 	 81.78839994622601
443 	 81.60223797437858
444 	 80.90005658614774
445 	 80.79077018530565
446 	 80.27506796082751
447 	 81.59083472991723
448 	 80.65672147925744
449 	 80.54631721318432
450 	 80.57650191814551
451 	 80.44910403343953
452 	 80.16710400024257
453 	 81.402351477649
454 	 80.69464144041027
455 	 81.59167600214231
456 	 80.73393999709809
457 	 81.20376338399059
458 	 81.70703750870507
459 	 82.5892125514769
460 	 81.4035506517193
461 	 81.80851563370277
462 	 80.72761768519618
463 	 82.07705478884424
464 	 81.09580846551569
465 	 80.22664775580913
466 	 80.73665857717191
467 	 79.7564396599604
468 	 81.29254351510622
469 	 81.66452319448001
470 	 80.69260638862322
471 	 80.73154787134413
472 	 80.49544490187175
473 	 80.77254804179552
474 	 80.73204113814134
475 	 80.21273033808218
476 	 79.50733155425758
477 	 80.31771548394894
478 	 80.00497739227139
479 	 80.6674225565248
480 	 82.8440972887669
481 	 80.99218028026208
482 	 81.64620431767166
483 	 79.90778414398476
484 	 81.3977191481364
485 	 80.9918333168506
486 	 79.85524620920764
487 	 79.4644323819444
488 	 81.98592355592949
489 	 80.0785665331223
490 	 80.80754677071353
491 	 78.7229522321904
492 	 80.08158396347434
493 	 80.94791570045994
494 	 77.56687513824406
495 	 79.98425177457695
496 	 79.12368137486776
497 	 79.86855714135463
498 	 79.3915899758739
499 	 81.13002618709244
500 	 79.74910547769862
501 	 78.81327104631532
502 	 79.2080455356419
503 	 78.06541765412669
504 	 76.77841364074904
505 	 76.99235199597629
506 	 79.4675840673045
507 	 78.7355207216415
508 	 77.77847600516662
509 	 77.86630654987088
510 	 77.80767074448586
511 	 77.54580963358525
512 	 78.49126056799604
513 	 79.46527709836215
514 	 78.89922886002873
515 	 80.95354424820931
516 	 78.98805609865006
517 	 79.61195919168483
518 	 81.04689760143995
519 	 78.86397313949661
520 	 79.59688337356633
521 	 78.7679584715518
522 	 78.69291909976577
523 	 80.02703041523164
524 	 79.5631002384167
525 	 80.95325943556217
526 	 80.75689247771109
527 	 80.9154949377937
528 	 81.10162033995807
529 	 79.87110425205283
530 	 79.69519220798092
531 	 81.86425118005525
532 	 80.97058075388372
533 	 82.07430090893456
534 	 80.05107167545329
535 	 82.10651467504437
536 	 79.94714058332727
537 	 81.18670462863733
538 	 80.18278554082143
539 	 80.22724273052631
540 	 79.27082533823565
541 	 80.15972846004414
542 	 81.36297327114607
543 	 82.09298035422016
544 	 81.86697518688682
545 	 81.0429749647203
546 	 79.98957616633338
547 	 80.57647306356618
548 	 81.34566672635
549 	 82.12164345752208
550 	 80.64221320418217
551 	 80.19573379104321
552 	 80.3519306317294
553 	 79.95059616261109
554 	 77.94922356569819
555 	 79.53153938272712
556 	 79.11791472619761
557 	 78.98312716602068
558 	 78.2852896528455
559 	 79.58153796148231
560 	 78.7457135169194
561 	 80.04481278085593
562 	 79.51837384971877
563 	 79.47739632299587
564 	 76.922631580728
565 	 76.8659631653877
566 	 76.91867638998255
567 	 79.94947558832422
568 	 79.3932938511167
569 	 80.2492991451474
570 	 79.82713571375459
571 	 80.40122840369798
572 	 79.11546835409757
573 	 82.60707225277433
574 	 80.6808164005755
575 	 79.29196552972213
576 	 80.91196819785479
577 	 80.83057617817845
578 	 79.59449404257352
579 	 79.4044106902927
580 	 81.043294331105
581 	 82.13992877902037
582 	 78.44376881933887
583 	 80.18208397113072
584 	 79.22981113839248
585 	 79.81467567564177
586 	 79.06974035071067
587 	 79.3217575390676
588 	 79.08082799076912
589 	 78.3579947097012
590 	 78.26478831526376
591 	 79.67855081165042
592 	 77.45228034122952
593 	 80.07469628805148
594 	 82.1364953386705
595 	 80.97090805747473
596 	 80.52217575155663
597 	 81.18787462850008
598 	 80.58274425849787
599 	 81.3298262438299
600 	 79.8389296948334
601 	 81.37281593243799
602 	 80.89937667237385
603 	 80.46952389810363
604 	 80.43847296827711
605 	 78.97474920863891
606 	 80.39107134057895
607 	 80.84440023272973
608 	 79.54691650326637
609 	 81.26654181648921
610 	 78.69152141763509
611 	 79.33588141767727
612 	 80.33716711321586
613 	 80.14355903581121
614 	 79.5496754415071
615 	 80.2257668156197
616 	 77.63601836844899
617 	 79.24151919028299
618 	 81.05291290182195
619 	 78.28604068618205
620 	 79.63802932945134
621 	 83.17248569586087
622 	 83.17739959791588
623 	 80.60271038827662
624 	 80.98001712407951
625 	 80.68664076815685
626 	 81.38763814777407
627 	 78.73707144876983
628 	 78.1939365478929
629 	 79.19782616049739
630 	 80.1802162822662
631 	 80.49838320875413
632 	 81.74292340564513
633 	 79.12989119477655
634 	 80.72359361158388
635 	 78.5277534309809
636 	 80.9264780020942
637 	 80.90858535468352
638 	 80.63365497312466
639 	 81.05930449215046
640 	 81.82329759098586
641 	 81.13748082792135
642 	 79.29103176025954
643 	 78.39529559243667
644 	 79.4420569453588
645 	 78.6456525859697
646 	 80.98071661400348
647 	 79.6106273885435
648 	 80.48873174858124
649 	 77.07175962632297
650 	 79.01234596302713
651 	 78.94520294219164
652 	 79.64620572429445
653 	 81.41159547478372
654 	 78.74307400421326
655 	 80.12049314962375
656 	 79.4973401276919
657 	 81.06093658535502
658 	 80.14225319463557
659 	 83.07034879346975
660 	 79.89694269312788
661 	 80.04058443181293
662 	 78.1636213991091
663 	 78.6519788498525
664 	 81.38843686474222
665 	 80.01700405572194
666 	 79.8961004564636
667 	 79.82201170468487
668 	 81.10026822400098
669 	 80.69387134048394
670 	 81.55314790027862
671 	 80.74828749969055
672 	 79.16401141861813
673 	 81.08816043611424
674 	 80.94495998716356
675 	 79.7921814307804
676 	 79.50379484431238
677 	 81.00072452391433
678 	 81.98516282623739
679 	 81.32553148476599
680 	 79.8295187482116
681 	 81.17571912653423
682 	 80.17105782021648
683 	 80.30473842253075
684 	 81.02488695521895
685 	 80.90139850327785
686 	 79.07187990944813
687 	 81.57685753518977
688 	 80.22302533014947
689 	 76.43825287501285
690 	 79.23764187541998
691 	 78.97073429623055
692 	 79.3155225832671
693 	 80.6998927197039
694 	 79.7889232898009
695 	 79.73626355929235
696 	 80.03318327799757
697 	 80.69862151747401
698 	 81.24741823687818
699 	 81.24546825924537
700 	 80.49158703106106
701 	 80.29475069004506
702 	 78.9043341248111
703 	 81.249608086599
704 	 78.93694650268378
705 	 80.51031668807006
706 	 80.37496323905557
707 	 79.93210301199848
708 	 81.25892175600455
709 	 80.60696568224289
710 	 80.50756224719821
711 	 82.10601933092035
712 	 78.04501733466965
713 	 79.77874368096845
714 	 79.59025679540443
715 	 80.85826616709487
716 	 80.60543560357996
717 	 81.1885823347351
718 	 80.60330302890934
719 	 79.05568039540614
720 	 79.32220192244921
721 	 79.1494438979616
722 	 82.08669593680848
723 	 80.33129324064703
724 	 81.09257108557449
725 	 81.48200026242297
726 	 82.15971523427088
727 	 80.65244082698014
728 	 80.07751588378635
729 	 81.40543225171898
730 	 81.93931088491345
731 	 79.74112588182103
732 	 80.73689379672307
733 	 81.55911527968586
734 	 80.74312927115103
735 	 80.08583138295528
736 	 80.17864753714841
737 	 80.50101450820927
738 	 82.88028627945472
739 	 79.71416467356163
740 	 79.53740120903468
741 	 80.5471281869215
742 	 81.16753248320983
743 	 80.11631311773398
744 	 79.06407349011268
745 	 78.57987200919216
746 	 80.34634472204841
747 	 81.19084646500755
748 	 81.6708135799269
749 	 82.68254223236247
750 	 81.18974742061741
751 	 81.96947496152451
752 	 80.70479781692994
753 	 81.96806435278668
754 	 79.74993059973647
755 	 80.88857158867208
756 	 81.68433549706563
757 	 83.31929714371061
758 	 81.89037535185915
759 	 80.79635568933504
760 	 81.05101346587067
761 	 79.53158653311226
762 	 81.12900472483246
763 	 80.42720148032592
764 	 78.79449504021287
765 	 80.6126213320099
766 	 80.14197227760594
767 	 79.47419799372732
768 	 80.2388152529898
769 	 81.33997274797498
770 	 80.86126768112901
771 	 81.32787076122783
772 	 79.98656082551125
773 	 81.27764792634015
774 	 81.01863566435837
775 	 81.78327610036432
776 	 80.83689836253568
777 	 81.0915984567483
778 	 81.07733533093548
779 	 82.77045402070922
780 	 81.9191467792358
781 	 81.3065824762463
782 	 80.70424510743884
783 	 81.24865900364475
784 	 81.92194604521394
785 	 81.39009097067054
786 	 82.39416919258178
787 	 80.08920143743174
788 	 82.50995748129452
789 	 80.82835193292605
790 	 81.32556547282412
791 	 80.97179199182382
792 	 82.04384449920028
793 	 81.13174824080885
794 	 81.16122522189322
795 	 80.98634362251354
796 	 82.17562306471696
797 	 82.25499457379415
798 	 81.97269445812752
799 	 81.66291525818279
800 	 81.36619121916792
801 	 82.20652537411189
802 	 80.72277741519831
803 	 80.5632898640155
804 	 81.07370178267976
805 	 80.43415346028733
806 	 79.24402080813842
807 	 79.83365334549767
808 	 79.65758944390485
809 	 79.80119127873115
810 	 81.88381117302895
811 	 81.14502021315418
812 	 79.76997056431019
813 	 79.98153372926107
814 	 81.12657327198039
815 	 81.15654643129484
816 	 80.64444923759484
817 	 80.6231793065753
818 	 80.2784316950866
819 	 80.54316343564625
820 	 80.69210728280143
821 	 80.47234612538574
822 	 80.75736639090387
823 	 79.66197629511234
824 	 80.59608532230894
825 	 79.01789925572622
826 	 80.99138689923338
827 	 80.69354828466847
828 	 80.4864209390979
829 	 79.3132247604424
830 	 79.21921017607157
831 	 80.27619462439671
832 	 81.507788070574
833 	 81.72752072826484
834 	 78.53687117557004
835 	 82.0400422202094
836 	 79.26861859162143
837 	 80.8536782479151
838 	 81.76509396289862
839 	 80.98367081608399
840 	 82.09793763452213
841 	 81.98646756770006
842 	 82.04758324273658
843 	 82.27926122182723
844 	 82.03597542416166
845 	 82.36786849025457
846 	 81.22641747177201
847 	 80.54452558769371
848 	 80.76816807465055
849 	 82.97609656793333
850 	 83.19499753147497
851 	 81.92110090892879
852 	 78.00779432056714
853 	 78.12131694065458
854 	 79.07294555130417
855 	 78.90403348123527
856 	 79.44044422414109
857 	 78.83965539855268
858 	 78.96177824717526
859 	 79.48287291943002
860 	 77.86123760934717
861 	 78.20635216412063
862 	 78.3891707210907
863 	 78.79698867873604
864 	 81.16983954281501
865 	 78.7732704492736
866 	 80.504300736667
867 	 80.52756439139036
868 	 78.76917551363331
869 	 78.95295568989712
870 	 79.69432799564643
871 	 81.00936176214769
872 	 79.6270655184276
873 	 77.3143937110479
874 	 77.97930505793673
875 	 77.84792502121142
876 	 80.08824516857752
877 	 80.13743078783372
878 	 79.10848864115061
879 	 77.0304801015549
880 	 78.37568031042518
881 	 80.62823095539738
882 	 78.97429465955248
883 	 78.18265590243595
884 	 79.76424547230174
885 	 79.67185686683153
886 	 81.9559270054875
887 	 81.26477988211211
888 	 79.68919767750438
889 	 82.01924106239397
890 	 81.2415475675715
891 	 80.32428215732662
892 	 80.44904116055432
893 	 80.28911045994982
894 	 79.82858589382163
895 	 79.67239966721168
896 	 80.20871151798968
897 	 82.02354706504154
898 	 82.42947354617436
899 	 80.34609112239815
900 	 82.47516180195659
901 	 82.20930904602787
902 	 80.81988301771679
903 	 80.78713005719821
904 	 80.9376232685611
905 	 82.03423845428084
906 	 80.42887076226148
907 	 80.24950243218072
908 	 80.03396264283415
909 	 79.73723981237784
910 	 81.19084305662425
911 	 80.10264813561164
912 	 80.90980446185328
913 	 79.97195452363266
914 	 80.27318072350465
915 	 82.2063965763998
916 	 80.79835134754059
917 	 79.6602981525813
918 	 81.18265719169295
919 	 80.38925353170751
920 	 81.17185797248449
921 	 81.9721392082402
922 	 81.40423749089466
923 	 81.57749196442664
924 	 81.0016116524883
925 	 81.58162436663255
926 	 81.14726748459873
927 	 81.42787211815558
928 	 81.5624529516112
929 	 81.29739831192565
930 	 81.84258644146723
931 	 81.48567450174666
932 	 83.02314052425677
933 	 82.19720719600102
934 	 81.07171184928038
935 	 80.75382828695474
936 	 82.43514479037917
937 	 80.56651889835538
938 	 81.63410072662984
939 	 82.64717837456607
940 	 80.9601124332478
941 	 82.08272721908088
942 	 81.82660042487578
943 	 82.87011507000025
944 	 81.48504767256226
945 	 81.20913107212279
946 	 82.0694991591123
947 	 82.33021599368422
948 	 81.82370661379916
949 	 80.54350735652314
950 	 80.98400297294762
951 	 81.71109959049217
952 	 81.33738335770299
953 	 79.98362610102609
954 	 81.13293602875588
955 	 79.90775157050179
956 	 80.65630814129128
957 	 80.15171491652008
958 	 81.76386776122423
959 	 81.2131423901806
960 	 80.93839017657544
961 	 80.45193218491525
962 	 81.56534900682654
963 	 80.82947718643199
964 	 81.41981320248058
965 	 82.43017221092433
966 	 81.5455706227086
967 	 80.38663443655365
968 	 80.23603136409572
969 	 78.3277399596022
970 	 77.5877380037607
971 	 79.55650269745796
972 	 79.5538311653174
973 	 77.91318535569081
974 	 79.52453638150818
975 	 78.28882298080075
976 	 79.65920810988884
977 	 80.17241025534614
978 	 81.26070598918629
979 	 81.4939514905951
980 	 81.32973457818024
981 	 80.70159692906375
982 	 81.66483319566257
983 	 81.18357937995873
984 	 79.33178996726718
985 	 81.09020877630621
986 	 80.53905654309442
987 	 80.19457524526553
988 	 79.51994093553121
989 	 81.73165411750128
990 	 81.08400901973825
991 	 81.172164724388
992 	 80.75560829731553
993 	 81.43808831441162
994 	 80.78104088044478
995 	 81.88703710090907
996 	 81.74724900827472
997 	 82.69228398700837
998 	 80.64060632177595
999 	 83.11334282514751
1000 	 80.77899224927525
1001 	 81.38159645569691
1002 	 81.79648738418285
1003 	 81.49308797992742
1004 	 82.26000869823955
1005 	 81.3870915701125
1006 	 81.61935508268533
1007 	 81.94313835127203
1008 	 82.10232741963809
1009 	 82.50999950142896
1010 	 82.24681693075095
1011 	 81.76572016271518
1012 	 82.63788855712728
1013 	 81.5081497725469
1014 	 83.15711373266858
1015 	 80.6556467064489
1016 	 80.59294025049843
1017 	 79.64844193192103
1018 	 78.87682888684851
1019 	 80.39233573303058
1020 	 79.91839901785085
1021 	 80.50251786329346
1022 	 77.24295786842211
1023 	 79.1840984433224
1024 	 80.96128118051033
1025 	 82.11305340946649
1026 	 82.52258371904585
1027 	 80.18849094251308
1028 	 79.25718770967633
1029 	 78.67320141996659
1030 	 79.12785180869771
1031 	 80.85236850338498
1032 	 80.03724172980907
1033 	 78.4237862426864
1034 	 79.89168328729396
1035 	 78.44179071225493
1036 	 78.27364773514061
1037 	 74.4640136064839
1038 	 77.25931519453124
1039 	 78.68101885483605
1040 	 77.67743015100345
1041 	 77.27758851142069
1042 	 77.22185799356059
1043 	 76.9957083560072
1044 	 77.4955937579716
1045 	 79.46011005767105
1046 	 81.194154513324
1047 	 80.70358110566042
1048 	 78.79742901104525
1049 	 80.47177121045924
1050 	 79.625561343215
1051 	 81.11446671994251
1052 	 78.63581106187569
1053 	 81.05096836093553
1054 	 81.66696929040883
1055 	 79.08036516531185
1056 	 80.98467000781658
1057 	 80.4126922646451
1058 	 78.89090450728985
1059 	 78.39472632439441
1060 	 79.31212855313046
1061 	 80.30178557612261
1062 	 80.0758190681363
1063 	 78.93752316886226
1064 	 80.36780721629847
1065 	 80.62787418689594
1066 	 77.32734708224869
1067 	 79.79432451086544
1068 	 77.69848616904481
1069 	 78.0130940767951
1070 	 80.88332686610774
1071 	 81.69943781642019
1072 	 80.69168067759011
1073 	 81.69607664776045
1074 	 79.99772921232847
1075 	 81.82560169703373
1076 	 81.23461619598766
1077 	 80.34671189254558
1078 	 80.14061055691587
1079 	 79.18885854213602
1080 	 79.74154610898299
1081 	 80.05797758003098
1082 	 80.83218197726565
1083 	 81.25927869510629
1084 	 82.6012961361891
1085 	 81.5713849800833
1086 	 82.23922981275577
1087 	 80.369754763613
1088 	 80.14789976155215
1089 	 79.08020834267725
1090 	 80.01781988766058
1091 	 81.43124623308759
1092 	 79.5331431873675
1093 	 80.37371053313717
1094 	 82.10092144897605
1095 	 80.08604171775146
1096 	 80.80698354433227
1097 	 81.26857484441425
1098 	 80.4060294014637
1099 	 80.82412514824156
1100 	 82.49378395300835
1101 	 82.13729306964281
1102 	 82.53184283756346
1103 	 81.26141104331208
1104 	 81.1556061720103
1105 	 81.28204294377682
1106 	 81.00593620064193
1107 	 80.93267775491586
1108 	 79.24436040407913
1109 	 80.17820690295174
1110 	 80.82380875837595
1111 	 82.8865119161806
1112 	 82.6731295097278
1113 	 82.00262421539348
1114 	 80.82302741847874
1115 	 79.10214078663704
1116 	 80.00430352514981
1117 	 79.31291466245783
1118 	 80.74056773195495
1119 	 79.15868952199426
1120 	 80.5941637525146
1121 	 79.8879716716657
1122 	 80.31939589384392
1123 	 80.8358254947937
1124 	 80.24300337530103
1125 	 82.49801057591972
1126 	 82.74006594340398
1127 	 83.25252864972832
1128 	 81.716098839967
1129 	 81.34074678853524
1130 	 82.03336247627647
1131 	 82.35265066116936
1132 	 79.67389547812778
1133 	 80.64318061926814
1134 	 81.92095725062055
1135 	 81.32213828533253
1136 	 81.00677043200943
1137 	 80.94943630951842
1138 	 80.93424551357319
1139 	 79.68316813207623
1140 	 81.36933077945847
1141 	 80.95356147839952
1142 	 80.22081576188262
1143 	 81.65703572517364
1144 	 80.29451244943111
1145 	 81.91437502978916
1146 	 80.65607910601544
1147 	 78.94345369287873
1148 	 81.20197805278207
1149 	 81.02020176220823
1150 	 79.7276372720893
1151 	 80.66276702110669
1152 	 81.61441678697786
1153 	 79.39236718958188
1154 	 79.53913795867356
1155 	 81.50912809476844
1156 	 81.07194636396356
1157 	 81.46550993246292
1158 	 81.4055380471978
1159 	 81.61812194609071
1160 	 79.9342162304617
1161 	 81.00630972008621
1162 	 80.88018681111424
1163 	 79.16010650769677
1164 	 79.77352925868247
1165 	 79.7860858214568
1166 	 80.73812893914149
1167 	 82.73161899967559
1168 	 81.70172234305468
1169 	 81.99462930988912
1170 	 80.00284770951262
1171 	 80.52745561540814
1172 	 80.9542874420547
1173 	 80.03589990513325
1174 	 80.37546686334731
1175 	 79.35205486259399
1176 	 80.62206043133943
1177 	 80.75715834144516
1178 	 80.32795408044439
1179 	 80.33523800956688
1180 	 80.42190543550933
1181 	 81.552779695778
1182 	 80.99939838293552
1183 	 79.24045412468958
1184 	 81.1173729856834
1185 	 78.63048005896324
1186 	 81.05993860851783
1187 	 81.03709155595475
1188 	 81.31466601239798
1189 	 80.899028335921
1190 	 81.611513827918
1191 	 80.55708470998678
1192 	 81.64669343473862
1193 	 80.04845650774341
1194 	 81.20802157645504
1195 	 80.55777076030029
1196 	 82.06604559061714
1197 	 81.85917975466505
1198 	 81.45654168788619
1199 	 79.76416756834601
1200 	 81.7552185001447
1201 	 81.16186165576124
1202 	 81.27209273679111
1203 	 81.74197821251808
1204 	 80.86261036113144
1205 	 80.95528002919465
1206 	 81.48186304798486
1207 	 80.1459945122644
1208 	 82.03326457008994
1209 	 80.13153378590734
1210 	 80.65081644084086
1211 	 80.40323675189177
1212 	 80.99921220532228
1213 	 81.74954904344888
1214 	 81.00039737267679
1215 	 80.50777192740156
1216 	 80.46818727818913
1217 	 81.1564073091877
1218 	 81.87091587295443
1219 	 81.09495250112683
1220 	 80.924724906527
1221 	 79.78809664040503
1222 	 80.53869793165376
1223 	 79.95071404914313
1224 	 82.38673568770753
1225 	 80.33037132276296
1226 	 81.10650157951447
1227 	 80.87483501485174
1228 	 80.72298898940561
1229 	 80.98160044803122
1230 	 80.7650124761029
1231 	 81.33906317404671
1232 	 80.43551870206356
1233 	 78.28475418906761
1234 	 79.72140229190003
1235 	 79.57404295804639
1236 	 80.72519381450816
1237 	 80.87293138149712
1238 	 80.99594705013608
1239 	 80.35760771600486
1240 	 81.5451889058594
1241 	 81.90786378904572
1242 	 80.74477174952811
1243 	 80.21349093437418
1244 	 79.33800723771215
1245 	 79.33176186824267
1246 	 78.54475890661574
1247 	 79.37266094302295
1248 	 79.42135944723157
1249 	 77.38342167403165
1250 	 79.85474123554408
1251 	 80.37444925273837
1252 	 79.04557545462599
1253 	 78.31860087418798
1254 	 80.02216488369854
1255 	 80.10261400163328
1256 	 80.88112979263803
1257 	 79.34043736171495
1258 	 80.70130012672232
1259 	 81.05954318551724
1260 	 80.9029115110131
1261 	 81.09409505760291
1262 	 80.46693839821569
1263 	 78.85541502529098
1264 	 79.92862760974359
1265 	 82.70405588395366
1266 	 81.90583290115676
1267 	 82.22997278188359
1268 	 81.60319107047269
1269 	 81.52897079211174
1270 	 81.36194068874443
1271 	 81.41025877583833
1272 	 81.73539899853517
1273 	 81.80000073185484
1274 	 81.12832250611014
1275 	 82.51277225576652
1276 	 80.46738834736615
1277 	 82.30450912974013
1278 	 82.1211475471495
1279 	 81.20937929864233
1280 	 82.72569221720046
1281 	 82.6249561281277
1282 	 79.78082879148734
1283 	 81.79584798037055
1284 	 82.47874353106586
1285 	 82.4863980461592
1286 	 82.3154112761988
1287 	 81.19921004775463
1288 	 82.47551402371103
1289 	 82.61716466496185
1290 	 83.1185195909224
1291 	 81.95170217355636
1292 	 81.42318859653527
1293 	 82.20719895654948
1294 	 82.18865249268539
1295 	 81.61818009959055
1296 	 82.9013752773257
1297 	 81.88891125151666
1298 	 82.74342518082356
1299 	 81.06903787633009
1300 	 81.30103041043373
1301 	 83.27881294166383
1302 	 82.89834925512818
1303 	 81.98093454035755
1304 	 82.38782291489285
1305 	 83.40040209143115
1306 	 82.72421422393799
1307 	 82.39978048218573
1308 	 83.87804397561469
1309 	 82.70256756899978
1310 	 82.3505609302891
1311 	 82.5922639094784
1312 	 81.67375961472247
1313 	 81.27212553466761
1314 	 83.38005993820778
1315 	 82.8653622496929
1316 	 83.00316013532925
1317 	 83.34812947550562
1318 	 83.2362406866806
1319 	 83.62841831991635
1320 	 81.64872075105657
1321 	 82.04015516593137
1322 	 82.29379078916104
1323 	 82.17098611341652
1324 	 82.49241705924506
1325 	 82.96037837023297
1326 	 82.74132426631134
1327 	 83.34962215202627
1328 	 81.69912187688686
1329 	 80.81089221930084
1330 	 82.56354997403486
1331 	 83.75438513683089
1332 	 82.26998009000616
1333 	 83.00792532878278
1334 	 83.35953253297374
1335 	 81.58619059763501
1336 	 82.54578130600642
1337 	 82.2929495370125
1338 	 82.90155878309501
1339 	 82.99134683635208
1340 	 83.3327771231861
1341 	 83.21467836817878
1342 	 82.24022007997655
1343 	 80.74140333067257
1344 	 81.35357438987621
1345 	 80.55552548575783
1346 	 81.71799634675618
1347 	 81.43457686425928
1348 	 81.80244310494423
1349 	 82.12285254721763
1350 	 81.2178282151072
1351 	 79.52805909600193
1352 	 80.53580073640138
1353 	 82.06937701498438
1354 	 82.80960609525998
1355 	 81.35290397681953
1356 	 82.07386198553618
1357 	 81.79437480727971
1358 	 82.480354391164
1359 	 82.69368788405173
1360 	 82.65767295515796
1361 	 82.57131819580921
1362 	 82.39310403437425
1363 	 82.64865668773223
1364 	 81.65847022847136
1365 	 81.62741778219353
1366 	 82.98424759661734
1367 	 81.13648791057129
1368 	 82.54114587971046
1369 	 82.55423650106079
1370 	 82.75842942772015
1371 	 82.65431136844892
1372 	 82.47207475731692
1373 	 83.80162970147563
1374 	 83.11736657848493
1375 	 83.55886628459707
1376 	 82.06856263017464
1377 	 82.20848181853059
1378 	 83.32009670154349
1379 	 84.34933102717821
1380 	 84.32353841857004
1381 	 83.12786687792047
1382 	 83.70359160429415
1383 	 81.90928398169552
1384 	 81.25562921696252
1385 	 82.54734768466956
1386 	 82.99976159868801
1387 	 82.30764986033677
1388 	 81.03988111940781
1389 	 82.24907032953428
1390 	 82.31474599625562
1391 	 80.93109337373923
1392 	 81.75998492188889
1393 	 82.22940254686837
1394 	 82.7305438603165
1395 	 82.68870082484915
1396 	 82.73991137169254
1397 	 82.6918705428449
1398 	 82.21616860698327
1399 	 81.84860873856691
1400 	 82.34394458434129
1401 	 83.27701329384291
1402 	 84.09313442534933
1403 	 81.69229037706812
1404 	 82.14569850676233
1405 	 83.05690083091598
1406 	 81.88471182328172
1407 	 82.88738610051283
1408 	 83.881361418
1409 	 83.72834556957632
1410 	 83.73028232460742
1411 	 82.43024264003724
1412 	 82.68927132269694
1413 	 82.37065765795583
1414 	 80.6950825849976
1415 	 82.07035675321711
1416 	 82.80599897445693
1417 	 81.98304537935721
1418 	 83.73920368516941
1419 	 83.22356711562679
1420 	 81.15304155170918
1421 	 79.77178114754088
1422 	 81.1784643526501
1423 	 82.06487128880573
1424 	 81.60291967427675
1425 	 80.23098786402561
1426 	 80.57449226031575
1427 	 80.07512794261092
1428 	 79.24521643213326
1429 	 78.19477514368104
1430 	 79.64083588014009
1431 	 79.31025934478325
1432 	 78.4213995133751
1433 	 81.196033517902
1434 	 80.13807691029072
1435 	 80.5362034703166
1436 	 80.30590446644618
1437 	 80.8655836548882
1438 	 82.21723956043238
1439 	 80.88636034959372
1440 	 81.01957513453
1441 	 81.5111081101088
1442 	 80.62991522601479
1443 	 82.27778092058037
1444 	 82.79617056711771
1445 	 83.09838341398867
1446 	 83.3516224583515
1447 	 83.00667930126025
1448 	 81.74377345390893
1449 	 82.32412676150537
1450 	 81.49526134226318
1451 	 82.01265373682774
1452 	 82.19210188081475
1453 	 80.41354675043331
1454 	 82.92114399959931
1455 	 81.54484492669819
1456 	 82.46376480321956
1457 	 82.73462041097706
1458 	 81.0546840319343
1459 	 82.0894323540203
1460 	 83.02913272427031
1461 	 81.93824973323005
1462 	 81.30017984267441
1463 	 81.91899926218655
1464 	 81.42874515405423
1465 	 83.24592271128508
1466 	 81.39073636846847
1467 	 83.85776601332799
1468 	 83.58609729365024
1469 	 81.51322870653473
1470 	 82.19757342397796
1471 	 82.2285505208654
1472 	 83.5048271916883
1473 	 83.27673478107785
1474 	 83.03546735476507
1475 	 83.95335623089598
1476 	 83.04368650475459
1477 	 82.17664349870108
1478 	 82.77025144176245
1479 	 82.18850305560274
1480 	 83.80899928391165
1481 	 82.22194674218804
1482 	 81.40734743743603
1483 	 80.76556568316836
1484 	 81.15713099766798
1485 	 80.68841804803914
1486 	 82.62674576661547
1487 	 82.17840315653856
1488 	 81.5578731376169
1489 	 81.47669306891025
1490 	 80.79404380305506
1491 	 80.22850665611453
1492 	 80.73726936075275
1493 	 82.6549756867735
1494 	 82.36465093082988
1495 	 81.94849524602387
1496 	 81.20672606965671
1497 	 80.19307121713712
1498 	 80.78827147458394
1499 	 81.65454658653371
1500 	 82.42923941083528
1501 	 82.83886317125386
1502 	 81.413279478264
1503 	 80.40901715651961
1504 	 82.05141467820651
1505 	 81.40925580565563
1506 	 81.32855588014922
1507 	 81.28039871971214
1508 	 82.14342905574004
1509 	 82.68291093531214
1510 	 81.98673588480138
1511 	 79.69151266868985
1512 	 79.13182258268604
1513 	 79.86131881972754
1514 	 81.36952616986372
1515 	 81.02397327975305
1516 	 81.53723507058525
1517 	 79.67659881521318
1518 	 80.89581496045895
1519 	 79.83366990455559
1520 	 80.24115677386978
1521 	 81.28338413129296
1522 	 80.35530474036587
1523 	 80.91172088210685
1524 	 80.7417154910322
1525 	 80.82533772891345
1526 	 81.54592794980657
1527 	 82.12225307290458
1528 	 79.28838715182314
1529 	 79.64660283517613
1530 	 80.70613042038634
1531 	 79.51062831850878
1532 	 80.45678932768006
1533 	 80.62465988324688
1534 	 79.39891916848751
1535 	 79.80089779425494
1536 	 80.63747725988128
1537 	 81.33151454120731
1538 	 81.70980316861782
1539 	 81.11085808451327
1540 	 79.83260743356254
1541 	 81.31620424679363
1542 	 80.19700276505081
1543 	 79.23380388851545
1544 	 78.61716120245089
1545 	 79.7864757369161
1546 	 79.48786680571637
1547 	 81.57217236680466
1548 	 79.77449058670614
1549 	 80.57671144805408
1550 	 79.5714317352995
1551 	 80.56145734631426
1552 	 82.05498551466344
1553 	 81.67734431943771
1554 	 81.56477515445623
1555 	 81.62334952240931
1556 	 82.88930645991147
1557 	 81.04603939308956
1558 	 80.75774810370578
1559 	 82.01527879434822
1560 	 80.65849955676742
1561 	 80.60888641537508
1562 	 80.8892885590467
1563 	 80.95610005620136
1564 	 80.84250400007639
1565 	 81.14851788464232
1566 	 80.5295753858303
1567 	 81.20192622324379
1568 	 79.09408952392829
1569 	 81.93158067377061
1570 	 79.14531588038885
1571 	 81.9664514334792
1572 	 80.96599533912129
1573 	 81.33267640220308
1574 	 81.47053533229895
1575 	 81.80902620807453
1576 	 81.3463615850684
1577 	 81.60049504777515
1578 	 82.02659464245859
1579 	 80.76921361651709
1580 	 81.7040101432112
1581 	 80.81779642227636
1582 	 81.17452353897647
1583 	 81.04556472929407
1584 	 82.01870017886364
1585 	 81.45067250572464
1586 	 80.7164281140324
1587 	 81.03179743424351
1588 	 80.3507862081623
1589 	 81.51826737316087
1590 	 80.94291441323224
1591 	 81.27762018977496
1592 	 80.15538279543446
1593 	 80.46609436144341
1594 	 81.45641450737381
1595 	 82.16405478614621
1596 	 82.74024872526287
1597 	 82.55558870077007
1598 	 81.1207602189934
1599 	 81.36036880908067
1600 	 82.4840725945245
1601 	 81.61664229876277
1602 	 82.2060586832618
1603 	 82.09721374107322
1604 	 82.03335284037216
1605 	 81.26391422878598
1606 	 81.2890328520738
1607 	 81.45542343647881
1608 	 80.64379686227448
1609 	 83.07949945362009
1610 	 80.69826956279617
1611 	 81.30999232508354
1612 	 81.08967885167225
1613 	 80.45998715390779
1614 	 80.61070650855028
1615 	 79.69606025228819
1616 	 80.98720078227106
1617 	 80.21919079777057
1618 	 81.40799501060746
1619 	 81.01597492026657
1620 	 81.67532735956036
1621 	 79.60328153849406
1622 	 81.58854634935092
1623 	 80.73702038725034
1624 	 80.32277526160557
1625 	 80.67048930548609
1626 	 82.49015909169975
1627 	 80.4739283418548
1628 	 81.99345553513113
1629 	 81.92212761745049
1630 	 81.38026201112308
1631 	 81.2960916603393
1632 	 82.77089101337194
1633 	 82.25349155410399
1634 	 79.96142638765423
1635 	 81.71417778217611
1636 	 81.93178020932834
1637 	 82.7952057532668
1638 	 82.24571948929884
1639 	 80.00023609271699
1640 	 81.54163325512552
1641 	 81.69914221685494
1642 	 81.78309178995988
1643 	 82.51486253058776
1644 	 81.0856654310676
1645 	 81.0456180053491
1646 	 80.26270181966933
1647 	 80.81973977935246
1648 	 80.92771623611053
1649 	 82.0307179783426
1650 	 81.86522618884956
1651 	 81.36251730754846
1652 	 81.04683070202418
1653 	 81.03616025063118
1654 	 81.13200196652976
1655 	 81.8519413796711
1656 	 81.75502062426645
1657 	 81.82100602775847
1658 	 80.56281788117606
1659 	 81.53650859673341
1660 	 81.57565274904917
1661 	 82.53105611542719
1662 	 79.74007930969137
1663 	 81.51673617353401
1664 	 80.87456000750012
1665 	 81.20581815940166
1666 	 80.92348386271271
1667 	 79.82295003767183
1668 	 81.12535052932247
1669 	 80.8131385441308
1670 	 81.70336286280201
1671 	 80.82538047633922
1672 	 80.8461765280777
1673 	 81.8032107917892
1674 	 81.91301583765768
1675 	 81.39437155114062
1676 	 80.66879909849392
1677 	 79.98017207697809
1678 	 82.94471354441866
1679 	 81.84830033880785
1680 	 81.11661263252928
1681 	 80.52822769215778
1682 	 80.96593513799611
1683 	 81.5021240094981
1684 	 80.75854519069445
1685 	 80.62866562978327
1686 	 81.74740450786656
1687 	 81.24753839328632
1688 	 80.3529604807904
1689 	 80.544964913963
1690 	 81.59808732022461
1691 	 82.58371721637153
1692 	 81.8948995137395
1693 	 81.91089204669865
1694 	 81.47866042662727
1695 	 81.31689416028371
1696 	 81.71757720737385
1697 	 79.87383747658869
1698 	 83.20722720192505
1699 	 79.97168011699203
1700 	 80.38600708111565
1701 	 82.24652916093054
1702 	 81.99375354227563
1703 	 81.47250666458662
1704 	 82.35912664831724
1705 	 82.5017052551008
1706 	 81.78651442092122
1707 	 81.15452948553963
1708 	 82.55886788887464
1709 	 82.37552930495613
1710 	 83.97495853499346
1711 	 82.12683246485349
1712 	 81.9923317118791
1713 	 81.99738752902346
1714 	 80.19001813461117
1715 	 80.8213109321754
1716 	 81.27183025638588
1717 	 80.01821952702778
1718 	 81.36388816674582
1719 	 80.83952480341475
1720 	 80.41511264303601
1721 	 80.96078651215844
1722 	 82.43080766685048
1723 	 81.02941857635216
1724 	 81.30658563075097
1725 	 82.00120193819654
1726 	 82.52284903900441
1727 	 81.51599216388243
1728 	 81.47492698981864
1729 	 83.43168986437952
1730 	 82.9632978192327
1731 	 82.65644788987314
1732 	 80.76287126432568
1733 	 80.3104481774534
1734 	 80.52013987184951
1735 	 82.51493830064942
1736 	 80.78924407851007
1737 	 80.08812499274971
1738 	 82.52791751997705
1739 	 81.10025336332056
1740 	 82.38698744006861
1741 	 81.20851886665888
1742 	 81.22262759753634
1743 	 80.16313795912265
1744 	 80.27267276792261
1745 	 80.9496229435449
1746 	 81.41395724258643
1747 	 82.36208740293851
1748 	 80.18957081977761
1749 	 82.49024932385255
1750 	 82.15751392111635
1751 	 81.48300310526506
1752 	 79.99755433064095
1753 	 81.68479587624638
1754 	 81.21508136778077
1755 	 81.64688659880787
1756 	 81.3948333448977
1757 	 79.95290667568419
1758 	 81.37267484934956
1759 	 81.49624045548721
1760 	 82.25611330465726
1761 	 80.36790990434564
1762 	 80.61607673748864
1763 	 81.94125624548928
1764 	 79.39425089260519
1765 	 80.3524518486962
1766 	 81.7164299173182
1767 	 82.37173637726693
1768 	 81.47902802723047
1769 	 80.29094953585054
1770 	 80.87354476171718
1771 	 81.67221046287946
1772 	 81.51838926726371
1773 	 79.88389275201592
1774 	 81.60374842550937
1775 	 83.41958265759358
1776 	 81.56555782798405
1777 	 81.21248988509637
1778 	 80.864332776626
1779 	 80.81926550608955
1780 	 82.21491373417733
1781 	 81.80834121612305
1782 	 80.84038441471797
1783 	 79.08891351769707
1784 	 81.01847543753628
1785 	 81.49019291541988
1786 	 80.40829264103105
1787 	 80.5776866191445
1788 	 79.42973413271797
1789 	 80.85142111452268
1790 	 79.79624453326015
1791 	 79.29016295782473
1792 	 81.59556017161445
1793 	 81.12721674986301
1794 	 79.50148902228278
1795 	 81.15208405273381
1796 	 79.97812151511721
1797 	 80.22737557128016
1798 	 79.40023113226398
1799 	 81.99770094646088
1800 	 83.4709305677578
1801 	 80.90863869183002
1802 	 80.90423618208855
1803 	 80.32305207744425
1804 	 81.72773366401977
1805 	 81.37097664008863
1806 	 80.28405339225851
1807 	 82.31633572767235
1808 	 81.87916913607212
1809 	 81.8063230664926
1810 	 81.21801840813664
1811 	 79.37469361436195
1812 	 80.72256700454734
1813 	 80.71136114076901
1814 	 79.67202783530064
1815 	 80.56770660367546
1816 	 80.02241915289444
1817 	 80.74130991135173
1818 	 81.21630136373865
1819 	 79.95576167965227
1820 	 80.76946159353203
1821 	 81.1383069598017
1822 	 80.62882945045571
1823 	 80.02082217800896
1824 	 80.36723649896824
1825 	 81.32145793574107
1826 	 80.41780706488227
1827 	 80.32155047709873
1828 	 81.87985616658275
1829 	 80.7005898325124
1830 	 82.00230364785007
1831 	 81.83645195138926
1832 	 81.22509660660005
1833 	 82.4435376118094
1834 	 81.50705260166298
1835 	 80.47726342040765
1836 	 82.02902506304929
1837 	 79.85064087465928
1838 	 81.59597393600502
1839 	 80.34214707557636
1840 	 81.69867171694854
1841 	 82.49871421431774
1842 	 81.87179427249029
1843 	 81.78235034723178
1844 	 81.80494503603154
1845 	 82.28072467813682
1846 	 82.00697184335407
1847 	 83.17996010741064
1848 	 81.85532133006737
1849 	 82.10837690938476
1850 	 82.87937060807107
1851 	 81.785926666099
1852 	 82.72562334070591
1853 	 80.91326855640871
1854 	 81.16299187728771
1855 	 79.98431980610395
1856 	 80.88687833735213
1857 	 80.29019974903912
1858 	 81.072082248087
1859 	 80.05168727100221
1860 	 80.1726295335681
1861 	 80.41519007977388
1862 	 80.81375835358052
1863 	 81.93900606014303
1864 	 80.59015243317712
1865 	 82.1663536177149
1866 	 79.85234218808257
1867 	 80.0635989911298
1868 	 81.12764682415113
1869 	 81.88295066090618
1870 	 79.69191672707866
1871 	 78.81430039523129
1872 	 79.50937441730773
1873 	 81.17049078653051
1874 	 81.36773157375566
1875 	 81.41781605573848
1876 	 81.00397377618378
1877 	 80.55959510719825
1878 	 79.48570474511057
1879 	 80.89552150577812
1880 	 80.3488515055384
1881 	 80.36998903648619
1882 	 82.54311804779226
1883 	 82.13893145630179
1884 	 81.22387660429284
1885 	 82.34110830700186
1886 	 80.79307931186901
1887 	 82.43814460728792
1888 	 79.7846733646722
1889 	 79.90625777554129
1890 	 81.61303088874686
1891 	 81.0143872343794
1892 	 79.2947896878359
1893 	 80.39562862512847
1894 	 80.43828167549955
1895 	 80.00860628256119
1896 	 80.32092811675608
1897 	 77.65562424447188
1898 	 80.2898909638086
1899 	 80.80938627732763
1900 	 80.34063729619446
1901 	 80.10000763954955
1902 	 80.3361343425249
1903 	 80.3337312223441
1904 	 80.48399513445972
1905 	 79.91322044732476
1906 	 79.36555624259356
1907 	 80.63640275507582
1908 	 80.87351767830842
1909 	 80.0806331996804
1910 	 79.72243901275036
1911 	 82.0346272274945
1912 	 80.13192952402309
1913 	 80.71718853245389
1914 	 79.30505422549668
1915 	 79.75212537757973
1916 	 80.96443217682133
1917 	 80.87790086599075
1918 	 79.80477110573378
1919 	 80.14896522530947
1920 	 80.36909150104326
1921 	 79.10075881850118
1922 	 81.65545650769212
1923 	 81.23842889681701
1924 	 79.64006343421576
1925 	 80.40909735457673
1926 	 80.28335117543612
1927 	 80.36043567161573
1928 	 80.11240987755475
1929 	 80.03044739327325
1930 	 81.53433848287612
1931 	 80.1754682644204
1932 	 81.13394637175682
1933 	 81.02705409115445
1934 	 81.72095908176252
1935 	 81.31328929989121
1936 	 82.6714732695967
1937 	 81.04894681472848
1938 	 79.63054919814796
1939 	 81.68928794285075
1940 	 81.08271170534597
1941 	 80.52059495155169
1942 	 80.64352019669133
1943 	 79.05980739144357
1944 	 81.16017633532019
1945 	 79.55068510877267
1946 	 79.70457801725168
1947 	 80.91419786593336
1948 	 82.07484344598566
1949 	 82.25729386034712
1950 	 80.71061885199059
1951 	 81.4640417580162
1952 	 80.97694248770793
1953 	 80.79529426068652
1954 	 82.14734725389384
1955 	 81.39318286970023
1956 	 81.28335075188663
1957 	 81.49795607574148
1958 	 81.32252809812552
1959 	 80.04560339560182
1960 	 78.27588052039575
1961 	 79.73069049604312
1962 	 79.8933224193197
1963 	 79.74258029158109
1964 	 81.94670661341313
1965 	 81.28989992227696
1966 	 79.30623295428767
1967 	 78.9604499730884
1968 	 81.33116229227593
1969 	 81.00247781961536
1970 	 80.13442270881066
1971 	 81.49390734248975
1972 	 81.1704689722516
1973 	 79.7027816641827
1974 	 81.97485564883604
1975 	 81.56726671467653
1976 	 81.4854327458678
1977 	 82.42675260200873
1978 	 80.77237985868497
1979 	 81.05822627617047
1980 	 81.63553994977912
1981 	 81.73161549687788
1982 	 81.1915471935875
1983 	 80.91620045012785
1984 	 81.19184677590329
1985 	 82.21517762180703
1986 	 81.03625413571761
1987 	 82.01631951381589
1988 	 80.2479861099359
1989 	 81.13004121584555
1990 	 82.6225165879007
1991 	 81.88250488486516
1992 	 81.80943211286002
1993 	 82.29317941656844
1994 	 80.54800778332343
1995 	 82.03182115562691
1996 	 80.44543961943906
1997 	 81.93928689018412
1998 	 81.10596009427823
1999 	 81.65267735810144
2000 	 80.79018032137566
2001 	 81.2243334415906
2002 	 80.29195923956293
2003 	 80.22425905383639
2004 	 80.22404104718672
2005 	 81.53813739640894
2006 	 81.16190377337307
2007 	 81.57993366236255
2008 	 81.64086923540364
2009 	 82.67817549387972
2010 	 79.79206265804864
2011 	 81.81315318012827
2012 	 80.34397344898403
2013 	 79.2710393457777
2014 	 80.1844011152521
2015 	 80.52038819206423
2016 	 81.02631411633324
2017 	 81.56914123901436
2018 	 79.87328986034002
2019 	 80.45561504265667
2020 	 79.7396718862217
2021 	 79.844897725954
2022 	 79.67200553960627
2023 	 81.10965739042105
2024 	 79.33807988845183
2025 	 80.75151370671159
2026 	 81.34667827878367
2027 	 82.09169232550384
2028 	 79.38612140285433
2029 	 79.97016954002493
2030 	 82.04346363923604
2031 	 80.8389277841982
2032 	 80.11018233641848
2033 	 80.31499585650234
2034 	 80.22972493510467
2035 	 80.130514520585
2036 	 79.5729857836512
2037 	 81.00491469008503
2038 	 80.17798160713359
2039 	 79.45936820624235
2040 	 80.41645267938432
2041 	 79.94327657858331
2042 	 81.83463816246258
2043 	 81.82913826199155
2044 	 79.91221991157055
2045 	 80.41739144461445
2046 	 81.91241960969921
2047 	 79.93748607411672
2048 	 81.20152639055644
2049 	 79.70846557924062
2050 	 79.817249729241
2051 	 81.62898290535244
2052 	 81.30553150089206
2053 	 81.15432417949125
2054 	 80.90227367402116
2055 	 81.69612133829732
2056 	 81.47675840389712
2057 	 81.48672180439817
2058 	 82.36431663338644
2059 	 81.60594101890153
2060 	 82.15689224705841
2061 	 80.88360373779184
2062 	 80.49512344357393
2063 	 81.18298321702413
2064 	 80.90695789839975
2065 	 82.02387732474281
2066 	 81.31930925909091
2067 	 81.282258243421
2068 	 82.44680650159201
2069 	 81.37821221487306
2070 	 82.83477891798884
2071 	 80.39692206652
2072 	 82.11833143434656
2073 	 81.84635635373402
2074 	 80.48438641007291
2075 	 80.80377402340234
2076 	 81.50776947385127
2077 	 79.95073615194885
2078 	 80.7995081722216
2079 	 80.93229093066047
2080 	 81.66704891512511
2081 	 82.56383258250779
2082 	 81.5365662346266
2083 	 79.80960889824378
2084 	 80.18758961289647
2085 	 81.60905647549819
2086 	 80.14806096172136
2087 	 81.4846919173758
2088 	 80.79575580011574
2089 	 79.33352138571028
2090 	 78.874911270898
2091 	 81.12292291966592
2092 	 81.3669102300904
2093 	 81.5808972291309
2094 	 81.42011720756989
2095 	 80.88085214434695
2096 	 80.58029645773318
2097 	 81.44560337226861
2098 	 81.16302004964598
2099 	 80.14377525080859
2100 	 80.93671427829243
2101 	 80.34909935218829
2102 	 80.10024427464064
2103 	 81.13775716347808
2104 	 80.36073509290418
2105 	 80.87255085032143
2106 	 80.63701543481308
2107 	 80.41810312715377
2108 	 81.82191712382998
2109 	 82.8277761664109
2110 	 81.1957661528428
2111 	 82.14451995638757
2112 	 80.43468089650615
2113 	 81.19076354607313
2114 	 79.58835856393083
2115 	 81.63133645968728
2116 	 81.15196318921122
2117 	 80.22622743008795
2118 	 82.1628656414744
2119 	 81.97919919966222
2120 	 80.68023927216257
2121 	 81.66160052173906
2122 	 81.30577972658173
2123 	 81.60076956713753
2124 	 81.56987922885068
2125 	 81.36895763036661
2126 	 81.12857806029801
2127 	 80.30811499024072
2128 	 81.95192887794687
2129 	 79.71045353458284
2130 	 81.26256102813869
2131 	 80.20434281171983
2132 	 80.93467127926924
2133 	 80.69189693854555
2134 	 80.76750292794355
2135 	 81.53885904463485
2136 	 81.64623282363345
2137 	 81.37153305426664
2138 	 81.04633707121971
2139 	 80.71731557317446
2140 	 80.5888138372918
2141 	 80.18972402652967
2142 	 80.63462647175065
