0 	 116.91190384185876
1 	 116.69260579746641
2 	 116.91704112915835
3 	 117.28905511738398
4 	 116.68367560872505
5 	 116.60177458045308
6 	 116.48128457562346
7 	 116.64258058250236
8 	 116.36548288750707
9 	 116.52458649057753
10 	 116.7126997393681
11 	 116.86361726328957
12 	 116.65863703777025
13 	 117.01659997916538
14 	 117.27523973579234
15 	 116.53210270214716
16 	 117.24253856425614
17 	 117.0521950368266
18 	 116.96664148517979
19 	 116.97808011001314
20 	 117.11209022893966
21 	 117.91179805550019
22 	 116.9455272992021
23 	 117.45313415973207
24 	 117.55039219616486
25 	 117.16888375272816
26 	 117.2678244857443
27 	 116.78056678671824
28 	 117.85401490389391
29 	 116.9291451784754
30 	 116.70901955122231
31 	 117.73342540344309
32 	 117.24394609372062
33 	 118.23498323459232
34 	 117.0570029893126
35 	 117.3390499788596
36 	 117.1881438212066
37 	 116.60965886024995
38 	 117.02591343776706
39 	 116.85167933445126
40 	 116.34614271075918
41 	 116.59658769952104
42 	 117.67401964076784
43 	 116.05633224220125
44 	 115.45564200014391
45 	 116.9796189993965
46 	 115.48261259498268
47 	 116.260089464527
48 	 116.74503417247222
49 	 116.76431508498852
50 	 116.8368817696594
51 	 115.99298005690444
52 	 118.77888468753272
53 	 116.90050543074229
54 	 116.4420719448063
55 	 116.81615146128169
56 	 115.05963693680569
57 	 114.9843212308313
58 	 116.6418878392284
59 	 117.24919363405283
60 	 116.82550815596574
61 	 115.72782647189449
62 	 116.03465741655866
63 	 116.15632851289267
64 	 117.21716484898508
65 	 116.27286680837967
66 	 117.46808489215306
67 	 115.08242913953669
68 	 118.00284607797454
69 	 117.40301721362948
70 	 117.78737703889178
71 	 117.01827225715262
72 	 117.33723867789064
73 	 117.71137537717301
74 	 118.39501232021557
75 	 117.5112045112423
76 	 116.48478541612738
77 	 116.8843468662256
78 	 117.55692189692977
79 	 117.19315692851744
80 	 117.58181229535094
81 	 115.86078652861681
82 	 116.83828451398277
83 	 116.5404152402387
84 	 117.63610692094711
85 	 117.72309239994647
86 	 116.8035630725112
87 	 117.57946928392421
88 	 117.63330244572649
89 	 117.42161042715013
90 	 118.00100282354177
91 	 118.0489911779614
92 	 117.8399577801113
93 	 117.45836071837493
94 	 118.15769470644122
95 	 118.30289627538146
96 	 117.8029288338721
97 	 116.8687354691507
98 	 117.73078777500078
99 	 118.1484434231097
100 	 116.15445760227371
101 	 117.00991205942466
102 	 117.02854709945261
103 	 117.15167248276502
104 	 116.75588276481906
105 	 117.72513342577632
106 	 116.13551112510773
107 	 118.0937708528124
108 	 116.5930508784343
109 	 118.29017389978263
110 	 116.88190196662782
111 	 116.1839871230978
112 	 117.92527649395896
113 	 117.61027239588473
114 	 116.12098740790317
115 	 116.02204913560396
116 	 115.96474276595585
117 	 116.85557716034889
118 	 118.65645462893275
119 	 117.26668542728363
120 	 116.3248417495116
121 	 115.67441614982162
122 	 116.00125066399154
123 	 116.88655159356567
124 	 117.30783246605507
125 	 117.32034270145208
126 	 117.29408836741537
127 	 119.04440655853512
128 	 117.9708969352129
129 	 117.63108398130957
130 	 117.74897346522332
131 	 117.34403420603303
132 	 116.981167065971
133 	 116.52925164429699
134 	 116.1307034958734
135 	 117.77815231031221
136 	 115.94580241519009
137 	 117.53343854173983
138 	 117.63906914743013
139 	 117.13704630851859
140 	 116.77411457145976
141 	 116.42426787240156
142 	 117.22392664140176
143 	 117.34147634251923
144 	 117.86702582582457
145 	 117.36218754434147
146 	 119.00414337260517
147 	 115.92239845385515
148 	 118.21636201353387
149 	 117.67490805035668
150 	 120.02309765437654
151 	 117.70736175217861
152 	 118.9557382423598
153 	 117.17775410747232
154 	 117.89214239075244
155 	 119.65399646405196
156 	 118.03623258630583
157 	 118.18352585848679
158 	 118.3640797300986
159 	 118.13514940818068
160 	 118.61940088246205
161 	 117.90238096117353
162 	 118.41177164181548
163 	 117.8951979531244
164 	 118.29964538997416
165 	 118.19609367827252
166 	 117.4552968416982
167 	 116.83657880197258
168 	 116.31400578037409
169 	 118.57604381028132
170 	 118.52990412559961
171 	 117.15245804683774
172 	 114.86761333089471
173 	 116.26760660424387
174 	 117.25907850916082
175 	 117.32361174087212
176 	 116.98157686576212
177 	 117.24755974202802
178 	 117.77472099986035
179 	 118.96637868879759
180 	 118.01022549774174
181 	 119.93604505357938
182 	 118.18285148914288
183 	 118.39959036894945
184 	 115.89343267664431
185 	 116.44745536961037
186 	 117.458778479192
187 	 116.71473720277184
188 	 115.38295058018387
189 	 116.33222485210827
190 	 117.87238648364026
191 	 116.67081175136735
192 	 116.83473740418573
193 	 118.736925741985
194 	 117.48913197298802
195 	 117.9554187240371
196 	 117.14886290480916
197 	 117.19504397396875
198 	 117.20019180734347
199 	 117.40615996264727
200 	 116.7700322874872
201 	 117.8244254926238
202 	 117.24629548857267
203 	 116.79276061182175
204 	 117.45905500699654
205 	 118.06977715338063
206 	 117.74594232442581
207 	 117.68095483766677
208 	 117.21835217484072
209 	 116.76043503749426
210 	 117.34869127833328
211 	 116.95971900223807
212 	 117.35978946177981
213 	 117.18058814953888
214 	 117.75612391952762
215 	 119.01058048800166
216 	 116.61741800797468
217 	 117.22708720807522
218 	 117.81322476187381
219 	 117.193366969465
220 	 117.04618199550377
221 	 116.85750182341263
222 	 117.57707867806849
223 	 115.6223386876288
224 	 118.457743477599
225 	 116.76012039313261
226 	 117.92381451819637
227 	 117.49962829476263
228 	 118.0626235655127
229 	 117.08543955758176
230 	 117.61208835837044
231 	 117.48525914248813
232 	 117.60348246350989
233 	 117.87198971438376
234 	 117.66914162943036
235 	 119.58921830914926
236 	 118.54640386877526
237 	 117.87688986600425
238 	 118.05440276885689
239 	 117.62651566982251
240 	 117.93481311968092
241 	 117.62953052831848
242 	 117.17786371764613
243 	 118.1198984482323
244 	 116.58115998354032
245 	 117.85511898804306
246 	 117.66271298710784
247 	 118.18032299087895
248 	 115.81589274720741
249 	 115.93000601533778
250 	 115.39840234553408
251 	 118.03269261301924
252 	 118.38785187502789
253 	 117.80565578817128
254 	 119.14898126847923
255 	 116.79012327264915
256 	 117.32361913255664
257 	 117.43459267345513
258 	 118.96095492296628
259 	 117.77392077516892
260 	 118.38943340656105
261 	 117.03336799515965
262 	 118.11029909670661
263 	 117.44643489884197
264 	 116.61678792527624
265 	 118.22196659574051
266 	 118.04768899129593
267 	 117.69807350835791
268 	 119.11689079578214
269 	 118.47693124428675
270 	 116.89754069344833
271 	 117.91578176544213
272 	 116.8927038788858
273 	 116.96503008940935
274 	 118.57182063661696
275 	 118.5140338783281
276 	 118.25347143723653
277 	 117.5649658489621
278 	 117.36454980943407
279 	 116.41131177760539
280 	 117.12252599969324
281 	 116.36076201892965
282 	 118.50609497150606
283 	 117.73538481346034
284 	 118.37419459678212
285 	 117.61677543377449
286 	 116.89670074463454
287 	 116.62998479320072
288 	 116.59025330171245
289 	 117.132255528552
290 	 117.26045175926191
291 	 117.77754031216953
292 	 117.2662800958566
293 	 117.49342376583078
294 	 119.28558883485762
295 	 119.03156075127049
296 	 117.74016606499835
297 	 116.50829733927635
298 	 117.59683953245553
299 	 118.7670278894949
300 	 118.71903128155991
301 	 117.73898476911636
302 	 117.10897622304823
303 	 117.75198033891135
304 	 117.90302133451952
305 	 117.02032137226301
306 	 116.994426999885
307 	 117.36565229123437
308 	 116.91330034899819
309 	 117.04369711358879
310 	 117.34457379717117
311 	 117.47984945810504
312 	 117.46897563198551
313 	 117.80101506747928
314 	 117.64699980521233
315 	 117.00054471741493
316 	 116.68638601587922
317 	 117.04465786564455
318 	 116.99849398912475
319 	 116.28873811123437
320 	 116.22513552746658
321 	 116.57170900765179
322 	 116.71028146756646
323 	 116.56938061702805
324 	 117.63531275379121
325 	 116.23681800159429
326 	 118.72523503440453
327 	 117.51666876746191
328 	 117.25566004367741
329 	 119.69427876401114
330 	 117.09348458269923
331 	 117.56000803534965
332 	 117.50442671147903
333 	 116.90761249233893
334 	 118.33003722670401
335 	 117.76174239879454
336 	 116.24316850393731
337 	 117.61360307049196
338 	 116.7496262367438
339 	 116.74567339901253
340 	 118.05092855587289
341 	 118.48560908988681
342 	 118.83670292105603
343 	 119.08397125560896
344 	 116.12750057611797
345 	 117.82924085845458
346 	 119.12078998633598
347 	 117.5057678301263
348 	 117.67790719939184
349 	 117.18842592011481
350 	 117.91559247286237
351 	 117.71757890310496
352 	 116.41880228031646
353 	 119.73405226723395
354 	 119.23801445622162
355 	 116.67739095517385
356 	 117.97665558730847
357 	 118.33848003993386
358 	 117.36347079692415
359 	 116.93000572397527
360 	 117.37074525420326
361 	 117.10217656536092
362 	 118.1558729083156
363 	 118.3575874929254
364 	 117.27579492234713
365 	 115.56185406385936
366 	 117.73838998023415
367 	 117.02333764633968
368 	 117.18161848073832
369 	 117.49839841990332
370 	 117.19732987971625
371 	 116.44094222711034
372 	 117.43377281361796
373 	 118.18417095278888
374 	 117.41689113890249
375 	 118.90901912625735
376 	 118.51880248552361
377 	 118.34798811541111
378 	 118.86760602941578
379 	 120.12802633297534
380 	 117.32331869725655
381 	 118.59716011446012
382 	 119.29637169020033
383 	 118.0643770932348
384 	 119.0480569607592
385 	 118.15982706844754
386 	 118.09929017931209
387 	 119.10003286775667
388 	 118.47086924177025
389 	 119.38200393644661
390 	 117.09855631906798
391 	 118.18982277922366
392 	 118.15553607967404
393 	 116.61467643297192
394 	 116.39396040177459
395 	 117.65525446125055
396 	 118.81849374431445
397 	 118.9887051765598
398 	 117.14245746375056
399 	 117.4334785811802
400 	 117.46514252864577
401 	 118.14241663095767
402 	 116.77972752296131
403 	 117.5981395010055
404 	 118.03745414584348
405 	 117.29499342034586
406 	 117.25309588158066
407 	 117.14502373848157
408 	 117.35690861535916
409 	 119.47017097234327
410 	 118.05047991687556
411 	 119.10504777655716
412 	 118.26361466041769
413 	 117.87819472190094
414 	 117.60226947038633
415 	 118.53708817028121
416 	 117.62878672477416
417 	 118.1653777533034
418 	 117.07186265304226
419 	 119.3322436704539
420 	 117.20079717370768
421 	 115.91914928009214
422 	 115.48474576914916
423 	 117.32861169765484
424 	 116.06574438475556
425 	 117.96244545338376
426 	 118.42382670961254
427 	 117.9400752441109
428 	 117.77095715411063
429 	 118.53885694127406
430 	 117.5576975362733
431 	 118.0854071877083
432 	 117.10993165302781
433 	 117.13347113484149
434 	 118.23191129651242
435 	 117.89773413209008
436 	 116.34200214419656
437 	 116.65330364207648
438 	 116.3805725825355
439 	 115.49675076762209
440 	 117.0758826304985
441 	 117.94236772588795
442 	 117.2185636748259
443 	 118.25830842940277
444 	 117.72812603015014
445 	 118.42875770114806
446 	 118.2636549070179
447 	 117.52637726031982
448 	 119.05973852214062
449 	 118.35940995739516
450 	 118.27657627748961
451 	 118.41067055825711
452 	 118.28869586138094
453 	 117.03431973043932
454 	 117.88582482416878
455 	 117.56175595157008
456 	 117.45313784011869
457 	 117.77137346065017
458 	 117.13329810410279
459 	 115.93599280164895
460 	 116.70325892089598
461 	 116.96184204273624
462 	 117.84644797181534
463 	 116.9291488949928
464 	 118.26294546089356
465 	 118.69463242184212
466 	 118.58168397249409
467 	 118.65854808364793
468 	 118.16188331121067
469 	 118.1104243779499
470 	 118.63828059660673
471 	 118.39432772273618
472 	 117.97672678501942
473 	 117.87440352504873
474 	 118.38799834838821
475 	 118.99252578185977
476 	 119.61789507406372
477 	 119.03665920248291
478 	 119.01396767921953
479 	 118.64352113482914
480 	 117.10398676966824
481 	 118.59001580510298
482 	 117.9956007925218
483 	 118.9041358727338
484 	 118.20745436604362
485 	 117.88603956090225
486 	 118.85787804843964
487 	 118.79329758471422
488 	 116.98246271794324
489 	 118.53788124083404
490 	 117.61926544362692
491 	 119.32520401754209
492 	 117.7760343139418
493 	 117.11985816054532
494 	 120.37764049210053
495 	 118.54640587594616
496 	 118.49177424348495
497 	 118.86272209419853
498 	 118.74411225001026
499 	 117.19605330338325
500 	 118.8161682611619
501 	 118.97672123466555
502 	 119.22651795549956
503 	 119.74279856270144
504 	 122.14789498495273
505 	 120.92998841785018
506 	 119.25112935306946
507 	 120.21313812475756
508 	 121.67652547659974
509 	 121.04037566687899
510 	 120.89482711787142
511 	 120.86601432228156
512 	 120.94321772053262
513 	 119.09414925997899
514 	 118.70724011591896
515 	 116.90802636386748
516 	 118.31878892829681
517 	 118.64839116224663
518 	 116.71168849563249
519 	 120.28604054613008
520 	 118.99493143305185
521 	 120.00947169629362
522 	 119.77241561269322
523 	 118.78496192602276
524 	 119.06310559411247
525 	 118.06669867841254
526 	 117.8754123854113
527 	 117.3709852935293
528 	 117.04155810980325
529 	 118.61726037146724
530 	 118.9795758473216
531 	 116.47133752326117
532 	 117.33148328785647
533 	 116.76495786687137
534 	 118.35503821349712
535 	 115.83828798471636
536 	 118.70524505320246
537 	 117.4992995934286
538 	 118.55106136541785
539 	 118.55799142465494
540 	 119.89260627753589
541 	 118.57534207906018
542 	 117.46049718637005
543 	 117.38628215811015
544 	 116.9505434669231
545 	 116.80957359560246
546 	 118.89600213799667
547 	 117.70683386285441
548 	 117.40272491186012
549 	 115.87393328298664
550 	 117.7894980399476
551 	 117.87241805816384
552 	 117.82647880262807
553 	 118.3475169832244
554 	 119.9658132182607
555 	 119.34034894538726
556 	 119.07566982878357
557 	 119.83335388312027
558 	 120.1009446884607
559 	 118.86939435854184
560 	 119.55871495861375
561 	 118.28247788684585
562 	 118.71105676327649
563 	 119.86598994356794
564 	 121.56714684912215
565 	 120.99608281880055
566 	 121.83879928499725
567 	 118.22231084064158
568 	 118.32709083228036
569 	 118.48152403470924
570 	 119.5883022685354
571 	 119.59742630332174
572 	 120.12515972780221
573 	 116.91683086651771
574 	 118.01849508311257
575 	 119.68378098836783
576 	 118.7107303391897
577 	 119.06892117651107
578 	 119.64235356481946
579 	 119.74102486998939
580 	 118.29462429321778
581 	 117.81698619295106
582 	 120.67562172660749
583 	 119.17048352514726
584 	 120.26504850160543
585 	 119.86904011966351
586 	 120.69011454381213
587 	 120.43618463132158
588 	 120.0666701568077
589 	 121.29151667492351
590 	 121.97680420457432
591 	 120.05217173025865
592 	 122.80712077863087
593 	 118.71350107188357
594 	 118.15552100255266
595 	 119.19602382177987
596 	 119.88396245157246
597 	 119.3538730689409
598 	 119.6279142953507
599 	 119.20527787756373
600 	 120.80767858313288
601 	 119.67024349255138
602 	 119.3838770191972
603 	 119.38305196353673
604 	 120.18836161666485
605 	 121.47402123347253
606 	 121.38202132707292
607 	 119.99761958905925
608 	 120.12391130135289
609 	 118.78955435324329
610 	 120.7918078846989
611 	 120.64952574947465
612 	 118.81266725349144
613 	 120.14332891273574
614 	 121.21683448366684
615 	 120.49230969237573
616 	 121.66020935616025
617 	 120.51229092871168
618 	 118.74762709502512
619 	 120.56946620170959
620 	 119.9292974222748
621 	 116.52381614981529
622 	 116.3852931890786
623 	 118.2654671729419
624 	 117.5566286079094
625 	 118.02037913994326
626 	 118.11652366136984
627 	 120.4516530510719
628 	 121.9183226330251
629 	 120.57979678299553
630 	 119.12956629027403
631 	 118.38159585128355
632 	 117.37689282131976
633 	 120.89459057864407
634 	 119.26337263894933
635 	 121.07398165505312
636 	 117.85714735224434
637 	 118.59348323415797
638 	 118.27531860750648
639 	 118.26609420985046
640 	 117.54022637761571
641 	 118.05285995954428
642 	 120.89352869717109
643 	 122.01007254522736
644 	 120.08663293762896
645 	 120.52548126761413
646 	 117.8431368468567
647 	 118.8308003797357
648 	 117.90132960677012
649 	 121.76198037873763
650 	 120.86677156640503
651 	 120.631763149451
652 	 119.06307280101717
653 	 117.85328559703146
654 	 120.36834297967835
655 	 119.61928524321948
656 	 119.79748126352679
657 	 118.316242024189
658 	 119.2863547767787
659 	 116.62292267252738
660 	 118.85557437648232
661 	 119.5178197335691
662 	 120.98769679617484
663 	 120.17812662923146
664 	 117.84135147285872
665 	 118.4519547832092
666 	 119.33485189803368
667 	 117.94641230382251
668 	 117.5635085734418
669 	 117.73366792926817
670 	 117.69517385272025
671 	 117.8016790125745
672 	 120.05563616970188
673 	 118.4492585297087
674 	 118.31649982213585
675 	 118.70926536498146
676 	 119.31855442762924
677 	 116.90857170656498
678 	 116.5844678807947
679 	 117.31888112034835
680 	 117.88561894985693
681 	 117.12295274866983
682 	 118.52303672783762
683 	 118.04115223646565
684 	 116.84718973185531
685 	 117.43205353577257
686 	 119.5039789963151
687 	 116.81116538870292
688 	 117.9207299926634
689 	 121.85821904312951
690 	 119.75904293529975
691 	 120.04777063775477
692 	 119.17478317598298
693 	 117.8338255220136
694 	 118.48189670956624
695 	 119.05283855807777
696 	 118.19237025560744
697 	 117.47037617280994
698 	 117.40519559766068
699 	 117.05586093428072
700 	 117.51175935357738
701 	 117.37605321399884
702 	 118.4358223715515
703 	 116.36647061658019
704 	 118.75835890266177
705 	 116.88295321600211
706 	 117.46625113455198
707 	 117.69671668065456
708 	 117.08158600435213
709 	 116.8884421581222
710 	 117.39356984480645
711 	 115.90931274198252
712 	 119.21270309940783
713 	 117.09141282665686
714 	 117.69005038342307
715 	 116.62417337602974
716 	 117.01168362727988
717 	 116.82710065750028
718 	 116.92945113864586
719 	 118.14147189615078
720 	 118.20996751301442
721 	 118.20766460245474
722 	 115.84491117107595
723 	 116.71101301299394
724 	 116.65595280772995
725 	 116.54593821961721
726 	 116.99201373702176
727 	 117.50727772255748
728 	 118.0255511228277
729 	 116.12024051950588
730 	 114.9468558554732
731 	 118.26730529436517
732 	 117.38858225418028
733 	 116.15398046998396
734 	 117.23699394551124
735 	 117.47638397293204
736 	 117.5927783878659
737 	 116.91220251713999
738 	 115.72819192804022
739 	 117.69894590514787
740 	 118.0988683625223
741 	 118.20834460581706
742 	 117.21958891078091
743 	 117.25012147272687
744 	 118.47924437468139
745 	 119.30650232587729
746 	 117.05578423481381
747 	 116.80867855160751
748 	 116.07628412014456
749 	 115.91144833013728
750 	 117.11457401314014
751 	 116.6145611473643
752 	 117.85651891051504
753 	 116.56252198628745
754 	 118.23087761430403
755 	 117.45671565585047
756 	 116.59931158264301
757 	 115.75526511630613
758 	 116.78472606872559
759 	 117.16734267469248
760 	 116.9996465184147
761 	 118.4491953708606
762 	 117.34272567944947
763 	 116.7868843102183
764 	 118.53068025896246
765 	 116.57766685943244
766 	 117.27256648929472
767 	 118.24836400079892
768 	 116.77807632740527
769 	 116.19025894875847
770 	 117.84658589596788
771 	 115.64056521848045
772 	 118.23035803746586
773 	 116.76295023241616
774 	 116.71386289503032
775 	 115.27435099365118
776 	 116.4414729734782
777 	 116.51165326134414
778 	 116.72382585035977
779 	 115.31464210389585
780 	 116.08469608316375
781 	 115.66963071480787
782 	 116.64862107882226
783 	 116.75074688217846
784 	 116.00755536502079
785 	 117.10207561399694
786 	 116.41833717511771
787 	 117.83770207432606
788 	 115.21659083339486
789 	 116.85388638209231
790 	 116.92764943573587
791 	 117.16444104279357
792 	 116.65938808169668
793 	 116.44271763687684
794 	 116.87004245242198
795 	 116.32191241170885
796 	 116.21728817300858
797 	 116.18077152165156
798 	 115.29622185980429
799 	 116.41684898679256
800 	 116.75241509379322
801 	 116.23212332035064
802 	 117.34326345117512
803 	 117.61226008757487
804 	 116.75485505696142
805 	 117.23010509457093
806 	 118.73308085677104
807 	 119.06632544018723
808 	 118.62335786347059
809 	 118.73569002841246
810 	 116.5151296457186
811 	 117.04604353917506
812 	 117.60680826405924
813 	 117.49365328351547
814 	 117.51854398090306
815 	 116.7928949309534
816 	 117.98063556766232
817 	 117.40705790705444
818 	 117.71499531952861
819 	 117.14081758882845
820 	 117.12230213297583
821 	 118.1355143871028
822 	 117.66396100764105
823 	 118.74779948094155
824 	 117.95617697698135
825 	 119.43420883562099
826 	 117.49598511022435
827 	 117.71632743241116
828 	 117.17481085828177
829 	 117.72774223141316
830 	 118.69080718683622
831 	 118.77106281036521
832 	 116.7370955564894
833 	 117.27965814207808
834 	 118.98783992835918
835 	 116.41140768063084
836 	 119.00782132420355
837 	 117.83858721256406
838 	 117.18105966031149
839 	 117.5877419750316
840 	 116.55451424748009
841 	 116.42161544117343
842 	 117.10701587985322
843 	 115.83641580177799
844 	 116.43859003927025
845 	 116.35268643752674
846 	 118.1564596013861
847 	 117.05627703469875
848 	 118.09369832165892
849 	 116.32415335290476
850 	 115.40635979858267
851 	 116.67729965178893
852 	 120.73361596554803
853 	 119.42199389823006
854 	 119.64487845528018
855 	 120.29419921636841
856 	 118.83426717592481
857 	 119.65974300332671
858 	 119.670199365872
859 	 119.2946250943365
860 	 119.80073819879436
861 	 120.03360086085846
862 	 119.53848590792758
863 	 119.65280891380009
864 	 117.82629521281109
865 	 119.26605582113469
866 	 118.1231998831442
867 	 117.98091698338627
868 	 119.88284623469617
869 	 119.4219787163779
870 	 117.6654961007058
871 	 117.75423898130232
872 	 119.0801477641002
873 	 120.87758302637596
874 	 120.87026625746472
875 	 120.40546262393242
876 	 118.88099309188583
877 	 118.12987619734378
878 	 118.59081525087322
879 	 120.89300016058361
880 	 120.20150154481189
881 	 117.60141309999248
882 	 119.38099590107633
883 	 120.05715691413425
884 	 117.98895297948329
885 	 118.30799953652618
886 	 116.50761036663398
887 	 116.55285666526817
888 	 118.5100007663582
889 	 116.37569215445039
890 	 117.21302425641855
891 	 117.93421913055863
892 	 117.48907109534487
893 	 118.10805492229821
894 	 118.20140212676759
895 	 118.59068174288788
896 	 117.30209765148399
897 	 115.63683598108483
898 	 115.74515133507941
899 	 118.44444329924339
900 	 116.19357893425048
901 	 115.71775936900323
902 	 116.86093419232735
903 	 117.31825728174962
904 	 116.6551238885865
905 	 116.3973763996728
906 	 117.38127375329383
907 	 116.44953021263079
908 	 117.6575218227576
909 	 117.36026139875624
910 	 116.49374992594352
911 	 118.04182659376355
912 	 117.41309253995219
913 	 118.49447407710764
914 	 117.90878912138051
915 	 115.85017206775309
916 	 117.4104791100254
917 	 118.26792811268889
918 	 116.40809794469203
919 	 116.96329530631769
920 	 117.01722757724926
921 	 116.13471976861803
922 	 115.94221267511811
923 	 116.14717321190513
924 	 116.88346815098448
925 	 116.02261812851165
926 	 116.55862189610197
927 	 116.37688747553266
928 	 116.45740628259516
929 	 116.31805414929202
930 	 116.35786033886323
931 	 116.56358392179526
932 	 115.98762844254406
933 	 116.11641636174781
934 	 116.84965416702721
935 	 116.80878903444454
936 	 116.16393679327562
937 	 116.75302150000499
938 	 116.11654465882707
939 	 114.86870153265777
940 	 116.6389702736845
941 	 115.70050848230386
942 	 116.55325810668005
943 	 115.87077388984954
944 	 116.03385262437821
945 	 116.12529966357921
946 	 115.47085164346969
947 	 116.65765311206789
948 	 116.50140450832919
949 	 118.04007087084581
950 	 117.12698356054025
951 	 116.51579205696028
952 	 116.45641737887108
953 	 117.62556399588924
954 	 116.89320299570522
955 	 117.91393873978535
956 	 117.66831924585313
957 	 117.48351060074052
958 	 116.4794908284681
959 	 116.76168581016987
960 	 117.52691396966189
961 	 117.51590489632999
962 	 117.43049442811497
963 	 117.7503631915759
964 	 117.41579530563871
965 	 116.65330804965005
966 	 118.28707931714207
967 	 118.79065641103496
968 	 117.70610146660847
969 	 120.19450254112789
970 	 120.6174057586273
971 	 118.5765799504205
972 	 118.28535436857702
973 	 119.8723450217919
974 	 119.24991337697713
975 	 119.98639401345089
976 	 118.37319603965913
977 	 118.10048857980127
978 	 117.13594862372709
979 	 116.73978406633512
980 	 117.72192808400136
981 	 117.78723543005377
982 	 116.37547455910342
983 	 117.14025858091551
984 	 118.66530308081632
985 	 116.96239572283794
986 	 117.07453867210903
987 	 117.27035271205132
988 	 117.5837620654214
989 	 116.16616537939392
990 	 117.11065460920051
991 	 117.77592257487521
992 	 117.86324083541649
993 	 117.09119253148282
994 	 117.09773351217294
995 	 116.74712419492968
996 	 116.74830038608228
997 	 115.39901926929193
998 	 117.7982592355108
999 	 114.90997669412614
1000 	 117.5575001923532
1001 	 117.52010177173017
1002 	 117.38810592950044
1003 	 117.08700889311568
1004 	 116.73349354634597
1005 	 117.22465648259612
1006 	 116.68829517439697
1007 	 116.58662913715055
1008 	 116.79080874575688
1009 	 116.40989287048485
1010 	 116.59894860062383
1011 	 116.00642866999158
1012 	 116.17394153463238
1013 	 117.21005871326733
1014 	 116.3761338971228
1015 	 117.53919071448212
1016 	 117.73649321463118
1017 	 118.45994635786953
1018 	 118.97859144213449
1019 	 117.5267164010139
1020 	 118.34451372636447
1021 	 117.54495078299328
1022 	 120.89353274474341
1023 	 119.36886883948871
1024 	 117.5899466649427
1025 	 116.42101463942187
1026 	 115.72892959427352
1027 	 119.29614246325058
1028 	 119.74099742910377
1029 	 120.06409750443557
1030 	 120.0203063937529
1031 	 118.20899329332362
1032 	 118.62823304781517
1033 	 119.32794562660361
1034 	 118.64280856907793
1035 	 120.20245656330349
1036 	 120.12313456862537
1037 	 122.91551950368816
1038 	 120.87220848621962
1039 	 119.9432333659141
1040 	 120.06823798491239
1041 	 121.2334118006596
1042 	 120.8921767753584
1043 	 121.88598285858825
1044 	 120.6298116488823
1045 	 118.85279591790996
1046 	 117.60007207869992
1047 	 118.42987285809484
1048 	 119.06345267677081
1049 	 117.82619178732399
1050 	 117.91252534269927
1051 	 117.22010309175083
1052 	 119.7651425290221
1053 	 117.33527961451843
1054 	 116.38671822357738
1055 	 119.04223784790204
1056 	 117.13183924500146
1057 	 118.69738087150209
1058 	 120.00621088798125
1059 	 120.21010177303903
1060 	 119.56260329571192
1061 	 118.95636016532893
1062 	 118.41794774606376
1063 	 118.8714877031925
1064 	 117.63775542997968
1065 	 117.96412039271509
1066 	 121.1573246206716
1067 	 118.96652107363168
1068 	 120.12677053405056
1069 	 119.96314990171317
1070 	 117.79162732894851
1071 	 116.88776810742239
1072 	 117.75731816425325
1073 	 117.34282719863667
1074 	 118.33003529147977
1075 	 117.00075445367237
1076 	 117.16874969387611
1077 	 118.30761948061775
1078 	 118.49066688529678
1079 	 118.25618618466788
1080 	 118.44315925680769
1081 	 117.93492331172739
1082 	 117.02273452323645
1083 	 116.6633201747974
1084 	 114.81662246474221
1085 	 116.79685175507996
1086 	 115.51613762729426
1087 	 116.97862169802197
1088 	 117.30949663821188
1089 	 118.46116646412811
1090 	 117.78766423644986
1091 	 116.98153192579849
1092 	 118.33472858093921
1093 	 117.68948385613137
1094 	 116.07682875859895
1095 	 118.16499815883068
1096 	 117.28341605951114
1097 	 116.74844226228417
1098 	 117.09747544240187
1099 	 116.78367415583806
1100 	 115.38673758383777
1101 	 116.22066369530097
1102 	 116.24693595783029
1103 	 117.49762321571079
1104 	 116.2728624736186
1105 	 116.87353595858256
1106 	 117.39045018784097
1107 	 117.5066851853376
1108 	 119.37471727240026
1109 	 118.43645950386568
1110 	 116.86853343825291
1111 	 115.70173060778258
1112 	 116.22062611184884
1113 	 115.83357244525624
1114 	 116.29822368664493
1115 	 117.9710899717975
1116 	 118.02403402692899
1117 	 118.28008056823204
1118 	 117.07303006507912
1119 	 118.24355663292745
1120 	 117.05292041113174
1121 	 118.22901874228928
1122 	 118.00914730481138
1123 	 117.46306837845009
1124 	 117.6853393861966
1125 	 116.10603708842086
1126 	 115.52673888682473
1127 	 115.00136435918881
1128 	 116.38335495186683
1129 	 116.89565812500616
1130 	 116.21529857712937
1131 	 116.02969085569143
1132 	 118.04288892592862
1133 	 117.08500376054116
1134 	 116.6319368372827
1135 	 116.6757273479728
1136 	 116.31320145657922
1137 	 117.21675986950056
1138 	 117.56106461846767
1139 	 118.37482231461422
1140 	 116.7533016234379
1141 	 117.51603298314969
1142 	 118.14532841128865
1143 	 116.3631088730782
1144 	 117.75554151657705
1145 	 115.78197277981626
1146 	 117.03895170005973
1147 	 118.64311697454768
1148 	 116.69343159050585
1149 	 117.67126535876771
1150 	 117.41373924995992
1151 	 117.6560828189652
1152 	 116.62242118173887
1153 	 118.64481362837432
1154 	 118.55528489698555
1155 	 116.7586380762578
1156 	 117.14561991018172
1157 	 117.22759326069774
1158 	 116.16391808985405
1159 	 116.53129068258582
1160 	 118.25830966372925
1161 	 116.40611493124962
1162 	 116.19106237324596
1163 	 117.81938808630083
1164 	 117.84689461919234
1165 	 117.7720062432261
1166 	 117.13913389824526
1167 	 115.06464317421575
1168 	 116.01689712813972
1169 	 116.96496350601346
1170 	 118.76500578368221
1171 	 117.7034754957247
1172 	 117.28460582370205
1173 	 118.29222677673827
1174 	 117.6729914952395
1175 	 118.13312788753112
1176 	 116.50881063314769
1177 	 116.5803964995462
1178 	 117.77999853363684
1179 	 117.88378580058004
1180 	 117.04392213644854
1181 	 116.18551285692818
1182 	 117.68051194501534
1183 	 118.6684430444675
1184 	 116.00865089396922
1185 	 119.04560884427791
1186 	 117.12930156846983
1187 	 117.0758016081419
1188 	 117.01024890878092
1189 	 117.11109680349355
1190 	 116.6490641411344
1191 	 117.49038928011211
1192 	 116.69471041338092
1193 	 117.78567139494004
1194 	 116.28996182960977
1195 	 116.87908955229386
1196 	 115.99590035411818
1197 	 115.54521039698679
1198 	 117.0507579531646
1199 	 118.13977775689277
1200 	 117.06478351057545
1201 	 116.74118174667657
1202 	 116.02662721087454
1203 	 116.27669324953249
1204 	 116.14437556252524
1205 	 116.80273336446562
1206 	 115.38607082394142
1207 	 117.28471516316715
1208 	 115.4557646652991
1209 	 118.00098312754885
1210 	 117.28317613795618
1211 	 116.7830988604359
1212 	 116.30756537363663
1213 	 115.49097239025461
1214 	 116.94572291519991
1215 	 117.64357738222813
1216 	 116.80004443611043
1217 	 115.83379014581385
1218 	 115.85056186574475
1219 	 116.0615846447588
1220 	 117.1977576485567
1221 	 117.30813395957705
1222 	 117.70746083123107
1223 	 117.7864337990821
1224 	 115.64833237590253
1225 	 116.85046376553619
1226 	 116.09082133810952
1227 	 116.27456906310364
1228 	 116.84611948023823
1229 	 116.20622678227437
1230 	 116.3864796654583
1231 	 116.09527848099206
1232 	 116.52350853245854
1233 	 118.04838714227625
1234 	 116.63884443380111
1235 	 117.12666218695982
1236 	 116.581931011668
1237 	 115.75279813323374
1238 	 116.87171602045477
1239 	 116.54873634406115
1240 	 115.65455108596856
1241 	 115.73216030686923
1242 	 117.09105565133292
1243 	 117.53683240249379
1244 	 118.28834981680271
1245 	 118.97498113639448
1246 	 119.87319353904415
1247 	 118.42946419550313
1248 	 118.64774117029675
1249 	 120.47292243263033
1250 	 118.00926925753541
1251 	 117.85471671034576
1252 	 118.87274092578399
1253 	 119.78778430982668
1254 	 118.62523155182548
1255 	 117.88363493859362
1256 	 117.61420103728618
1257 	 118.18366741599752
1258 	 116.74536397752773
1259 	 116.97871428014018
1260 	 117.13577946974574
1261 	 117.41069060191471
1262 	 117.1439052116006
1263 	 119.32682009158171
1264 	 117.43053109714583
1265 	 115.6258602793389
1266 	 116.58657011745959
1267 	 115.73450905363937
1268 	 116.63068757972586
1269 	 115.94003808058505
1270 	 116.06012365011867
1271 	 116.75164992476634
1272 	 116.1397859770974
1273 	 115.75424276666162
1274 	 116.34357312145318
1275 	 115.5704504414448
1276 	 117.62690047203725
1277 	 115.7767084830585
1278 	 115.52184171335962
1279 	 116.7605705495782
1280 	 116.14170967532536
1281 	 115.50771071695205
1282 	 118.08766792041824
1283 	 116.66932879673271
1284 	 115.20614475330369
1285 	 115.46959673767088
1286 	 115.27440159636438
1287 	 116.89910628020121
1288 	 115.29668795752725
1289 	 115.20369751757106
1290 	 115.54852264745153
1291 	 116.79263473587856
1292 	 115.62804484693079
1293 	 115.41095797774413
1294 	 115.03042334237215
1295 	 116.12744068242904
1296 	 116.32084357701116
1297 	 117.73954222547573
1298 	 115.96852737565021
1299 	 117.48545267446481
1300 	 117.62468310128841
1301 	 115.42197466788508
1302 	 116.38401735600425
1303 	 115.84733928896631
1304 	 116.51540410007146
1305 	 115.77714798641034
1306 	 116.32212500565853
1307 	 117.19511789239337
1308 	 114.8843105181159
1309 	 114.97456121765074
1310 	 116.07428736345845
1311 	 115.84585600384264
1312 	 116.93069354133924
1313 	 117.34896953552452
1314 	 114.29306037282325
1315 	 115.65675134759073
1316 	 115.51702247151267
1317 	 115.57199445689743
1318 	 114.72998869251764
1319 	 115.44878801221971
1320 	 117.61273618707106
1321 	 116.65495653456095
1322 	 116.59675059165724
1323 	 115.60888496186355
1324 	 116.75066350824983
1325 	 115.33871432761245
1326 	 116.19409842946926
1327 	 115.38360907448309
1328 	 117.00008139197666
1329 	 117.6836084565833
1330 	 115.31444502114482
1331 	 114.96102192369335
1332 	 115.6690265914556
1333 	 114.8229933124919
1334 	 114.86834472834744
1335 	 116.37111176753477
1336 	 116.11410723416272
1337 	 116.70530663451399
1338 	 116.12325498937645
1339 	 115.54545296414977
1340 	 115.6936885698816
1341 	 115.88648326822285
1342 	 117.29140951146913
1343 	 118.53401194526093
1344 	 117.13189057705543
1345 	 118.29811905128075
1346 	 117.32187895163048
1347 	 118.22966803352976
1348 	 116.70097939716183
1349 	 116.40973405236602
1350 	 117.37017492158803
1351 	 118.47332390409613
1352 	 118.21778717416953
1353 	 117.0701309063797
1354 	 116.69335493756219
1355 	 117.01933846838668
1356 	 115.86998780077013
1357 	 116.71775239690304
1358 	 116.96756125962142
1359 	 116.65247290399465
1360 	 116.20435413739713
1361 	 116.39226792003612
1362 	 116.1079077500941
1363 	 116.32907123756546
1364 	 115.91636980099108
1365 	 116.5980962039761
1366 	 115.48002162728908
1367 	 116.95477373571785
1368 	 116.73412198544148
1369 	 117.35048919630212
1370 	 116.05243020894211
1371 	 116.3076420455394
1372 	 116.03068326132482
1373 	 116.08745827378101
1374 	 116.60050567553583
1375 	 115.18405180534684
1376 	 115.91436264572751
1377 	 115.16464882021326
1378 	 115.05914225304835
1379 	 113.9169965103121
1380 	 114.3629300474916
1381 	 114.92844463706376
1382 	 114.71539734457522
1383 	 117.34756840753789
1384 	 117.40233413488083
1385 	 116.49444870549166
1386 	 115.6363798455137
1387 	 116.25757724107139
1388 	 116.94759841568226
1389 	 116.44728584165806
1390 	 116.46656685163394
1391 	 117.5055431342914
1392 	 116.60693262002181
1393 	 116.12768061218355
1394 	 116.15647915696468
1395 	 115.67175484337524
1396 	 116.1199555296828
1397 	 115.67373607883844
1398 	 116.11005075759131
1399 	 116.94267913507315
1400 	 116.51221803214287
1401 	 116.01544352374458
1402 	 114.29917272514695
1403 	 116.70387291909799
1404 	 115.97013622065609
1405 	 116.44655405022276
1406 	 117.3218350010333
1407 	 115.60733771446364
1408 	 115.06608647053716
1409 	 115.81820035517812
1410 	 115.36936668976657
1411 	 116.66796072586096
1412 	 116.32762353721756
1413 	 116.64517754798328
1414 	 118.70525512745107
1415 	 117.3618314706598
1416 	 116.60700071141252
1417 	 117.26405904289444
1418 	 115.64903585000098
1419 	 114.87354887233793
1420 	 116.66623683448279
1421 	 117.92488623037383
1422 	 117.95942997573262
1423 	 117.18937816333053
1424 	 117.21030006224804
1425 	 117.89075545776328
1426 	 117.46631165877153
1427 	 118.74733373934026
1428 	 119.27891240311432
1429 	 121.11224615995654
1430 	 119.60825967074597
1431 	 119.94838358339848
1432 	 120.54422237273424
1433 	 117.97277000749408
1434 	 119.35600859611446
1435 	 118.68284167610175
1436 	 118.24741310564987
1437 	 117.51545344638946
1438 	 116.9497048541322
1439 	 117.86727646473689
1440 	 118.60447990732764
1441 	 118.37652397947046
1442 	 118.69987182097583
1443 	 117.31882061299483
1444 	 116.53273648970438
1445 	 116.76135486486461
1446 	 116.45311825674077
1447 	 116.28121822263059
1448 	 117.11320632865767
1449 	 117.00116307933165
1450 	 117.58642817413967
1451 	 117.86708924039444
1452 	 116.76829470799815
1453 	 118.302994157996
1454 	 116.07660244006418
1455 	 117.53031003391146
1456 	 117.0669014797689
1457 	 116.31590743819002
1458 	 117.26255536386485
1459 	 116.70736436741177
1460 	 116.08534239177192
1461 	 117.26796061868218
1462 	 116.95912031048182
1463 	 116.22544679229267
1464 	 117.08803567833478
1465 	 115.58486059140245
1466 	 117.30101989027146
1467 	 115.3689325983163
1468 	 115.79110263737346
1469 	 117.53027081751695
1470 	 116.83051993634683
1471 	 117.09942284931198
1472 	 115.62227712089502
1473 	 115.29221980970607
1474 	 116.89776198221874
1475 	 115.59042477051837
1476 	 115.77214777406313
1477 	 116.85164874717383
1478 	 116.62032995201906
1479 	 117.80547990072535
1480 	 115.62683557811135
1481 	 116.66030168489776
1482 	 116.9544447344803
1483 	 117.98289509938684
1484 	 116.88259132633695
1485 	 117.7248623475188
1486 	 116.71940578590805
1487 	 116.9163177086616
1488 	 116.54836205113007
1489 	 117.16722521379195
1490 	 117.49896399702688
1491 	 117.8977179664084
1492 	 117.16826168218708
1493 	 115.54832058370746
1494 	 116.83460064422334
1495 	 117.17519324217733
1496 	 117.21242208001885
1497 	 118.28100597821823
1498 	 116.89974145665823
1499 	 116.9569295570058
1500 	 116.36177500134686
1501 	 115.42184081036535
1502 	 117.49436695828689
1503 	 117.93728341790936
1504 	 117.03222416992837
1505 	 116.31851703786381
1506 	 117.21609746878985
1507 	 117.16473739269861
1508 	 116.39027680286175
1509 	 115.90120174575878
1510 	 117.166017462251
1511 	 117.80421919247077
1512 	 118.56775896991839
1513 	 118.5534691185582
1514 	 117.7918465055097
1515 	 117.60690503504553
1516 	 117.15687256115098
1517 	 118.06470186637088
1518 	 117.54277858133918
1519 	 118.0409568186413
1520 	 117.13573022716665
1521 	 116.7609174781207
1522 	 117.36237404630296
1523 	 117.24025441725301
1524 	 117.53629670340989
1525 	 116.95570483236435
1526 	 116.77008788237089
1527 	 115.48983116239542
1528 	 118.12264986751717
1529 	 117.73069878706785
1530 	 117.43274302868352
1531 	 118.17061669513852
1532 	 118.15164346086334
1533 	 117.31485211545107
1534 	 117.8767119721633
1535 	 118.48521522175089
1536 	 117.52495995389138
1537 	 116.74094649861438
1538 	 116.84313962702704
1539 	 117.7299999115447
1540 	 118.37896052821829
1541 	 116.28940730101215
1542 	 117.6213889448563
1543 	 119.08024401119145
1544 	 118.83970408255088
1545 	 118.53378233121737
1546 	 118.27860971847025
1547 	 117.33248770981275
1548 	 118.0017375927726
1549 	 117.61406300632576
1550 	 117.99727895336086
1551 	 117.85941483518647
1552 	 116.86099022967512
1553 	 116.37920525863969
1554 	 117.45867771727104
1555 	 117.10585944970758
1556 	 115.84921921286849
1557 	 117.53997460403764
1558 	 117.59086370580101
1559 	 116.61599155256395
1560 	 117.3450171036734
1561 	 117.66980294634759
1562 	 117.14974724066631
1563 	 116.93251035881349
1564 	 116.8159328732898
1565 	 117.2914944041907
1566 	 117.6755190895443
1567 	 117.41137256405757
1568 	 119.34303646268474
1569 	 116.31995970326597
1570 	 119.40275860395874
1571 	 117.31027350495756
1572 	 118.06372582994037
1573 	 117.26239843582063
1574 	 117.30743295394058
1575 	 117.37465909062709
1576 	 117.44948153886716
1577 	 116.56905367505824
1578 	 117.44073697035742
1579 	 116.8103859441655
1580 	 116.95806068999751
1581 	 117.84032150033168
1582 	 117.5066305883059
1583 	 118.16609661217326
1584 	 117.45980227886034
1585 	 116.9917428123641
1586 	 117.4135664009749
1587 	 117.71976861231077
1588 	 118.22009979260064
1589 	 116.90728968285443
1590 	 117.53295684036665
1591 	 117.84901862383413
1592 	 118.34786905509365
1593 	 118.14470905718115
1594 	 117.89361842025964
1595 	 117.51157015968623
1596 	 116.58001176180971
1597 	 117.17144236402156
1598 	 118.07435503650292
1599 	 117.36905198739927
1600 	 116.18712036807608
1601 	 116.99256036377515
1602 	 117.38412154702803
1603 	 117.1083511689675
1604 	 116.74661414715418
1605 	 117.12477508095537
1606 	 117.48302602873461
1607 	 117.95695565830911
1608 	 117.50710607158835
1609 	 115.8027299744796
1610 	 117.16695150377042
1611 	 117.52124055469656
1612 	 117.37606605218258
1613 	 119.02518075644662
1614 	 118.05659932955668
1615 	 119.23638512470308
1616 	 117.24720504258852
1617 	 117.98997897933793
1618 	 116.86944585219567
1619 	 117.5111325459627
1620 	 116.45722870673484
1621 	 118.78104697753638
1622 	 117.16862603065536
1623 	 118.26361968358309
1624 	 118.01302847775217
1625 	 117.78589564960481
1626 	 116.02716988310604
1627 	 118.31408940378323
1628 	 117.39585558620408
1629 	 117.06010783439322
1630 	 117.78113861336146
1631 	 117.59886894990454
1632 	 116.75282875947907
1633 	 116.75174492558556
1634 	 117.94261019912341
1635 	 116.99596829375314
1636 	 117.00270281411102
1637 	 116.06515519496618
1638 	 117.36634131225097
1639 	 118.70893457630105
1640 	 116.91511648050046
1641 	 116.73366376698871
1642 	 116.04344467082124
1643 	 116.4860838493015
1644 	 117.57077523361706
1645 	 117.65225134661519
1646 	 118.260540050554
1647 	 118.5566688328769
1648 	 117.81524112997319
1649 	 116.31869246203799
1650 	 116.3800975172886
1651 	 117.68694636145493
1652 	 117.45665668104513
1653 	 117.2980122408358
1654 	 117.45335324161627
1655 	 116.92962824966683
1656 	 116.93136012237916
1657 	 116.89791929411822
1658 	 118.03063414541032
1659 	 117.66786184469645
1660 	 117.34220381446991
1661 	 115.77427224294904
1662 	 117.8741759975336
1663 	 116.33461577912617
1664 	 117.41072852624079
1665 	 117.37096579503151
1666 	 117.18292075129482
1667 	 119.16053035394536
1668 	 117.66504278936462
1669 	 117.77529129274257
1670 	 116.6965747156011
1671 	 117.73019682974272
1672 	 118.08744620539953
1673 	 116.96896017191409
1674 	 115.8900645845395
1675 	 117.18202532819923
1676 	 118.1599312964912
1677 	 118.8110554103967
1678 	 115.76297491687603
1679 	 116.48715608657689
1680 	 117.7170215451554
1681 	 117.77315282940113
1682 	 117.37699198506581
1683 	 116.55853101068739
1684 	 117.77112239832053
1685 	 117.48381551422793
1686 	 117.25882668541855
1687 	 117.40931994434408
1688 	 117.75345875905703
1689 	 117.79535322703488
1690 	 116.5280612349986
1691 	 115.78025767808622
1692 	 116.30442556199702
1693 	 116.56653957687232
1694 	 117.2570840732678
1695 	 117.18817578689476
1696 	 117.54781282242105
1697 	 118.55787943255771
1698 	 115.61019387081414
1699 	 117.50005009302689
1700 	 117.99390103867265
1701 	 116.62995612542414
1702 	 116.01398177529013
1703 	 117.18201493895079
1704 	 116.00447494954882
1705 	 116.02844414097879
1706 	 116.11026545963784
1707 	 117.20385251292382
1708 	 115.98247016842843
1709 	 116.00719930081216
1710 	 114.81531450439219
1711 	 116.38732281634033
1712 	 117.04202039250049
1713 	 116.14462875515996
1714 	 118.29197259886257
1715 	 117.73966772963067
1716 	 117.35952903363179
1717 	 118.6205683201937
1718 	 117.56710024533477
1719 	 117.89064409843644
1720 	 117.59133870159567
1721 	 117.50147711368041
1722 	 116.42146702566622
1723 	 117.61509579124238
1724 	 117.08799574478583
1725 	 116.43858852991568
1726 	 116.1810231936527
1727 	 116.71833063147962
1728 	 117.3130086047138
1729 	 115.84214286344582
1730 	 116.19409633607377
1731 	 116.31656301759207
1732 	 117.93781031536531
1733 	 118.48500872618476
1734 	 118.42741446467004
1735 	 116.36031717329242
1736 	 118.23560125843017
1737 	 118.12195190235583
1738 	 116.27459690539874
1739 	 117.84385672041883
1740 	 117.16104025958373
1741 	 117.71998665905438
1742 	 117.83097402712384
1743 	 117.64488894042303
1744 	 117.87540376498765
1745 	 117.45456496801002
1746 	 117.17696906610456
1747 	 116.047795894542
1748 	 118.25826989489634
1749 	 116.46799398667093
1750 	 116.75923046530777
1751 	 117.57758356695486
1752 	 118.99999412164291
1753 	 116.56923118129788
1754 	 116.84292693043427
1755 	 117.30518738183008
1756 	 117.74876318432595
1757 	 118.12786763054491
1758 	 117.5537351311346
1759 	 117.26301849242428
1760 	 116.45237447515689
1761 	 117.62443906641384
1762 	 117.6306472726276
1763 	 116.0724971276604
1764 	 118.66713579706659
1765 	 117.59487304668659
1766 	 117.28787457893152
1767 	 116.33021701886236
1768 	 116.93739151193088
1769 	 117.46512780009981
1770 	 117.50349774980643
1771 	 117.11063389634515
1772 	 116.89502698595284
1773 	 118.36385432857234
1774 	 117.27132294506409
1775 	 115.8079336464281
1776 	 116.8647465066853
1777 	 117.08773587210422
1778 	 117.6797065115685
1779 	 118.29681696309086
1780 	 115.84581415415111
1781 	 116.80000242137913
1782 	 117.11213897651722
1783 	 119.66667886483174
1784 	 117.38294724948935
1785 	 116.45776246070552
1786 	 117.63511971013794
1787 	 117.78838618638196
1788 	 119.5583658626536
1789 	 117.96890813323154
1790 	 119.10488067187529
1791 	 119.94947959828232
1792 	 118.1133397752244
1793 	 117.37041262382283
1794 	 118.48526650369887
1795 	 117.71907273016627
1796 	 119.06048763720761
1797 	 118.97231952578596
1798 	 118.61159425288238
1799 	 117.21904443238482
1800 	 116.35751111409897
1801 	 117.48720936057951
1802 	 117.3323726430665
1803 	 118.23802500356022
1804 	 116.52786460946108
1805 	 116.81979334641466
1806 	 118.16708982492497
1807 	 115.74136773558853
1808 	 116.86248397308582
1809 	 116.64581053903501
1810 	 117.3276571260619
1811 	 118.49038044566869
1812 	 117.80486212430665
1813 	 117.38456956630124
1814 	 118.38060389742519
1815 	 117.61261120359323
1816 	 117.73590517409643
1817 	 117.54533184168177
1818 	 117.3238807685379
1819 	 117.42427702962692
1820 	 116.70471302395721
1821 	 116.72937536782102
1822 	 117.25166726476834
1823 	 118.62390888455646
1824 	 118.77798955570371
1825 	 117.80296210174727
1826 	 118.28363909777238
1827 	 118.70693119664554
1828 	 116.66145391641825
1829 	 118.67513970826533
1830 	 116.73025423997854
1831 	 116.83324495510647
1832 	 117.2922145794857
1833 	 116.56847180361162
1834 	 117.13989282127247
1835 	 118.13129556030935
1836 	 116.91362993389664
1837 	 117.86479689153235
1838 	 117.04544616640982
1839 	 118.59254598649466
1840 	 116.81125475965923
1841 	 116.0243609909733
1842 	 116.9233508771198
1843 	 116.5276382505424
1844 	 115.88135066159533
1845 	 116.2091946194461
1846 	 116.24765073973688
1847 	 115.19663347371522
1848 	 116.6215690047609
1849 	 116.46202808064344
1850 	 116.45333609457278
1851 	 117.39403080601846
1852 	 116.50906563167031
1853 	 117.74635129138724
1854 	 117.11763358446734
1855 	 118.02521846948629
1856 	 117.47628091960748
1857 	 117.79491759104559
1858 	 117.36284576273587
1859 	 118.13717202017969
1860 	 117.67725996505558
1861 	 117.39688078415242
1862 	 116.94695635423975
1863 	 116.24151026557517
1864 	 117.07008660362227
1865 	 116.2201636683042
1866 	 118.3575038156807
1867 	 118.05345962900948
1868 	 117.45325227414246
1869 	 117.27587505520081
1870 	 118.69145632985516
1871 	 119.3253499586685
1872 	 118.76351203961366
1873 	 116.92633202876964
1874 	 116.75906262817178
1875 	 116.77708381390909
1876 	 116.92350949569261
1877 	 117.4853162633269
1878 	 118.27780647180717
1879 	 118.1234970088533
1880 	 118.345221592904
1881 	 118.52356880672899
1882 	 117.04454397244736
1883 	 117.50941275361261
1884 	 117.40369836946095
1885 	 116.54009509885019
1886 	 118.08777607601435
1887 	 115.75573171231103
1888 	 119.04876008671992
1889 	 118.22021440581369
1890 	 117.25615333744113
1891 	 117.44001898154181
1892 	 118.65860022013882
1893 	 118.33086921077266
1894 	 117.85169851235415
1895 	 118.70393947470045
1896 	 119.09335947990576
1897 	 120.57734134117106
1898 	 118.35624711955701
1899 	 118.32301515282902
1900 	 118.21832087441436
1901 	 118.23334201308488
1902 	 118.35595133190226
1903 	 117.78601541786871
1904 	 117.22268112606783
1905 	 118.69803266093832
1906 	 118.63832089436197
1907 	 118.68935936696545
1908 	 118.3685359496164
1909 	 119.33527386915134
1910 	 119.8395479166338
1911 	 117.95644417244448
1912 	 118.75101590302172
1913 	 118.00731413239305
1914 	 118.49256333459803
1915 	 118.35272622341522
1916 	 117.46531882490197
1917 	 116.71907428302092
1918 	 118.21514316352251
1919 	 117.52392605533797
1920 	 117.08455699484847
1921 	 119.30837781353934
1922 	 116.47427073766723
1923 	 117.84511492153051
1924 	 118.51439440170259
1925 	 118.55874404503484
1926 	 118.14580495165387
1927 	 118.15743515751727
1928 	 118.25499895396341
1929 	 117.93782128024394
1930 	 117.58493800403184
1931 	 117.90323428383219
1932 	 117.11917153697182
1933 	 117.94231472621901
1934 	 117.54377779036946
1935 	 117.14636230719631
1936 	 116.4588526796808
1937 	 117.87537132445698
1938 	 119.1120025417416
1939 	 117.51348715514537
1940 	 117.40636396708828
1941 	 118.70085801114978
1942 	 118.07955093564415
1943 	 120.49499142380209
1944 	 118.09736766008538
1945 	 119.43476030774038
1946 	 119.20393204721967
1947 	 118.09632809251951
1948 	 116.41630267459347
1949 	 117.14271148387691
1950 	 117.76714465015827
1951 	 117.73461202093374
1952 	 117.85349136353855
1953 	 118.35179738927485
1954 	 117.28988481239942
1955 	 117.88930770366846
1956 	 117.71846675798264
1957 	 117.41733782938903
1958 	 118.05786314811766
1959 	 119.12957262540517
1960 	 120.08768545941386
1961 	 118.9451113067465
1962 	 119.02205905430263
1963 	 118.51589914864184
1964 	 117.28715178852694
1965 	 117.57100887358456
1966 	 118.98077982007358
1967 	 119.5324638637342
1968 	 117.80021552653892
1969 	 118.57834106359714
1970 	 120.1245992156661
1971 	 117.77447850499001
1972 	 117.87779424058627
1973 	 119.01279802430322
1974 	 117.16304377767239
1975 	 117.88727163453197
1976 	 118.3291518901011
1977 	 116.97442025176275
1978 	 118.06926233386781
1979 	 117.85170417581692
1980 	 117.68690904936743
1981 	 117.22248840791069
1982 	 118.0571986641012
1983 	 118.03614902268941
1984 	 118.14562563350326
1985 	 117.88618630691607
1986 	 117.74786574657249
1987 	 116.9965738248186
1988 	 118.19995258780888
1989 	 118.05004770535236
1990 	 116.89762374909857
1991 	 117.15526751335253
1992 	 117.51756894224205
1993 	 117.1694301291444
1994 	 118.53405818301674
1995 	 116.72348536427523
1996 	 117.72537699815582
1997 	 116.68099759342871
1998 	 117.19385139733448
1999 	 117.4233071946662
2000 	 117.78731865851219
2001 	 117.36881127151187
2002 	 118.83176062912439
2003 	 118.6956566369115
2004 	 118.46789922316759
2005 	 117.33865428900616
2006 	 117.14730738422284
2007 	 116.8067233755153
2008 	 116.71843429207458
2009 	 116.24330270915083
2010 	 118.80138378465789
2011 	 115.69505483194258
2012 	 118.51140720338097
2013 	 118.8850890482508
2014 	 117.9459802941321
2015 	 118.15227439575365
2016 	 117.86662695139998
2017 	 116.94853002753348
2018 	 117.90120049909987
2019 	 117.09871424516152
2020 	 118.73978286755856
2021 	 118.75295246473833
2022 	 118.9356886998097
2023 	 118.14449583053165
2024 	 119.5480424436465
2025 	 118.72478889072819
2026 	 117.4052548832154
2027 	 116.85608427406497
2028 	 118.77464423648911
2029 	 118.74779505081071
2030 	 117.05886712851319
2031 	 118.36830095639196
2032 	 117.98941143026595
2033 	 118.12877709309939
2034 	 117.6441803748072
2035 	 118.06731210593705
2036 	 118.14853736510864
2037 	 116.91619186922365
2038 	 117.55713461901989
2039 	 117.90573328689325
2040 	 118.00945130545918
2041 	 117.6774026475576
2042 	 117.11971573487278
2043 	 116.56257807303888
2044 	 118.23120344525542
2045 	 118.18508363896473
2046 	 116.79463462573744
2047 	 119.15258083383341
2048 	 117.53559958410169
2049 	 118.9191961487314
2050 	 118.49565174053954
2051 	 117.90591597787459
2052 	 117.74013424720947
2053 	 118.0535112413009
2054 	 118.29731863275796
2055 	 117.56599932917119
2056 	 117.84163059081699
2057 	 116.8341238780602
2058 	 116.0862122437456
2059 	 116.82481572853025
2060 	 116.49571796841921
2061 	 117.13582605556005
2062 	 117.77430885098795
2063 	 117.08986022307194
2064 	 117.25359457777067
2065 	 116.65697966620307
2066 	 116.81197082446681
2067 	 117.77938561340291
2068 	 116.08879466737473
2069 	 117.22518948935935
2070 	 116.479485716422
2071 	 117.98598458714812
2072 	 116.82312245506502
2073 	 117.37111105006977
2074 	 117.96780120964507
2075 	 117.70805500350203
2076 	 116.87898109995038
2077 	 117.78933529885896
2078 	 117.49511856546222
2079 	 117.80109910397243
2080 	 117.03383436126805
2081 	 116.07811826880501
2082 	 116.85316061463652
2083 	 118.55405072732638
2084 	 118.77802136176456
2085 	 117.17515438574203
2086 	 118.1434809980675
2087 	 117.99405354356847
2088 	 118.55114337185108
2089 	 120.25123284390762
2090 	 119.5478109574858
2091 	 117.51836599538227
2092 	 117.7902837036803
2093 	 117.53823907449124
2094 	 116.98074139808446
2095 	 118.36967468754483
2096 	 117.7346038190512
2097 	 116.9858753730197
2098 	 117.15930501564884
2099 	 118.58862003927553
2100 	 117.78807627358896
2101 	 118.4746816441173
2102 	 118.73919497379701
2103 	 116.74877203682122
2104 	 118.72361192877081
2105 	 117.74183311713757
2106 	 117.60758459168976
2107 	 117.72468203675258
2108 	 116.91495365441531
2109 	 116.2712329986114
2110 	 117.47774842690784
2111 	 116.26782673874972
2112 	 117.6057710387765
2113 	 117.8573159528416
2114 	 118.61840678373399
2115 	 116.70987065146254
2116 	 117.71583843428392
2117 	 118.63277153293699
2118 	 116.77949204849111
2119 	 116.93281202389178
2120 	 118.49385647636993
2121 	 117.36674655896111
2122 	 116.71250342727647
2123 	 116.78389830487225
2124 	 117.24560579245932
2125 	 117.6793353559415
2126 	 117.18139949345789
2127 	 117.51793365474428
2128 	 116.40598789762572
2129 	 119.03996905422707
2130 	 116.82326813178481
2131 	 117.79432194567094
2132 	 116.86273527473043
2133 	 117.32353288701592
2134 	 117.62195169160204
2135 	 117.06884379415503
2136 	 117.28498985286437
2137 	 117.80436761095892
2138 	 117.39179032103713
2139 	 117.80179771775417
2140 	 117.50116592544445
2141 	 117.45378652998261
2142 	 117.10930892828992
