0 	 81.69000831352008
1 	 82.01703515003368
2 	 82.10158790912007
3 	 81.92331339015713
4 	 81.64279354372336
5 	 82.24154307356767
6 	 82.1407218476589
7 	 81.86345168310682
8 	 82.03587257500388
9 	 81.5646285929326
10 	 82.07963359863288
11 	 82.3882573061287
12 	 81.97032684487273
13 	 82.12722148894818
14 	 81.66226008606861
15 	 81.8578268439589
16 	 81.7819097791566
17 	 81.92933638536614
18 	 81.67515697032839
19 	 82.3403390322579
20 	 81.67679512130483
21 	 82.11087860859914
22 	 81.69259650270874
23 	 81.38984296365199
24 	 81.36560797880064
25 	 81.75577894895356
26 	 81.8514201918115
27 	 81.72374572655268
28 	 81.50883733748019
29 	 80.89898254175763
30 	 81.45363706681358
31 	 80.89289816825338
32 	 81.71914419851987
33 	 81.8643789514701
34 	 81.47215183784792
35 	 81.08139486551583
36 	 81.73217861544148
37 	 81.19927442619489
38 	 81.16012826709805
39 	 81.78934393179453
40 	 81.38997721350863
41 	 81.46997557197014
42 	 81.42971418008388
43 	 81.70164559363863
44 	 82.72707158886746
45 	 83.13537044485784
46 	 81.82319354766746
47 	 82.33919093636798
48 	 82.83064326381445
49 	 82.63785364963958
50 	 82.00545604931453
51 	 82.79356016052807
52 	 81.29311616658765
53 	 80.78695863124324
54 	 81.46147002301184
55 	 82.48621085968318
56 	 81.3355720701728
57 	 82.2747813352886
58 	 80.84102715763774
59 	 81.66155376495537
60 	 80.82963388002422
61 	 82.77501931897325
62 	 81.2202237935614
63 	 82.7298556130017
64 	 78.90015697569929
65 	 81.5283675177792
66 	 81.32652712135024
67 	 82.73522303627789
68 	 81.55810648057266
69 	 82.65818456833868
70 	 81.33581176483786
71 	 80.73358456189867
72 	 82.52616298973452
73 	 82.22783137584183
74 	 80.72644564220919
75 	 80.18394559836362
76 	 80.59535844424524
77 	 79.59315391665994
78 	 80.46703572882724
79 	 80.92171535642913
80 	 79.91380319000875
81 	 81.80723336953034
82 	 80.81274245725344
83 	 80.61900438308115
84 	 80.62702242468313
85 	 79.7831192111653
86 	 79.58152946658585
87 	 79.61184647036691
88 	 81.03525016510902
89 	 80.55587555950495
90 	 79.94287377083555
91 	 81.59972202699797
92 	 80.50003089053388
93 	 80.78829399403044
94 	 79.8179740442166
95 	 82.23114374122838
96 	 79.87005161580655
97 	 79.48283007455358
98 	 80.01316564242015
99 	 79.66996164206282
100 	 81.09633778285603
101 	 81.01043260273006
102 	 79.85591067665354
103 	 80.2172451151708
104 	 81.64637474302265
105 	 80.34728784796442
106 	 80.87917562933356
107 	 80.62420000133035
108 	 80.13570866721007
109 	 79.51664027654975
110 	 81.213657435106
111 	 79.71757572611371
112 	 78.5587057908463
113 	 80.345953391002
114 	 80.45131643496364
115 	 78.54759112471692
116 	 80.58233658287047
117 	 80.19087563023623
118 	 79.91193801044399
119 	 79.14419545922016
120 	 79.43461927106172
121 	 79.49736206945514
122 	 81.41447062283238
123 	 82.59499040957124
124 	 81.55552275637089
125 	 78.66375737962089
126 	 80.89330565861162
127 	 79.6050467034261
128 	 79.75064250769863
129 	 79.93611461660811
130 	 79.42533861075286
131 	 80.8798416474151
132 	 80.34561481711974
133 	 80.03151277304931
134 	 80.06369593521786
135 	 79.00646360679197
136 	 78.93392452771701
137 	 79.38358732320347
138 	 79.68069632200938
139 	 80.54341210520894
140 	 81.30070448840462
141 	 78.86692335163507
142 	 79.68666526673663
143 	 81.18008676310095
144 	 81.90233898910557
145 	 79.38468787391628
146 	 78.87880316332497
147 	 78.55818030553779
148 	 79.7582626788425
149 	 79.87050083508122
150 	 78.71224586103874
151 	 79.12017736304817
152 	 80.03415494607437
153 	 78.5250497359234
154 	 79.85387309365699
155 	 80.42294229190641
156 	 78.53962566109332
157 	 78.78122046640316
158 	 78.56962049595555
159 	 80.0255658155379
160 	 78.44300903414448
161 	 78.52242910495147
162 	 80.22602190791305
163 	 78.90865758847525
164 	 79.01603327270995
165 	 80.22339007423707
166 	 80.5250049471677
167 	 78.14053412420638
168 	 80.30742523246843
169 	 79.61331602385823
170 	 79.62116092373665
171 	 78.91335812250284
172 	 79.03916792904788
173 	 80.33372444680208
174 	 79.86394272393125
175 	 81.16363332131192
176 	 81.09089960300969
177 	 80.71077680367188
178 	 81.02447161632685
179 	 80.54112006998784
180 	 80.54968154871013
181 	 81.68834677565499
182 	 82.15377273492359
183 	 81.77302667655908
184 	 81.55107861967791
185 	 79.92011812198061
186 	 80.3207799914823
187 	 80.04794827260308
188 	 80.22148692760635
189 	 80.83162165064509
190 	 80.71851217988639
191 	 80.8165669245585
192 	 80.43775951643215
193 	 79.31002290033659
194 	 79.9584627893498
195 	 80.98214661295106
196 	 82.07898473650452
197 	 81.64051424379421
198 	 81.31579064903318
199 	 81.80003219803714
200 	 80.39594980697909
201 	 79.76828985878038
202 	 80.05499148627506
203 	 81.30317135925114
204 	 80.06034958967082
205 	 81.5048594937303
206 	 80.4659301051414
207 	 79.62727211505954
208 	 80.34389319625231
209 	 79.82888899309242
210 	 82.29641039012951
211 	 81.55526217665127
212 	 79.567308858432
213 	 81.00335281074784
214 	 80.00171324602637
215 	 81.25885731229809
216 	 79.83697820908708
217 	 80.60398901983763
218 	 81.34157332636775
219 	 79.12061135605376
220 	 80.37078654376279
221 	 79.61775780658638
222 	 80.18085921001719
223 	 78.76023190758985
224 	 78.13408053269599
225 	 80.51894142362158
226 	 80.15093943210711
227 	 80.13122489224006
228 	 80.47886574898679
229 	 80.63832839735512
230 	 80.08462351962804
231 	 80.50948641462587
232 	 79.8748640190726
233 	 80.1078948228403
234 	 81.74416066655643
235 	 80.49198598420753
236 	 81.14434559430919
237 	 80.19514048760861
238 	 78.61427363762331
239 	 79.00907928099939
240 	 79.00818960378045
241 	 80.7220600743516
242 	 80.06158145264
243 	 79.8627460801989
244 	 81.23955574209715
245 	 78.46929599027334
246 	 78.86770451689549
247 	 80.26079226992564
248 	 80.78428346923427
249 	 78.49451180965642
250 	 80.6775411503815
251 	 81.43691285486706
252 	 80.12944622092215
253 	 80.26879429445125
254 	 80.21947208024737
255 	 79.93804740425028
256 	 78.40609682554879
257 	 80.54535667948298
258 	 81.1965371130739
259 	 80.22787572046516
260 	 80.50489170671776
261 	 79.0859640761458
262 	 80.57157486447045
263 	 79.90357960163342
264 	 79.79196924765179
265 	 79.14465908805701
266 	 80.40284874836749
267 	 79.3612077544681
268 	 79.00871206152019
269 	 78.28954183470726
270 	 78.72444258485855
271 	 79.10562372088073
272 	 80.72658332653832
273 	 79.60569938875828
274 	 79.32811076492204
275 	 82.27088014739849
276 	 81.70889605970568
277 	 81.10161899224896
278 	 82.14260815564768
279 	 79.18085912195723
280 	 80.48907246821203
281 	 80.0127007595627
282 	 80.65690953479499
283 	 80.37919110611791
284 	 79.87222322405253
285 	 80.33950649228314
286 	 79.88160272333839
287 	 80.25001077524249
288 	 80.77462239500962
289 	 79.27163365086913
290 	 79.55528046092066
291 	 79.25085840539586
292 	 79.38264483886451
293 	 80.69435161248423
294 	 78.01442806508875
295 	 78.24231129444946
296 	 79.66097468872006
297 	 80.95052601102192
298 	 79.58667379299257
299 	 80.51811433421949
300 	 79.88688736354017
301 	 79.43048574989734
302 	 78.70053634163907
303 	 79.75871678661507
304 	 79.06595554340765
305 	 79.4428473095125
306 	 78.94123807412056
307 	 79.87460529835913
308 	 79.4553057570498
309 	 79.37527396056859
310 	 81.52143742442475
311 	 80.26578381546929
312 	 79.43010558129548
313 	 81.14368830721517
314 	 80.81989462426453
315 	 79.99359628477708
316 	 80.97738183613102
317 	 80.40909794838446
318 	 79.72447188604994
319 	 80.65714456713263
320 	 79.53139248291545
321 	 80.09064183379364
322 	 80.18268241069552
323 	 81.23683104699683
324 	 80.03708232194353
325 	 79.97633106866402
326 	 78.21957223162102
327 	 79.25227809794936
328 	 80.21228407016896
329 	 79.19948566988317
330 	 80.67330641527705
331 	 82.04400246578777
332 	 80.56319566129265
333 	 80.7020838372864
334 	 79.92957050887381
335 	 81.43184260360526
336 	 79.12054022192608
337 	 80.93416003964029
338 	 78.82084705780986
339 	 80.71040339597184
340 	 80.78588373504003
341 	 79.71205184608479
342 	 80.97896595761807
343 	 80.08903358350818
344 	 79.7367148704152
345 	 80.01916536176977
346 	 81.24350928955828
347 	 79.53902993258023
348 	 78.62375317990069
349 	 80.78429619653102
350 	 79.689178247176
351 	 78.19371995907005
352 	 79.79949727646773
353 	 79.93500137837759
354 	 79.72557953739577
355 	 80.8431917426013
356 	 80.5614075441001
357 	 80.49497954693823
358 	 81.1048700810899
359 	 80.26303555393088
360 	 81.33507418277857
361 	 81.9335291967042
362 	 80.69716663285418
363 	 81.09302945030124
364 	 79.93798539282857
365 	 79.48678239683578
366 	 79.22060221256957
367 	 79.93938132783862
368 	 80.9568706976247
369 	 81.20819530757775
370 	 79.12418569677122
371 	 80.42240731283393
372 	 79.85705477127208
373 	 81.36731748319852
374 	 79.97818608447525
375 	 80.42996189144881
376 	 81.12880456469924
377 	 79.66269594276578
378 	 81.42794600436915
379 	 79.63615287366383
380 	 81.34799005683101
381 	 81.35569764304746
382 	 81.99061207641424
383 	 79.54530308589115
384 	 80.34757420328008
385 	 80.9645506279905
386 	 79.72536582995251
387 	 80.82581500368663
388 	 80.11458034644475
389 	 81.2441874310903
390 	 80.46104801716723
391 	 80.68286885145558
392 	 81.61045088947516
393 	 81.52853411830336
394 	 81.43640403804054
395 	 81.92948780004372
396 	 80.619109196254
397 	 81.0237611014451
398 	 80.4983698932364
399 	 80.72119573853098
400 	 79.67117738461846
401 	 81.82684468071257
402 	 80.9404390383001
403 	 81.43155882258293
404 	 80.09600585088768
405 	 80.25729642209424
406 	 78.96953387281089
407 	 79.51806307850583
408 	 81.32113874855999
409 	 82.00667029201902
410 	 79.82838534979801
411 	 81.6590936759149
412 	 80.63443306206365
413 	 80.12419489398069
414 	 80.70600793312094
415 	 81.28306361314814
416 	 79.94477035004128
417 	 79.72202671142172
418 	 79.78091966372375
419 	 80.57648722743816
420 	 78.54047016025547
421 	 79.58136508963013
422 	 80.72653979666586
423 	 80.29135209218015
424 	 79.54922912981841
425 	 80.66775265812284
426 	 78.79761026079095
427 	 80.44939487317025
428 	 81.66890559530346
429 	 80.00769833760339
430 	 79.88578911502488
431 	 80.51639850256478
432 	 81.50788418759606
433 	 79.75764485938026
434 	 80.33484313105336
435 	 81.19490951946604
436 	 80.53826660851055
437 	 80.0519932415317
438 	 79.08402990538575
439 	 80.32794192760429
440 	 79.86934028511466
441 	 80.30252899637509
442 	 80.29827946092249
443 	 80.145405236884
444 	 80.28522517393709
445 	 79.26380964705994
446 	 78.94061885502495
447 	 79.14070506602705
448 	 79.36247643476835
449 	 78.25661782727798
450 	 80.71369619977288
451 	 82.2571081221648
452 	 80.82102316760633
453 	 80.73912881841444
454 	 79.40445000440562
455 	 80.06195224104408
456 	 79.96562790603525
457 	 81.47687862712239
458 	 81.10907747930752
459 	 80.96757069491204
460 	 80.01605088639757
461 	 80.18593675974984
462 	 81.54000771022498
463 	 80.59688091634344
464 	 79.90314384803997
465 	 79.42584396920125
466 	 80.61846838178776
467 	 80.63912421048204
468 	 80.19731609864677
469 	 80.13797606087866
470 	 79.59242465083007
471 	 79.76319786444967
472 	 80.83170294248437
473 	 79.58056022244098
474 	 78.85369009877019
475 	 79.67430396742284
476 	 79.83410869380559
477 	 81.05438261323853
478 	 80.21635415541046
479 	 79.78421320800891
480 	 78.87213429581323
481 	 79.14245962933218
482 	 77.76730858978918
483 	 78.75617899645981
484 	 79.66835850342736
485 	 79.74334264728836
486 	 79.08465514112936
487 	 78.54381509619698
488 	 78.83304600876076
489 	 78.43762509830428
490 	 80.05318369959741
491 	 79.70284891376915
492 	 79.42106978911643
493 	 80.16613267116121
494 	 80.483233548812
495 	 80.55035933915242
496 	 80.26558165644514
497 	 80.54531769328084
498 	 78.88354385530906
499 	 80.72886078219292
500 	 80.32122456253668
501 	 79.79935850368209
502 	 79.86619195882001
503 	 80.37551902064251
504 	 80.08139135245052
505 	 80.65635791480543
506 	 79.547112515054
507 	 80.23357847176027
508 	 81.30865901319575
509 	 80.16712971767976
510 	 80.91925715658019
511 	 80.59263551690258
512 	 81.15529323835949
513 	 80.95066265226822
514 	 80.2826628223615
515 	 80.61233155514917
516 	 81.13787838653671
517 	 81.82291369946293
518 	 80.4774582549545
519 	 82.2179198287589
520 	 81.92367457282049
521 	 80.10188195388137
522 	 81.76577367933804
523 	 81.52890749866754
524 	 81.88352728816906
525 	 78.42191775830976
526 	 81.27457565414235
527 	 80.40915055581665
528 	 79.99396993272444
529 	 79.53970128858411
530 	 80.51933943432812
531 	 80.87560830450005
532 	 82.18438843698435
533 	 80.76772477505642
534 	 80.66280268443033
535 	 80.79912417271572
536 	 81.84497332935761
537 	 80.3994599756592
538 	 79.89745742616783
539 	 80.54890700346868
540 	 80.31512840297462
541 	 80.88650666418204
542 	 80.3642569278374
543 	 80.37230674494342
544 	 80.8673882293768
545 	 79.62784931043646
546 	 79.98893959294378
547 	 80.06089159891297
548 	 81.17298795889462
549 	 80.42410096916258
550 	 80.18762414480166
551 	 80.22366058816445
552 	 81.02722277881351
553 	 81.37554769396249
554 	 80.12817701748794
555 	 80.67186850588084
556 	 79.63524546504387
557 	 80.34073880542996
558 	 79.07076068838006
559 	 79.75953089179906
560 	 80.38306510815941
561 	 81.3500776292942
562 	 79.99367931512838
563 	 80.61707008962016
564 	 79.95469339368668
565 	 80.28232975987756
566 	 80.71353783827182
567 	 80.32475129565027
568 	 80.14532463240191
569 	 80.37361808647879
570 	 80.78043179657492
571 	 80.72598723889509
572 	 79.60773498619284
573 	 81.0799663063501
574 	 80.85812884440145
575 	 80.9676604936479
576 	 81.10278434505038
577 	 82.48982789691433
578 	 81.27773803204163
579 	 82.60752909848598
580 	 81.66198544313981
581 	 82.79479544647234
582 	 81.83539352871053
583 	 81.40011340794474
584 	 82.46300182205924
585 	 82.29555540366606
586 	 83.27259267487939
587 	 81.65475921322513
588 	 80.95069273821339
589 	 80.57483195967374
590 	 81.62895138727819
591 	 81.29820788518833
592 	 81.5081276959478
593 	 80.08340851800695
594 	 80.69067560110184
595 	 80.38956521519808
596 	 82.20987051957137
597 	 80.07560094284071
598 	 81.30615188879433
599 	 80.53774202101938
600 	 83.37248020963213
601 	 79.94596061871353
602 	 81.03599229748559
603 	 81.33706630899775
604 	 81.76408959630199
605 	 81.92073428000737
606 	 82.0781299819784
607 	 81.60790176579741
608 	 82.78843380360311
609 	 80.88641383824526
610 	 80.4399288695734
611 	 82.07484880663017
612 	 81.15913981535192
613 	 81.74583368884615
614 	 81.63138882080807
615 	 81.7699329618599
616 	 82.21267230421422
617 	 82.4530239562245
618 	 81.26140341191494
619 	 81.51357291587155
620 	 81.45791558038034
621 	 79.77089925719717
622 	 81.34281824009231
623 	 80.58972688349206
624 	 82.22910502147407
625 	 80.69946355162847
626 	 81.51778198919318
627 	 81.89399067267323
628 	 80.02996828856982
629 	 81.53284932530538
630 	 80.23358510272838
631 	 82.33366932970684
632 	 81.73513468840083
633 	 80.99999549299982
634 	 80.92514723845068
635 	 81.62238368203354
636 	 81.8390294679545
637 	 80.59135679508172
638 	 80.52274315851707
639 	 81.38009872927769
640 	 80.98632091232943
641 	 82.11010392419716
642 	 81.81777254155348
643 	 80.95465935356084
644 	 80.100633171874
645 	 82.69505841000726
646 	 80.99424986202902
647 	 81.92983847540292
648 	 82.43826249538415
649 	 83.57750234853762
650 	 81.97882173469395
651 	 81.42641683630877
652 	 80.72702440519267
653 	 81.08132071576466
654 	 81.96886457834661
655 	 81.52191936028228
656 	 81.43768461657574
657 	 82.12028042449967
658 	 82.8609846562595
659 	 81.93577004649569
660 	 81.49742750198298
661 	 82.19607376242432
662 	 82.77724056881584
663 	 80.57331014114763
664 	 82.39692631374204
665 	 82.03562452045024
666 	 81.94633186674005
667 	 83.36781963238845
668 	 82.81751086846998
669 	 82.77407132434506
670 	 83.62829552033236
671 	 81.3899369925863
672 	 81.56509598072002
673 	 81.09883963170908
674 	 80.98190020478769
675 	 82.23730376615929
676 	 80.88737727944628
677 	 82.12722441844193
678 	 81.14035630474628
679 	 81.51044097389018
680 	 79.91261146820968
681 	 79.76244660965288
682 	 81.09281343241301
683 	 80.76547752150219
684 	 81.49725475106045
685 	 81.45352742988536
686 	 80.96791029103498
687 	 79.89304151364878
688 	 80.95799019666761
689 	 81.75968953540749
690 	 81.05491442168127
691 	 79.19889293111179
692 	 79.69142380600853
693 	 81.01089924768877
694 	 81.94529427993942
695 	 81.95508661174834
696 	 80.71348004681265
697 	 81.67744811178423
698 	 80.62668134409986
699 	 80.40609528947535
700 	 80.70137172707832
701 	 81.62885462967051
702 	 81.9409916725681
703 	 81.16454785394785
704 	 81.60462045980628
705 	 80.38821334316637
706 	 80.98477921118355
707 	 80.6691961322373
708 	 81.72805159911094
709 	 80.18573977506246
710 	 81.06025478479734
711 	 80.84997053468199
712 	 81.90769257902926
713 	 79.39886627890944
714 	 79.99304514386439
715 	 78.9197054153353
716 	 79.9536883345638
717 	 79.74409217105995
718 	 79.56145829394441
719 	 79.82078325558834
720 	 80.70308660052106
721 	 78.88412229293482
722 	 79.08774931938798
723 	 80.3194690280084
724 	 79.72836184912634
725 	 79.89076805888828
726 	 80.64011001089645
727 	 80.63836212410469
728 	 81.48674025323221
729 	 80.31587213680832
730 	 79.94298358501864
731 	 81.03986345768764
732 	 81.35225663440056
733 	 80.68375667397241
734 	 80.69232766268676
735 	 80.52179524730947
736 	 80.49995615112155
737 	 80.8531971271568
738 	 81.1094839961769
739 	 81.09737092711373
740 	 80.66834486181085
741 	 80.88384366108176
742 	 80.27421478587748
743 	 80.20385286550552
744 	 81.34189656585686
745 	 81.02153955002426
746 	 81.06958384009633
747 	 80.77331137806188
748 	 81.87470734128419
749 	 81.04882044619467
750 	 81.67744332401236
751 	 80.56929941325825
752 	 81.20676559824942
753 	 78.42067495112626
754 	 81.37117641934896
755 	 80.89206618234428
756 	 80.08328893610981
757 	 81.15135696016523
758 	 80.90695765816025
759 	 80.31834115706472
760 	 80.71809112531227
761 	 81.10778658915457
762 	 80.5096777450673
763 	 81.01621194690901
764 	 81.77738525784325
765 	 82.23038664886805
766 	 80.35252099747986
767 	 81.96325593937132
768 	 81.73112259423553
769 	 82.7575807383449
770 	 82.63147304320374
771 	 82.9840029208429
772 	 82.21815374787332
773 	 83.21307827333182
774 	 82.24611428442007
775 	 82.32654130863227
776 	 81.24622757598836
777 	 82.73536885107673
778 	 81.88871710033953
779 	 82.85666754979042
780 	 82.49483955981849
781 	 81.91235277467034
782 	 80.77265762897333
783 	 81.6645532858429
784 	 81.26575579624226
785 	 81.45976792735412
786 	 80.65345945808953
787 	 81.05484866237167
788 	 81.0326623467859
789 	 80.96295897841435
790 	 81.55675208662511
791 	 80.95514739551972
792 	 80.8203787278547
793 	 83.2089419961114
794 	 80.9778999972419
795 	 80.41918828689514
796 	 81.75842030850747
797 	 80.44980619890835
798 	 81.43181251749728
799 	 82.30003202678498
800 	 81.13911036462503
801 	 80.15190611954289
802 	 81.96878240113689
803 	 82.06287261512539
804 	 80.3105364875411
805 	 82.39157285211373
806 	 81.41799894182193
807 	 79.94616960323337
808 	 81.79949457873471
809 	 80.26671432943127
810 	 80.12458259898672
811 	 80.12480777512134
812 	 80.57194309619197
813 	 81.47253270304864
814 	 80.08632570677614
815 	 80.02349547957539
816 	 81.87000934399184
817 	 80.41665426265371
818 	 81.75000442089211
819 	 80.59685995471965
820 	 80.00444094724554
821 	 80.38160326642539
822 	 79.75887916973923
823 	 79.12326384085792
824 	 77.27507619739622
825 	 79.15520633420645
826 	 78.82296746574171
827 	 79.05746601029898
828 	 79.00295840929641
829 	 79.67780845714657
830 	 80.08632792296997
831 	 77.60331614897437
832 	 79.046646734934
833 	 78.59189029461997
834 	 78.77190990748167
835 	 79.61221629141545
836 	 79.57855443507329
837 	 78.86659488458942
838 	 79.9729922060611
839 	 78.91325006553865
840 	 78.07772900265124
841 	 78.35818465981994
842 	 78.96829570792745
843 	 78.85458202365568
844 	 81.09940650619905
845 	 80.0530321547104
846 	 79.25265646863953
847 	 76.89972851147844
848 	 79.79315329151952
849 	 79.09609153184192
850 	 78.64977717824651
851 	 79.40938658892287
852 	 78.22098476279858
853 	 79.47294821053889
854 	 78.24677121997142
855 	 80.633201545395
856 	 80.22752590525423
857 	 80.16512349967752
858 	 79.17614099949834
859 	 79.99747807724968
860 	 76.70289031016073
861 	 77.67185333474264
862 	 79.21084638588809
863 	 80.00085266993551
864 	 78.88217370439882
865 	 79.45423882499226
866 	 79.67080254006238
867 	 77.88413998547823
868 	 79.727085430619
869 	 77.46091925409658
870 	 79.81494368565292
871 	 78.35960682409534
872 	 78.25511391118022
873 	 79.46696142183796
874 	 79.39626257959976
875 	 79.00286955907926
876 	 78.61193354358191
877 	 79.31777048826225
878 	 79.2691108349691
879 	 78.95091044190724
880 	 78.96510994764773
881 	 80.68087421302748
882 	 80.21230341898537
883 	 80.33818942076485
884 	 80.03993899423507
885 	 80.16559235175673
886 	 81.29268059053136
887 	 82.9615242122757
888 	 79.9208004921201
889 	 79.81447155971077
890 	 79.35985983255662
891 	 79.13534602323128
892 	 81.05489876933868
893 	 80.2359423488517
894 	 80.99667126450449
895 	 81.35562884208267
896 	 79.95081716532242
897 	 78.98795555942267
898 	 80.74676133545182
899 	 79.57895712412304
900 	 79.950710179758
901 	 79.64975781429334
902 	 79.44076441660125
903 	 79.94021485621957
904 	 79.29850817601829
905 	 80.53684280452055
906 	 79.22863207308355
907 	 80.47733660808234
908 	 79.95204159833573
909 	 80.90810295267383
910 	 80.38479181234096
911 	 79.50736209622228
912 	 79.02809216957259
913 	 80.50465623488189
914 	 81.12092755003775
915 	 81.69502179496419
916 	 80.5731395655302
917 	 80.31775292173651
918 	 81.81069328919727
919 	 79.74703682123004
920 	 78.98548816347066
921 	 78.498311117757
922 	 80.35306850971564
923 	 80.91498560071037
924 	 81.55493675137194
925 	 78.95298634942797
926 	 78.87656733565645
927 	 79.51154639534609
928 	 80.00204650611354
929 	 80.5177060017503
930 	 81.06125792482
931 	 80.60991760127612
932 	 79.63233460506909
933 	 80.00187781976773
934 	 81.33819718904515
935 	 81.15973365544001
936 	 80.8586416829789
937 	 81.60756545616962
938 	 82.18339103364862
939 	 82.0827090652763
940 	 80.78245641755987
941 	 81.39465256347809
942 	 80.00501230438724
943 	 80.72671998557657
944 	 79.04924561182402
945 	 79.71154479370301
946 	 78.66433610931615
947 	 80.40257161672635
948 	 80.52596993250764
949 	 80.62080089902099
950 	 81.23004513983864
951 	 79.7822698847692
952 	 81.29901488723415
953 	 80.13711357170912
954 	 80.71547592065622
955 	 80.63230225720623
956 	 81.1164876707346
957 	 80.31015903016983
958 	 79.26785323716098
959 	 80.11939373278105
960 	 81.3586083212787
961 	 79.74272087313992
962 	 79.60190650929061
963 	 78.98382603459926
964 	 81.36907318469261
965 	 80.85782004980393
966 	 80.7001639237549
967 	 81.23165255715314
968 	 80.52614614839246
969 	 80.11431174459804
970 	 81.22999958678272
971 	 80.64568450519046
972 	 80.13883429553391
973 	 80.96169104641118
974 	 80.88571918696583
975 	 79.50177478156411
976 	 79.89602418778755
977 	 81.17450822521216
978 	 80.90295875148409
979 	 79.96210640968151
980 	 81.20293382224156
981 	 79.86653317323614
982 	 79.75658029037798
983 	 80.53557132873448
984 	 79.58982018129232
985 	 80.57553729591929
986 	 80.33606667992571
987 	 79.01360858303775
988 	 80.04509246365173
989 	 78.44808855947372
990 	 78.8753054330859
991 	 79.68281080230362
992 	 79.02070945687235
993 	 80.4817057101437
994 	 78.53841780247647
995 	 79.36076081414218
996 	 79.67525285380862
997 	 80.75606137572503
998 	 80.84966792106357
999 	 79.93558303032174
1000 	 79.45691960831063
1001 	 79.05349567198336
1002 	 78.87600135859695
1003 	 79.9125276901449
1004 	 80.2479625059577
1005 	 79.80051127665979
1006 	 80.25667261516323
1007 	 79.98011103357825
1008 	 79.39335184559896
1009 	 78.9403585916507
1010 	 78.70600230207265
1011 	 80.02376119376945
1012 	 78.5197483265083
1013 	 79.09032395989877
1014 	 80.12019240904137
1015 	 79.43523607636641
1016 	 77.97810191814055
1017 	 78.74501072572205
1018 	 78.20274961772758
1019 	 78.24081163755183
1020 	 80.2228488536433
1021 	 79.1586177269348
1022 	 77.64296401308395
1023 	 80.10751253683944
1024 	 79.75590968750274
1025 	 78.6962291719698
1026 	 78.787478361525
1027 	 78.6304948939846
1028 	 80.30449430550442
1029 	 81.01407283540885
1030 	 80.8429735059199
1031 	 79.99025659074874
1032 	 80.00957635152488
1033 	 79.05533158004316
1034 	 78.65637924619325
1035 	 79.35232160805712
1036 	 79.22343661057103
1037 	 79.83851106009313
1038 	 78.33663582909902
1039 	 79.6013853189435
1040 	 79.81972246833547
1041 	 81.3153521738304
1042 	 80.38624384955035
1043 	 78.50286029158372
1044 	 78.82918075570305
1045 	 79.7271141697732
1046 	 79.47606067776118
1047 	 78.65263445071866
1048 	 80.34713342425815
1049 	 79.54821754381707
1050 	 79.52147235500185
1051 	 78.638206301872
1052 	 79.30079588310281
1053 	 80.14773649711589
1054 	 80.10528910824836
1055 	 78.05307186049484
1056 	 78.58553180225645
1057 	 78.94662517324647
1058 	 79.07920885222356
1059 	 77.85250773500206
1060 	 78.6756761973878
1061 	 78.4524188916234
1062 	 79.80698607857072
1063 	 81.42645110010646
1064 	 78.9056418413481
1065 	 79.57152939701305
1066 	 79.55152894762108
1067 	 79.5971026468451
1068 	 79.68609970863464
1069 	 80.79336143956019
1070 	 80.12292405953909
1071 	 80.98559050796194
1072 	 80.15711823446676
1073 	 79.29704921801601
1074 	 79.56186112188882
1075 	 79.79456719983177
1076 	 77.8408923867612
1077 	 80.13532736274966
1078 	 78.32458653557362
1079 	 78.97851995430453
1080 	 79.55139699796221
1081 	 77.69718610300662
1082 	 79.71690281576483
1083 	 79.1241923421263
1084 	 79.84737065040125
1085 	 79.56457058628438
1086 	 77.39477255938301
1087 	 79.18648520991347
1088 	 79.47621327042768
1089 	 78.87881139086443
1090 	 79.12000790506274
1091 	 78.64497604824403
1092 	 79.90314132371817
1093 	 79.35313932078493
1094 	 80.16912119574748
1095 	 79.06776857912008
1096 	 79.24736328786942
1097 	 79.38662253101262
1098 	 79.04512300567298
1099 	 78.09365066498117
1100 	 80.4848833809112
1101 	 80.41615675952865
1102 	 80.23766039871622
1103 	 80.09885081405083
1104 	 79.65927188070565
1105 	 78.78386012312376
1106 	 80.03848283305875
1107 	 79.69870760068443
1108 	 79.85357123005844
1109 	 81.01886930690797
1110 	 79.59184159498369
1111 	 78.07873662391813
1112 	 79.57858794276842
1113 	 79.4848746416061
1114 	 79.21105757640034
1115 	 79.89709381718895
1116 	 80.41798637482854
1117 	 79.83375613536604
1118 	 79.26725770818594
1119 	 78.79614016134924
1120 	 79.50475268381685
1121 	 81.6849381114986
1122 	 80.09914739023003
1123 	 81.50659698886099
1124 	 80.71645239093282
1125 	 79.55797756931548
1126 	 80.29932647721094
1127 	 79.43648906490415
1128 	 79.79171414377534
1129 	 78.84497990789252
1130 	 78.17450822173988
1131 	 79.70480568160181
1132 	 80.21345913218296
1133 	 80.4507413004042
1134 	 79.85425841231014
1135 	 80.24417801199618
1136 	 79.2707684044577
1137 	 80.39508460093823
1138 	 81.77706410296354
1139 	 79.33218519363183
1140 	 79.62893922481528
1141 	 79.42112471784871
1142 	 78.83881563145619
1143 	 79.2828390359513
1144 	 81.82864511633053
1145 	 79.27260142955798
1146 	 79.14936173895724
1147 	 79.70420422365015
1148 	 79.00564545318265
1149 	 78.90320820732593
1150 	 79.86304680763084
1151 	 81.06326714697761
1152 	 79.7918743821761
1153 	 79.94197131051985
1154 	 79.25692321814755
1155 	 77.56537591377595
1156 	 76.81197105967138
1157 	 78.19562116270063
1158 	 78.30261667613267
1159 	 78.79746647269268
1160 	 80.91501147374774
1161 	 80.29296501357007
1162 	 78.55700125107363
1163 	 79.13278885193529
1164 	 78.91635619704533
1165 	 79.4748229783919
1166 	 78.3832417975393
1167 	 78.79753631556368
1168 	 78.7954663801655
1169 	 79.41958629701814
1170 	 79.29169072137412
1171 	 81.1610422776632
1172 	 80.03051315081296
1173 	 79.8847669951934
1174 	 80.40161294589582
1175 	 78.85366086905306
1176 	 80.74033425328736
1177 	 78.74947185553478
1178 	 79.87881069611318
1179 	 79.59263498993585
1180 	 79.41977783398377
1181 	 79.5849944282012
1182 	 80.47354053188495
1183 	 80.09358179359006
1184 	 78.7410300994024
1185 	 80.05668708855174
1186 	 80.10534685347608
1187 	 79.31481929624942
1188 	 79.26316885880269
1189 	 80.31326200008449
1190 	 80.30698906816713
1191 	 80.6458998943673
1192 	 79.08809574122814
1193 	 79.029949616919
1194 	 81.39021498720213
1195 	 80.42761938834677
1196 	 78.81970272651884
1197 	 80.42415310898798
1198 	 79.96322955438562
1199 	 79.06360896965722
1200 	 79.11598303355494
1201 	 81.22193023012866
1202 	 81.67842269252303
1203 	 79.72740416084628
1204 	 81.00980818017653
1205 	 80.42273769906522
1206 	 82.20801737136789
1207 	 79.36766536653583
1208 	 80.39502396655921
1209 	 79.56964251057938
1210 	 79.55849129514507
1211 	 78.81118803783198
1212 	 80.02844997872609
1213 	 80.77680128842299
1214 	 78.77968103140623
1215 	 79.99612895575547
1216 	 80.99535735633609
1217 	 79.31871532851902
1218 	 79.40750312464152
1219 	 79.62588220488585
1220 	 79.51476322195573
1221 	 79.27304314489574
1222 	 79.12621345627245
1223 	 80.3300697779792
1224 	 78.70626709998876
1225 	 81.4085371389968
1226 	 81.33705012648502
1227 	 79.39270952673877
1228 	 79.44531728417884
1229 	 78.95196397478948
1230 	 80.03915672975475
1231 	 78.99752075881625
1232 	 79.49251731078793
1233 	 78.11984281595234
1234 	 80.02709743064162
1235 	 79.76726866411437
1236 	 79.74152555720309
1237 	 81.93943453389616
1238 	 80.0762699137004
1239 	 82.96454384104737
1240 	 79.42906393445928
1241 	 80.20773526361425
1242 	 80.65907411574099
1243 	 80.36786722528328
1244 	 79.81076786602947
1245 	 80.49672255329435
1246 	 79.72636520137748
1247 	 80.1802581387473
1248 	 80.06114993577775
1249 	 80.56434612025306
1250 	 79.45208948256402
1251 	 80.6595004007057
1252 	 79.46491803954213
1253 	 78.64127608192834
1254 	 79.66454615763692
1255 	 80.28023220215275
1256 	 79.52240254547323
1257 	 79.3674083354024
1258 	 80.79726455052956
1259 	 82.84970791482573
1260 	 81.23952778315254
1261 	 81.12112710016117
1262 	 78.67161936534335
1263 	 80.15290362398865
1264 	 78.86564690763703
1265 	 79.68592142558359
1266 	 79.30189561831827
1267 	 80.77702480792736
1268 	 80.77512563784391
1269 	 80.79555575333731
1270 	 79.59616481855652
1271 	 78.89713080130934
1272 	 77.92196188650847
1273 	 79.33998259770291
1274 	 77.6389586008156
1275 	 79.3585741551742
1276 	 79.04474616276057
1277 	 79.60987044462343
1278 	 79.10034538680716
1279 	 80.02400651767931
1280 	 79.39725624936912
1281 	 79.28857964523985
1282 	 81.69284365725477
1283 	 80.16721411402972
1284 	 79.82892091790708
1285 	 79.72480349977111
1286 	 78.09320715593181
1287 	 78.87467545794141
1288 	 79.7513962862742
1289 	 79.96101278572434
1290 	 79.26665328058594
1291 	 79.427589516005
1292 	 78.91920692887304
1293 	 80.0041752484251
1294 	 78.46390283312635
1295 	 78.82826368033801
1296 	 78.28733149226899
1297 	 80.10083730614271
1298 	 79.78424410811878
1299 	 79.69026805992976
1300 	 78.70602085698832
1301 	 79.27211435008971
1302 	 78.34833413365358
1303 	 78.0153338170057
1304 	 80.5369703159459
1305 	 78.63304641605805
1306 	 79.63035034289044
1307 	 78.03280916840419
1308 	 78.92715672979843
1309 	 79.68876522300165
1310 	 79.93390764580793
1311 	 79.57297664061512
1312 	 80.33316299861659
1313 	 78.30496120998443
1314 	 79.13859872682444
1315 	 79.82423368550045
1316 	 81.24053290373578
1317 	 79.89132012638449
1318 	 81.5629140423866
1319 	 80.08765036535965
1320 	 80.41138812483497
1321 	 81.88686055804311
1322 	 81.23476731905924
1323 	 81.18860875349121
1324 	 80.94231251162064
1325 	 79.69268027044787
1326 	 80.90612270751662
1327 	 81.89620987935626
1328 	 80.55914026231807
1329 	 80.482920688084
1330 	 80.0837919579945
1331 	 80.55542019917792
1332 	 80.36642923993553
1333 	 80.6887756904692
1334 	 80.63391838649179
1335 	 81.70321418755238
1336 	 80.06581139325715
1337 	 81.32163092317849
1338 	 80.7501579067991
1339 	 79.69129231735691
1340 	 80.31531141080512
1341 	 81.10779796212879
1342 	 81.36935264806446
1343 	 80.59051461778712
1344 	 81.04169137476015
1345 	 81.0913944584404
1346 	 81.54862629884339
1347 	 80.37761657489146
1348 	 79.72194720391649
1349 	 79.59820945406767
1350 	 80.56843114643456
1351 	 82.04936162214861
1352 	 79.65340512676573
1353 	 80.83719621484809
1354 	 80.31355237923789
1355 	 80.18610366610586
1356 	 80.23159519696456
1357 	 80.86006706696784
1358 	 79.25183733746972
1359 	 81.07614176934601
1360 	 81.02666481464178
1361 	 80.87054634802178
1362 	 80.74376568713603
1363 	 80.38389791600672
1364 	 81.02396614806693
1365 	 81.42891049966026
1366 	 81.19207628568392
1367 	 80.86285821913374
1368 	 81.05982612423641
1369 	 81.44581655087076
1370 	 81.52192530437749
1371 	 80.51334052870173
1372 	 79.92971065790853
1373 	 81.02009798458637
1374 	 82.87189965933449
1375 	 79.0910056254186
1376 	 80.10338896877767
1377 	 80.0804103780975
1378 	 81.0201058225841
1379 	 80.84773850030518
1380 	 80.43959472293334
1381 	 80.81665571163423
1382 	 82.26599456994218
1383 	 80.78292903584051
1384 	 81.6080592747522
1385 	 81.64341624603516
1386 	 80.62597134863627
1387 	 80.89444494205965
1388 	 82.84732245190519
1389 	 82.64143220098805
1390 	 82.2733496198719
1391 	 82.38353591057594
1392 	 81.79567320172866
1393 	 80.81626650055598
1394 	 81.63853829313676
1395 	 80.09683315369641
1396 	 80.41265053821154
1397 	 80.86431632879506
1398 	 79.92123478448306
1399 	 80.69755455110847
1400 	 82.11102778479314
1401 	 80.36312552696681
1402 	 80.93618990551391
1403 	 81.26580722656817
1404 	 81.00133833559836
1405 	 81.14585678531884
1406 	 80.83836484778413
1407 	 80.20957921481585
1408 	 79.7707228068855
1409 	 79.63678927836706
1410 	 79.92906492573881
1411 	 79.16968376117062
1412 	 79.97185291349048
1413 	 79.33758196365633
1414 	 80.66907926766424
1415 	 79.52298449342703
1416 	 78.50007360556829
1417 	 79.8778785591588
1418 	 80.88865806641358
1419 	 79.70285738288631
1420 	 78.71534822188232
1421 	 80.07447976556003
1422 	 80.72213495455465
1423 	 78.61265866357078
1424 	 81.15929382436788
1425 	 79.87644383861674
1426 	 79.94407669877388
1427 	 80.46594839219712
1428 	 79.97446697616442
1429 	 81.2925345383291
1430 	 80.52398103760456
1431 	 81.03107268386296
1432 	 81.19935882641558
1433 	 81.04862578195377
1434 	 79.19117371936156
1435 	 82.31282782146585
1436 	 81.31584597594308
1437 	 80.8330742113968
1438 	 79.72047089090343
1439 	 80.21638510300737
1440 	 80.58026400328983
1441 	 79.76629221656205
1442 	 80.12145874804997
1443 	 79.48635346353588
1444 	 80.20809292726742
1445 	 79.11642613195812
1446 	 79.54059595357279
1447 	 78.14064618717107
1448 	 80.65930198616269
1449 	 80.06844979850746
1450 	 79.90340585158717
1451 	 79.97254308990948
1452 	 79.86207997768777
1453 	 79.29112992320732
1454 	 79.67603445094328
1455 	 81.18588689497493
1456 	 78.08844418247595
1457 	 79.14415595763384
1458 	 80.38362392310027
1459 	 79.49763413823314
1460 	 79.17582142106944
1461 	 80.65143204025813
1462 	 78.7740920360569
1463 	 79.52279611131435
1464 	 79.56107176038626
1465 	 80.81913136828604
1466 	 79.28565720695832
1467 	 82.38576489029185
1468 	 79.12260172901254
1469 	 79.37254332957143
1470 	 80.12427199430176
1471 	 80.83968770239662
1472 	 80.26360342207907
1473 	 79.65733916022414
1474 	 78.97959989649758
1475 	 80.3891462544535
1476 	 78.8268401017394
1477 	 80.64931945775345
1478 	 80.61814654018316
1479 	 79.94640987736885
1480 	 79.06454184998077
1481 	 80.68491881884272
1482 	 79.29041117106263
1483 	 80.2100135076662
1484 	 80.19187520565511
1485 	 81.36260474876512
1486 	 81.14798022263842
1487 	 79.6409313024235
1488 	 80.90176070711924
1489 	 78.87292102455169
1490 	 78.20586543343371
1491 	 79.54822927890088
1492 	 79.621693830125
1493 	 78.18816124954044
1494 	 79.99927580403873
1495 	 79.89572963848633
1496 	 79.33672688196616
1497 	 79.25954575550786
1498 	 80.44019818649438
1499 	 79.04790710003762
1500 	 78.79744452181036
1501 	 79.53367562489096
1502 	 79.59696250048518
1503 	 80.62875531942053
1504 	 80.02077528838997
1505 	 79.87887761037148
1506 	 79.35664724849082
1507 	 79.4297738880645
1508 	 79.48643317704736
1509 	 79.1840108247689
1510 	 79.87684853802403
1511 	 80.82485623959394
1512 	 79.29978202179564
1513 	 81.00125683799611
1514 	 78.7728613150369
1515 	 79.3247786624824
1516 	 80.32965620886816
1517 	 80.03608282076135
1518 	 79.28978657981772
1519 	 78.87736302156722
1520 	 80.38232545889684
1521 	 79.37414115105172
1522 	 79.22864870485597
1523 	 79.43288483825789
1524 	 79.10937720749835
1525 	 79.49729775175113
1526 	 78.7042072993391
1527 	 79.07715735156208
1528 	 78.98230559045615
1529 	 78.49825110464425
1530 	 78.64582144825864
1531 	 78.79622434800083
1532 	 79.7038983459253
1533 	 78.91847990718635
1534 	 79.70587403360835
1535 	 78.2228366543951
1536 	 78.7395650693209
1537 	 79.22704915133068
1538 	 81.18645850864783
1539 	 78.92979073937434
1540 	 79.78350034798801
1541 	 78.36583065360567
1542 	 80.54706105487777
1543 	 81.0392091541242
1544 	 79.93112267983814
1545 	 79.79022953237865
1546 	 80.6864295432445
1547 	 79.70682215339154
1548 	 80.10123172869716
1549 	 79.4518598389617
1550 	 80.53456581195726
1551 	 80.67400974389624
1552 	 81.1292741592527
1553 	 79.99712605758072
1554 	 77.97500018720288
1555 	 80.73158426319354
1556 	 78.86784163120124
1557 	 80.3372446333887
1558 	 79.14011181045908
1559 	 79.86127114468104
1560 	 79.17594786102649
1561 	 79.7218241591722
1562 	 79.93355372084528
1563 	 79.48664483975652
1564 	 79.5171880456503
1565 	 79.92642487988677
1566 	 79.87156248476488
1567 	 79.29437334236088
1568 	 80.23820121298647
1569 	 80.44529055732815
1570 	 78.97814201241479
1571 	 78.64406415719922
1572 	 79.13771530293752
1573 	 79.62143503111471
1574 	 78.52906798901272
1575 	 78.92253310868766
1576 	 77.88615406770835
1577 	 80.12732043211396
1578 	 78.75534237292882
1579 	 79.9195515118179
1580 	 79.71589657620262
1581 	 80.51113310141541
1582 	 81.28299006210348
1583 	 81.26459244510956
1584 	 80.45885773113443
1585 	 81.57558953487981
1586 	 80.27657728347856
1587 	 78.63775059822089
1588 	 78.75213513756736
1589 	 79.76749812780068
1590 	 79.90848393177382
1591 	 81.59154393591105
1592 	 80.69817982755136
1593 	 79.64259228441234
1594 	 81.0991751220953
1595 	 80.67430632591717
1596 	 80.58601993827834
1597 	 81.64040294231955
1598 	 82.26600176146046
1599 	 80.54262244620857
1600 	 81.71123549808301
1601 	 82.10078719336755
1602 	 82.90347588011532
1603 	 81.5105082269059
1604 	 81.79717926536314
1605 	 82.30010714948367
1606 	 81.29081341456163
1607 	 81.50108354501758
1608 	 82.53677968610282
1609 	 81.01768704184131
1610 	 83.14661256258297
1611 	 82.64627986088684
1612 	 83.2301516182697
1613 	 82.24803616505652
1614 	 83.11207072260295
1615 	 82.43160299145013
1616 	 82.03179070543841
1617 	 82.05564590079403
1618 	 80.28868909504341
1619 	 82.94079490984548
1620 	 83.04581197327605
1621 	 82.99053379508719
1622 	 82.47808761167207
1623 	 82.99308869352024
1624 	 82.6463863382515
1625 	 82.71062884715013
1626 	 83.55326410322336
1627 	 81.91678871840729
1628 	 82.71818644027488
1629 	 81.31536084943446
1630 	 81.47632696964106
1631 	 80.82311138252955
1632 	 80.90072770542814
1633 	 81.00757016703024
1634 	 80.22625868722764
1635 	 81.39151808569521
1636 	 81.12694870005322
1637 	 81.72968404972607
1638 	 81.67286737780984
1639 	 80.96986702421738
1640 	 80.44555737892995
1641 	 80.18963631046554
1642 	 80.05889002429596
1643 	 81.55162945888357
1644 	 81.49707884388896
1645 	 81.27694489341623
1646 	 82.12313089137618
1647 	 82.74128002577804
1648 	 81.2043375597392
1649 	 80.62086059317778
1650 	 80.70424185710165
1651 	 81.8414170426073
1652 	 81.20381167656994
1653 	 81.16522226725881
1654 	 80.92424507159352
1655 	 80.3591716241784
1656 	 81.46917994289038
1657 	 81.42051703887913
1658 	 81.23738747445339
1659 	 81.42396883818967
1660 	 79.87147260356359
1661 	 81.28446635735641
1662 	 80.64410525344744
1663 	 81.44490414034537
1664 	 80.39143186072612
1665 	 81.24540899368255
1666 	 81.54946949671822
1667 	 80.48415505762995
1668 	 79.98208936329368
1669 	 80.84606252743608
1670 	 80.95392507586041
1671 	 81.98857541313215
1672 	 81.57071992053397
1673 	 80.51871406522552
1674 	 80.75901580733917
1675 	 80.09683785429924
1676 	 80.81434434040975
1677 	 80.9277112268222
1678 	 80.47777534273581
1679 	 80.89313199321857
1680 	 80.85694777125275
1681 	 80.77002719901347
1682 	 80.71089499349031
1683 	 80.27538262779204
1684 	 81.48693247888328
1685 	 81.25970180546352
1686 	 82.99899364275545
1687 	 81.89033081742777
1688 	 80.81012626120368
1689 	 80.50559557167158
1690 	 81.84637822915977
1691 	 81.39060688330572
1692 	 81.55533435091296
1693 	 82.00239824283116
1694 	 81.49628720795434
1695 	 80.2413306117931
1696 	 80.45016923613379
1697 	 80.93038137645128
1698 	 79.95670247005668
1699 	 81.03840282197655
1700 	 80.76605938080377
1701 	 80.59530983445741
1702 	 81.4834888518923
1703 	 80.32843946329572
1704 	 80.16235168849332
1705 	 81.2033158737657
1706 	 81.0755257105398
1707 	 81.3298992946514
1708 	 82.20609535135593
1709 	 82.46534084548267
1710 	 81.45088487021421
1711 	 81.39597966602028
1712 	 81.93113074471256
1713 	 80.67401081890694
1714 	 81.70570712728453
1715 	 80.59743579174899
1716 	 80.25250979277803
1717 	 82.42115055648372
1718 	 79.80997997999617
1719 	 80.8317810880479
1720 	 81.3136389977451
1721 	 79.62447206292185
1722 	 80.7092947746438
1723 	 81.07159774034676
1724 	 80.56986847704057
1725 	 79.74211989782668
1726 	 80.88959414541965
1727 	 81.68425558035673
1728 	 80.97709012794101
1729 	 81.29603297409356
1730 	 81.50740661844954
1731 	 82.38356975678546
1732 	 80.83542587325475
1733 	 80.74056499129678
1734 	 81.23699541935609
1735 	 80.69371677094749
1736 	 80.27277984443754
1737 	 80.2953850794118
1738 	 80.3436194082322
1739 	 81.04245440606813
1740 	 81.21113772389054
1741 	 80.821876282128
1742 	 79.27675535114695
1743 	 81.05757046642609
1744 	 81.3485563440307
1745 	 80.92705494281398
1746 	 80.22487811841835
1747 	 81.1106271794961
1748 	 79.83835883798776
1749 	 79.7258063252952
1750 	 79.70937905979514
1751 	 79.5785208671756
1752 	 80.18192938015585
1753 	 80.18892209869114
1754 	 79.44255289611523
1755 	 79.58525070773482
1756 	 79.64280198734582
1757 	 79.52840264348266
1758 	 80.98267309574867
1759 	 82.68447248683148
1760 	 78.95488363866059
1761 	 81.44773640615024
1762 	 81.76982507443036
1763 	 80.15524495904015
1764 	 80.16990384393314
1765 	 77.72461150021346
1766 	 78.42686402049529
1767 	 78.87821905512514
1768 	 80.20179957155764
1769 	 81.66954063496036
1770 	 80.14004714712432
1771 	 82.15560106391845
1772 	 79.25714264804591
1773 	 80.2778902084676
1774 	 80.82429084772744
1775 	 81.17882640173661
1776 	 80.96815305588484
1777 	 79.3579045469004
1778 	 80.22230210941669
1779 	 80.46616326164848
1780 	 79.481007941821
1781 	 79.90207012366757
1782 	 80.10091580470642
1783 	 81.18707921674125
1784 	 79.84697488331396
1785 	 80.01241527683337
1786 	 79.70640452375326
1787 	 79.4797620753871
1788 	 81.04882272592049
1789 	 79.76648510579881
1790 	 81.07584785467118
1791 	 80.20918503553798
1792 	 79.26407884954502
1793 	 79.82729246421995
1794 	 80.8414698516406
1795 	 80.19607583272503
1796 	 80.5842366969464
1797 	 79.66129571218092
1798 	 81.03200100602274
1799 	 80.90962021149554
1800 	 82.1174261226529
1801 	 81.74471991070955
1802 	 82.70157665480332
1803 	 80.88148932445569
1804 	 79.98322966471235
1805 	 81.85484830398015
1806 	 81.11627050700854
1807 	 82.34878226758117
1808 	 83.28448766270344
1809 	 81.93692009539424
1810 	 81.38390003298485
1811 	 82.95370390743457
1812 	 83.10190656010091
1813 	 82.31350678281738
1814 	 81.37365956605056
1815 	 81.26022074148537
1816 	 81.89243132451192
1817 	 81.26189168947215
1818 	 82.56990578693932
1819 	 82.30201370211633
1820 	 82.18783405281249
1821 	 81.8660708746331
1822 	 81.6314754464738
1823 	 79.47942930788557
1824 	 79.98046382571293
1825 	 78.99947423481014
1826 	 79.97046842500771
1827 	 80.49964602364645
1828 	 81.20658746460236
1829 	 80.05251508263673
1830 	 79.65325767885803
1831 	 81.48855132877326
1832 	 81.14513420411046
1833 	 80.49676760548654
1834 	 81.32602658851823
1835 	 81.53746530012367
1836 	 80.62319821566619
1837 	 79.83707509500861
1838 	 80.63999897266537
1839 	 83.17887506958434
1840 	 81.66493634637355
1841 	 80.57353837786475
1842 	 81.80807440536172
1843 	 79.51527685215915
1844 	 81.68543035711008
1845 	 82.5881007271118
1846 	 80.51448628581207
1847 	 79.85308171639458
1848 	 82.66184679682893
1849 	 81.61326228337435
1850 	 81.2179642207248
1851 	 82.37953389636918
1852 	 81.09014642044201
1853 	 81.15168696707448
1854 	 81.97647197691191
1855 	 82.96675906133369
1856 	 82.42216888272617
1857 	 82.12529494665695
1858 	 82.22939289351115
1859 	 81.85076655932096
1860 	 81.21516383721067
1861 	 81.19303021444688
1862 	 80.95757102046387
1863 	 81.51523444360832
1864 	 80.00998164794221
1865 	 80.89617516034772
1866 	 80.46347550894778
1867 	 82.02198584642875
1868 	 81.10044499408845
1869 	 80.20721950507357
1870 	 80.83732418229314
1871 	 80.50901768670757
1872 	 80.44626344581016
1873 	 81.9926656565742
1874 	 81.17920749701872
1875 	 81.83578312531803
1876 	 81.06404496774826
1877 	 82.23691706344846
1878 	 80.15257315264586
1879 	 80.81792259015054
1880 	 81.21803797301999
1881 	 81.67861966059256
1882 	 79.91396674429204
1883 	 80.73128566055874
1884 	 79.70493375055315
1885 	 80.52103736472725
1886 	 79.8671307014239
1887 	 81.1132382745728
1888 	 79.68749102315178
1889 	 80.71827758179445
1890 	 80.4241309233794
1891 	 80.66443432484522
1892 	 79.86393972642765
1893 	 80.88475032006099
1894 	 80.30460402497658
1895 	 79.47134423906273
1896 	 80.30589448213495
1897 	 80.1878826746192
1898 	 81.39725534813456
1899 	 80.40251517683816
1900 	 81.54244828218927
1901 	 79.17346080994716
1902 	 79.79814694051862
1903 	 80.04888143070328
1904 	 79.7211601238575
1905 	 81.55286804548317
1906 	 80.66759762893277
1907 	 79.44887811077413
1908 	 80.78804251569443
1909 	 80.65481077212189
1910 	 79.83753577204988
1911 	 79.8680559827857
1912 	 80.54259410910107
1913 	 80.21598033635011
1914 	 80.89339391808204
1915 	 79.93298729030376
1916 	 80.08045682944748
1917 	 81.68443340223403
1918 	 79.96221865819577
1919 	 80.61431433762986
1920 	 80.15648580800362
1921 	 81.31557143013268
1922 	 80.20956565857317
1923 	 81.75966151267032
1924 	 78.6564252879566
1925 	 79.38477633964051
1926 	 79.782840886293
1927 	 79.7008865775558
1928 	 79.45277351476027
1929 	 80.61059948661308
1930 	 80.06311709107453
1931 	 80.1646062197743
1932 	 78.942371736772
1933 	 80.4028023028556
1934 	 79.90858890291015
1935 	 80.76560900718728
1936 	 81.16292579484848
1937 	 79.03173506895935
1938 	 80.25249176981804
1939 	 81.89436818238865
1940 	 80.8558019421632
1941 	 79.5608533035819
1942 	 79.30555304924964
1943 	 79.5940166871878
1944 	 80.82540442588781
1945 	 79.8049696776185
1946 	 79.86145884086606
1947 	 79.59670065801598
1948 	 81.04961103033821
1949 	 80.7351413683345
1950 	 79.0440250890364
1951 	 80.76981307478208
1952 	 80.35821882605318
1953 	 81.10632877876387
1954 	 78.97962197394197
1955 	 79.58869657740613
1956 	 79.49192055100227
1957 	 79.26644183920652
1958 	 79.8644683625113
1959 	 79.64341982572897
1960 	 80.01013530331052
1961 	 80.88618448402322
1962 	 80.10702842082203
1963 	 79.79985819388442
1964 	 81.15183203772857
1965 	 79.49264464635095
1966 	 78.95445654158284
1967 	 81.43728739339947
1968 	 79.14000322746453
1969 	 79.41224789180718
1970 	 78.29176880599553
1971 	 79.63049320771697
1972 	 80.79290315443565
1973 	 82.73431249216884
1974 	 79.84215339664283
1975 	 81.43783044736554
1976 	 80.31376801793738
1977 	 79.59570186235523
1978 	 80.20955112289215
1979 	 80.88371050989626
1980 	 82.36192832348924
1981 	 80.74520388546101
1982 	 81.60997609037524
1983 	 81.52070653703035
1984 	 80.22957175792408
1985 	 80.53670748123898
1986 	 82.13200813595382
1987 	 80.61718002378947
1988 	 81.16353714038802
1989 	 79.79238792931686
1990 	 79.38224590420342
1991 	 81.15974466961076
1992 	 81.93283060874491
1993 	 82.71445887994896
1994 	 81.76998412533426
1995 	 81.45151412515199
1996 	 81.5037461183706
1997 	 80.83817653194409
1998 	 82.30142926643194
1999 	 83.75960767349106
2000 	 80.79687878608588
2001 	 81.0529149085536
2002 	 82.1728279533153
2003 	 81.1383213261798
2004 	 81.19131376182311
2005 	 81.68120141537786
2006 	 81.40296479252835
2007 	 81.88426858316107
2008 	 82.3253893887935
2009 	 81.4962212094841
2010 	 81.41468369507766
2011 	 82.15564022496156
2012 	 81.69725653336528
2013 	 81.68324576343188
2014 	 83.26529577955732
2015 	 82.65842566495047
2016 	 80.90486668977933
2017 	 81.38732006085377
2018 	 80.14891292749805
2019 	 81.57435272995986
2020 	 83.01009954922012
2021 	 80.74898235520355
2022 	 81.94148752366442
2023 	 80.99190932169881
2024 	 79.9621973369593
2025 	 81.66253693953283
2026 	 81.30842030042947
2027 	 80.52546536226252
2028 	 81.03114568057453
2029 	 80.71192397310755
2030 	 82.02380606119326
2031 	 80.23890059167593
2032 	 81.78251555962062
2033 	 80.83630543275439
2034 	 81.86195670101604
2035 	 81.15075871881604
2036 	 81.29149970742007
2037 	 81.69746253668937
2038 	 80.63207924527991
2039 	 80.46956030314335
2040 	 81.59211400968141
2041 	 80.36758287069578
2042 	 80.98360946268065
2043 	 80.37531594346396
2044 	 80.74546949645725
2045 	 80.50632898295126
2046 	 81.63706678735926
2047 	 80.2851598670664
2048 	 80.06512301148784
2049 	 82.53914619987839
2050 	 81.91676403315971
2051 	 80.63132319033522
2052 	 81.42187730994056
2053 	 81.39475020516358
2054 	 81.715008252637
2055 	 81.83367429249878
2056 	 81.62649457087863
2057 	 82.24493685814203
2058 	 82.6013702341949
2059 	 81.9612628908602
2060 	 82.60106408931246
2061 	 83.7882977208506
2062 	 82.6770370438665
2063 	 81.09268763813786
2064 	 81.5965279613558
2065 	 81.3340990207342
2066 	 82.48769547025988
2067 	 81.39436540512372
2068 	 82.89197403442637
2069 	 80.37143063902386
2070 	 79.89408805118686
2071 	 79.3177575255175
2072 	 78.90909170137462
2073 	 79.7908701842163
2074 	 80.64715173827177
2075 	 80.78496685950383
2076 	 79.89124017917277
2077 	 80.6289804258005
2078 	 80.44776201464562
2079 	 79.75007418836749
2080 	 81.26452155806145
2081 	 80.98546287857376
2082 	 80.06303680222005
2083 	 80.31071535314346
2084 	 80.59836130668235
2085 	 80.45798636889128
2086 	 81.00630627850609
2087 	 80.18830605916656
2088 	 79.47660342954235
2089 	 81.75086270452982
2090 	 81.51915854459756
2091 	 81.3396994932521
2092 	 80.92831991461678
2093 	 80.98910764657238
2094 	 82.6523574350837
2095 	 80.72295911314347
2096 	 82.01917525908623
2097 	 81.89088311628309
2098 	 81.3875016691536
2099 	 81.59115047589252
2100 	 81.13187912236536
2101 	 80.92769629400077
2102 	 80.89518461443545
2103 	 80.47116725489678
2104 	 82.344211119619
2105 	 82.7287687242289
2106 	 81.27521582846015
2107 	 82.42123966676897
2108 	 81.78933057116336
2109 	 81.23725948920519
2110 	 81.48630791107429
2111 	 82.28918125251204
2112 	 81.79491448709219
2113 	 81.13495142935415
2114 	 83.13785861009363
2115 	 82.57087014419926
2116 	 82.90648537249037
2117 	 82.28579071102575
2118 	 83.1249764538536
2119 	 82.84331299294843
2120 	 81.45380609065576
2121 	 82.64483046953904
2122 	 80.28187583790059
2123 	 82.51660606020569
2124 	 81.28368195767219
2125 	 81.47194040691447
2126 	 81.73857527216914
2127 	 81.64221883694229
2128 	 81.18305730538714
2129 	 81.71819477489183
2130 	 83.21283872703187
2131 	 81.36055752794971
2132 	 81.26340484194009
2133 	 82.03240751231354
2134 	 82.3372207429455
2135 	 82.15498213597677
2136 	 80.75106913671823
2137 	 82.93276326334555
2138 	 81.34932202063453
2139 	 80.88956248569423
2140 	 82.00273690589499
2141 	 81.361973793618
2142 	 82.83828938294464
