0 	 117.38766651816394
1 	 116.98984940217872
2 	 116.76474830273337
3 	 117.11831298649751
4 	 117.20073474124446
5 	 116.73620388560612
6 	 116.71905372665397
7 	 117.01918592910494
8 	 116.92082892062888
9 	 117.05339131255053
10 	 116.80373176666964
11 	 116.51691528816113
12 	 116.95357099479722
13 	 116.82925195725149
14 	 117.41445803534698
15 	 117.13248184841126
16 	 117.23701719135732
17 	 117.04512155522112
18 	 117.0170549729125
19 	 116.54485285044312
20 	 117.1740398349295
21 	 116.67457068362306
22 	 117.08904662293297
23 	 117.51800714356563
24 	 117.22161928374685
25 	 116.9624068062449
26 	 117.00710539104273
27 	 116.98656312997804
28 	 117.01955463073776
29 	 117.91896548676083
30 	 117.52509083866194
31 	 117.65429941423979
32 	 117.20236249083086
33 	 116.67727561398011
34 	 117.3948360810914
35 	 117.66155176865293
36 	 117.0003215418571
37 	 117.63622965520209
38 	 117.7146109078346
39 	 116.87986694781485
40 	 117.76753857247573
41 	 117.262187591649
42 	 117.61654984269626
43 	 117.3287633199044
44 	 116.23609332818198
45 	 115.94315954948692
46 	 117.10988525671712
47 	 117.48988403087358
48 	 116.4257190316833
49 	 116.87634143629018
50 	 117.65434522112703
51 	 116.88007338175532
52 	 117.4232379727177
53 	 118.24581715225044
54 	 117.13509514036386
55 	 117.37766288179427
56 	 117.94032079451861
57 	 116.77765032222169
58 	 118.37621341803127
59 	 116.60940479637287
60 	 118.43259775691324
61 	 116.77418795638143
62 	 117.76383198944913
63 	 116.39150634873988
64 	 119.3355590901087
65 	 117.45014205053393
66 	 116.6543162159718
67 	 115.64543640813262
68 	 116.280937711177
69 	 115.23397090871947
70 	 116.19941683506758
71 	 117.28294653370388
72 	 115.62520506191062
73 	 116.06618635850931
74 	 117.35975061321987
75 	 118.17906696496256
76 	 118.06074755984876
77 	 118.23078121483931
78 	 117.12403099643055
79 	 116.36077359933175
80 	 117.56220066394879
81 	 116.0642974102088
82 	 116.97666805657893
83 	 116.80946315642142
84 	 116.71375524056154
85 	 117.82264677509427
86 	 118.08143044115731
87 	 117.42026714534853
88 	 117.10009289699434
89 	 117.24359629293302
90 	 117.83545554955488
91 	 116.20461732230945
92 	 117.53065801682469
93 	 117.29772576172316
94 	 117.73148223784197
95 	 116.57603384506317
96 	 117.799810548575
97 	 118.63562610865351
98 	 119.1994236100466
99 	 118.54652992977455
100 	 117.28092173073789
101 	 117.13197195829964
102 	 117.24471906989044
103 	 117.0048106453385
104 	 115.53659735124816
105 	 117.68997714731077
106 	 116.77587178563932
107 	 117.07348415575338
108 	 117.00411389781041
109 	 117.80509010161038
110 	 115.81878449449432
111 	 117.80252034069805
112 	 118.19835308110368
113 	 116.58512207856374
114 	 117.27825843145494
115 	 118.94620630038919
116 	 117.02905221469493
117 	 117.20398424342248
118 	 117.91846646823493
119 	 119.03821363962206
120 	 118.37312142418203
121 	 118.59768204424606
122 	 117.05626475337341
123 	 115.56314067287397
124 	 116.4588469425946
125 	 118.72579148110954
126 	 116.85086308080342
127 	 117.72007313434337
128 	 117.64333536519278
129 	 116.95487379744822
130 	 117.40204958489092
131 	 116.63480156957162
132 	 117.27809512569505
133 	 116.97367138489504
134 	 116.42060274974047
135 	 117.80089368519536
136 	 118.4879058570346
137 	 117.41512204131286
138 	 117.02531710934448
139 	 117.05332795152887
140 	 116.17022130627132
141 	 118.62904778079294
142 	 117.94506600972161
143 	 116.604798957491
144 	 115.42946289821565
145 	 118.46368681946946
146 	 118.17165750064217
147 	 118.3944338833491
148 	 117.51949724867114
149 	 117.67575734792042
150 	 118.79622534917154
151 	 117.70999646311557
152 	 117.2813411153574
153 	 118.74496394758549
154 	 116.79472842317568
155 	 116.80180987081256
156 	 118.04055773175884
157 	 117.5013375529199
158 	 118.01526058443936
159 	 116.7390326590966
160 	 117.6109895091274
161 	 118.13601304466427
162 	 116.98081555766643
163 	 117.3015455642615
164 	 117.29796939063763
165 	 116.99361021890788
166 	 116.50738476862531
167 	 118.11594847245934
168 	 116.42586483728145
169 	 116.63991193860436
170 	 116.51029632892421
171 	 117.59279531104559
172 	 118.15587043021387
173 	 117.05490007518553
174 	 116.52350225284644
175 	 116.36161791904377
176 	 116.68191960999111
177 	 117.50194327142214
178 	 116.32394397840383
179 	 116.42993333563564
180 	 116.69145460387146
181 	 116.69710444707972
182 	 115.87021751352333
183 	 116.12153356988007
184 	 115.79977199213714
185 	 117.57974335969233
186 	 117.789180865875
187 	 116.47866895938326
188 	 117.13975299278756
189 	 116.5927936920461
190 	 116.52207071140285
191 	 116.4687359551632
192 	 117.42429240844311
193 	 119.08659567101084
194 	 117.75328625786928
195 	 116.672993430111
196 	 115.61475387531073
197 	 116.06718241306584
198 	 116.49241016033173
199 	 115.93267111244602
200 	 117.12026444414309
201 	 117.89168128376984
202 	 117.53358456740624
203 	 116.61061541166586
204 	 118.05942113951244
205 	 116.5188230505237
206 	 117.29308268463414
207 	 117.57311726891474
208 	 117.48719854722941
209 	 118.21615917101646
210 	 115.68098869961045
211 	 116.87547349417243
212 	 117.87727850151076
213 	 116.79495170878101
214 	 116.93985598829292
215 	 116.42666079962288
216 	 117.14188197268116
217 	 115.92970828826552
218 	 116.46090570077844
219 	 117.66544606392581
220 	 117.37066071137158
221 	 118.0307453573084
222 	 117.3042653212871
223 	 117.5937495444316
224 	 117.6522429089411
225 	 115.89318416490582
226 	 115.49065411607252
227 	 115.35656500675492
228 	 115.6406379414414
229 	 115.55957791054134
230 	 116.42290786435593
231 	 115.95309418279382
232 	 116.62304370004378
233 	 116.55315085516517
234 	 114.64052303897888
235 	 116.2632247701882
236 	 116.02958920064206
237 	 116.52574923520878
238 	 118.69724587477388
239 	 117.6806606085379
240 	 118.56156292791773
241 	 117.15014022510003
242 	 117.72817023844007
243 	 117.48845902924349
244 	 115.49995476342914
245 	 118.4452326673998
246 	 117.54986526935379
247 	 116.8591927370911
248 	 116.24358267241995
249 	 117.5276892736071
250 	 116.31797061753166
251 	 115.72873333185895
252 	 115.92590045226693
253 	 116.39581065549272
254 	 116.0748949183611
255 	 116.63867903908374
256 	 118.18034556516895
257 	 116.67746537160498
258 	 116.02702763310376
259 	 116.9057068728751
260 	 116.8887214117918
261 	 117.44115687695081
262 	 116.66506050227102
263 	 117.09977660563813
264 	 116.29636503389436
265 	 117.10589125778993
266 	 114.60431555323656
267 	 116.7820612192158
268 	 117.32764665013255
269 	 117.77744433250886
270 	 118.22323307175927
271 	 117.58753548974774
272 	 117.03482208624811
273 	 117.2010985206603
274 	 117.75519824574239
275 	 115.85869235145866
276 	 116.00868125327958
277 	 115.72342027422614
278 	 115.36188582276264
279 	 116.88828755120122
280 	 116.3665134879739
281 	 116.58901245034778
282 	 116.52075068301673
283 	 115.84738879017172
284 	 116.64936052029871
285 	 116.61323624192164
286 	 117.0650229846319
287 	 116.68972115139412
288 	 117.29707585345929
289 	 118.03172485685526
290 	 117.48761010885808
291 	 117.52241941951456
292 	 116.76220469635444
293 	 116.00687757220958
294 	 118.13203597905685
295 	 119.01189065813664
296 	 116.52860174006264
297 	 116.53599600250317
298 	 116.5486960056487
299 	 114.66634683924131
300 	 116.21985984388714
301 	 116.9906948280015
302 	 117.4398437448169
303 	 116.02368790471894
304 	 117.10228768942521
305 	 115.80434164058488
306 	 116.88355816391378
307 	 116.68240532531492
308 	 117.01661607102247
309 	 116.56874569301779
310 	 115.14527452115644
311 	 117.014182307497
312 	 116.03882301839273
313 	 115.04639908165136
314 	 115.52531616492526
315 	 114.63770777426005
316 	 114.89010990525973
317 	 116.47733834719004
318 	 116.9797208853343
319 	 116.24814665152512
320 	 117.86543074664603
321 	 117.15978222055783
322 	 116.72278762337345
323 	 115.45550804921567
324 	 116.06321875319016
325 	 115.76532878257524
326 	 118.31696321892682
327 	 117.08588273812477
328 	 116.2886771419961
329 	 118.04550229739438
330 	 116.58387151581458
331 	 114.86546972049564
332 	 117.28749866536693
333 	 116.66429480029751
334 	 115.93011248004619
335 	 115.57479041530335
336 	 116.67079241156583
337 	 115.19300340588721
338 	 117.4474216001979
339 	 114.67049151148939
340 	 115.23954689770754
341 	 115.74584736718427
342 	 115.25219698091284
343 	 115.85185724093108
344 	 116.34307178450464
345 	 116.45128480400649
346 	 116.01425202275885
347 	 116.39971560933041
348 	 117.94353806742755
349 	 116.0996613763617
350 	 117.25802491171568
351 	 118.3540137430639
352 	 117.06199179905681
353 	 116.90224050060291
354 	 117.35846938726631
355 	 115.67738904196273
356 	 116.82764688157462
357 	 116.2691385742333
358 	 115.35115648439148
359 	 116.27447408766652
360 	 114.67314898252447
361 	 114.1222577469613
362 	 116.70793506677272
363 	 116.16203128558311
364 	 116.96978060952938
365 	 117.80986860745226
366 	 118.60212448030035
367 	 117.75233260315339
368 	 116.42708717992305
369 	 116.51249259631558
370 	 118.9850825263019
371 	 117.51173870470059
372 	 117.43313069876345
373 	 115.967602683711
374 	 117.72666831357542
375 	 116.74317527946303
376 	 116.4221491785354
377 	 116.7980746003955
378 	 115.66683814036249
379 	 117.8299054749321
380 	 116.6828713255035
381 	 115.84664769858637
382 	 116.0444519119452
383 	 118.04018075457323
384 	 117.55066828081014
385 	 117.16306558213228
386 	 118.19088319309046
387 	 116.82860465447135
388 	 117.16364858791171
389 	 116.05957830411315
390 	 116.04496387290308
391 	 116.5431260741573
392 	 115.6514822437196
393 	 116.15289516884172
394 	 115.65345759109549
395 	 115.15856744792384
396 	 116.16130210788468
397 	 116.087683331777
398 	 117.08180772247391
399 	 116.63042903687712
400 	 117.30200977719203
401 	 115.23858363505244
402 	 116.17646922883704
403 	 115.49179484833266
404 	 115.90189142864908
405 	 116.01945909423047
406 	 117.07150516187488
407 	 116.4982912231683
408 	 115.56320789660305
409 	 115.19785137574237
410 	 117.23019306798835
411 	 116.17709575523166
412 	 117.06137675217555
413 	 117.32575308034995
414 	 116.44995881107145
415 	 115.48873312022047
416 	 117.0869797381139
417 	 117.17679879703766
418 	 116.66907450456465
419 	 115.97529192409434
420 	 117.58212924812582
421 	 116.76206637392175
422 	 115.80152503963065
423 	 116.6272200972635
424 	 116.41970056703084
425 	 115.95847298157219
426 	 117.23608748173399
427 	 115.75380554760814
428 	 115.02084368711508
429 	 115.85687133224944
430 	 116.75017339972582
431 	 117.07011822730605
432 	 115.56383130428821
433 	 116.68399612383068
434 	 117.31050487657846
435 	 115.77007463616783
436 	 116.41146225198825
437 	 116.83984967867286
438 	 117.34669884381962
439 	 115.95578159474263
440 	 116.54358879901132
441 	 116.00739987663937
442 	 115.70161601675532
443 	 116.93241601728933
444 	 116.12463713125828
445 	 117.12656008064569
446 	 116.78407279386711
447 	 116.19011304836278
448 	 116.50536105331119
449 	 117.94888860013656
450 	 116.24288456828559
451 	 115.65571901008676
452 	 116.91650487069829
453 	 116.06511628038926
454 	 117.7541097223356
455 	 117.23632331386536
456 	 117.44532610114709
457 	 116.11814075635819
458 	 117.04536948064587
459 	 116.34891232275784
460 	 117.2651915489033
461 	 117.03668224269643
462 	 116.25471843796338
463 	 116.50429190964499
464 	 116.45025625287445
465 	 118.01803257346778
466 	 116.92375947920914
467 	 117.2183798861917
468 	 117.28264373975362
469 	 117.49180872980467
470 	 117.60679500570991
471 	 117.47751958706466
472 	 117.03877242899449
473 	 118.09101078829863
474 	 118.18238416607527
475 	 118.31554545094173
476 	 117.49821109328303
477 	 116.92086535193899
478 	 117.83275692728262
479 	 117.6098192127476
480 	 118.71813712122905
481 	 118.1349611191621
482 	 119.48364911674246
483 	 118.0012678257647
484 	 116.9604845274215
485 	 116.79456232654982
486 	 117.42957624933993
487 	 118.24175799312093
488 	 118.02700095958362
489 	 118.88272655483387
490 	 117.53601958716163
491 	 117.0301902807055
492 	 117.44171056391164
493 	 117.32441871234936
494 	 117.42721802836999
495 	 116.80889354673107
496 	 117.77176410465495
497 	 116.8794668764737
498 	 118.40806266072629
499 	 116.75326341175465
500 	 117.01134003594886
501 	 118.13380606070952
502 	 118.13248497862772
503 	 117.8749788912393
504 	 117.51412610450957
505 	 116.46973417508687
506 	 117.3760898637567
507 	 116.73299609740629
508 	 116.74703449284115
509 	 117.49923522853935
510 	 117.57983927295285
511 	 117.70121145628949
512 	 116.52280562179295
513 	 117.60660513369045
514 	 117.25994223635843
515 	 117.9585102812814
516 	 117.55249406333512
517 	 116.88913887201836
518 	 117.74971002656962
519 	 116.60830322709619
520 	 117.23491743174145
521 	 118.40611316556402
522 	 117.06924497884448
523 	 116.96015978592395
524 	 116.26809350118027
525 	 118.7399264421613
526 	 117.36097522235308
527 	 117.63353447762117
528 	 118.52634829498957
529 	 118.1841887845351
530 	 117.70591397213715
531 	 117.942746281842
532 	 116.92549133009288
533 	 118.22465426871628
534 	 118.68321652094046
535 	 117.78164511501068
536 	 116.41526235440243
537 	 118.50466425588411
538 	 117.96899639354352
539 	 117.93153812308067
540 	 117.5423199431808
541 	 116.84074644555844
542 	 117.23675097437952
543 	 117.07793149199314
544 	 117.40468539594508
545 	 118.13574745844673
546 	 117.57479851014482
547 	 116.58102091776999
548 	 116.43309179165124
549 	 117.1896693691486
550 	 117.4980036308494
551 	 117.9933624599021
552 	 116.78340000791512
553 	 115.55053481317526
554 	 117.12385976840741
555 	 116.69705176814934
556 	 118.08450853348573
557 	 117.91804123458154
558 	 118.91466724404313
559 	 118.71355274808401
560 	 117.82726105284104
561 	 115.76591821524306
562 	 116.61752490766563
563 	 115.98960758918759
564 	 116.85198981537944
565 	 116.9654992766854
566 	 116.99068607727075
567 	 117.40963888683753
568 	 117.19688924630789
569 	 117.38884598405325
570 	 117.40329736028708
571 	 116.48454242483085
572 	 117.8466790236508
573 	 116.16019229218612
574 	 116.98688476785794
575 	 117.1720327435905
576 	 117.24680962355454
577 	 115.78255752823016
578 	 116.9295214148256
579 	 115.16391563588085
580 	 117.04703450924004
581 	 116.00292409772338
582 	 116.83534999746878
583 	 117.58027926011759
584 	 116.62411445026008
585 	 116.08189225633853
586 	 115.47000668860962
587 	 116.09647822350162
588 	 116.80469742992545
589 	 117.54149729725957
590 	 116.36177236505472
591 	 116.94866403697752
592 	 116.94065356609333
593 	 118.12364372255634
594 	 117.87499704243893
595 	 117.99923900879702
596 	 115.57253748325977
597 	 117.40862504484694
598 	 116.66777225068459
599 	 117.70295693941218
600 	 114.97132585786851
601 	 118.28511245388533
602 	 117.23026918136061
603 	 116.63350557782695
604 	 115.96931122853687
605 	 115.33959035939162
606 	 116.02891323101045
607 	 116.24790394693225
608 	 115.76655686102416
609 	 116.52799366517249
610 	 116.98441885273019
611 	 115.54475857326925
612 	 116.64490728887841
613 	 116.55524296731602
614 	 116.77699942542536
615 	 116.06583314361457
616 	 116.03292832184695
617 	 115.25139059271868
618 	 117.0281876054613
619 	 116.479062457101
620 	 116.54035142415869
621 	 117.87233480324564
622 	 116.4067358041614
623 	 116.8294610287228
624 	 116.2217791378955
625 	 117.60719348489476
626 	 117.32276575069683
627 	 116.00142895882001
628 	 117.90355161473119
629 	 116.48657866239218
630 	 118.13511120626077
631 	 116.58307536998494
632 	 117.16412656116539
633 	 117.52687937554163
634 	 117.58774250678685
635 	 116.4328365397026
636 	 116.3981905949086
637 	 117.32173418454536
638 	 117.3931262641301
639 	 116.4221832668674
640 	 116.88404495766173
641 	 116.03855304479352
642 	 116.7509122479454
643 	 118.156962418515
644 	 118.22684333605538
645 	 115.7056405130546
646 	 117.76338163925473
647 	 116.70207803683884
648 	 115.59722107085229
649 	 114.60465355076828
650 	 115.29111087064081
651 	 116.16240707758693
652 	 117.1681010754653
653 	 116.11039010815612
654 	 116.16801818423664
655 	 116.17907594633063
656 	 116.8523626383256
657 	 116.6669293414688
658 	 115.93658405431691
659 	 116.50762373645901
660 	 116.71281743758537
661 	 116.62654933307184
662 	 115.92294077610005
663 	 117.32240438466536
664 	 116.1289458948485
665 	 116.44332426401593
666 	 116.62606302982448
667 	 116.18233741283493
668 	 116.24708916096017
669 	 116.97678168457962
670 	 115.75309506865153
671 	 116.89646825103792
672 	 116.54751162367214
673 	 117.06736890125875
674 	 116.49664733195114
675 	 116.03880993156723
676 	 117.3434083885228
677 	 116.46882048853072
678 	 117.13705493895006
679 	 117.35147226403336
680 	 118.56431842506028
681 	 118.40920961235129
682 	 117.23125231016425
683 	 117.07680603649746
684 	 116.44409826587015
685 	 116.43664992397456
686 	 116.16642916299855
687 	 117.49879344527724
688 	 116.83068223548528
689 	 115.79587694601013
690 	 116.13183253531068
691 	 118.00369073163196
692 	 118.1747519579844
693 	 117.22729370558264
694 	 116.52869544275715
695 	 116.18021653374868
696 	 117.03640000991321
697 	 116.77030114831454
698 	 118.02485955446006
699 	 117.42054945303818
700 	 117.98657476232721
701 	 116.76695415113647
702 	 116.91594525049982
703 	 117.3482603137922
704 	 116.82916611639371
705 	 116.96914075398928
706 	 116.24268197317393
707 	 117.71750039429875
708 	 116.65315738561442
709 	 117.85151945422065
710 	 116.59735381306439
711 	 117.6334534648264
712 	 116.655499097269
713 	 118.37246689812712
714 	 117.18030063748127
715 	 118.33292731266663
716 	 117.70794944969256
717 	 118.17265432083904
718 	 118.54261599596276
719 	 117.83083252061029
720 	 116.89526333525849
721 	 117.93389456717831
722 	 118.26681572379955
723 	 116.9345970738075
724 	 117.9506143654107
725 	 117.0057034119754
726 	 116.85611498124936
727 	 116.55896356835414
728 	 115.49535394954003
729 	 117.58950910907389
730 	 118.25375784647682
731 	 116.47699252295436
732 	 116.33789070031416
733 	 117.57637570088988
734 	 117.47943496447273
735 	 117.39990220968527
736 	 118.34018226594621
737 	 117.1558121470084
738 	 116.75099617111368
739 	 117.31819895120994
740 	 118.1176302486319
741 	 117.76097482614841
742 	 118.07274015893307
743 	 118.08546982025479
744 	 116.84226434628626
745 	 117.40765265326891
746 	 117.21053900442853
747 	 117.00451036601457
748 	 116.77762135686687
749 	 116.90124950777316
750 	 116.10528772923017
751 	 117.38808638083297
752 	 117.65568739210298
753 	 119.34568550935127
754 	 116.43877927240634
755 	 116.88392122304752
756 	 117.50003972497312
757 	 117.55078880428579
758 	 117.16682485614218
759 	 117.56030171322965
760 	 116.83253112126549
761 	 116.30602580721443
762 	 117.07029544982441
763 	 116.74718928006551
764 	 116.87853594801842
765 	 116.81243850668203
766 	 118.09174521958934
767 	 117.26998190133236
768 	 116.87558114579208
769 	 115.64003205825159
770 	 116.69332546651728
771 	 115.49197376822178
772 	 116.69860801613959
773 	 116.09898747181157
774 	 116.95545222229822
775 	 116.28677915899746
776 	 117.36282178585783
777 	 116.50226529034231
778 	 117.01847475693249
779 	 116.69282730096985
780 	 116.72763601156346
781 	 116.96780586330658
782 	 117.5193986948905
783 	 117.4044235092793
784 	 117.66075299060161
785 	 118.02711428019337
786 	 117.96786021414735
787 	 117.15800853630533
788 	 118.19344607936223
789 	 117.68185886562607
790 	 116.84997509440046
791 	 117.08894859426164
792 	 116.7549501126144
793 	 115.87364440703857
794 	 118.161539174866
795 	 117.9746160940565
796 	 117.52620004275359
797 	 118.9247064039949
798 	 118.29431532803096
799 	 116.67123954242786
800 	 117.63385426379706
801 	 118.76056180272971
802 	 117.44067092234752
803 	 117.08490824563847
804 	 118.24760572559978
805 	 117.35261300602414
806 	 118.76205758657501
807 	 120.11867401801568
808 	 117.76908619221972
809 	 119.02968042678737
810 	 119.88284233565795
811 	 118.95991112594083
812 	 118.28801524219215
813 	 116.96806362469664
814 	 118.68722072476041
815 	 118.71735103550043
816 	 117.2586612103657
817 	 118.01500156133363
818 	 117.24197891785644
819 	 118.56081763957488
820 	 118.94768464925136
821 	 118.8798243312108
822 	 119.18309719645296
823 	 119.81202198115857
824 	 121.525894483089
825 	 119.18877887518924
826 	 118.96122584749592
827 	 118.80247177017742
828 	 119.09162732866582
829 	 118.48352302025388
830 	 118.478388753088
831 	 120.05740100733206
832 	 118.20895099939145
833 	 118.08525095444683
834 	 118.49278175979569
835 	 117.77667067772101
836 	 117.36163199873141
837 	 117.99948894119976
838 	 117.51353545460834
839 	 118.83945958932694
840 	 119.7599194754168
841 	 119.28418496785163
842 	 118.73453411638593
843 	 119.80558251884554
844 	 116.92952482507451
845 	 117.12215555968125
846 	 118.18996623642576
847 	 119.73988737106184
848 	 116.86780315092518
849 	 117.48582641626452
850 	 117.98138846770607
851 	 117.42159156057981
852 	 117.30224912848428
853 	 117.06163816748567
854 	 117.271878503117
855 	 115.63582359085461
856 	 115.76021652478255
857 	 116.02859663196483
858 	 117.28869462768589
859 	 117.04700004286386
860 	 119.20589097636255
861 	 118.62585659220555
862 	 116.8507661713333
863 	 115.92833028352165
864 	 116.8891135036469
865 	 116.8894781624443
866 	 116.21355361150542
867 	 118.47724520517708
868 	 116.82093334645946
869 	 118.51945268142015
870 	 116.09859474859293
871 	 117.65815777587974
872 	 118.63054351874467
873 	 116.96506517312717
874 	 117.13337817346587
875 	 117.36423263703142
876 	 118.16711145363239
877 	 117.46501739346196
878 	 117.06676841524445
879 	 117.82196007246873
880 	 116.88125634637672
881 	 116.06783433330077
882 	 116.93404500237436
883 	 117.02775971494337
884 	 116.85254188765681
885 	 116.63133175877702
886 	 115.60347829297453
887 	 114.70064267688808
888 	 117.1234061881609
889 	 117.4450262710819
890 	 117.56058588466009
891 	 116.53009269747002
892 	 115.54983953692124
893 	 115.44092174328019
894 	 115.44361688999949
895 	 115.10282932448328
896 	 115.8862750228405
897 	 116.84639525912739
898 	 115.71991112870329
899 	 116.7300929833306
900 	 116.92612946343195
901 	 115.9545963617163
902 	 116.20495906591859
903 	 116.16751340973921
904 	 116.61036556286626
905 	 115.6450059771638
906 	 116.68867451768183
907 	 116.24660485964968
908 	 116.42863981827479
909 	 115.53676437486479
910 	 115.99678466010378
911 	 116.73691226462286
912 	 117.08999701483708
913 	 116.3211142624069
914 	 114.90313474962178
915 	 114.32417106035331
916 	 116.3038265599562
917 	 116.30254734484356
918 	 115.07819267741225
919 	 116.8172926903413
920 	 117.86177907272638
921 	 117.94458970106899
922 	 115.95514039723683
923 	 115.59206547071174
924 	 115.67373342174136
925 	 117.27186984685011
926 	 117.30068029456343
927 	 116.56799889255332
928 	 117.285756918827
929 	 116.65511851360465
930 	 115.54503321057733
931 	 115.9945454120656
932 	 117.00330464795772
933 	 116.39068638849442
934 	 115.68957412339022
935 	 114.8873506185604
936 	 116.24313988940274
937 	 115.66178258078752
938 	 114.97468133758538
939 	 114.92666853640971
940 	 116.4624492474312
941 	 116.00382029433887
942 	 117.7351284173341
943 	 117.17852056345345
944 	 118.04767740566832
945 	 118.10079364469809
946 	 118.97559697918703
947 	 116.97229722195388
948 	 116.74550258126837
949 	 116.52236824655321
950 	 116.03402268717167
951 	 117.41070987532704
952 	 116.02715107171785
953 	 117.33628247639967
954 	 116.27180285905344
955 	 116.88032464368476
956 	 116.58840687041973
957 	 116.52243449711328
958 	 117.08152680693128
959 	 116.84683663856785
960 	 116.58164801121802
961 	 117.62569785002398
962 	 117.49043844649569
963 	 117.91861891496976
964 	 116.18695157953775
965 	 117.30253379482427
966 	 116.91866780945007
967 	 116.01928094981041
968 	 116.02122050669733
969 	 116.0654528969185
970 	 115.94222474737413
971 	 116.01491309224187
972 	 117.05527410635716
973 	 115.52993758521481
974 	 115.87514511227363
975 	 117.57355766903989
976 	 116.83134229552127
977 	 115.51751448873496
978 	 116.16577739947572
979 	 116.73615427832043
980 	 115.31034873880364
981 	 116.73624645050826
982 	 117.58241392553091
983 	 116.83027666267338
984 	 117.95367496150409
985 	 116.82112271298166
986 	 117.31874451332399
987 	 117.41316199032785
988 	 116.1914275319085
989 	 118.18057214075722
990 	 117.35956483015447
991 	 117.1319021552793
992 	 117.17809818264564
993 	 116.55029877282973
994 	 118.19228554472488
995 	 117.69394240239932
996 	 117.22078625346185
997 	 115.80991740562062
998 	 116.2345997764493
999 	 116.08384892328756
1000 	 116.87918603702954
1001 	 117.62818417341992
1002 	 117.45728451171841
1003 	 116.80276942946618
1004 	 117.00725464398342
1005 	 117.48812866301775
1006 	 116.52684027299235
1007 	 116.89760504751087
1008 	 117.24498685194364
1009 	 117.08984881422224
1010 	 117.41578220223569
1011 	 117.77561612216518
1012 	 118.3186738046324
1013 	 118.68988662206507
1014 	 117.26248687918294
1015 	 117.94760069733576
1016 	 118.640933204833
1017 	 118.05785793727709
1018 	 118.59781262999981
1019 	 118.30612676089152
1020 	 116.66413727117647
1021 	 116.85461112901147
1022 	 119.2907775315548
1023 	 116.85777175403341
1024 	 117.52303724730919
1025 	 117.87338441600588
1026 	 117.94624396733317
1027 	 118.60403519126237
1028 	 116.38193951269122
1029 	 116.49353242961237
1030 	 116.88276743504207
1031 	 116.38879999671218
1032 	 117.29148560798164
1033 	 117.24339372226109
1034 	 117.9270282029495
1035 	 117.15848223373798
1036 	 117.71431916644545
1037 	 117.2468244737286
1038 	 118.87326543963924
1039 	 116.70918702709058
1040 	 117.47517077784127
1041 	 116.75188215930842
1042 	 117.44733907301506
1043 	 118.8556119813304
1044 	 119.21943927991686
1045 	 117.72629006386782
1046 	 118.05399404237176
1047 	 118.43336371385098
1048 	 117.10757460813484
1049 	 117.3128911122736
1050 	 117.90864499709697
1051 	 118.97865323781235
1052 	 118.69369975466773
1053 	 117.84556239388317
1054 	 117.78818287248662
1055 	 119.21706337813391
1056 	 118.60229164076267
1057 	 117.64698555198943
1058 	 117.53839229385324
1059 	 119.57356588219426
1060 	 117.86503680785917
1061 	 118.41439121884274
1062 	 116.71612224059596
1063 	 115.94013111618897
1064 	 118.12149334214932
1065 	 117.03060440122908
1066 	 117.52151874340716
1067 	 117.32494199819621
1068 	 117.13024865952201
1069 	 116.62932454129863
1070 	 117.1142595753481
1071 	 115.97397526886347
1072 	 116.25196039185971
1073 	 117.47948379179749
1074 	 117.52761398638351
1075 	 116.8563350357247
1076 	 118.76187252136586
1077 	 116.42779518185787
1078 	 117.83769710105423
1079 	 117.75743783548408
1080 	 117.5399450428586
1081 	 119.38492592750237
1082 	 117.27719902856853
1083 	 117.40794130485942
1084 	 116.83387049936698
1085 	 117.19194035999328
1086 	 119.39579227378576
1087 	 117.67482022401586
1088 	 117.3748466958926
1089 	 117.18258914204928
1090 	 117.2925628039746
1091 	 118.44096485072679
1092 	 117.4348021626308
1093 	 117.8457079006938
1094 	 117.43269933221825
1095 	 118.32229283906543
1096 	 118.13400667708383
1097 	 118.40851098651964
1098 	 118.40099068063583
1099 	 119.48570551959408
1100 	 117.23496577631995
1101 	 116.55973588709954
1102 	 117.29644136755165
1103 	 117.3869665009579
1104 	 117.06320499062046
1105 	 117.8901262418469
1106 	 116.78907740973993
1107 	 117.27770430152349
1108 	 117.30935644145914
1109 	 117.22267690591761
1110 	 117.93370206165191
1111 	 119.04474708639033
1112 	 117.78018764933927
1113 	 117.49897879268617
1114 	 118.13345162148676
1115 	 117.34340746857964
1116 	 117.15438394889959
1117 	 116.12131694365083
1118 	 117.4532516731958
1119 	 117.67102955789876
1120 	 117.75629981256647
1121 	 116.35819193019113
1122 	 117.85096747659459
1123 	 116.0102082908774
1124 	 116.24315376072546
1125 	 118.00466349930608
1126 	 117.18350118788902
1127 	 117.66444481448288
1128 	 117.08441015498
1129 	 118.91478749628861
1130 	 118.51089999044103
1131 	 116.78173398092984
1132 	 117.52151199676575
1133 	 117.42260557453822
1134 	 118.3481184878967
1135 	 117.02584154630668
1136 	 118.79374689496407
1137 	 116.07487179118726
1138 	 115.34767108887493
1139 	 118.18946981211799
1140 	 118.18968189897944
1141 	 118.42113400909594
1142 	 118.41262491962055
1143 	 117.29246939082118
1144 	 116.24548893822538
1145 	 117.24216336778355
1146 	 117.56808480166198
1147 	 117.22342328968617
1148 	 117.41471480733773
1149 	 116.88308904652898
1150 	 116.44756633107457
1151 	 115.45412279811715
1152 	 116.70752983996034
1153 	 116.53873848540198
1154 	 117.47443451940273
1155 	 118.09833653466809
1156 	 118.86473429133109
1157 	 118.4326198807705
1158 	 117.23256686842029
1159 	 117.60618018394234
1160 	 116.03168593909267
1161 	 116.48155044172668
1162 	 118.73703840544846
1163 	 117.5509320016594
1164 	 117.97914454677704
1165 	 117.22849951797669
1166 	 117.81925977294897
1167 	 118.32373164016376
1168 	 117.32171346589897
1169 	 116.35753196760956
1170 	 116.9431646695986
1171 	 116.15985454047357
1172 	 117.27045837952495
1173 	 116.86422736834598
1174 	 116.87811310694275
1175 	 118.34143804363478
1176 	 116.84440970142974
1177 	 118.85253311316367
1178 	 117.55902065808328
1179 	 117.87801486467096
1180 	 118.20510725735326
1181 	 118.32823139369377
1182 	 117.01030658623232
1183 	 117.35660968647706
1184 	 118.58706777205636
1185 	 118.46137785078454
1186 	 118.08790916962118
1187 	 118.88454491046458
1188 	 118.41167653376179
1189 	 117.48238292667095
1190 	 117.62675234836674
1191 	 117.06683892756857
1192 	 118.44932285909798
1193 	 119.00718321785311
1194 	 117.08338248575794
1195 	 117.50375811992554
1196 	 118.32513591904973
1197 	 116.83486010160631
1198 	 116.94903574089588
1199 	 117.42897125346056
1200 	 116.98321966305187
1201 	 115.94314839318713
1202 	 115.44702686362311
1203 	 116.77098329074035
1204 	 115.8637420677927
1205 	 117.26212560008499
1206 	 115.80188891613855
1207 	 118.27818560949768
1208 	 117.67951599496406
1209 	 118.46017520718195
1210 	 117.83369708972089
1211 	 118.22897525368374
1212 	 117.16367917942648
1213 	 116.20012530414301
1214 	 118.30485052856986
1215 	 117.14096272915734
1216 	 116.72187663279851
1217 	 118.50477437219766
1218 	 117.82164256654748
1219 	 118.70471278365514
1220 	 118.68155061919643
1221 	 118.08534860543604
1222 	 119.12436039200004
1223 	 116.70957251255909
1224 	 118.53443085521859
1225 	 116.42604628046392
1226 	 116.66421516720959
1227 	 117.47206255937573
1228 	 117.71073527710925
1229 	 117.85009354234968
1230 	 116.6999921882238
1231 	 117.425919774873
1232 	 117.63640697945348
1233 	 118.42046799606597
1234 	 117.1558206552464
1235 	 118.15356210479733
1236 	 117.70667487444464
1237 	 116.2459552107405
1238 	 117.01043111761987
1239 	 115.00354257008351
1240 	 117.76374773916005
1241 	 116.67016327008344
1242 	 117.00773063645622
1243 	 117.0026188792897
1244 	 117.02348507729832
1245 	 116.83114528327773
1246 	 116.83803918364195
1247 	 116.87571520741663
1248 	 116.52511376819493
1249 	 116.4575819641041
1250 	 118.1739791155819
1251 	 116.50945902183715
1252 	 117.45274562425709
1253 	 118.32787703951142
1254 	 117.2128754255679
1255 	 117.64254221958119
1256 	 118.5527715759013
1257 	 118.61092721405794
1258 	 117.43896433643128
1259 	 115.1445250315202
1260 	 115.7688628921183
1261 	 116.71044828650294
1262 	 118.494403558061
1263 	 117.08590091385237
1264 	 119.32463699530852
1265 	 118.66824480199578
1266 	 118.05994583856483
1267 	 116.8188815740014
1268 	 116.94902311226268
1269 	 116.9363888665232
1270 	 118.860896292879
1271 	 118.50959060880984
1272 	 119.28460603997888
1273 	 117.69974773656529
1274 	 118.95373401377603
1275 	 118.0714881160337
1276 	 117.68955573899474
1277 	 117.94071793353865
1278 	 117.48256104435919
1279 	 117.08401212541575
1280 	 117.57992672025729
1281 	 117.50629275846826
1282 	 115.54161339787463
1283 	 116.14261804562953
1284 	 116.24899438851875
1285 	 116.37062004587683
1286 	 117.97963478970884
1287 	 118.01317982250039
1288 	 116.60173573206552
1289 	 116.28604878739276
1290 	 116.6913937074982
1291 	 117.39222201375247
1292 	 117.21283915996935
1293 	 116.42987070275012
1294 	 117.99793381603993
1295 	 117.89198169317352
1296 	 118.37730809251626
1297 	 117.15889742642706
1298 	 117.74791477044856
1299 	 116.75835347891807
1300 	 118.51066130582589
1301 	 117.07078128943488
1302 	 117.99728861529985
1303 	 119.13328381168434
1304 	 117.01103300159969
1305 	 118.31214226154275
1306 	 117.62268731923034
1307 	 118.80941396506635
1308 	 118.09248488209803
1309 	 118.15331740166236
1310 	 117.53743175177239
1311 	 117.83761810439393
1312 	 117.35195448927156
1313 	 119.32521670069316
1314 	 117.98718643226464
1315 	 117.23765919216324
1316 	 115.95825234808456
1317 	 117.37813855156988
1318 	 115.56605986293967
1319 	 117.10060637996874
1320 	 116.16519261171965
1321 	 115.45481353584607
1322 	 115.3872013987751
1323 	 115.06940723545402
1324 	 115.16648184590481
1325 	 116.702658817369
1326 	 115.5414260608356
1327 	 115.28225898947618
1328 	 116.35355549368138
1329 	 115.83644163648519
1330 	 116.57776868179933
1331 	 116.07945822717802
1332 	 116.88385884649236
1333 	 116.02713466217791
1334 	 116.42473318086047
1335 	 116.30834917440589
1336 	 116.5979533982476
1337 	 115.87355354681154
1338 	 116.03467856309028
1339 	 117.58128205049228
1340 	 116.41143314777126
1341 	 115.3430386673466
1342 	 115.84906622682843
1343 	 116.52250683018389
1344 	 116.66762729735322
1345 	 116.0304406681525
1346 	 115.5027664396391
1347 	 115.81192841718806
1348 	 117.1029686185621
1349 	 117.57321525346163
1350 	 116.8838018329548
1351 	 115.16858883307155
1352 	 116.23495578263268
1353 	 115.8885849691246
1354 	 116.3364659657458
1355 	 116.71247209420679
1356 	 116.44257416656953
1357 	 114.96664999906861
1358 	 117.86616902980637
1359 	 115.72580206122049
1360 	 115.41367281398834
1361 	 115.61536540357703
1362 	 116.32486119177655
1363 	 117.38676218389075
1364 	 116.30975119706422
1365 	 116.83346938322596
1366 	 115.89015681973275
1367 	 116.04679747597713
1368 	 116.1598151933633
1369 	 116.44681361927042
1370 	 116.67579595626287
1371 	 117.29616853675832
1372 	 118.22897692107625
1373 	 116.98295098900358
1374 	 114.68292978568913
1375 	 118.12923623600794
1376 	 116.94500298014432
1377 	 117.66669068168268
1378 	 116.70998056546705
1379 	 117.26038709344601
1380 	 117.01410755773234
1381 	 116.90531548540538
1382 	 115.24972966175024
1383 	 116.26500045266052
1384 	 115.46282449011264
1385 	 116.1176867901558
1386 	 116.92395473195496
1387 	 117.22620898337806
1388 	 115.66786719606333
1389 	 115.27065185910055
1390 	 116.05201536438476
1391 	 116.04219093797668
1392 	 116.70830246231722
1393 	 118.0018756973766
1394 	 116.26368049936612
1395 	 117.9487117450734
1396 	 117.4743270837177
1397 	 117.37328549153996
1398 	 118.23952243181934
1399 	 117.37315716785247
1400 	 115.93771879113118
1401 	 116.73006220159922
1402 	 117.3422751385836
1403 	 116.68100722742221
1404 	 116.40403225138203
1405 	 116.56088753379012
1406 	 116.2025294822214
1407 	 116.78519150715101
1408 	 117.02061674610248
1409 	 117.01892907518572
1410 	 116.65210385811146
1411 	 117.7884409012195
1412 	 117.71335454375728
1413 	 118.18283366633064
1414 	 116.66853277704152
1415 	 117.30036615206458
1416 	 118.09789884377624
1417 	 116.58339361785664
1418 	 115.70064989826759
1419 	 117.83098696745252
1420 	 118.56842689746699
1421 	 118.09892065720577
1422 	 116.3968704534911
1423 	 118.57977589184867
1424 	 116.56424739798283
1425 	 117.91764390592873
1426 	 118.08974087861561
1427 	 117.52294718096105
1428 	 118.44236935008654
1429 	 117.12712925462085
1430 	 118.89053330840562
1431 	 117.53352743152298
1432 	 117.5132053033207
1433 	 117.62957764224299
1434 	 119.03829028293576
1435 	 116.39116653727645
1436 	 116.71112569636684
1437 	 117.57309053258066
1438 	 118.539101647055
1439 	 117.87316715352472
1440 	 116.98756018803273
1441 	 118.30178878180055
1442 	 118.2059033638169
1443 	 118.50675267267377
1444 	 117.34563196033237
1445 	 118.00734813952658
1446 	 116.9761940150433
1447 	 118.66312107518584
1448 	 116.17930827526204
1449 	 116.72208557043786
1450 	 117.26032897571012
1451 	 117.46163606340654
1452 	 117.00771565512144
1453 	 116.78669200358367
1454 	 117.46894156160927
1455 	 116.34911778627473
1456 	 119.97644656899944
1457 	 117.91856421642348
1458 	 117.00028118378792
1459 	 118.00158805992346
1460 	 119.51438898637501
1461 	 116.71443033911942
1462 	 118.37915763898955
1463 	 117.48988257714346
1464 	 117.57103941671454
1465 	 116.92895660143363
1466 	 118.66330483382596
1467 	 115.1435875046389
1468 	 117.83640545595213
1469 	 117.94037650809729
1470 	 117.6582611439301
1471 	 116.24870004104524
1472 	 116.39731813138893
1473 	 116.62753997151701
1474 	 118.00674884137192
1475 	 116.5736164095925
1476 	 118.73334123750574
1477 	 116.30197108473354
1478 	 116.3532876514021
1479 	 117.07649385749146
1480 	 117.2939089567799
1481 	 116.43473870282189
1482 	 117.83692266270921
1483 	 117.18749538939514
1484 	 117.24551373030631
1485 	 115.81280220104931
1486 	 116.94798158241665
1487 	 117.91239541187609
1488 	 116.74472398636249
1489 	 118.69094654564225
1490 	 118.47737249079739
1491 	 118.4802445059088
1492 	 117.64702680883411
1493 	 118.97012434072846
1494 	 116.59384874429215
1495 	 116.95092216666254
1496 	 117.6570948049847
1497 	 116.86358678731351
1498 	 116.36029684222693
1499 	 118.39762678302706
1500 	 118.37662419403844
1501 	 117.95095521069766
1502 	 117.34866564219665
1503 	 116.04984600991558
1504 	 116.86005003921828
1505 	 116.75376811082728
1506 	 117.40011442405613
1507 	 118.1457375534065
1508 	 117.08999802580011
1509 	 116.77182814039523
1510 	 115.95103293390589
1511 	 115.83695824129778
1512 	 116.76337750964538
1513 	 114.78023913339925
1514 	 117.45607243626667
1515 	 115.7756761136503
1516 	 115.18279890165437
1517 	 115.63563423749227
1518 	 117.42095831002331
1519 	 117.88129080874556
1520 	 116.6597407543849
1521 	 117.07313758132831
1522 	 116.981321955265
1523 	 116.65220766409907
1524 	 117.07887806326211
1525 	 116.92093312566053
1526 	 117.06768996716974
1527 	 117.40947482794436
1528 	 117.3236162920657
1529 	 117.88302890428695
1530 	 117.4778787623222
1531 	 116.56272443308039
1532 	 116.56211633535776
1533 	 117.04359704874356
1534 	 116.11180958816136
1535 	 117.4626008838431
1536 	 117.38268838760952
1537 	 116.8918240093619
1538 	 115.79567730543812
1539 	 117.33954862145056
1540 	 116.02701630163138
1541 	 118.33242880453811
1542 	 116.19616213274102
1543 	 115.70426034326393
1544 	 116.45998467532769
1545 	 116.70977541461983
1546 	 115.34773454873246
1547 	 116.886236374668
1548 	 116.04300260817772
1549 	 116.5948009157968
1550 	 115.78295548706168
1551 	 115.00371608364497
1552 	 115.00103268540032
1553 	 116.56586093478477
1554 	 118.05069826446413
1555 	 115.75395362569444
1556 	 116.85756678405369
1557 	 116.20028674315347
1558 	 117.03755579602856
1559 	 116.33926132336516
1560 	 117.07402749436635
1561 	 116.6916247107611
1562 	 116.2200028752175
1563 	 116.34127057540941
1564 	 117.33359622097447
1565 	 116.56255736311098
1566 	 116.70035831913934
1567 	 116.9642573276324
1568 	 116.0199065127339
1569 	 115.37733147645999
1570 	 116.40289210348543
1571 	 117.0458757841785
1572 	 116.07383361901775
1573 	 115.85964435800172
1574 	 117.41296496619182
1575 	 117.22578410664703
1576 	 118.43255028245407
1577 	 116.21262623399998
1578 	 117.26684708351632
1579 	 116.06190595182058
1580 	 116.95604702618915
1581 	 116.26430845130773
1582 	 115.88870409301578
1583 	 115.97217282773852
1584 	 116.63866744158658
1585 	 114.98459477541739
1586 	 115.91406558427511
1587 	 118.4421932421378
1588 	 117.95768031893853
1589 	 117.17714275841053
1590 	 117.17566451152852
1591 	 115.92758677802117
1592 	 116.5635442910557
1593 	 117.0632833167253
1594 	 115.8328402834806
1595 	 116.58878479961919
1596 	 116.50085726890735
1597 	 115.86349421754267
1598 	 115.447510405587
1599 	 117.19904377890273
1600 	 115.82423229892454
1601 	 116.59813582778513
1602 	 115.49036700822633
1603 	 116.32692018120561
1604 	 116.5390980904447
1605 	 116.32659347176802
1606 	 116.41321620320038
1607 	 116.45682915348705
1608 	 115.47459005685475
1609 	 117.0088466235088
1610 	 115.34828690795003
1611 	 115.85972102256893
1612 	 115.70042069261095
1613 	 116.39716955800876
1614 	 115.5474434867083
1615 	 115.80205119999115
1616 	 115.85766521019602
1617 	 115.74770718295183
1618 	 117.7010382181252
1619 	 115.52540881546734
1620 	 115.28489006240108
1621 	 116.46555693998481
1622 	 116.70720269573907
1623 	 115.72168559104827
1624 	 116.48862521069259
1625 	 115.94184318271644
1626 	 115.24288610573983
1627 	 116.52760652932099
1628 	 115.83318594553987
1629 	 116.97281613670742
1630 	 116.79756703476096
1631 	 117.10834007264594
1632 	 118.04487770646939
1633 	 117.16552646566734
1634 	 118.73231134956465
1635 	 117.55226340658818
1636 	 117.69506024671857
1637 	 117.34194157123666
1638 	 116.65850380606251
1639 	 117.54723013933328
1640 	 118.68681354135771
1641 	 118.26649107837692
1642 	 118.61447742353887
1643 	 117.40718487134193
1644 	 117.27485364189782
1645 	 117.20430828796258
1646 	 116.78053576306152
1647 	 116.24759135256978
1648 	 117.16458505279279
1649 	 117.01405016156538
1650 	 117.28770628091762
1651 	 116.39979451163951
1652 	 116.52684335435272
1653 	 116.58652743378771
1654 	 116.87951293620827
1655 	 117.8921579711103
1656 	 116.91116982924487
1657 	 117.15718783755798
1658 	 117.24271209662363
1659 	 116.78265044508919
1660 	 117.74262277452982
1661 	 116.34134646368216
1662 	 118.03199562565155
1663 	 116.47169753836435
1664 	 117.3852716146603
1665 	 116.2334876284511
1666 	 116.13631678296551
1667 	 117.47846634768662
1668 	 117.10225287042944
1669 	 117.56223137271387
1670 	 116.56987228596775
1671 	 116.36558445844173
1672 	 116.98814943552426
1673 	 117.0637815651056
1674 	 117.37207958044536
1675 	 118.13939210958651
1676 	 118.02762907053157
1677 	 117.21263364761671
1678 	 117.53203864430756
1679 	 116.69944575794896
1680 	 117.22627993979725
1681 	 117.29420630894107
1682 	 116.95057744758542
1683 	 117.72026929246327
1684 	 116.63722762816961
1685 	 117.03407888831201
1686 	 115.58451237437745
1687 	 116.16839460729348
1688 	 117.06986225484751
1689 	 117.92340992611271
1690 	 116.5629737571803
1691 	 116.25308041977898
1692 	 116.89241001251239
1693 	 115.80386603228094
1694 	 116.54847687327107
1695 	 116.97514959498089
1696 	 117.22809202547793
1697 	 115.53849994657524
1698 	 117.50859067919352
1699 	 116.54161674946042
1700 	 116.4439592447707
1701 	 116.96377274992889
1702 	 116.17289953650643
1703 	 118.15315939930207
1704 	 117.94619112818748
1705 	 117.21695826990847
1706 	 116.83933687279622
1707 	 116.99596248017772
1708 	 115.80432093668139
1709 	 116.05064054002499
1710 	 116.22990390213586
1711 	 116.88745564888272
1712 	 116.23607605453765
1713 	 117.33944675649344
1714 	 116.81526169602121
1715 	 117.65755181179479
1716 	 116.66510604569115
1717 	 114.6012754296668
1718 	 117.50696957047715
1719 	 116.45335258023022
1720 	 116.00339613401239
1721 	 117.53887646818472
1722 	 117.9466616012029
1723 	 116.4736720790779
1724 	 116.4164449677822
1725 	 117.30947780508906
1726 	 116.15499415349048
1727 	 116.10361371093413
1728 	 116.91478829214277
1729 	 116.6448220653143
1730 	 116.81746222729554
1731 	 115.69074706484014
1732 	 116.23435068513488
1733 	 116.84997316224546
1734 	 116.41591673367697
1735 	 116.68270313093272
1736 	 117.05767568357497
1737 	 117.02438441232864
1738 	 116.36048792357613
1739 	 116.59075360986523
1740 	 115.90835357721159
1741 	 116.59133819310975
1742 	 117.39682787500139
1743 	 116.2138860156689
1744 	 115.42795278674087
1745 	 115.67956053524036
1746 	 116.12849797928953
1747 	 115.65884553947748
1748 	 116.51376224051897
1749 	 116.28620499844341
1750 	 116.75240546156016
1751 	 116.87528258639244
1752 	 116.42311984705552
1753 	 115.96301123522335
1754 	 117.22424076307244
1755 	 117.66741476609985
1756 	 117.37656741003629
1757 	 117.82774227327315
1758 	 115.69291136815117
1759 	 115.09856920847986
1760 	 118.41832738272736
1761 	 115.4000410103887
1762 	 113.99528754447222
1763 	 115.79927657889804
1764 	 116.39562225782169
1765 	 118.42111897638684
1766 	 117.92739315883927
1767 	 117.19111678737134
1768 	 116.15613169083518
1769 	 115.27332658857517
1770 	 117.03043501298302
1771 	 114.6231674509471
1772 	 117.09186012457536
1773 	 116.07942090402362
1774 	 116.15842562234128
1775 	 115.64511698813591
1776 	 116.40147340893584
1777 	 117.91968954257106
1778 	 117.31206215551337
1779 	 116.45579464090989
1780 	 116.43955445818027
1781 	 116.71826225304794
1782 	 116.06659017582611
1783 	 115.27111754045984
1784 	 116.42995190630324
1785 	 116.94461641905222
1786 	 117.51745319866868
1787 	 117.83624777320534
1788 	 116.20301181179173
1789 	 117.02657061926057
1790 	 115.11276991820716
1791 	 116.3724436319566
1792 	 116.58667886672656
1793 	 115.99854823379471
1794 	 115.75496188886372
1795 	 116.33092471400666
1796 	 116.1839648325338
1797 	 116.35348777331762
1798 	 115.07857471891155
1799 	 114.9488201665766
1800 	 114.30252643007955
1801 	 114.58143758924327
1802 	 114.04411483738195
1803 	 115.21894218025184
1804 	 116.30246724448817
1805 	 115.35899117615486
1806 	 115.62173739317684
1807 	 114.2048770729618
1808 	 113.91848276950017
1809 	 114.66078180732313
1810 	 114.87755726525604
1811 	 113.37925775468699
1812 	 113.19559021115056
1813 	 114.07086740094486
1814 	 114.80103991026394
1815 	 114.98268502213485
1816 	 115.16221889151056
1817 	 115.13867466474179
1818 	 114.29035271885405
1819 	 114.46234561106507
1820 	 114.39955533465758
1821 	 114.189695670725
1822 	 114.72990796735608
1823 	 116.49790555624871
1824 	 116.224596769374
1825 	 116.9099670430963
1826 	 116.54496535036067
1827 	 116.41919816745668
1828 	 115.19845211949908
1829 	 116.71425353394652
1830 	 116.9683459593019
1831 	 115.12552761024422
1832 	 115.42807962964363
1833 	 116.51335925614066
1834 	 115.20505136437141
1835 	 114.93013725536622
1836 	 116.2274502459457
1837 	 117.20579834172948
1838 	 115.93629977065541
1839 	 113.45020306048332
1840 	 114.41508190370251
1841 	 115.84062332385992
1842 	 115.09365187019722
1843 	 117.183198293111
1844 	 115.44823034507296
1845 	 114.47509749959282
1846 	 116.33958784317414
1847 	 116.70532039450451
1848 	 114.759085783962
1849 	 114.75795990098324
1850 	 115.15693593168109
1851 	 114.41691766788898
1852 	 115.10546958277483
1853 	 115.6695678784586
1854 	 114.3327809254872
1855 	 114.537856957833
1856 	 114.45458433090718
1857 	 114.57448174850265
1858 	 114.9556612175411
1859 	 114.91804522820895
1860 	 116.42580471019103
1861 	 115.91297359081753
1862 	 116.62816552955898
1863 	 115.6420569715765
1864 	 116.62250643804165
1865 	 116.01189814944502
1866 	 116.79295321459087
1867 	 114.7068685258524
1868 	 115.99788438846917
1869 	 116.50575694765021
1870 	 115.50141792552138
1871 	 115.3657359332667
1872 	 116.50127329001829
1873 	 114.8463876007075
1874 	 115.79874927969871
1875 	 114.63758839833389
1876 	 115.38669034250097
1877 	 114.02759602501314
1878 	 115.89835633296529
1879 	 115.08048635973796
1880 	 115.27745151206751
1881 	 114.52519130484019
1882 	 116.44775417339649
1883 	 115.80754511995326
1884 	 116.42349827562842
1885 	 115.0641805579876
1886 	 116.025273550879
1887 	 114.90733878544705
1888 	 117.25265630511943
1889 	 115.87443352026841
1890 	 116.59747884821269
1891 	 115.46564077723363
1892 	 116.36840594767976
1893 	 115.57190616062682
1894 	 115.85066702535656
1895 	 116.70913097309983
1896 	 116.31674157102981
1897 	 116.17199850579935
1898 	 114.98914619153688
1899 	 115.71309517990862
1900 	 114.7266717445308
1901 	 116.80606250896865
1902 	 116.19941516017957
1903 	 115.85459786305123
1904 	 116.93276226907405
1905 	 114.53774542004668
1906 	 115.09617799440852
1907 	 116.56349892649393
1908 	 114.88918052585761
1909 	 114.90016879481904
1910 	 115.88045275427831
1911 	 115.36920464836626
1912 	 115.02324156796318
1913 	 115.77420507839135
1914 	 114.6316997719481
1915 	 115.84076009823232
1916 	 115.35587977443905
1917 	 113.96074604380867
1918 	 115.83563457836847
1919 	 115.33490259952106
1920 	 115.25748316261026
1921 	 114.57735456032856
1922 	 115.25229719761121
1923 	 114.40400977538664
1924 	 116.89858671200905
1925 	 116.86041908787577
1926 	 117.54351974210505
1927 	 117.48513173045318
1928 	 117.83083391771025
1929 	 117.42880770412903
1930 	 117.15732772183478
1931 	 115.99971816710516
1932 	 117.7376560034648
1933 	 117.0816094828094
1934 	 117.56747003582096
1935 	 115.97237414220965
1936 	 115.8832035231631
1937 	 116.49168220665558
1938 	 116.1261712281018
1939 	 115.26948589923681
1940 	 117.37922310133393
1941 	 116.89013761140745
1942 	 117.63536949218917
1943 	 116.9246032042362
1944 	 115.69356799949128
1945 	 117.17898071568729
1946 	 116.58134454177448
1947 	 116.88481516921152
1948 	 115.79234389060981
1949 	 116.4504944868274
1950 	 117.35088069141064
1951 	 116.29738011273545
1952 	 116.06324917977409
1953 	 116.3276155743713
1954 	 117.61249049326129
1955 	 117.53933745445984
1956 	 116.72185932198504
1957 	 116.83379222345756
1958 	 117.74476955847379
1959 	 116.98434488997731
1960 	 116.85403644927476
1961 	 116.49431595200315
1962 	 116.13081628598157
1963 	 117.30844255513937
1964 	 116.19391180751613
1965 	 117.03262746000937
1966 	 117.5646528025217
1967 	 116.27335540045641
1968 	 117.60467376737154
1969 	 117.1635480321312
1970 	 118.38002537528376
1971 	 117.18308991944086
1972 	 115.63462759192022
1973 	 113.44396966468324
1974 	 116.67395956179823
1975 	 114.66705741264434
1976 	 116.15392497122764
1977 	 116.70202660963001
1978 	 116.46013682631258
1979 	 115.55682081938986
1980 	 114.46902948713289
1981 	 115.35812854862766
1982 	 115.38331699972827
1983 	 115.21358894947906
1984 	 115.93362916045356
1985 	 116.24532783265892
1986 	 114.99845095090912
1987 	 115.68079744649806
1988 	 115.52575886411172
1989 	 116.16928651434341
1990 	 117.10860914420542
1991 	 115.00172358658799
1992 	 114.24177017790258
1993 	 114.30410122214596
1994 	 115.72001627364136
1995 	 115.92319889037789
1996 	 116.02785092456111
1997 	 116.58340727608544
1998 	 115.06611079743453
1999 	 113.82628395622216
2000 	 116.12785909412827
2001 	 116.11618873083881
2002 	 116.08694701167947
2003 	 116.55274320500313
2004 	 116.35776766913263
2005 	 115.53229540676035
2006 	 116.32558237374062
2007 	 115.82050152602991
2008 	 116.31759890780489
2009 	 116.43278074158532
2010 	 116.1491513414867
2011 	 115.6214009734261
2012 	 116.61482065695277
2013 	 116.70046921094648
2014 	 113.78003441514694
2015 	 115.23136853938102
2016 	 116.53825258936776
2017 	 116.93092254504946
2018 	 117.2760543965157
2019 	 116.24745261079777
2020 	 114.95620639705572
2021 	 117.0294741278156
2022 	 115.43409260747636
2023 	 115.95400309277719
2024 	 117.03603467608671
2025 	 115.19600775509727
2026 	 116.41101642463791
2027 	 116.57646041582457
2028 	 116.3343187714023
2029 	 117.11880360889575
2030 	 114.91238019209146
2031 	 116.28508469857442
2032 	 115.29719166514538
2033 	 115.29426195702248
2034 	 114.9120697445872
2035 	 115.52832793366244
2036 	 116.82392375609159
2037 	 115.25981898704383
2038 	 115.62645859218834
2039 	 115.33109517705782
2040 	 115.05452395040687
2041 	 116.25697799417082
2042 	 115.60695896587798
2043 	 116.39177939250119
2044 	 115.96477795622086
2045 	 115.4389318867955
2046 	 115.02982013324171
2047 	 115.31950660438862
2048 	 116.6047294343993
2049 	 114.22451839523312
2050 	 115.70807194776216
2051 	 116.01775666030501
2052 	 115.99842151145387
2053 	 115.35814384821587
2054 	 114.60520837848892
2055 	 114.89444782594326
2056 	 116.11774298563112
2057 	 114.49829307873806
2058 	 114.21115785477485
2059 	 114.8719400427073
2060 	 114.49839659662318
2061 	 113.68536787992441
2062 	 114.32006885136263
2063 	 115.5922953965348
2064 	 114.66654951232677
2065 	 114.96744720157477
2066 	 113.79289148064194
2067 	 114.01583029845952
2068 	 113.17308567727352
2069 	 115.9985867168519
2070 	 116.1835151942343
2071 	 116.90081109135119
2072 	 117.76743865592445
2073 	 116.18006935258387
2074 	 115.74871198749942
2075 	 116.02036225896988
2076 	 116.9376550416635
2077 	 115.72183952409594
2078 	 116.61395175632748
2079 	 116.556164240061
2080 	 115.1413376176946
2081 	 115.50584073007096
2082 	 115.76161056113322
2083 	 116.32733834354721
2084 	 116.2679149151437
2085 	 115.44561710175282
2086 	 115.51689689540298
2087 	 116.30688472923912
2088 	 116.22115191597535
2089 	 113.77241260548855
2090 	 115.35506828708986
2091 	 114.42092370999379
2092 	 114.75324603210335
2093 	 114.6504433340852
2094 	 113.35720516923026
2095 	 115.13654514290498
2096 	 113.94624579485473
2097 	 113.97727950422764
2098 	 114.65197207462553
2099 	 114.49392593287364
2100 	 115.01734303164747
2101 	 115.22790395487836
2102 	 115.06348725668582
2103 	 115.71745001587875
2104 	 113.92537000622661
2105 	 114.0238087519002
2106 	 114.86675404445563
2107 	 114.08214177109508
2108 	 114.33595900929059
2109 	 115.22456740021318
2110 	 114.67972301661644
2111 	 114.38469385345529
2112 	 114.1486304135808
2113 	 115.92918987682897
2114 	 113.74355332647754
2115 	 114.37792249841041
2116 	 113.3932535776602
2117 	 114.94936937806003
2118 	 113.87953418301358
2119 	 114.11046861508457
2120 	 115.67760736507799
2121 	 114.927011578316
2122 	 116.68395396403731
2123 	 114.94360204462417
2124 	 115.63169388531465
2125 	 115.70452007218418
2126 	 115.60840628083837
2127 	 115.88815265949047
2128 	 116.18943607002369
2129 	 115.34959193921298
2130 	 113.61835683677046
2131 	 115.18916583601207
2132 	 115.73740334181876
2133 	 115.4537039429685
2134 	 114.32241150175781
2135 	 114.57951805406839
2136 	 116.74351196847918
2137 	 115.36882856207784
2138 	 115.77154599247469
2139 	 116.16760427374363
2140 	 115.5495252865189
2141 	 116.01010847537016
2142 	 114.06701078739869
