Residue	RMSF
0 	 8.596826553344727
1 	 6.147355556488037
2 	 3.714026927947998
3 	 3.013582706451416
4 	 3.3299639225006104
5 	 1.3121719360351562
6 	 0.7399871349334717
7 	 0.6535364985466003
8 	 0.5698779821395874
9 	 0.4847165048122406
10 	 0.5328642129898071
11 	 0.47753670811653137
12 	 0.4628451466560364
13 	 0.45148777961730957
14 	 0.561693549156189
15 	 0.8720552921295166
16 	 0.6080214977264404
17 	 0.5999690890312195
18 	 0.5544133186340332
19 	 0.619579553604126
20 	 0.5558674335479736
21 	 0.4408591091632843
22 	 0.5002257823944092
23 	 0.5372246503829956
24 	 0.44470688700675964
25 	 0.41997194290161133
26 	 0.5272716879844666
27 	 0.5105470418930054
28 	 0.4244486093521118
29 	 0.4477872848510742
30 	 0.5265377759933472
31 	 0.49427950382232666
32 	 0.5013854503631592
33 	 0.6043680906295776
34 	 0.9838641881942749
35 	 0.7632372975349426
36 	 0.8593045473098755
37 	 0.6524943709373474
38 	 0.6138270497322083
39 	 0.6642204523086548
40 	 0.8546281456947327
41 	 0.8439135551452637
42 	 0.6115432977676392
43 	 0.5525121688842773
44 	 0.5049915909767151
45 	 0.44786983728408813
46 	 0.5770298838615417
47 	 0.6924673318862915
48 	 0.8835082650184631
49 	 1.1440776586532593
50 	 1.445920467376709
51 	 0.9320390224456787
52 	 0.902538001537323
53 	 0.8642643690109253
54 	 0.898830771446228
55 	 0.7657070159912109
56 	 0.5605378150939941
57 	 0.528533399105072
58 	 0.5169368386268616
59 	 0.4170539081096649
60 	 0.39410293102264404
61 	 0.4196946322917938
62 	 0.42414891719818115
63 	 0.4772666096687317
64 	 0.5260565280914307
65 	 0.6792090535163879
66 	 0.7354135513305664
67 	 0.7454257011413574
68 	 0.5990576148033142
69 	 0.6013084053993225
70 	 0.4418632388114929
71 	 0.39676424860954285
72 	 0.3649766743183136
73 	 0.400056928396225
74 	 0.4269264340400696
75 	 0.4535590708255768
76 	 0.4438622295856476
77 	 0.47456926107406616
78 	 0.5091325044631958
79 	 0.4458887577056885
80 	 0.4232434630393982
81 	 0.46683526039123535
82 	 0.5311896800994873
83 	 0.5107211470603943
84 	 0.38335204124450684
85 	 0.42402878403663635
86 	 0.5562077760696411
87 	 0.9366191625595093
88 	 0.92403644323349
89 	 0.6489802002906799
90 	 0.5278228521347046
91 	 0.45584166049957275
92 	 0.5131810903549194
93 	 0.6203847527503967
94 	 0.8358564972877502
95 	 0.978034257888794
96 	 1.1037439107894897
97 	 0.9814708232879639
98 	 1.1647791862487793
99 	 1.2056810855865479
100 	 1.0309209823608398
101 	 1.0325857400894165
102 	 0.981774091720581
103 	 0.9095231890678406
104 	 1.034760594367981
105 	 1.121546983718872
106 	 1.0613831281661987
107 	 0.9476473927497864
108 	 0.9822350740432739
109 	 1.2499284744262695
110 	 1.2955063581466675
111 	 0.7972227931022644
112 	 0.9359889626502991
113 	 0.8536044955253601
114 	 0.7572492957115173
115 	 0.6381023526191711
116 	 0.625724732875824
117 	 0.6890354752540588
118 	 1.0714118480682373
119 	 1.0290523767471313
120 	 1.7315654754638672
121 	 1.2788556814193726
122 	 0.7428423762321472
123 	 0.5101345181465149
124 	 0.5761492252349854
125 	 0.6421483159065247
126 	 0.5620506405830383
127 	 0.48041877150535583
128 	 0.5786264538764954
129 	 0.5901868939399719
130 	 0.5548653602600098
131 	 0.6834431290626526
132 	 0.6126703023910522
133 	 0.5433557629585266
134 	 0.4602992534637451
135 	 0.5524864792823792
136 	 0.5432685017585754
137 	 0.41820183396339417
138 	 0.382013738155365
139 	 0.35628214478492737
140 	 0.43065616488456726
141 	 0.4347969889640808
142 	 0.43774208426475525
143 	 0.37673771381378174
144 	 0.35610610246658325
145 	 0.3749001920223236
146 	 0.39690735936164856
147 	 0.38007625937461853
148 	 0.39267027378082275
149 	 0.432134747505188
150 	 0.42101892828941345
151 	 0.4151248335838318
152 	 0.4984647035598755
153 	 0.5568777322769165
154 	 0.5467174053192139
155 	 0.6689267754554749
156 	 0.7905334234237671
157 	 1.045905590057373
158 	 1.0056750774383545
159 	 0.9033536911010742
160 	 0.8645753860473633
161 	 0.6495847702026367
162 	 0.5779644846916199
163 	 0.5340709686279297
164 	 0.4506765902042389
165 	 0.41504305601119995
166 	 0.40477702021598816
167 	 0.3622387647628784
168 	 0.35340574383735657
169 	 0.3419269025325775
170 	 0.3223497271537781
171 	 0.3488079905509949
172 	 0.3377171754837036
173 	 0.3255250155925751
174 	 0.3652326762676239
175 	 0.34959232807159424
176 	 0.35568857192993164
177 	 0.3570498526096344
178 	 0.38383805751800537
179 	 0.3963313698768616
180 	 0.3848353624343872
181 	 0.4242483675479889
182 	 0.47998204827308655
183 	 0.46883684396743774
184 	 0.4171716868877411
185 	 0.4384489059448242
186 	 0.4602992534637451
187 	 0.4404944181442261
188 	 0.42504027485847473
189 	 0.46509820222854614
190 	 0.5546537041664124
191 	 0.5142996907234192
192 	 0.5403334498405457
193 	 0.6287892460823059
194 	 0.6577805280685425
195 	 0.6058685183525085
196 	 0.5036441683769226
197 	 0.45582619309425354
198 	 0.5405824184417725
199 	 0.4857236444950104
200 	 0.5102142095565796
201 	 0.5465943813323975
202 	 0.6949496865272522
203 	 0.6944802403450012
204 	 0.5346311926841736
205 	 0.5800678133964539
206 	 0.67098069190979
207 	 0.5586552023887634
208 	 0.5102164149284363
209 	 0.601045548915863
210 	 0.5029188394546509
211 	 0.4143418073654175
212 	 0.5065580606460571
213 	 0.5050952434539795
214 	 0.4467431306838989
215 	 0.47238269448280334
216 	 0.5418938398361206
217 	 0.5964007377624512
218 	 0.5677369832992554
219 	 0.5537289977073669
220 	 0.653842031955719
221 	 0.7295740246772766
222 	 1.060729742050171
223 	 1.2307826280593872
224 	 1.0461041927337646
225 	 0.8778981566429138
226 	 0.9651561379432678
227 	 1.0328476428985596
228 	 1.025774598121643
229 	 0.9175764322280884
230 	 0.8562811613082886
231 	 0.9180197715759277
232 	 1.0993503332138062
233 	 0.8819634914398193
234 	 0.9299898147583008
235 	 1.1562371253967285
236 	 1.470812201499939
237 	 1.3124852180480957
238 	 1.169107437133789
239 	 1.0274633169174194
240 	 1.0764031410217285
241 	 0.9457888007164001
242 	 0.8006283044815063
243 	 0.9943901896476746
244 	 0.85396808385849
245 	 0.7130627632141113
246 	 0.7401253581047058
247 	 0.6762983798980713
248 	 0.601862370967865
249 	 0.7128012180328369
250 	 0.8240311741828918
251 	 0.6175738573074341
252 	 0.5121870040893555
253 	 0.4945322871208191
254 	 0.4478972554206848
255 	 0.4563411772251129
256 	 0.4740525484085083
257 	 0.5149896144866943
258 	 0.5774770379066467
259 	 0.7200607657432556
260 	 0.9167550206184387
261 	 1.288503646850586
262 	 1.7184251546859741
263 	 2.202047824859619
264 	 3.321098804473877
265 	 4.378852367401123
266 	 6.298524856567383
267 	 7.615712642669678
