Residue	RMSF
0 	 9.55360221862793
1 	 7.5404253005981445
2 	 5.2370219230651855
3 	 3.636390209197998
4 	 2.2717607021331787
5 	 1.1534321308135986
6 	 0.7667455673217773
7 	 0.7474808096885681
8 	 0.668468177318573
9 	 0.5366936326026917
10 	 0.6016037464141846
11 	 0.5464308261871338
12 	 0.5188012719154358
13 	 0.5268735885620117
14 	 0.630912184715271
15 	 0.9112393856048584
16 	 0.6470463871955872
17 	 0.6176987290382385
18 	 0.5635421276092529
19 	 0.6473564505577087
20 	 0.600799560546875
21 	 0.4638133943080902
22 	 0.5964890122413635
23 	 0.6404606103897095
24 	 0.4835619628429413
25 	 0.47940075397491455
26 	 0.5576869249343872
27 	 0.5352926850318909
28 	 0.4801611602306366
29 	 0.49459609389305115
30 	 0.5450886487960815
31 	 0.5285778045654297
32 	 0.5504972338676453
33 	 0.6400448083877563
34 	 1.3571770191192627
35 	 0.8846400380134583
36 	 0.8473744988441467
37 	 0.6130331754684448
38 	 0.5563840866088867
39 	 0.5070765018463135
40 	 0.6207300424575806
41 	 0.6639837622642517
42 	 0.5498318672180176
43 	 0.5451295375823975
44 	 0.5008793473243713
45 	 0.48411688208580017
46 	 0.6014413833618164
47 	 0.7214431762695312
48 	 0.9476465582847595
49 	 1.0702331066131592
50 	 1.5840495824813843
51 	 1.0313875675201416
52 	 1.0472447872161865
53 	 1.0068422555923462
54 	 1.0825004577636719
55 	 0.8574906587600708
56 	 0.6991851329803467
57 	 0.534464955329895
58 	 0.5393808484077454
59 	 0.49973687529563904
60 	 0.4385181963443756
61 	 0.46582090854644775
62 	 0.4745478928089142
63 	 0.5100665092468262
64 	 0.5414592027664185
65 	 0.7529890537261963
66 	 0.815041720867157
67 	 0.7569486498832703
68 	 0.5821183919906616
69 	 0.6391115784645081
70 	 0.4793909788131714
71 	 0.4282301962375641
72 	 0.422506719827652
73 	 0.45087429881095886
74 	 0.5220298171043396
75 	 0.5158466100692749
76 	 0.5172656774520874
77 	 0.5321252942085266
78 	 0.49858495593070984
79 	 0.48270168900489807
80 	 0.4858681261539459
81 	 0.44797593355178833
82 	 0.4650656282901764
83 	 0.43853431940078735
84 	 0.43677571415901184
85 	 0.4913911819458008
86 	 0.5826702117919922
87 	 0.8530781865119934
88 	 0.78825843334198
89 	 0.6247169375419617
90 	 0.5160842537879944
91 	 0.49347200989723206
92 	 0.47302696108818054
93 	 0.6254552006721497
94 	 0.865486741065979
95 	 1.0017091035842896
96 	 1.0786075592041016
97 	 0.9126653671264648
98 	 0.9018113017082214
99 	 0.8319523334503174
100 	 0.7273280024528503
101 	 0.8585833311080933
102 	 0.865792453289032
103 	 0.6450612545013428
104 	 0.6543567180633545
105 	 0.8934506773948669
106 	 0.798398494720459
107 	 0.570915162563324
108 	 0.6443396806716919
109 	 0.9465300440788269
110 	 0.9742637872695923
111 	 0.7277242541313171
112 	 0.8459277749061584
113 	 0.7371032238006592
114 	 0.6469758152961731
115 	 0.6367253065109253
116 	 0.6780845522880554
117 	 0.7741759419441223
118 	 1.2115519046783447
119 	 1.4821550846099854
120 	 1.448301911354065
121 	 0.9600770473480225
122 	 0.7746241688728333
123 	 0.6659609079360962
124 	 0.8818148970603943
125 	 0.7358580231666565
126 	 0.584368884563446
127 	 0.5764058232307434
128 	 0.7360226511955261
129 	 0.7113941311836243
130 	 0.6468948125839233
131 	 0.7771757245063782
132 	 0.8358314037322998
133 	 0.8248254656791687
134 	 0.800591766834259
135 	 1.0557607412338257
136 	 0.9714133143424988
137 	 0.5929198265075684
138 	 0.5299914479255676
139 	 0.506775975227356
140 	 0.5263389348983765
141 	 0.5180650949478149
142 	 0.5325944423675537
143 	 0.43367329239845276
144 	 0.3922499120235443
145 	 0.4344722032546997
146 	 0.45926788449287415
147 	 0.43519654870033264
148 	 0.4363326132297516
149 	 0.49259328842163086
150 	 0.4979957938194275
151 	 0.4577368497848511
152 	 0.4810067117214203
153 	 0.5473944544792175
154 	 0.5494934320449829
155 	 0.5614051818847656
156 	 0.6410529017448425
157 	 0.8365699052810669
158 	 0.7573326230049133
159 	 0.9255021214485168
160 	 0.8908699154853821
161 	 0.7436004281044006
162 	 0.7026140093803406
163 	 0.6651241183280945
164 	 0.5055347084999084
165 	 0.4955945909023285
166 	 0.5293868184089661
167 	 0.4707571268081665
168 	 0.4357283413410187
169 	 0.4206543266773224
170 	 0.38058003783226013
171 	 0.45116832852363586
172 	 0.49764472246170044
173 	 0.48230472207069397
174 	 0.4440097212791443
175 	 0.4572769105434418
176 	 0.4408293664455414
177 	 0.44967859983444214
178 	 0.48621052503585815
179 	 0.47609034180641174
180 	 0.4481287896633148
181 	 0.4415781795978546
182 	 0.4853721857070923
183 	 0.4674889147281647
184 	 0.435939222574234
185 	 0.45236116647720337
186 	 0.4481588900089264
187 	 0.4620543420314789
188 	 0.49814653396606445
189 	 0.4752357006072998
190 	 0.47309911251068115
191 	 0.4629112482070923
192 	 0.4921656847000122
193 	 0.5534917116165161
194 	 0.6268124580383301
195 	 0.6059373021125793
196 	 0.5173090100288391
197 	 0.47972193360328674
198 	 0.5163002014160156
199 	 0.532943069934845
200 	 0.6072903871536255
201 	 0.6283904314041138
202 	 0.6807392835617065
203 	 0.707805871963501
204 	 0.6356532573699951
205 	 0.5491219162940979
206 	 0.5549108386039734
207 	 0.5590232610702515
208 	 0.5661805868148804
209 	 0.5607526898384094
210 	 0.5044984221458435
211 	 0.4321696162223816
212 	 0.5488753318786621
213 	 0.5513410568237305
214 	 0.4635567367076874
215 	 0.46534422039985657
216 	 0.5549275279045105
217 	 0.5971469283103943
218 	 0.5312086343765259
219 	 0.5033684372901917
220 	 0.6088213920593262
221 	 0.6434719562530518
222 	 0.9417880773544312
223 	 1.1470706462860107
224 	 1.087034821510315
225 	 0.9160044193267822
226 	 0.8937400579452515
227 	 1.2171447277069092
228 	 1.277523398399353
229 	 1.1033203601837158
230 	 0.9723628759384155
231 	 1.223953366279602
232 	 1.3673820495605469
233 	 1.1633120775222778
234 	 1.0581458806991577
235 	 1.1316167116165161
236 	 1.3287534713745117
237 	 1.2657649517059326
238 	 1.1970874071121216
239 	 1.2118263244628906
240 	 1.2388557195663452
241 	 1.1136343479156494
242 	 0.9487749338150024
243 	 0.9801713824272156
244 	 0.9455428123474121
245 	 0.781795859336853
246 	 0.833009660243988
247 	 0.7660419940948486
248 	 0.69073486328125
249 	 0.7824555039405823
250 	 0.7980674505233765
251 	 0.521945595741272
252 	 0.4996759593486786
253 	 0.47622230648994446
254 	 0.47361040115356445
255 	 0.4646645784378052
256 	 0.49546486139297485
257 	 0.5255616903305054
258 	 0.560571551322937
259 	 0.6213093400001526
260 	 0.7919902205467224
261 	 1.086696982383728
262 	 1.3977761268615723
263 	 1.5079821348190308
264 	 1.7279224395751953
265 	 1.2408218383789062
266 	 1.2452285289764404
267 	 1.928839087486267
