Residue 	 RMSF0 	 RMSF1
1  	  8.596826553344727 	 9.55360221862793
2  	  6.147355556488037 	 7.5404253005981445
3  	  3.714026927947998 	 5.2370219230651855
4  	  3.013582706451416 	 3.636390209197998
5  	  3.3299639225006104 	 2.2717607021331787
6  	  1.3121719360351562 	 1.1534321308135986
7  	  0.7399871349334717 	 0.7667455673217773
8  	  0.6535364985466003 	 0.7474808096885681
9  	  0.5698779821395874 	 0.668468177318573
10  	  0.4847165048122406 	 0.5366936326026917
11  	  0.5328642129898071 	 0.6016037464141846
12  	  0.47753670811653137 	 0.5464308261871338
13  	  0.4628451466560364 	 0.5188012719154358
14  	  0.45148777961730957 	 0.5268735885620117
15  	  0.561693549156189 	 0.630912184715271
16  	  0.8720552921295166 	 0.9112393856048584
17  	  0.6080214977264404 	 0.6470463871955872
18  	  0.5999690890312195 	 0.6176987290382385
19  	  0.5544133186340332 	 0.5635421276092529
20  	  0.619579553604126 	 0.6473564505577087
21  	  0.5558674335479736 	 0.600799560546875
22  	  0.4408591091632843 	 0.4638133943080902
23  	  0.5002257823944092 	 0.5964890122413635
24  	  0.5372246503829956 	 0.6404606103897095
25  	  0.44470688700675964 	 0.4835619628429413
26  	  0.41997194290161133 	 0.47940075397491455
27  	  0.5272716879844666 	 0.5576869249343872
28  	  0.5105470418930054 	 0.5352926850318909
29  	  0.4244486093521118 	 0.4801611602306366
30  	  0.4477872848510742 	 0.49459609389305115
31  	  0.5265377759933472 	 0.5450886487960815
32  	  0.49427950382232666 	 0.5285778045654297
33  	  0.5013854503631592 	 0.5504972338676453
34  	  0.6043680906295776 	 0.6400448083877563
35  	  0.9838641881942749 	 1.3571770191192627
36  	  0.7632372975349426 	 0.8846400380134583
37  	  0.8593045473098755 	 0.8473744988441467
38  	  0.6524943709373474 	 0.6130331754684448
39  	  0.6138270497322083 	 0.5563840866088867
40  	  0.6642204523086548 	 0.5070765018463135
41  	  0.8546281456947327 	 0.6207300424575806
42  	  0.8439135551452637 	 0.6639837622642517
43  	  0.6115432977676392 	 0.5498318672180176
44  	  0.5525121688842773 	 0.5451295375823975
45  	  0.5049915909767151 	 0.5008793473243713
46  	  0.44786983728408813 	 0.48411688208580017
47  	  0.5770298838615417 	 0.6014413833618164
48  	  0.6924673318862915 	 0.7214431762695312
49  	  0.8835082650184631 	 0.9476465582847595
50  	  1.1440776586532593 	 1.0702331066131592
51  	  1.445920467376709 	 1.5840495824813843
52  	  0.9320390224456787 	 1.0313875675201416
53  	  0.902538001537323 	 1.0472447872161865
54  	  0.8642643690109253 	 1.0068422555923462
55  	  0.898830771446228 	 1.0825004577636719
56  	  0.7657070159912109 	 0.8574906587600708
57  	  0.5605378150939941 	 0.6991851329803467
58  	  0.528533399105072 	 0.534464955329895
59  	  0.5169368386268616 	 0.5393808484077454
60  	  0.4170539081096649 	 0.49973687529563904
61  	  0.39410293102264404 	 0.4385181963443756
62  	  0.4196946322917938 	 0.46582090854644775
63  	  0.42414891719818115 	 0.4745478928089142
64  	  0.4772666096687317 	 0.5100665092468262
65  	  0.5260565280914307 	 0.5414592027664185
66  	  0.6792090535163879 	 0.7529890537261963
67  	  0.7354135513305664 	 0.815041720867157
68  	  0.7454257011413574 	 0.7569486498832703
69  	  0.5990576148033142 	 0.5821183919906616
70  	  0.6013084053993225 	 0.6391115784645081
71  	  0.4418632388114929 	 0.4793909788131714
72  	  0.39676424860954285 	 0.4282301962375641
73  	  0.3649766743183136 	 0.422506719827652
74  	  0.400056928396225 	 0.45087429881095886
75  	  0.4269264340400696 	 0.5220298171043396
76  	  0.4535590708255768 	 0.5158466100692749
77  	  0.4438622295856476 	 0.5172656774520874
78  	  0.47456926107406616 	 0.5321252942085266
79  	  0.5091325044631958 	 0.49858495593070984
80  	  0.4458887577056885 	 0.48270168900489807
81  	  0.4232434630393982 	 0.4858681261539459
82  	  0.46683526039123535 	 0.44797593355178833
83  	  0.5311896800994873 	 0.4650656282901764
84  	  0.5107211470603943 	 0.43853431940078735
85  	  0.38335204124450684 	 0.43677571415901184
86  	  0.42402878403663635 	 0.4913911819458008
87  	  0.5562077760696411 	 0.5826702117919922
88  	  0.9366191625595093 	 0.8530781865119934
89  	  0.92403644323349 	 0.78825843334198
90  	  0.6489802002906799 	 0.6247169375419617
91  	  0.5278228521347046 	 0.5160842537879944
92  	  0.45584166049957275 	 0.49347200989723206
93  	  0.5131810903549194 	 0.47302696108818054
94  	  0.6203847527503967 	 0.6254552006721497
95  	  0.8358564972877502 	 0.865486741065979
96  	  0.978034257888794 	 1.0017091035842896
97  	  1.1037439107894897 	 1.0786075592041016
98  	  0.9814708232879639 	 0.9126653671264648
99  	  1.1647791862487793 	 0.9018113017082214
100  	  1.2056810855865479 	 0.8319523334503174
101  	  1.0309209823608398 	 0.7273280024528503
102  	  1.0325857400894165 	 0.8585833311080933
103  	  0.981774091720581 	 0.865792453289032
104  	  0.9095231890678406 	 0.6450612545013428
105  	  1.034760594367981 	 0.6543567180633545
106  	  1.121546983718872 	 0.8934506773948669
107  	  1.0613831281661987 	 0.798398494720459
108  	  0.9476473927497864 	 0.570915162563324
109  	  0.9822350740432739 	 0.6443396806716919
110  	  1.2499284744262695 	 0.9465300440788269
111  	  1.2955063581466675 	 0.9742637872695923
112  	  0.7972227931022644 	 0.7277242541313171
113  	  0.9359889626502991 	 0.8459277749061584
114  	  0.8536044955253601 	 0.7371032238006592
115  	  0.7572492957115173 	 0.6469758152961731
116  	  0.6381023526191711 	 0.6367253065109253
117  	  0.625724732875824 	 0.6780845522880554
118  	  0.6890354752540588 	 0.7741759419441223
119  	  1.0714118480682373 	 1.2115519046783447
120  	  1.0290523767471313 	 1.4821550846099854
121  	  1.7315654754638672 	 1.448301911354065
122  	  1.2788556814193726 	 0.9600770473480225
123  	  0.7428423762321472 	 0.7746241688728333
124  	  0.5101345181465149 	 0.6659609079360962
125  	  0.5761492252349854 	 0.8818148970603943
126  	  0.6421483159065247 	 0.7358580231666565
127  	  0.5620506405830383 	 0.584368884563446
128  	  0.48041877150535583 	 0.5764058232307434
129  	  0.5786264538764954 	 0.7360226511955261
130  	  0.5901868939399719 	 0.7113941311836243
131  	  0.5548653602600098 	 0.6468948125839233
132  	  0.6834431290626526 	 0.7771757245063782
133  	  0.6126703023910522 	 0.8358314037322998
134  	  0.5433557629585266 	 0.8248254656791687
135  	  0.4602992534637451 	 0.800591766834259
136  	  0.5524864792823792 	 1.0557607412338257
137  	  0.5432685017585754 	 0.9714133143424988
138  	  0.41820183396339417 	 0.5929198265075684
139  	  0.382013738155365 	 0.5299914479255676
140  	  0.35628214478492737 	 0.506775975227356
141  	  0.43065616488456726 	 0.5263389348983765
142  	  0.4347969889640808 	 0.5180650949478149
143  	  0.43774208426475525 	 0.5325944423675537
144  	  0.37673771381378174 	 0.43367329239845276
145  	  0.35610610246658325 	 0.3922499120235443
146  	  0.3749001920223236 	 0.4344722032546997
147  	  0.39690735936164856 	 0.45926788449287415
148  	  0.38007625937461853 	 0.43519654870033264
149  	  0.39267027378082275 	 0.4363326132297516
150  	  0.432134747505188 	 0.49259328842163086
151  	  0.42101892828941345 	 0.4979957938194275
152  	  0.4151248335838318 	 0.4577368497848511
153  	  0.4984647035598755 	 0.4810067117214203
154  	  0.5568777322769165 	 0.5473944544792175
155  	  0.5467174053192139 	 0.5494934320449829
156  	  0.6689267754554749 	 0.5614051818847656
157  	  0.7905334234237671 	 0.6410529017448425
158  	  1.045905590057373 	 0.8365699052810669
159  	  1.0056750774383545 	 0.7573326230049133
160  	  0.9033536911010742 	 0.9255021214485168
161  	  0.8645753860473633 	 0.8908699154853821
162  	  0.6495847702026367 	 0.7436004281044006
163  	  0.5779644846916199 	 0.7026140093803406
164  	  0.5340709686279297 	 0.6651241183280945
165  	  0.4506765902042389 	 0.5055347084999084
166  	  0.41504305601119995 	 0.4955945909023285
167  	  0.40477702021598816 	 0.5293868184089661
168  	  0.3622387647628784 	 0.4707571268081665
169  	  0.35340574383735657 	 0.4357283413410187
170  	  0.3419269025325775 	 0.4206543266773224
171  	  0.3223497271537781 	 0.38058003783226013
172  	  0.3488079905509949 	 0.45116832852363586
173  	  0.3377171754837036 	 0.49764472246170044
174  	  0.3255250155925751 	 0.48230472207069397
175  	  0.3652326762676239 	 0.4440097212791443
176  	  0.34959232807159424 	 0.4572769105434418
177  	  0.35568857192993164 	 0.4408293664455414
178  	  0.3570498526096344 	 0.44967859983444214
179  	  0.38383805751800537 	 0.48621052503585815
180  	  0.3963313698768616 	 0.47609034180641174
181  	  0.3848353624343872 	 0.4481287896633148
182  	  0.4242483675479889 	 0.4415781795978546
183  	  0.47998204827308655 	 0.4853721857070923
184  	  0.46883684396743774 	 0.4674889147281647
185  	  0.4171716868877411 	 0.435939222574234
186  	  0.4384489059448242 	 0.45236116647720337
187  	  0.4602992534637451 	 0.4481588900089264
188  	  0.4404944181442261 	 0.4620543420314789
189  	  0.42504027485847473 	 0.49814653396606445
190  	  0.46509820222854614 	 0.4752357006072998
191  	  0.5546537041664124 	 0.47309911251068115
192  	  0.5142996907234192 	 0.4629112482070923
193  	  0.5403334498405457 	 0.4921656847000122
194  	  0.6287892460823059 	 0.5534917116165161
195  	  0.6577805280685425 	 0.6268124580383301
196  	  0.6058685183525085 	 0.6059373021125793
197  	  0.5036441683769226 	 0.5173090100288391
198  	  0.45582619309425354 	 0.47972193360328674
199  	  0.5405824184417725 	 0.5163002014160156
200  	  0.4857236444950104 	 0.532943069934845
201  	  0.5102142095565796 	 0.6072903871536255
202  	  0.5465943813323975 	 0.6283904314041138
203  	  0.6949496865272522 	 0.6807392835617065
204  	  0.6944802403450012 	 0.707805871963501
205  	  0.5346311926841736 	 0.6356532573699951
206  	  0.5800678133964539 	 0.5491219162940979
207  	  0.67098069190979 	 0.5549108386039734
208  	  0.5586552023887634 	 0.5590232610702515
209  	  0.5102164149284363 	 0.5661805868148804
210  	  0.601045548915863 	 0.5607526898384094
211  	  0.5029188394546509 	 0.5044984221458435
212  	  0.4143418073654175 	 0.4321696162223816
213  	  0.5065580606460571 	 0.5488753318786621
214  	  0.5050952434539795 	 0.5513410568237305
215  	  0.4467431306838989 	 0.4635567367076874
216  	  0.47238269448280334 	 0.46534422039985657
217  	  0.5418938398361206 	 0.5549275279045105
218  	  0.5964007377624512 	 0.5971469283103943
219  	  0.5677369832992554 	 0.5312086343765259
220  	  0.5537289977073669 	 0.5033684372901917
221  	  0.653842031955719 	 0.6088213920593262
222  	  0.7295740246772766 	 0.6434719562530518
223  	  1.060729742050171 	 0.9417880773544312
224  	  1.2307826280593872 	 1.1470706462860107
225  	  1.0461041927337646 	 1.087034821510315
226  	  0.8778981566429138 	 0.9160044193267822
227  	  0.9651561379432678 	 0.8937400579452515
228  	  1.0328476428985596 	 1.2171447277069092
229  	  1.025774598121643 	 1.277523398399353
230  	  0.9175764322280884 	 1.1033203601837158
231  	  0.8562811613082886 	 0.9723628759384155
232  	  0.9180197715759277 	 1.223953366279602
233  	  1.0993503332138062 	 1.3673820495605469
234  	  0.8819634914398193 	 1.1633120775222778
235  	  0.9299898147583008 	 1.0581458806991577
236  	  1.1562371253967285 	 1.1316167116165161
237  	  1.470812201499939 	 1.3287534713745117
238  	  1.3124852180480957 	 1.2657649517059326
239  	  1.169107437133789 	 1.1970874071121216
240  	  1.0274633169174194 	 1.2118263244628906
241  	  1.0764031410217285 	 1.2388557195663452
242  	  0.9457888007164001 	 1.1136343479156494
243  	  0.8006283044815063 	 0.9487749338150024
244  	  0.9943901896476746 	 0.9801713824272156
245  	  0.85396808385849 	 0.9455428123474121
246  	  0.7130627632141113 	 0.781795859336853
247  	  0.7401253581047058 	 0.833009660243988
248  	  0.6762983798980713 	 0.7660419940948486
249  	  0.601862370967865 	 0.69073486328125
250  	  0.7128012180328369 	 0.7824555039405823
251  	  0.8240311741828918 	 0.7980674505233765
252  	  0.6175738573074341 	 0.521945595741272
253  	  0.5121870040893555 	 0.4996759593486786
254  	  0.4945322871208191 	 0.47622230648994446
255  	  0.4478972554206848 	 0.47361040115356445
256  	  0.4563411772251129 	 0.4646645784378052
257  	  0.4740525484085083 	 0.49546486139297485
258  	  0.5149896144866943 	 0.5255616903305054
259  	  0.5774770379066467 	 0.560571551322937
260  	  0.7200607657432556 	 0.6213093400001526
261  	  0.9167550206184387 	 0.7919902205467224
262  	  1.288503646850586 	 1.086696982383728
263  	  1.7184251546859741 	 1.3977761268615723
264  	  2.202047824859619 	 1.5079821348190308
265  	  3.321098804473877 	 1.7279224395751953
266  	  4.378852367401123 	 1.2408218383789062
267  	  6.298524856567383 	 1.2452285289764404
268  	  7.615712642669678 	 1.928839087486267
