Frame	RG
0 	 5.722987651824951
1 	 5.737197399139404
2 	 5.716765403747559
3 	 5.70657205581665
4 	 5.750918388366699
5 	 5.6971435546875
6 	 5.752764701843262
7 	 5.689194202423096
8 	 5.719509124755859
9 	 5.74329948425293
10 	 5.689797878265381
11 	 5.71760892868042
12 	 5.747466087341309
13 	 5.758101940155029
14 	 5.751383304595947
15 	 5.726936340332031
16 	 5.683154106140137
17 	 5.767123699188232
18 	 5.729344844818115
19 	 5.6649041175842285
20 	 5.751974582672119
21 	 5.751400470733643
22 	 5.798366069793701
23 	 5.745619773864746
24 	 5.784392833709717
25 	 5.729084491729736
26 	 5.681879997253418
27 	 5.732940673828125
28 	 5.759578227996826
29 	 5.734897613525391
30 	 5.7719950675964355
31 	 5.727327823638916
32 	 5.738460063934326
33 	 5.745684623718262
34 	 5.765620231628418
35 	 5.684718608856201
36 	 5.797746658325195
37 	 5.754660129547119
38 	 5.891672134399414
39 	 5.837796688079834
40 	 5.839426040649414
41 	 5.794709205627441
42 	 5.807246208190918
43 	 5.645902156829834
44 	 5.900660991668701
45 	 5.878274440765381
46 	 5.662773132324219
47 	 5.774356365203857
48 	 5.6901116371154785
49 	 5.939640522003174
50 	 5.727350234985352
51 	 5.795225143432617
52 	 5.863468170166016
53 	 5.856278896331787
54 	 5.800909996032715
55 	 5.775519371032715
56 	 5.8513383865356445
57 	 5.830211162567139
58 	 5.802551746368408
59 	 5.834073066711426
60 	 5.919518947601318
61 	 5.836826801300049
62 	 5.829398155212402
63 	 5.745392799377441
64 	 5.9948859214782715
65 	 5.9317522048950195
66 	 6.214268684387207
67 	 6.2575273513793945
68 	 6.214344024658203
69 	 6.058058738708496
70 	 6.150450706481934
71 	 6.154142379760742
72 	 6.183464050292969
73 	 6.3465166091918945
74 	 6.1839494705200195
75 	 6.298352241516113
76 	 6.324735164642334
77 	 6.177780628204346
78 	 6.132022380828857
79 	 6.088790416717529
80 	 6.142932891845703
81 	 6.167279243469238
82 	 6.019656181335449
83 	 5.755988121032715
84 	 5.961010456085205
85 	 6.172382831573486
86 	 6.212895393371582
87 	 6.268920421600342
88 	 6.036717414855957
89 	 6.084205627441406
90 	 6.038599014282227
91 	 5.981555461883545
92 	 6.060863018035889
93 	 6.173624038696289
94 	 6.228480339050293
95 	 6.207579612731934
96 	 6.08839750289917
97 	 6.085759162902832
98 	 6.065104007720947
99 	 5.8048505783081055
100 	 5.652737617492676
101 	 5.674764156341553
102 	 5.718256950378418
103 	 5.703845500946045
104 	 5.706080436706543
105 	 5.745985984802246
106 	 5.681535243988037
107 	 5.738748073577881
108 	 5.690036296844482
109 	 5.806332111358643
110 	 5.7569451332092285
111 	 5.79367733001709
112 	 5.789524078369141
113 	 5.805071830749512
114 	 5.852001667022705
115 	 5.7977423667907715
116 	 5.865920066833496
117 	 5.877981185913086
118 	 6.223879337310791
119 	 6.284671783447266
120 	 6.302534103393555
121 	 6.164499282836914
122 	 6.136690139770508
123 	 5.947061538696289
124 	 6.116776943206787
125 	 6.23867654800415
126 	 6.1513824462890625
127 	 6.176567077636719
128 	 6.2076826095581055
129 	 6.157652854919434
130 	 6.15023136138916
131 	 6.227931499481201
132 	 6.042555332183838
133 	 6.294364929199219
134 	 6.051269054412842
135 	 6.1741790771484375
136 	 6.129341125488281
137 	 6.0008544921875
138 	 6.024440288543701
139 	 6.225357532501221
140 	 6.205436706542969
141 	 6.3169474601745605
142 	 6.082688331604004
143 	 6.206543445587158
144 	 6.016939640045166
145 	 5.918120861053467
146 	 5.981647491455078
147 	 5.958765029907227
148 	 5.864557266235352
149 	 5.859400749206543
150 	 6.037723541259766
151 	 6.196167945861816
152 	 6.072928428649902
153 	 5.837100505828857
154 	 5.911049842834473
155 	 6.011669635772705
156 	 5.980114459991455
157 	 5.911907196044922
158 	 6.141746997833252
159 	 6.112005233764648
160 	 6.017862319946289
161 	 6.080716133117676
162 	 6.070181369781494
163 	 6.3776164054870605
164 	 6.413728713989258
165 	 6.264273166656494
166 	 6.135132789611816
167 	 5.992679119110107
168 	 5.9255595207214355
169 	 5.901828765869141
170 	 5.785429954528809
171 	 5.765442848205566
172 	 5.72504186630249
173 	 5.907590866088867
174 	 6.124819278717041
175 	 6.205244541168213
176 	 6.161029815673828
177 	 6.368646621704102
178 	 6.457855701446533
179 	 5.818779945373535
180 	 5.891318321228027
181 	 5.915516376495361
182 	 5.8052144050598145
183 	 5.861608028411865
184 	 5.803309440612793
185 	 5.831472873687744
186 	 5.783921718597412
187 	 5.716818332672119
188 	 5.757691860198975
189 	 5.760139465332031
190 	 5.768590450286865
191 	 5.798085689544678
192 	 5.62721586227417
193 	 5.791968822479248
194 	 5.807229995727539
195 	 5.88535737991333
196 	 5.735541343688965
197 	 5.801163196563721
198 	 5.796224117279053
199 	 5.816734313964844
200 	 5.8216166496276855
201 	 5.8753662109375
202 	 5.910992622375488
203 	 5.678766250610352
204 	 5.696839332580566
205 	 5.8045573234558105
206 	 5.787472724914551
207 	 5.8493146896362305
208 	 5.851724147796631
209 	 5.744743347167969
210 	 5.891708850860596
211 	 5.745723247528076
212 	 5.9021687507629395
213 	 5.774105548858643
214 	 5.89854621887207
215 	 5.774360656738281
216 	 5.712848663330078
217 	 5.775065898895264
218 	 5.932369709014893
219 	 5.846986770629883
220 	 6.043910503387451
221 	 6.163641452789307
222 	 5.982950687408447
223 	 5.893624305725098
224 	 5.99293851852417
225 	 5.824065685272217
226 	 6.080135345458984
227 	 5.7955002784729
228 	 6.242904186248779
229 	 6.013937473297119
230 	 5.967026233673096
231 	 5.818720817565918
232 	 6.235463619232178
233 	 6.049137592315674
234 	 6.141594886779785
235 	 6.136176109313965
236 	 6.091010093688965
237 	 6.01374626159668
238 	 6.0657196044921875
239 	 6.276811599731445
240 	 6.421093463897705
241 	 6.124737739562988
242 	 5.979462623596191
243 	 6.155130863189697
244 	 6.202773571014404
245 	 6.202568531036377
246 	 6.196897506713867
247 	 5.877031326293945
248 	 6.04295539855957
249 	 6.181232452392578
250 	 6.0667805671691895
251 	 5.992105484008789
252 	 6.1250505447387695
253 	 6.048147678375244
254 	 5.982952117919922
255 	 6.075232982635498
256 	 6.043463230133057
257 	 6.004037857055664
258 	 6.128425598144531
259 	 6.185141563415527
260 	 6.135223388671875
261 	 6.279738903045654
262 	 6.322422504425049
263 	 6.23529052734375
264 	 6.102014064788818
265 	 6.025345802307129
266 	 6.075956344604492
267 	 5.951973915100098
268 	 6.2643890380859375
269 	 6.176327705383301
270 	 5.915709018707275
271 	 6.040551662445068
272 	 6.266105651855469
273 	 6.121367454528809
274 	 6.234094619750977
275 	 6.247477054595947
276 	 5.824764251708984
277 	 5.870110511779785
278 	 5.8730244636535645
279 	 5.781656265258789
280 	 5.773756980895996
281 	 5.740633487701416
282 	 5.727747440338135
283 	 5.836357116699219
284 	 5.705946445465088
285 	 5.718703746795654
286 	 5.748907089233398
287 	 5.715585708618164
288 	 5.823774814605713
289 	 5.768446922302246
290 	 5.640192985534668
291 	 5.680417060852051
292 	 5.827577590942383
293 	 5.82736873626709
294 	 5.765481948852539
295 	 5.8612961769104
296 	 5.86052942276001
297 	 5.802055835723877
298 	 5.776681900024414
299 	 5.762941360473633
300 	 5.776091575622559
301 	 5.6948347091674805
302 	 5.736148357391357
303 	 5.812535285949707
304 	 5.87678861618042
305 	 5.901362419128418
306 	 5.744989395141602
307 	 5.773715019226074
308 	 5.807981491088867
309 	 5.779714107513428
310 	 5.826472759246826
311 	 5.769374847412109
312 	 5.735378265380859
313 	 5.724152088165283
314 	 5.7712297439575195
315 	 5.835647106170654
316 	 5.814757347106934
317 	 5.657371997833252
318 	 5.854751110076904
319 	 5.820175647735596
320 	 5.785850524902344
321 	 5.752751350402832
322 	 5.866620063781738
323 	 5.799795627593994
324 	 5.803811073303223
325 	 5.767941951751709
326 	 5.82076358795166
327 	 5.8006134033203125
328 	 5.752768516540527
329 	 5.82297945022583
330 	 5.843434810638428
331 	 5.957329750061035
332 	 5.843964099884033
333 	 5.7525315284729
334 	 5.782973766326904
335 	 5.67274808883667
336 	 5.8216047286987305
337 	 5.948596000671387
338 	 5.801807880401611
339 	 5.790770530700684
340 	 5.730407238006592
341 	 5.738537788391113
342 	 5.863587379455566
343 	 5.774682998657227
344 	 5.725505352020264
345 	 5.657291412353516
346 	 5.774425029754639
347 	 5.678173542022705
348 	 5.848256587982178
349 	 5.753487586975098
350 	 5.66664457321167
351 	 5.855383396148682
352 	 6.0295000076293945
353 	 6.059850692749023
354 	 5.937735080718994
355 	 6.016026496887207
356 	 6.006381988525391
357 	 5.9575324058532715
358 	 6.014795780181885
359 	 6.054535865783691
360 	 6.021773815155029
361 	 5.92365837097168
362 	 6.0595502853393555
363 	 5.926285743713379
364 	 5.72644567489624
365 	 5.831453323364258
366 	 5.840153217315674
367 	 5.99324893951416
368 	 5.914216995239258
369 	 6.07466459274292
370 	 6.053001403808594
371 	 6.104753017425537
372 	 6.087547779083252
373 	 6.162853240966797
374 	 6.073729515075684
375 	 5.963437557220459
376 	 5.943302154541016
377 	 5.9162750244140625
378 	 5.705262184143066
379 	 5.76369571685791
380 	 5.737569332122803
381 	 5.828347682952881
382 	 5.77355432510376
383 	 5.586191654205322
384 	 5.699808597564697
385 	 5.700801849365234
386 	 5.592845916748047
387 	 5.652832984924316
388 	 5.670938014984131
389 	 5.594417095184326
390 	 5.5593037605285645
391 	 5.7851691246032715
392 	 6.074174880981445
393 	 5.971258163452148
394 	 6.128994941711426
395 	 6.0462775230407715
396 	 6.004845142364502
397 	 6.096356391906738
398 	 5.980175971984863
399 	 6.017495632171631
400 	 5.987465858459473
401 	 5.885040760040283
402 	 6.019821643829346
403 	 5.928700923919678
404 	 6.019506931304932
405 	 6.036167144775391
406 	 6.056754112243652
407 	 6.070618629455566
408 	 6.060506820678711
409 	 6.216543197631836
410 	 6.085174083709717
411 	 6.123144149780273
412 	 6.120621204376221
413 	 6.028738021850586
414 	 5.956128120422363
415 	 6.0600457191467285
416 	 6.060315132141113
417 	 6.040112018585205
418 	 5.9469404220581055
419 	 5.946901798248291
420 	 6.026407718658447
421 	 6.058777809143066
422 	 6.13716459274292
423 	 6.0923333168029785
424 	 5.961289405822754
425 	 6.1266374588012695
426 	 6.101688385009766
427 	 6.0099029541015625
428 	 6.207695960998535
429 	 6.149897575378418
430 	 6.184010982513428
431 	 5.9781060218811035
432 	 6.070013523101807
433 	 6.078038692474365
434 	 6.069472789764404
435 	 6.0667948722839355
436 	 5.995477676391602
437 	 6.147486209869385
438 	 5.994076728820801
439 	 5.962280750274658
440 	 6.049000263214111
441 	 6.067380905151367
442 	 6.081937313079834
443 	 6.084442138671875
444 	 6.081823825836182
445 	 6.109714508056641
446 	 6.072184085845947
447 	 5.988631248474121
448 	 6.054349899291992
449 	 6.0921173095703125
450 	 6.051263332366943
451 	 6.053335666656494
452 	 5.900832653045654
453 	 6.025552272796631
454 	 5.982083320617676
455 	 5.944047451019287
456 	 5.876823425292969
457 	 6.086886405944824
458 	 6.092241287231445
459 	 5.99662446975708
460 	 6.128191947937012
461 	 6.137338638305664
462 	 6.091331481933594
463 	 6.035857677459717
464 	 5.997562408447266
465 	 5.788323402404785
466 	 5.940971374511719
467 	 5.6933393478393555
468 	 5.819174766540527
469 	 5.864556789398193
470 	 5.665369510650635
471 	 5.720379829406738
472 	 5.722936630249023
473 	 5.911689758300781
474 	 5.814981937408447
475 	 5.740910530090332
476 	 5.795220851898193
477 	 5.755032062530518
478 	 5.7545270919799805
479 	 5.871209144592285
480 	 5.933328628540039
481 	 5.8985276222229
482 	 5.84583044052124
483 	 5.812413692474365
484 	 5.821944713592529
485 	 5.851944446563721
486 	 5.978996276855469
487 	 5.834552764892578
488 	 5.94846773147583
489 	 5.8575968742370605
490 	 5.9388427734375
491 	 5.810568332672119
492 	 6.019838809967041
493 	 5.9507012367248535
494 	 5.811119556427002
495 	 5.749935150146484
496 	 5.888944625854492
497 	 6.001430511474609
498 	 5.681352138519287
499 	 5.971359729766846
500 	 5.9918718338012695
501 	 5.921428203582764
502 	 5.879421710968018
503 	 5.854461669921875
504 	 5.749546051025391
505 	 5.876852512359619
506 	 5.89834451675415
507 	 5.840706825256348
508 	 5.7453460693359375
509 	 5.816962242126465
510 	 5.77179479598999
511 	 5.828780651092529
512 	 5.797736167907715
513 	 5.915900707244873
514 	 5.761600017547607
515 	 5.820637226104736
516 	 5.6580891609191895
517 	 5.663240909576416
518 	 5.926713466644287
519 	 5.9239702224731445
520 	 5.97135591506958
521 	 5.801564693450928
522 	 5.8012614250183105
523 	 5.758550643920898
524 	 5.857394695281982
525 	 5.82621955871582
526 	 5.902733325958252
527 	 5.78414249420166
528 	 5.84779691696167
529 	 5.887812614440918
530 	 5.851542949676514
531 	 5.972580909729004
532 	 5.975381374359131
533 	 6.008362770080566
534 	 5.818439960479736
535 	 5.862514495849609
536 	 5.880126953125
537 	 5.954885482788086
538 	 5.859004020690918
539 	 5.771522045135498
540 	 6.003213405609131
541 	 5.8562235832214355
542 	 5.861268520355225
543 	 5.719188690185547
544 	 5.868099689483643
545 	 5.868801593780518
546 	 5.779604911804199
547 	 5.901803016662598
548 	 5.983743667602539
549 	 6.035992622375488
550 	 6.008285045623779
551 	 6.208247661590576
552 	 6.009059906005859
553 	 5.824829578399658
554 	 5.986225128173828
555 	 6.076772689819336
556 	 6.135551929473877
557 	 6.237817764282227
558 	 6.138067722320557
559 	 6.135931015014648
560 	 6.035193920135498
561 	 6.0463433265686035
562 	 6.0525360107421875
563 	 5.69399881362915
564 	 6.050260066986084
565 	 6.121453762054443
566 	 5.9900617599487305
567 	 5.988805294036865
568 	 5.9207682609558105
569 	 5.957895278930664
570 	 5.9451141357421875
571 	 5.870020866394043
572 	 5.900176525115967
573 	 6.001986026763916
574 	 5.707435131072998
575 	 5.726507186889648
576 	 5.652552127838135
577 	 5.709580898284912
578 	 5.655776023864746
579 	 5.687862873077393
580 	 5.6445159912109375
581 	 5.762101650238037
582 	 5.824113845825195
583 	 5.817194938659668
584 	 6.105222702026367
585 	 5.790694713592529
586 	 5.946347236633301
587 	 5.647159576416016
588 	 6.00460958480835
589 	 5.763336181640625
590 	 5.6995110511779785
591 	 5.854978561401367
592 	 5.832178592681885
593 	 5.7265167236328125
594 	 5.6659440994262695
595 	 5.6881232261657715
596 	 5.872735023498535
597 	 5.706511497497559
598 	 5.78496789932251
599 	 5.669872283935547
600 	 5.653064250946045
601 	 5.760097980499268
602 	 5.659608840942383
603 	 5.6591973304748535
604 	 5.723021984100342
605 	 5.746093273162842
606 	 5.640971660614014
607 	 5.7859601974487305
608 	 5.706494331359863
609 	 5.732630252838135
610 	 5.756990432739258
611 	 5.706972599029541
612 	 5.702391624450684
613 	 5.794724941253662
614 	 5.827781677246094
615 	 5.748102188110352
616 	 5.851959705352783
617 	 5.759358882904053
618 	 5.729046821594238
619 	 5.684927940368652
620 	 5.635883331298828
621 	 5.6922993659973145
622 	 5.828521728515625
623 	 5.851470947265625
624 	 5.749434947967529
625 	 5.733767509460449
626 	 5.753195285797119
627 	 5.823129177093506
628 	 5.746603488922119
629 	 5.70611047744751
630 	 5.784274578094482
631 	 5.728376865386963
632 	 5.740081787109375
633 	 5.738150596618652
634 	 5.811930179595947
635 	 5.856035232543945
636 	 5.682765960693359
637 	 5.890678882598877
638 	 5.708401203155518
639 	 5.98822546005249
640 	 6.139461994171143
641 	 6.014587879180908
642 	 6.048852443695068
643 	 5.9394001960754395
644 	 5.9145731925964355
645 	 5.986879348754883
646 	 5.968343257904053
647 	 5.922704696655273
648 	 5.983173370361328
649 	 5.877898693084717
650 	 6.069262504577637
651 	 5.972177028656006
652 	 6.158657550811768
653 	 6.045077323913574
654 	 6.00676965713501
655 	 5.935530662536621
656 	 5.9960503578186035
657 	 5.970149993896484
658 	 6.006328105926514
659 	 6.193960189819336
660 	 6.175127983093262
661 	 6.143165588378906
662 	 5.966996192932129
663 	 5.954707622528076
664 	 5.8865180015563965
665 	 6.018539905548096
666 	 5.912109851837158
667 	 5.774112701416016
668 	 5.92661714553833
669 	 5.9075026512146
670 	 5.998903274536133
671 	 6.123150825500488
672 	 5.9936089515686035
673 	 5.963446140289307
674 	 5.951673984527588
675 	 5.968101978302002
676 	 5.9158501625061035
677 	 5.973613262176514
678 	 5.822495937347412
679 	 5.936944961547852
680 	 6.050819396972656
681 	 5.9618821144104
682 	 6.097434997558594
683 	 6.152907848358154
684 	 5.941681385040283
685 	 6.197371959686279
686 	 5.916956424713135
687 	 6.01990270614624
688 	 6.14283561706543
689 	 6.036190509796143
690 	 6.03066873550415
691 	 6.184341907501221
692 	 6.0354509353637695
693 	 6.014528274536133
694 	 5.989597320556641
695 	 5.851552486419678
696 	 6.003054618835449
697 	 6.068048477172852
698 	 5.898849010467529
699 	 6.0883941650390625
700 	 5.970397472381592
701 	 6.082833766937256
702 	 6.007404327392578
703 	 6.059285640716553
704 	 5.98987340927124
705 	 6.016836643218994
706 	 5.972184181213379
707 	 6.093128204345703
708 	 5.982600688934326
709 	 6.09434175491333
710 	 6.0780720710754395
711 	 5.991790771484375
712 	 5.902944087982178
713 	 5.976131916046143
714 	 6.076640605926514
715 	 5.982387542724609
716 	 5.9952569007873535
717 	 6.1073198318481445
718 	 6.063985347747803
719 	 5.8772430419921875
720 	 6.101016521453857
721 	 6.151894569396973
722 	 5.963211536407471
723 	 5.993757724761963
724 	 5.979229927062988
725 	 6.001936435699463
726 	 5.9605255126953125
727 	 6.069889068603516
728 	 6.191817283630371
729 	 6.0793609619140625
730 	 5.944893836975098
731 	 5.934562683105469
732 	 5.969847679138184
733 	 6.0528340339660645
734 	 5.984184265136719
735 	 6.013039588928223
736 	 5.942901134490967
737 	 5.8983659744262695
738 	 5.843167304992676
739 	 5.915189743041992
740 	 5.951150894165039
741 	 5.940650939941406
742 	 6.046481132507324
743 	 6.031815528869629
744 	 5.997749328613281
745 	 6.037136077880859
746 	 6.0630106925964355
747 	 5.984710216522217
748 	 5.945668697357178
749 	 5.931477069854736
750 	 6.0405168533325195
751 	 6.055233955383301
752 	 5.984341144561768
753 	 5.983888149261475
754 	 6.1378068923950195
755 	 5.98794412612915
756 	 5.9542365074157715
757 	 5.906040191650391
758 	 6.020750522613525
759 	 5.966196060180664
760 	 5.941306114196777
761 	 6.0802812576293945
762 	 5.991352081298828
763 	 5.964070796966553
764 	 5.9107160568237305
765 	 6.084990501403809
766 	 6.079894065856934
767 	 5.985947608947754
768 	 6.016124725341797
769 	 5.9650726318359375
770 	 5.947539329528809
771 	 6.0317912101745605
772 	 6.025521278381348
773 	 6.024665832519531
774 	 5.890291690826416
775 	 6.129448890686035
776 	 6.090237140655518
777 	 5.908364772796631
778 	 5.9985246658325195
779 	 5.999342441558838
780 	 5.9639763832092285
781 	 5.9717817306518555
782 	 5.9420390129089355
783 	 5.982387542724609
784 	 6.010748386383057
785 	 5.891099452972412
786 	 6.0061821937561035
787 	 5.934246063232422
788 	 5.962900161743164
789 	 5.961395740509033
790 	 5.9907026290893555
791 	 5.972679615020752
792 	 5.954286575317383
793 	 6.05595588684082
794 	 5.819580554962158
795 	 5.911117076873779
796 	 5.906521797180176
797 	 5.9253740310668945
798 	 5.918015003204346
799 	 6.001258373260498
800 	 5.891697406768799
801 	 6.05360746383667
802 	 6.029442310333252
803 	 6.001277923583984
804 	 5.950946807861328
805 	 5.9547224044799805
806 	 5.764667987823486
807 	 5.883581638336182
808 	 5.793014049530029
809 	 5.945149898529053
810 	 5.863971710205078
811 	 5.87581729888916
812 	 5.819483280181885
813 	 5.853140830993652
814 	 5.9163336753845215
815 	 5.945072174072266
816 	 5.810644149780273
817 	 5.826998233795166
818 	 5.8150153160095215
819 	 6.032783031463623
820 	 5.905905723571777
821 	 5.837101936340332
822 	 5.9225358963012695
823 	 5.878953456878662
824 	 5.8485517501831055
825 	 5.819005012512207
826 	 5.993433952331543
827 	 5.894426345825195
828 	 5.99465274810791
829 	 5.915807247161865
830 	 5.861738681793213
831 	 5.862657070159912
832 	 5.868516445159912
833 	 5.892482757568359
834 	 5.899541854858398
835 	 5.892344951629639
836 	 5.688666820526123
837 	 5.8575758934021
838 	 5.839798450469971
839 	 5.76790189743042
840 	 5.793147563934326
841 	 5.940216541290283
842 	 5.868849277496338
843 	 5.800839900970459
844 	 5.871090412139893
845 	 5.7999491691589355
846 	 5.973308086395264
847 	 5.944614410400391
848 	 5.778710842132568
849 	 5.807380676269531
850 	 5.898791313171387
851 	 5.877959251403809
852 	 5.854122638702393
853 	 5.913730144500732
854 	 6.011676788330078
855 	 5.789577960968018
856 	 5.878180980682373
857 	 5.936014175415039
858 	 5.790179252624512
859 	 5.476171493530273
860 	 5.561989784240723
861 	 5.793337345123291
862 	 5.867612838745117
863 	 5.831043243408203
864 	 5.780003547668457
865 	 5.781502723693848
866 	 5.775904655456543
867 	 5.922706604003906
868 	 5.943028450012207
869 	 5.90232515335083
870 	 6.039284706115723
871 	 5.911482334136963
872 	 6.007419586181641
873 	 5.839840412139893
874 	 5.751889228820801
875 	 5.8248395919799805
876 	 5.948965549468994
877 	 5.885390281677246
878 	 6.005509853363037
879 	 5.971100807189941
880 	 5.977472305297852
881 	 5.814772129058838
882 	 5.7451982498168945
883 	 5.72874641418457
884 	 5.611576557159424
885 	 5.525149345397949
886 	 5.66145133972168
887 	 5.598599433898926
888 	 5.637331008911133
889 	 5.823838710784912
890 	 5.86075496673584
891 	 5.937478542327881
892 	 5.757363796234131
893 	 5.659363746643066
894 	 5.71940279006958
895 	 5.5545759201049805
896 	 5.656907081604004
897 	 5.695335388183594
898 	 5.621662616729736
899 	 5.673939228057861
900 	 5.6930952072143555
901 	 5.67299747467041
902 	 5.682345867156982
903 	 5.933420658111572
904 	 5.923985481262207
905 	 5.501714706420898
906 	 5.631147861480713
907 	 5.677885055541992
908 	 5.672200679779053
909 	 5.528820037841797
910 	 5.455251693725586
911 	 5.548555374145508
912 	 5.5969390869140625
913 	 5.655808925628662
914 	 5.638009548187256
915 	 5.658926010131836
916 	 5.666751384735107
917 	 5.769675254821777
918 	 5.772931098937988
919 	 5.692627906799316
920 	 5.74875545501709
921 	 5.7437310218811035
922 	 5.756586074829102
923 	 5.585366725921631
924 	 5.729914665222168
925 	 5.774897575378418
926 	 5.578592777252197
927 	 5.561107158660889
928 	 5.697795867919922
929 	 5.668803691864014
930 	 5.726471424102783
931 	 5.744168758392334
932 	 5.9694366455078125
933 	 5.707271099090576
934 	 5.7581281661987305
935 	 5.616897106170654
936 	 5.602293014526367
937 	 5.723056793212891
938 	 5.712002277374268
939 	 5.675432205200195
940 	 5.7282328605651855
941 	 5.533603191375732
942 	 5.533517360687256
943 	 5.765161991119385
944 	 5.804203033447266
945 	 5.64690637588501
946 	 5.650404930114746
947 	 5.733933448791504
948 	 5.750359535217285
949 	 5.656806945800781
950 	 5.680436134338379
951 	 5.692936420440674
952 	 5.629251480102539
953 	 5.820003509521484
954 	 5.905716896057129
955 	 5.7612810134887695
956 	 5.7323198318481445
957 	 5.7092976570129395
958 	 5.5197954177856445
959 	 5.571557521820068
960 	 5.815718650817871
961 	 5.853059768676758
962 	 5.722537517547607
963 	 5.604948997497559
964 	 5.609328746795654
965 	 5.551990509033203
966 	 5.708039283752441
967 	 5.677895545959473
968 	 5.714491844177246
969 	 5.647498607635498
970 	 5.743623733520508
971 	 5.653360843658447
972 	 5.574591159820557
973 	 5.574913501739502
974 	 5.607914447784424
975 	 5.660923957824707
976 	 5.695688724517822
977 	 5.602892875671387
978 	 5.694301128387451
979 	 5.600819110870361
980 	 5.7430291175842285
981 	 5.737313270568848
982 	 5.6575164794921875
983 	 5.643861770629883
984 	 5.668755054473877
985 	 5.715865612030029
986 	 5.737876892089844
987 	 6.044295310974121
988 	 5.942455768585205
989 	 6.006861209869385
990 	 5.972165107727051
991 	 6.001309394836426
992 	 5.927583694458008
993 	 5.994915962219238
994 	 5.848718643188477
995 	 6.043755054473877
996 	 5.983935356140137
997 	 6.120058059692383
998 	 5.912225246429443
999 	 5.807631969451904
1000 	 5.854928970336914
1001 	 5.896341800689697
1002 	 5.859194278717041
1003 	 5.852260112762451
1004 	 5.8277363777160645
1005 	 5.905745029449463
1006 	 5.992317199707031
1007 	 5.713421821594238
1008 	 5.5313920974731445
1009 	 5.567543029785156
1010 	 5.497215270996094
1011 	 5.619678974151611
1012 	 5.832480430603027
1013 	 5.659573078155518
1014 	 5.616296291351318
1015 	 5.944944381713867
1016 	 5.7015380859375
1017 	 5.6224565505981445
1018 	 5.620870113372803
1019 	 5.565066814422607
1020 	 5.388460159301758
1021 	 5.6443281173706055
1022 	 5.623936653137207
1023 	 5.558245658874512
1024 	 5.489108085632324
1025 	 5.604102611541748
1026 	 5.416755199432373
1027 	 5.441347599029541
1028 	 5.4548211097717285
1029 	 5.5391764640808105
1030 	 5.511653900146484
1031 	 5.411722183227539
1032 	 5.486985206604004
1033 	 5.6621270179748535
1034 	 5.490118503570557
1035 	 5.5606560707092285
1036 	 5.5107550621032715
1037 	 5.557342052459717
1038 	 5.657968997955322
1039 	 5.739377498626709
1040 	 5.971498012542725
1041 	 5.897573947906494
1042 	 5.856820583343506
1043 	 5.932796955108643
1044 	 5.892608642578125
1045 	 5.832292556762695
1046 	 5.8105926513671875
1047 	 5.733108997344971
1048 	 5.727052688598633
1049 	 5.945355415344238
1050 	 5.726609230041504
1051 	 5.922764301300049
1052 	 5.970055103302002
1053 	 5.742629051208496
1054 	 5.73418664932251
1055 	 5.907932758331299
1056 	 5.745538234710693
1057 	 5.830199718475342
1058 	 5.963623523712158
1059 	 5.79583740234375
1060 	 5.840158939361572
1061 	 5.912393093109131
1062 	 5.9370903968811035
1063 	 5.974555015563965
1064 	 5.929470539093018
1065 	 5.813028335571289
1066 	 5.878999710083008
1067 	 5.894383907318115
1068 	 5.735958099365234
1069 	 5.944928169250488
1070 	 5.89541482925415
1071 	 5.7864990234375
1072 	 5.651858329772949
1073 	 5.732935428619385
1074 	 5.8610920906066895
1075 	 5.901529788970947
1076 	 5.828326225280762
1077 	 5.915951728820801
1078 	 5.867477893829346
1079 	 5.85735559463501
1080 	 5.850858688354492
1081 	 5.890469551086426
1082 	 5.797685623168945
1083 	 5.867466449737549
1084 	 5.851527214050293
1085 	 5.889345645904541
1086 	 5.967893123626709
1087 	 6.065088272094727
1088 	 5.949467658996582
1089 	 5.994264602661133
1090 	 5.9163103103637695
1091 	 5.938307285308838
1092 	 5.9591450691223145
1093 	 5.825985908508301
1094 	 5.939348220825195
1095 	 5.872637748718262
1096 	 5.752955913543701
1097 	 5.900539875030518
1098 	 5.736536502838135
1099 	 5.875349521636963
1100 	 5.948635101318359
1101 	 5.812616348266602
1102 	 5.855012893676758
1103 	 5.641966819763184
1104 	 5.743036270141602
1105 	 5.57759952545166
1106 	 5.64903450012207
1107 	 5.561503887176514
1108 	 5.6289520263671875
1109 	 5.641509532928467
1110 	 5.664608955383301
1111 	 5.59071683883667
1112 	 5.578312873840332
1113 	 5.506573677062988
1114 	 5.513331413269043
1115 	 5.469961166381836
1116 	 5.471841812133789
1117 	 5.573643207550049
1118 	 5.5039591789245605
1119 	 5.622951507568359
1120 	 5.734799385070801
1121 	 5.727001667022705
1122 	 5.54179048538208
1123 	 5.637368202209473
1124 	 5.709352016448975
1125 	 5.732368469238281
1126 	 5.635772228240967
1127 	 5.745049476623535
1128 	 5.5112223625183105
1129 	 5.6326069831848145
1130 	 5.719693660736084
1131 	 5.704504489898682
1132 	 5.7409844398498535
1133 	 5.516303539276123
1134 	 5.654605388641357
1135 	 5.622155666351318
1136 	 5.77777624130249
1137 	 5.656838893890381
1138 	 5.731993198394775
1139 	 5.722586154937744
1140 	 5.678196430206299
1141 	 5.572696685791016
1142 	 5.628004550933838
1143 	 5.616683006286621
1144 	 5.590327739715576
1145 	 5.616915225982666
1146 	 5.621979236602783
1147 	 5.6582136154174805
1148 	 5.460769176483154
1149 	 5.47383451461792
1150 	 5.553823471069336
1151 	 5.508336544036865
1152 	 5.4669671058654785
1153 	 5.402393817901611
1154 	 5.5158586502075195
1155 	 5.515361785888672
1156 	 5.526783466339111
1157 	 5.428668022155762
1158 	 5.4708251953125
1159 	 5.7964372634887695
1160 	 5.624986171722412
1161 	 5.508032321929932
1162 	 5.503658771514893
1163 	 5.576545715332031
1164 	 5.517237663269043
1165 	 5.611763954162598
1166 	 5.780498504638672
1167 	 5.733087539672852
1168 	 5.727567195892334
1169 	 5.761336803436279
1170 	 5.746419906616211
1171 	 5.895617961883545
1172 	 5.7312774658203125
1173 	 5.8070387840271
1174 	 5.8751044273376465
1175 	 5.814599514007568
1176 	 5.711437225341797
1177 	 5.718223571777344
1178 	 5.597589015960693
1179 	 5.417416572570801
1180 	 5.521008014678955
1181 	 5.5497541427612305
1182 	 5.4779953956604
1183 	 5.536923885345459
1184 	 5.533245086669922
1185 	 5.550394535064697
1186 	 5.461578369140625
1187 	 5.394255638122559
1188 	 5.449257850646973
1189 	 5.5167975425720215
1190 	 5.670412063598633
1191 	 5.631606578826904
1192 	 5.597796440124512
1193 	 5.4857659339904785
1194 	 5.575788497924805
1195 	 5.511839866638184
1196 	 5.617114543914795
1197 	 5.530289173126221
1198 	 5.467184543609619
1199 	 5.600208282470703
1200 	 5.693360805511475
1201 	 5.629576683044434
1202 	 5.588059902191162
1203 	 5.656430244445801
1204 	 5.502965927124023
1205 	 5.5228657722473145
1206 	 5.658280849456787
1207 	 5.760876178741455
1208 	 5.639913082122803
1209 	 5.748915195465088
1210 	 5.674939155578613
1211 	 5.651056289672852
1212 	 5.720500946044922
1213 	 5.713615417480469
1214 	 5.514227390289307
1215 	 5.6093831062316895
1216 	 5.676001071929932
1217 	 5.68280029296875
1218 	 5.424015522003174
1219 	 5.694807052612305
1220 	 5.640812873840332
1221 	 5.638756275177002
1222 	 5.637420177459717
1223 	 5.639559745788574
1224 	 5.610578536987305
1225 	 5.506518363952637
1226 	 5.604938507080078
1227 	 5.631611347198486
1228 	 5.625443458557129
1229 	 5.445056915283203
1230 	 5.578014850616455
1231 	 5.517477035522461
1232 	 5.500370025634766
1233 	 5.455766677856445
1234 	 5.634836673736572
1235 	 5.654810428619385
1236 	 5.588853359222412
1237 	 5.593635559082031
1238 	 5.461328983306885
1239 	 5.47806453704834
1240 	 5.596927642822266
1241 	 5.678757667541504
1242 	 5.622805595397949
1243 	 5.698756217956543
1244 	 5.620509624481201
1245 	 5.680781364440918
1246 	 5.49355411529541
1247 	 5.431540012359619
1248 	 5.489279747009277
1249 	 5.57279634475708
1250 	 5.635751724243164
1251 	 5.385341167449951
1252 	 5.710113048553467
1253 	 5.642757892608643
1254 	 5.707490921020508
1255 	 5.57930850982666
1256 	 5.64597225189209
1257 	 5.616255283355713
1258 	 5.603341102600098
1259 	 5.704994201660156
1260 	 5.6407318115234375
1261 	 5.644966125488281
1262 	 5.637753009796143
1263 	 5.641393661499023
1264 	 5.573610305786133
1265 	 5.629201412200928
1266 	 5.707345485687256
1267 	 5.531038284301758
1268 	 5.426609516143799
1269 	 5.374313831329346
1270 	 5.645699977874756
1271 	 5.528719425201416
1272 	 5.479946136474609
1273 	 5.455983638763428
1274 	 5.555787086486816
1275 	 5.384869575500488
1276 	 5.651180744171143
1277 	 5.6533331871032715
1278 	 5.397973537445068
1279 	 5.526482582092285
1280 	 5.516993999481201
1281 	 5.462964057922363
1282 	 5.5010762214660645
1283 	 5.532135009765625
1284 	 5.4402265548706055
1285 	 5.574915409088135
1286 	 5.601239204406738
1287 	 5.577220916748047
1288 	 5.60341739654541
1289 	 5.469985008239746
1290 	 5.5354766845703125
1291 	 5.543605804443359
1292 	 5.568559169769287
1293 	 5.506368637084961
1294 	 5.469745635986328
1295 	 5.465174674987793
1296 	 5.496036529541016
1297 	 5.615565776824951
1298 	 5.62304162979126
1299 	 5.439671993255615
1300 	 5.624577045440674
1301 	 5.485803127288818
1302 	 5.547684192657471
1303 	 5.616819381713867
1304 	 5.520759105682373
1305 	 5.593490123748779
1306 	 5.535398483276367
1307 	 5.569467067718506
1308 	 5.646249294281006
1309 	 5.500168800354004
1310 	 5.556363105773926
1311 	 5.601435661315918
1312 	 5.532023906707764
1313 	 5.410696983337402
1314 	 5.527689456939697
1315 	 5.528121471405029
1316 	 5.528223991394043
1317 	 5.672116279602051
1318 	 5.62916374206543
1319 	 5.423950672149658
1320 	 5.5599284172058105
1321 	 5.576573848724365
1322 	 5.539426803588867
1323 	 5.676077842712402
1324 	 5.462711334228516
1325 	 5.534456729888916
1326 	 5.510013103485107
1327 	 5.502967834472656
1328 	 5.503619194030762
1329 	 5.4264092445373535
1330 	 5.411077499389648
1331 	 5.401788711547852
1332 	 5.515438079833984
1333 	 5.51735258102417
1334 	 5.593243598937988
1335 	 5.434996128082275
1336 	 5.501585006713867
1337 	 5.627655029296875
1338 	 5.491177558898926
1339 	 5.409180164337158
1340 	 5.432066440582275
1341 	 5.516275405883789
1342 	 5.469285011291504
1343 	 5.6700334548950195
1344 	 5.448574542999268
1345 	 5.594430446624756
1346 	 5.617202281951904
1347 	 5.620350360870361
1348 	 5.668941497802734
1349 	 5.750057220458984
1350 	 5.700745582580566
1351 	 5.50401496887207
1352 	 5.602771759033203
1353 	 5.500694751739502
1354 	 5.4804911613464355
1355 	 5.567809581756592
1356 	 5.640937328338623
1357 	 5.460336208343506
1358 	 5.551083564758301
1359 	 5.615692138671875
1360 	 5.490564823150635
1361 	 5.632213592529297
1362 	 5.7061543464660645
1363 	 5.5973076820373535
1364 	 5.602482318878174
1365 	 5.5377278327941895
1366 	 5.677956581115723
1367 	 5.516718864440918
1368 	 5.715020179748535
1369 	 5.636639595031738
1370 	 5.653201580047607
1371 	 5.497211456298828
1372 	 5.496549129486084
1373 	 5.602024555206299
1374 	 5.518645286560059
1375 	 5.67340612411499
1376 	 5.6149396896362305
1377 	 5.569097995758057
1378 	 5.5756306648254395
1379 	 5.718626022338867
1380 	 5.527464389801025
1381 	 5.742221832275391
1382 	 5.536358833312988
1383 	 5.562634468078613
1384 	 5.623138904571533
1385 	 5.512588024139404
1386 	 5.596648216247559
1387 	 5.667602062225342
1388 	 5.741716384887695
1389 	 5.554275989532471
1390 	 5.609457969665527
1391 	 5.652927875518799
1392 	 5.483148097991943
1393 	 5.5783867835998535
1394 	 5.4478020668029785
1395 	 5.6613030433654785
1396 	 5.565792560577393
1397 	 5.5375542640686035
1398 	 5.683851718902588
1399 	 5.46742057800293
1400 	 5.435959815979004
1401 	 5.537364482879639
1402 	 5.520935535430908
1403 	 5.592382907867432
1404 	 5.527485370635986
1405 	 5.476570129394531
1406 	 5.415788173675537
1407 	 5.4874396324157715
1408 	 5.490028381347656
1409 	 5.532725811004639
1410 	 5.355044841766357
1411 	 5.578312873840332
1412 	 5.585628986358643
1413 	 5.74352502822876
1414 	 5.508314609527588
1415 	 5.6796770095825195
1416 	 5.618180274963379
1417 	 5.447107315063477
1418 	 5.540706634521484
1419 	 5.579070568084717
1420 	 5.6221418380737305
1421 	 5.579273223876953
1422 	 5.724117279052734
1423 	 5.5106072425842285
1424 	 5.591605186462402
1425 	 5.679199695587158
1426 	 5.777163028717041
1427 	 5.697605609893799
1428 	 5.695007801055908
1429 	 5.717484951019287
1430 	 5.541789531707764
1431 	 5.533356189727783
1432 	 5.556677341461182
1433 	 5.661949157714844
1434 	 5.617098331451416
1435 	 5.69822359085083
1436 	 5.721278667449951
1437 	 5.774990558624268
1438 	 5.6697492599487305
1439 	 5.7981719970703125
1440 	 5.747852325439453
1441 	 5.554856300354004
1442 	 5.4254231452941895
1443 	 5.448287487030029
1444 	 5.583031177520752
1445 	 5.466115951538086
1446 	 5.507315158843994
1447 	 5.497809410095215
1448 	 5.752705097198486
1449 	 5.6900529861450195
1450 	 5.661337375640869
1451 	 5.670103073120117
1452 	 5.680673122406006
1453 	 5.61096715927124
1454 	 5.755128860473633
1455 	 5.67748498916626
1456 	 5.574888706207275
1457 	 5.6199631690979
1458 	 5.606949806213379
1459 	 5.6286821365356445
1460 	 5.651600360870361
1461 	 5.503335952758789
1462 	 5.746640205383301
1463 	 5.705207347869873
1464 	 5.538863658905029
1465 	 5.577545166015625
1466 	 5.430403709411621
1467 	 5.47659158706665
1468 	 5.346196174621582
1469 	 5.368887901306152
1470 	 5.4157609939575195
1471 	 5.480114936828613
1472 	 5.47298526763916
1473 	 5.529398441314697
1474 	 5.535750865936279
1475 	 5.5813446044921875
1476 	 5.646313667297363
1477 	 5.717740058898926
1478 	 5.518308639526367
1479 	 5.45837926864624
1480 	 5.57552433013916
1481 	 5.5576252937316895
1482 	 5.630102634429932
1483 	 5.574635028839111
1484 	 5.648303985595703
1485 	 5.635199069976807
1486 	 5.545103073120117
1487 	 5.471642017364502
1488 	 5.490207195281982
1489 	 5.424091815948486
1490 	 5.541684150695801
1491 	 5.565828800201416
1492 	 5.551704406738281
1493 	 5.495784759521484
1494 	 5.619124889373779
1495 	 5.518163681030273
1496 	 5.726330757141113
1497 	 5.606417655944824
1498 	 5.517117977142334
1499 	 5.513925075531006
1500 	 5.568755149841309
1501 	 5.603761196136475
1502 	 5.619617462158203
1503 	 5.604823589324951
1504 	 5.512114524841309
1505 	 5.658012866973877
1506 	 5.425876617431641
1507 	 5.353438854217529
1508 	 5.447457313537598
1509 	 5.578887462615967
1510 	 5.500789165496826
1511 	 5.593405723571777
1512 	 5.611978530883789
1513 	 5.580453872680664
1514 	 5.565365314483643
1515 	 5.73552942276001
1516 	 5.510101795196533
1517 	 5.72256326675415
1518 	 5.625603199005127
1519 	 5.626556396484375
1520 	 5.523402690887451
1521 	 5.503586292266846
1522 	 5.546366214752197
1523 	 5.640329360961914
1524 	 5.544180393218994
1525 	 5.524168968200684
1526 	 5.744145393371582
1527 	 5.557709693908691
1528 	 5.581359386444092
1529 	 5.565231800079346
1530 	 5.538167476654053
1531 	 5.685903072357178
1532 	 5.510712623596191
1533 	 5.539837837219238
1534 	 5.682222843170166
1535 	 5.476032733917236
1536 	 5.54725456237793
1537 	 5.631292819976807
1538 	 5.623880386352539
1539 	 5.5399627685546875
1540 	 5.54094123840332
1541 	 5.672731399536133
1542 	 5.649050235748291
1543 	 5.599397659301758
1544 	 5.522490978240967
1545 	 5.572479248046875
1546 	 5.607229232788086
1547 	 5.455644607543945
1548 	 5.5005669593811035
1549 	 5.5641374588012695
1550 	 5.624081611633301
1551 	 5.402453422546387
1552 	 5.334788799285889
1553 	 5.505520343780518
1554 	 5.463539123535156
1555 	 5.4977874755859375
1556 	 5.456364154815674
1557 	 5.419285774230957
1558 	 5.570621967315674
1559 	 5.569319248199463
1560 	 5.594568252563477
1561 	 5.508262634277344
1562 	 5.506182670593262
1563 	 5.503365516662598
1564 	 5.507884502410889
1565 	 5.549992084503174
1566 	 5.542069911956787
1567 	 5.5644707679748535
1568 	 5.565277099609375
1569 	 5.518501281738281
1570 	 5.567485332489014
1571 	 5.56342077255249
1572 	 5.55483341217041
1573 	 5.551969528198242
1574 	 5.6498212814331055
1575 	 5.707458019256592
1576 	 5.652721881866455
1577 	 5.520955562591553
1578 	 5.47857141494751
1579 	 5.717931270599365
1580 	 5.473358631134033
1581 	 5.6292901039123535
1582 	 5.542291641235352
1583 	 5.516629695892334
1584 	 5.661600589752197
1585 	 5.575091361999512
1586 	 5.680385112762451
1587 	 5.618238925933838
1588 	 5.697175979614258
1589 	 5.516578674316406
1590 	 5.470674514770508
1591 	 5.659514904022217
1592 	 5.474818229675293
1593 	 5.386941432952881
1594 	 5.469797611236572
1595 	 5.542097091674805
1596 	 5.6014275550842285
1597 	 5.530954837799072
1598 	 5.468606948852539
1599 	 5.604582786560059
1600 	 5.537026405334473
1601 	 5.57790994644165
1602 	 5.683053493499756
1603 	 5.52699613571167
1604 	 5.643441677093506
1605 	 5.605639457702637
1606 	 5.5035271644592285
1607 	 5.542928218841553
1608 	 5.820614814758301
1609 	 5.661900997161865
1610 	 5.63881254196167
1611 	 5.520470142364502
1612 	 5.548129558563232
1613 	 5.5550079345703125
1614 	 5.48320198059082
1615 	 5.698091983795166
1616 	 5.5345845222473145
1617 	 5.581057548522949
1618 	 5.704577922821045
1619 	 5.746762752532959
1620 	 5.508228778839111
1621 	 5.626340866088867
1622 	 5.499517440795898
1623 	 5.631675720214844
1624 	 5.680079936981201
1625 	 5.701210975646973
1626 	 5.602005958557129
1627 	 5.6282429695129395
1628 	 5.597945213317871
1629 	 5.589409351348877
1630 	 5.592784881591797
1631 	 5.649780750274658
1632 	 5.69562292098999
1633 	 5.556153297424316
1634 	 5.6837158203125
1635 	 5.528442859649658
1636 	 5.629875659942627
1637 	 5.442203998565674
1638 	 5.596266746520996
1639 	 5.521981239318848
1640 	 5.615621566772461
1641 	 5.592075824737549
1642 	 5.5508928298950195
1643 	 5.654572486877441
1644 	 5.657175064086914
1645 	 5.641071796417236
1646 	 5.5719780921936035
1647 	 5.488545894622803
1648 	 5.560373783111572
1649 	 5.519664764404297
1650 	 5.589404106140137
1651 	 5.467126369476318
1652 	 5.621678829193115
1653 	 5.470160961151123
1654 	 5.7106547355651855
1655 	 5.590046405792236
1656 	 5.5323381423950195
1657 	 5.476219654083252
1658 	 5.536211013793945
1659 	 5.721979141235352
1660 	 5.635711669921875
1661 	 5.727194786071777
1662 	 5.577183723449707
1663 	 5.570777416229248
1664 	 5.509045124053955
1665 	 5.704471588134766
1666 	 5.68484354019165
1667 	 5.683352947235107
1668 	 5.547674179077148
1669 	 5.609638214111328
1670 	 5.59308385848999
1671 	 5.685283660888672
1672 	 5.637949466705322
1673 	 5.601016044616699
1674 	 5.462160587310791
1675 	 5.546640872955322
1676 	 5.644941806793213
1677 	 5.6464314460754395
1678 	 5.72042179107666
1679 	 5.58652925491333
1680 	 5.621519565582275
1681 	 5.621555328369141
1682 	 5.612767696380615
1683 	 5.556151866912842
1684 	 5.593674659729004
1685 	 5.549565315246582
1686 	 5.620382308959961
1687 	 5.586423397064209
1688 	 5.51340389251709
1689 	 5.612801551818848
1690 	 5.579553127288818
1691 	 5.507503032684326
1692 	 5.663095474243164
1693 	 5.340660095214844
1694 	 5.465570449829102
1695 	 5.530084133148193
1696 	 5.532024383544922
1697 	 5.496956825256348
1698 	 5.666807174682617
1699 	 5.5615973472595215
1700 	 5.625275611877441
1701 	 5.597175598144531
1702 	 5.564133167266846
1703 	 5.522688388824463
1704 	 5.487994194030762
1705 	 5.495725631713867
1706 	 5.632625579833984
1707 	 5.615263938903809
1708 	 5.733303070068359
1709 	 5.605931282043457
1710 	 5.540470123291016
1711 	 5.61703634262085
1712 	 5.664847373962402
1713 	 5.578667640686035
1714 	 5.5631513595581055
1715 	 5.643661975860596
1716 	 5.546931743621826
1717 	 5.6550612449646
1718 	 5.619083404541016
1719 	 5.626827239990234
1720 	 5.505136966705322
1721 	 5.600964546203613
1722 	 5.640178203582764
1723 	 5.573099613189697
1724 	 5.490577220916748
1725 	 5.626886367797852
1726 	 5.642403602600098
1727 	 5.690098762512207
1728 	 5.608856678009033
1729 	 5.754626750946045
1730 	 5.670965194702148
1731 	 5.718537330627441
1732 	 5.722177505493164
1733 	 5.631368637084961
1734 	 5.620489597320557
1735 	 5.595396518707275
1736 	 5.6370649337768555
1737 	 5.649381160736084
1738 	 5.7018890380859375
1739 	 5.635557174682617
1740 	 5.541445732116699
1741 	 5.593167304992676
1742 	 5.6918158531188965
1743 	 5.710571765899658
1744 	 5.576143264770508
1745 	 5.69866943359375
1746 	 5.548214435577393
1747 	 5.58438777923584
1748 	 5.641259670257568
1749 	 5.638512134552002
1750 	 5.663336277008057
1751 	 5.644952774047852
1752 	 5.525563716888428
1753 	 5.536609649658203
1754 	 5.675319671630859
1755 	 5.638444900512695
1756 	 5.634483814239502
1757 	 5.7097368240356445
1758 	 5.55604362487793
1759 	 5.5771379470825195
1760 	 5.597836494445801
1761 	 5.6567912101745605
1762 	 5.620767116546631
1763 	 5.644153118133545
1764 	 5.578526973724365
1765 	 5.664918899536133
1766 	 5.668035984039307
1767 	 5.511026859283447
1768 	 5.6467671394348145
1769 	 5.585726261138916
1770 	 5.595493793487549
1771 	 5.597362041473389
1772 	 5.479201316833496
1773 	 5.617825984954834
1774 	 5.795065879821777
1775 	 5.599508762359619
1776 	 5.7305521965026855
1777 	 5.649117946624756
1778 	 5.566661834716797
1779 	 5.707698345184326
1780 	 5.578254222869873
1781 	 5.587399959564209
1782 	 5.674849033355713
1783 	 5.5371994972229
1784 	 5.595506191253662
1785 	 5.6183881759643555
1786 	 5.708479881286621
1787 	 5.61627197265625
1788 	 5.6676788330078125
1789 	 5.533017158508301
1790 	 5.564712047576904
1791 	 5.698650360107422
1792 	 5.495578289031982
1793 	 5.579720973968506
1794 	 5.6604485511779785
1795 	 5.492245197296143
1796 	 5.596247673034668
1797 	 5.6075968742370605
1798 	 5.602316856384277
1799 	 5.675120830535889
1800 	 5.685441017150879
1801 	 5.6242475509643555
1802 	 5.634091377258301
1803 	 5.631153106689453
1804 	 5.522003173828125
1805 	 5.671849727630615
1806 	 5.676299571990967
1807 	 5.691399097442627
1808 	 5.6663103103637695
1809 	 5.537907123565674
1810 	 5.5783867835998535
1811 	 5.709474563598633
1812 	 5.629617691040039
1813 	 5.7278265953063965
1814 	 5.586702346801758
1815 	 5.570555210113525
1816 	 5.560965538024902
1817 	 5.621273994445801
1818 	 5.587305545806885
1819 	 5.685281276702881
1820 	 5.761247634887695
1821 	 5.616827487945557
1822 	 5.627899646759033
1823 	 5.699903964996338
1824 	 5.668150901794434
1825 	 5.453418254852295
1826 	 5.590285778045654
1827 	 5.525002956390381
1828 	 5.590636730194092
1829 	 5.6821489334106445
1830 	 5.679187297821045
1831 	 5.615141868591309
1832 	 5.633170127868652
1833 	 5.494894981384277
1834 	 5.490457534790039
1835 	 5.6030192375183105
1836 	 5.539083957672119
1837 	 5.725290298461914
1838 	 5.557736396789551
1839 	 5.572563171386719
1840 	 5.500853538513184
1841 	 5.560737609863281
1842 	 5.5273332595825195
1843 	 5.574744701385498
1844 	 5.589941501617432
1845 	 5.528225898742676
1846 	 5.576207637786865
1847 	 5.632351398468018
1848 	 5.624377250671387
1849 	 5.520492076873779
1850 	 5.575204849243164
1851 	 5.443700790405273
1852 	 5.582710266113281
1853 	 5.604561805725098
1854 	 5.716490745544434
1855 	 5.577844142913818
1856 	 5.563047409057617
1857 	 5.591153144836426
1858 	 5.727974891662598
1859 	 5.686647891998291
1860 	 5.709258079528809
1861 	 5.669821739196777
1862 	 5.528085708618164
1863 	 5.501084327697754
1864 	 5.669509410858154
1865 	 5.597057342529297
1866 	 5.551006317138672
1867 	 5.60023307800293
1868 	 5.5396728515625
1869 	 5.451663494110107
1870 	 5.493971347808838
1871 	 5.6410088539123535
1872 	 5.563374996185303
1873 	 5.542363166809082
1874 	 5.596628189086914
1875 	 5.473798751831055
1876 	 5.622886657714844
1877 	 5.675415515899658
1878 	 5.589272975921631
1879 	 5.565545558929443
1880 	 5.641272068023682
1881 	 5.409559726715088
1882 	 5.591167449951172
1883 	 5.613969326019287
1884 	 5.547203063964844
1885 	 5.496228218078613
1886 	 5.67758846282959
1887 	 5.601003170013428
1888 	 5.542437553405762
1889 	 5.6528239250183105
1890 	 5.579523086547852
1891 	 5.532925128936768
1892 	 5.5904130935668945
1893 	 5.68813419342041
1894 	 5.398227214813232
1895 	 5.644660472869873
1896 	 5.589300632476807
1897 	 5.708808422088623
1898 	 5.651593208312988
1899 	 5.599039554595947
1900 	 5.745759963989258
1901 	 5.601138114929199
1902 	 5.6598334312438965
1903 	 5.660855770111084
1904 	 5.7484660148620605
1905 	 5.683008670806885
1906 	 5.682347774505615
1907 	 5.611810207366943
1908 	 5.728255748748779
1909 	 5.6252031326293945
1910 	 5.553375244140625
1911 	 5.45566463470459
1912 	 5.507421016693115
1913 	 5.452722072601318
1914 	 5.776399612426758
1915 	 5.611824989318848
1916 	 5.570796966552734
1917 	 5.691174507141113
1918 	 5.542417049407959
1919 	 5.623744964599609
1920 	 5.577694892883301
1921 	 5.435949325561523
1922 	 5.42780065536499
1923 	 5.60145902633667
1924 	 5.581259727478027
1925 	 5.571169853210449
1926 	 5.3744049072265625
1927 	 5.643959999084473
1928 	 5.604663848876953
1929 	 5.556783199310303
1930 	 5.644113063812256
1931 	 5.594254493713379
1932 	 5.593358993530273
1933 	 5.5187153816223145
1934 	 5.511655807495117
1935 	 5.580977916717529
1936 	 5.550349235534668
1937 	 5.493380069732666
1938 	 5.474413871765137
1939 	 5.677575588226318
1940 	 5.578949928283691
1941 	 5.5816569328308105
1942 	 5.636587619781494
1943 	 5.5331549644470215
1944 	 5.604522228240967
1945 	 5.574342727661133
1946 	 5.592506408691406
1947 	 5.517714500427246
1948 	 5.550907611846924
1949 	 5.59529447555542
1950 	 5.565771102905273
1951 	 5.538272857666016
1952 	 5.693716526031494
1953 	 5.701063632965088
1954 	 5.626430988311768
1955 	 5.4803948402404785
1956 	 5.600668907165527
1957 	 5.638775825500488
1958 	 5.516566276550293
1959 	 5.462367057800293
1960 	 5.709519386291504
1961 	 5.658964157104492
1962 	 5.4824604988098145
1963 	 5.459796905517578
1964 	 5.499495983123779
1965 	 5.511127471923828
1966 	 5.50154972076416
1967 	 5.6793532371521
1968 	 5.4552226066589355
1969 	 5.608180046081543
1970 	 5.550526142120361
1971 	 5.524253845214844
1972 	 5.462104320526123
1973 	 5.516845703125
1974 	 5.500577449798584
1975 	 5.394777297973633
1976 	 5.433610916137695
1977 	 5.416437149047852
1978 	 5.626480579376221
1979 	 5.635406017303467
1980 	 5.537833213806152
1981 	 5.577704906463623
1982 	 5.628440856933594
1983 	 5.589363098144531
1984 	 5.605545520782471
1985 	 5.4341349601745605
1986 	 5.688294887542725
1987 	 5.669416427612305
1988 	 5.671725749969482
1989 	 5.4610276222229
1990 	 5.640805721282959
1991 	 5.612983226776123
1992 	 5.792525768280029
1993 	 5.600324630737305
1994 	 5.47873592376709
1995 	 5.591904640197754
1996 	 5.644099235534668
1997 	 5.660279750823975
1998 	 5.578676700592041
1999 	 5.606814384460449
2000 	 5.609643936157227
2001 	 5.704495429992676
2002 	 5.566925525665283
2003 	 5.59326171875
2004 	 5.654149055480957
2005 	 5.51513147354126
2006 	 5.639777183532715
2007 	 5.662107944488525
2008 	 5.523059844970703
2009 	 5.652185916900635
2010 	 5.497724533081055
2011 	 5.634532451629639
2012 	 5.520325660705566
2013 	 5.648563385009766
2014 	 5.571789741516113
2015 	 5.40951681137085
2016 	 5.502403259277344
2017 	 5.541992664337158
2018 	 5.452939510345459
2019 	 5.661355972290039
2020 	 5.624252796173096
2021 	 5.757954120635986
2022 	 5.633530139923096
2023 	 5.570952892303467
2024 	 5.500222682952881
2025 	 5.563880920410156
2026 	 5.750958442687988
2027 	 5.535834312438965
2028 	 5.669463634490967
2029 	 5.3981428146362305
2030 	 5.416532516479492
2031 	 5.609655857086182
2032 	 5.348623752593994
2033 	 5.537838935852051
2034 	 5.6303229331970215
2035 	 5.6913042068481445
2036 	 5.575009346008301
2037 	 5.553651332855225
2038 	 5.707419395446777
2039 	 5.49678373336792
2040 	 5.626526832580566
2041 	 5.661938667297363
2042 	 5.660517692565918
2043 	 5.619409084320068
2044 	 5.609546661376953
2045 	 5.621887683868408
2046 	 5.589153289794922
2047 	 5.550727844238281
2048 	 5.5985188484191895
2049 	 5.613552093505859
2050 	 5.650351524353027
2051 	 5.535674095153809
2052 	 5.618165493011475
2053 	 5.584507465362549
2054 	 5.640336990356445
2055 	 5.678678035736084
2056 	 5.686861991882324
2057 	 5.623057842254639
2058 	 5.524404525756836
2059 	 5.5762224197387695
2060 	 5.669239521026611
2061 	 5.653545379638672
2062 	 5.711556434631348
2063 	 5.5372514724731445
2064 	 5.67356538772583
2065 	 5.619433403015137
2066 	 5.551711082458496
2067 	 5.746685028076172
2068 	 5.60370397567749
2069 	 5.733287334442139
2070 	 5.625358581542969
2071 	 5.663731575012207
2072 	 5.66944694519043
2073 	 5.555239677429199
2074 	 5.593654155731201
2075 	 5.624789714813232
2076 	 5.626090049743652
2077 	 5.49731969833374
2078 	 5.536882400512695
2079 	 5.6725358963012695
2080 	 5.623497009277344
2081 	 5.587282180786133
2082 	 5.6981282234191895
2083 	 5.679409503936768
2084 	 5.74840784072876
2085 	 5.626206874847412
2086 	 5.605471611022949
2087 	 5.532966613769531
2088 	 5.682031154632568
2089 	 5.565389633178711
2090 	 5.7576093673706055
2091 	 5.754167556762695
2092 	 5.62820291519165
2093 	 5.687873363494873
2094 	 5.940834999084473
2095 	 5.992656230926514
2096 	 5.976180076599121
2097 	 5.863134860992432
2098 	 5.890117168426514
2099 	 5.585263252258301
2100 	 5.615467548370361
2101 	 5.697763919830322
2102 	 5.605631351470947
2103 	 5.5873284339904785
2104 	 5.73491096496582
2105 	 5.70700740814209
2106 	 5.635193824768066
2107 	 5.7977614402771
2108 	 5.716716289520264
2109 	 5.5802459716796875
2110 	 5.644660472869873
2111 	 5.659274101257324
2112 	 5.807678699493408
2113 	 5.738752365112305
2114 	 5.709025859832764
2115 	 5.59022855758667
2116 	 5.621916770935059
2117 	 5.606754779815674
2118 	 5.655582427978516
2119 	 5.594483852386475
2120 	 5.656386375427246
2121 	 5.489672660827637
2122 	 5.789543628692627
2123 	 5.688664436340332
2124 	 5.727392673492432
2125 	 5.657653331756592
2126 	 5.698976039886475
2127 	 5.572997570037842
2128 	 5.576911449432373
2129 	 5.589739799499512
2130 	 5.556338787078857
2131 	 5.675442218780518
2132 	 5.599348068237305
2133 	 5.625697135925293
2134 	 5.664499759674072
2135 	 5.633261203765869
2136 	 5.682557106018066
2137 	 5.667148113250732
2138 	 5.54191255569458
2139 	 5.596656322479248
2140 	 5.617959022521973
2141 	 5.716545581817627
2142 	 5.675505638122559
2143 	 5.675505638122559
