Frame	RG
0 	 5.699777126312256
1 	 5.714145183563232
2 	 5.709384441375732
3 	 5.736953258514404
4 	 5.70316219329834
5 	 5.698857307434082
6 	 5.733273506164551
7 	 5.714319229125977
8 	 5.692790985107422
9 	 5.732845306396484
10 	 5.757691860198975
11 	 5.731617450714111
12 	 5.7572736740112305
13 	 5.777497291564941
14 	 5.705583095550537
15 	 5.713946342468262
16 	 5.776062488555908
17 	 5.754055976867676
18 	 5.70134162902832
19 	 5.75056266784668
20 	 5.6962890625
21 	 5.735226631164551
22 	 5.779673099517822
23 	 5.765196323394775
24 	 5.694104194641113
25 	 5.69806432723999
26 	 5.7250752449035645
27 	 5.796852111816406
28 	 5.79138708114624
29 	 5.813145637512207
30 	 5.821530818939209
31 	 5.810281276702881
32 	 5.710385799407959
33 	 5.676604747772217
34 	 5.758988857269287
35 	 5.698277473449707
36 	 5.843985080718994
37 	 5.795559883117676
38 	 5.8764848709106445
39 	 5.853658199310303
40 	 5.719386100769043
41 	 5.835104942321777
42 	 5.899725437164307
43 	 5.769863605499268
44 	 5.76418924331665
45 	 5.695014476776123
46 	 5.886186599731445
47 	 5.693947792053223
48 	 5.960526466369629
49 	 5.891141891479492
50 	 5.893636703491211
51 	 5.857992172241211
52 	 5.879864692687988
53 	 5.720901012420654
54 	 5.847803115844727
55 	 5.768510818481445
56 	 5.9730658531188965
57 	 5.7789106369018555
58 	 5.853976249694824
59 	 5.6683878898620605
60 	 5.6601104736328125
61 	 5.697712421417236
62 	 5.675797939300537
63 	 5.726461887359619
64 	 5.795629024505615
65 	 5.770059585571289
66 	 5.742232322692871
67 	 5.645797252655029
68 	 5.710696220397949
69 	 5.682568073272705
70 	 5.668824672698975
71 	 5.713874816894531
72 	 5.821155071258545
73 	 5.774055004119873
74 	 5.7050981521606445
75 	 5.720156669616699
76 	 5.736793518066406
77 	 5.685725212097168
78 	 5.6645307540893555
79 	 5.656491756439209
80 	 5.756007671356201
81 	 5.835023403167725
82 	 5.773364543914795
83 	 5.782999515533447
84 	 5.755380153656006
85 	 5.686808109283447
86 	 5.722325325012207
87 	 5.651210784912109
88 	 5.765658855438232
89 	 5.785347938537598
90 	 5.6905741691589355
91 	 5.774293422698975
92 	 5.745354652404785
93 	 5.741377353668213
94 	 5.815201759338379
95 	 5.843772888183594
96 	 5.722671031951904
97 	 5.602573871612549
98 	 5.795941352844238
99 	 5.691132545471191
100 	 5.817673683166504
101 	 5.720458507537842
102 	 5.636716842651367
103 	 5.764488697052002
104 	 5.858399868011475
105 	 5.666779041290283
106 	 5.7386088371276855
107 	 5.858429431915283
108 	 5.849453449249268
109 	 5.671466827392578
110 	 5.830922603607178
111 	 5.806729793548584
112 	 5.7980055809021
113 	 5.751523971557617
114 	 5.849900245666504
115 	 5.841070652008057
116 	 5.799315452575684
117 	 5.660280704498291
118 	 5.793657302856445
119 	 5.785392761230469
120 	 5.7350921630859375
121 	 5.779476642608643
122 	 5.853383541107178
123 	 5.8023529052734375
124 	 5.756284713745117
125 	 5.757968425750732
126 	 5.914332866668701
127 	 5.8306121826171875
128 	 5.739200115203857
129 	 5.761667251586914
130 	 5.69679069519043
131 	 5.613344669342041
132 	 5.719056606292725
133 	 5.824418067932129
134 	 5.765177249908447
135 	 5.767268657684326
136 	 5.815106391906738
137 	 5.774501323699951
138 	 5.788392543792725
139 	 5.767747402191162
140 	 5.796040058135986
141 	 5.683518409729004
142 	 5.684208393096924
143 	 5.688385486602783
144 	 5.867875099182129
145 	 5.680420398712158
146 	 5.7733659744262695
147 	 5.808657646179199
148 	 5.917765140533447
149 	 5.74363899230957
150 	 5.787874698638916
151 	 5.779651165008545
152 	 5.729343414306641
153 	 5.859616279602051
154 	 5.801631450653076
155 	 5.740390300750732
156 	 5.903544902801514
157 	 5.663750648498535
158 	 5.876140594482422
159 	 5.895612716674805
160 	 5.875084400177002
161 	 5.796359539031982
162 	 5.760909557342529
163 	 5.868730545043945
164 	 5.7320404052734375
165 	 5.793301105499268
166 	 5.736499309539795
167 	 5.843741416931152
168 	 5.733786106109619
169 	 5.742453098297119
170 	 5.7900004386901855
171 	 5.69245719909668
172 	 5.855697154998779
173 	 5.671755790710449
174 	 5.806015968322754
175 	 5.811932563781738
176 	 5.772409439086914
177 	 5.7594895362854
178 	 5.7539753913879395
179 	 5.921020984649658
180 	 5.843158721923828
181 	 5.857050895690918
182 	 5.815478324890137
183 	 5.742362022399902
184 	 5.744943618774414
185 	 5.8402228355407715
186 	 5.720571994781494
187 	 5.839783191680908
188 	 5.7447509765625
189 	 5.758445739746094
190 	 5.885988235473633
191 	 5.871930122375488
192 	 5.819838523864746
193 	 5.664544105529785
194 	 5.8350605964660645
195 	 5.7461771965026855
196 	 5.704541206359863
197 	 5.584750652313232
198 	 5.758526802062988
199 	 5.723041534423828
200 	 5.749607086181641
201 	 5.802454471588135
202 	 5.747807502746582
203 	 5.742604732513428
204 	 5.709909439086914
205 	 5.699915409088135
206 	 5.719093322753906
207 	 5.682390213012695
208 	 5.688869476318359
209 	 5.657917499542236
210 	 5.793703079223633
211 	 5.830214023590088
212 	 5.956817150115967
213 	 5.857358455657959
214 	 5.703031539916992
215 	 5.689640045166016
216 	 5.773561954498291
217 	 5.637785911560059
218 	 5.600128173828125
219 	 5.673559665679932
220 	 5.852721691131592
221 	 5.7161383628845215
222 	 5.824910640716553
223 	 5.761197566986084
224 	 5.742073059082031
225 	 5.7088398933410645
226 	 5.70136022567749
227 	 5.6846747398376465
228 	 5.751613616943359
229 	 5.8551812171936035
230 	 5.789021968841553
231 	 5.754940032958984
232 	 5.782848358154297
233 	 5.773117542266846
234 	 5.85423469543457
235 	 5.698604106903076
236 	 5.78304386138916
237 	 5.768472194671631
238 	 5.921597480773926
239 	 5.772782802581787
240 	 5.785873889923096
241 	 5.671813011169434
242 	 5.854355812072754
243 	 5.898111820220947
244 	 5.834043979644775
245 	 5.8528828620910645
246 	 5.839250087738037
247 	 5.7460832595825195
248 	 5.831310749053955
249 	 5.769447326660156
250 	 5.736931324005127
251 	 5.819443702697754
252 	 5.733668327331543
253 	 5.695625305175781
254 	 5.745804786682129
255 	 5.605794429779053
256 	 5.623664379119873
257 	 5.670638561248779
258 	 5.543753147125244
259 	 5.788532257080078
260 	 5.7025275230407715
261 	 5.6980299949646
262 	 5.696831703186035
263 	 5.855784893035889
264 	 5.763404369354248
265 	 5.773059844970703
266 	 5.768718242645264
267 	 5.848734378814697
268 	 5.850196838378906
269 	 5.8275299072265625
270 	 5.94826602935791
271 	 5.803912162780762
272 	 5.837501049041748
273 	 5.832582473754883
274 	 5.797491550445557
275 	 5.863335132598877
276 	 5.867593765258789
277 	 5.859171390533447
278 	 5.887867450714111
279 	 5.985450744628906
280 	 5.943438529968262
281 	 6.015066146850586
282 	 5.6139607429504395
283 	 5.785839080810547
284 	 5.705727577209473
285 	 5.646754264831543
286 	 5.658259868621826
287 	 5.718596458435059
288 	 5.6904988288879395
289 	 5.742881774902344
290 	 5.660573959350586
291 	 5.667350769042969
292 	 5.801131725311279
293 	 5.5901947021484375
294 	 5.766362190246582
295 	 5.825908184051514
296 	 5.736963272094727
297 	 5.897069931030273
298 	 5.692719459533691
299 	 5.824818134307861
300 	 5.814281463623047
301 	 5.838594913482666
302 	 5.709434509277344
303 	 5.837645053863525
304 	 5.836146354675293
305 	 5.742012023925781
306 	 5.7924394607543945
307 	 5.958826065063477
308 	 5.786455154418945
309 	 5.756384372711182
310 	 5.737926006317139
311 	 5.706331729888916
312 	 5.751956462860107
313 	 5.932866096496582
314 	 6.043390274047852
315 	 5.814993858337402
316 	 5.828597068786621
317 	 5.824649810791016
318 	 5.923169136047363
319 	 5.859548091888428
320 	 5.794450759887695
321 	 5.779613494873047
322 	 5.857317924499512
323 	 5.825942516326904
324 	 5.8335957527160645
325 	 5.772938251495361
326 	 5.74859619140625
327 	 5.854101657867432
328 	 5.763077259063721
329 	 5.764803409576416
330 	 5.809711933135986
331 	 5.772730350494385
332 	 5.70341682434082
333 	 5.629814147949219
334 	 5.738527774810791
335 	 5.778607368469238
336 	 5.591446876525879
337 	 5.701280117034912
338 	 5.661818027496338
339 	 5.751029014587402
340 	 5.963791847229004
341 	 5.70576286315918
342 	 5.770519733428955
343 	 5.608138084411621
344 	 5.471047401428223
345 	 5.603304386138916
346 	 5.5291924476623535
347 	 5.574494361877441
348 	 5.579160213470459
349 	 5.477839469909668
350 	 5.501287937164307
351 	 5.456042289733887
352 	 5.575197219848633
353 	 5.55138635635376
354 	 5.611072063446045
355 	 5.552720546722412
356 	 5.597055435180664
357 	 5.546982765197754
358 	 5.569127082824707
359 	 5.67868185043335
360 	 5.677818775177002
361 	 5.64943265914917
362 	 5.692541122436523
363 	 5.700523376464844
364 	 5.741825580596924
365 	 5.643099308013916
366 	 5.500284194946289
367 	 5.601853847503662
368 	 5.408173084259033
369 	 5.505270004272461
370 	 5.47179651260376
371 	 5.521026134490967
372 	 5.481785774230957
373 	 5.688538074493408
374 	 5.632984638214111
375 	 5.499572277069092
376 	 5.4766645431518555
377 	 5.77817440032959
378 	 5.662693500518799
379 	 5.708211421966553
380 	 5.718796253204346
381 	 5.555504322052002
382 	 5.620438575744629
383 	 5.530128002166748
384 	 5.600629806518555
385 	 5.56710147857666
386 	 5.5363264083862305
387 	 5.542625427246094
388 	 5.61648416519165
389 	 5.718471527099609
390 	 5.5829362869262695
391 	 5.605465888977051
392 	 5.588093280792236
393 	 5.586576461791992
394 	 5.690260887145996
395 	 5.694605827331543
396 	 5.6872782707214355
397 	 5.5934157371521
398 	 5.615903854370117
399 	 5.639406681060791
400 	 5.6459760665893555
401 	 5.662845134735107
402 	 5.618247032165527
403 	 5.65778923034668
404 	 5.67288875579834
405 	 5.594357013702393
406 	 5.51517391204834
407 	 5.635173320770264
408 	 5.584408760070801
409 	 5.649015426635742
410 	 5.503572463989258
411 	 5.5256757736206055
412 	 5.628264904022217
413 	 5.691471576690674
414 	 5.675924301147461
415 	 5.832736492156982
416 	 5.683187484741211
417 	 5.570138931274414
418 	 5.661257266998291
419 	 5.612283706665039
420 	 5.592292785644531
421 	 5.641622543334961
422 	 5.506974220275879
423 	 5.671584606170654
424 	 5.636852741241455
425 	 5.620054244995117
426 	 5.6797404289245605
427 	 5.723201274871826
428 	 5.784437656402588
429 	 5.608811378479004
430 	 5.680952548980713
431 	 5.577160835266113
432 	 5.624258995056152
433 	 5.601730823516846
434 	 5.678283214569092
435 	 5.5402631759643555
436 	 5.7033281326293945
437 	 5.5621490478515625
438 	 5.601953029632568
439 	 5.637126445770264
440 	 5.731559753417969
441 	 5.775859355926514
442 	 5.6978654861450195
443 	 5.5965070724487305
444 	 5.738112449645996
445 	 5.696159839630127
446 	 5.6294145584106445
447 	 5.901151657104492
448 	 5.739120960235596
449 	 5.620339393615723
450 	 5.516141414642334
451 	 5.614369869232178
452 	 5.522122859954834
453 	 5.601894378662109
454 	 5.6976470947265625
455 	 5.626880645751953
456 	 5.583555221557617
457 	 5.816311359405518
458 	 5.614853382110596
459 	 5.514861106872559
460 	 5.780479907989502
461 	 5.633803844451904
462 	 5.666436195373535
463 	 5.916201591491699
464 	 5.8411736488342285
465 	 5.770052909851074
466 	 5.8001580238342285
467 	 5.855243682861328
468 	 5.945655345916748
469 	 5.825422286987305
470 	 5.84070348739624
471 	 5.861741542816162
472 	 5.919218063354492
473 	 5.837041854858398
474 	 5.8530659675598145
475 	 5.80381441116333
476 	 5.918403625488281
477 	 5.8911285400390625
478 	 5.845985412597656
479 	 5.835351467132568
480 	 5.97420072555542
481 	 5.768844127655029
482 	 5.794856548309326
483 	 5.832185745239258
484 	 5.808730602264404
485 	 6.057037830352783
486 	 5.716372966766357
487 	 5.8093061447143555
488 	 5.969229698181152
489 	 5.893209457397461
490 	 5.777751922607422
491 	 5.88707971572876
492 	 5.81609582901001
493 	 5.784882545471191
494 	 5.86105489730835
495 	 5.760312557220459
496 	 5.706140995025635
497 	 5.698983192443848
498 	 5.716485500335693
499 	 5.841891765594482
500 	 5.783995151519775
501 	 5.8067851066589355
502 	 5.683176040649414
503 	 5.650501728057861
504 	 5.644994258880615
505 	 5.881721496582031
506 	 5.7367963790893555
507 	 5.73146915435791
508 	 5.650510311126709
509 	 5.6933512687683105
510 	 5.832244396209717
511 	 5.905811309814453
512 	 5.724613666534424
513 	 5.643069744110107
514 	 5.710567951202393
515 	 5.5709428787231445
516 	 5.620783805847168
517 	 5.603303909301758
518 	 5.613155841827393
519 	 5.619699954986572
520 	 5.70537805557251
521 	 5.717566967010498
522 	 5.764857292175293
523 	 5.708488941192627
524 	 5.7400078773498535
525 	 5.626795768737793
526 	 5.686830043792725
527 	 5.776650428771973
528 	 5.803863525390625
529 	 5.702274322509766
530 	 5.733407974243164
531 	 5.755534648895264
532 	 5.676068305969238
533 	 5.667244911193848
534 	 5.697144508361816
535 	 5.69187593460083
536 	 5.718414783477783
537 	 5.7436676025390625
538 	 5.665590763092041
539 	 5.724856376647949
540 	 5.654314041137695
541 	 5.663425445556641
542 	 5.835567474365234
543 	 5.783707141876221
544 	 5.55271053314209
545 	 5.709470272064209
546 	 5.583783149719238
547 	 5.803540229797363
548 	 5.703458309173584
549 	 5.752051830291748
550 	 5.625472068786621
551 	 5.687381744384766
552 	 5.657353401184082
553 	 5.706126689910889
554 	 5.622230052947998
555 	 5.811363697052002
556 	 5.553938865661621
557 	 5.691298961639404
558 	 5.6776556968688965
559 	 5.658969402313232
560 	 5.562802791595459
561 	 5.729483604431152
562 	 5.853209018707275
563 	 5.611019134521484
564 	 5.666656970977783
565 	 5.620350360870361
566 	 5.641442775726318
567 	 5.744681358337402
568 	 5.6021881103515625
569 	 5.705316066741943
570 	 5.666285514831543
571 	 5.588588237762451
572 	 5.740031719207764
573 	 5.578969478607178
574 	 5.736595630645752
575 	 5.777018070220947
576 	 5.636051654815674
577 	 5.588891506195068
578 	 5.704347133636475
579 	 5.769401550292969
580 	 5.898923397064209
581 	 5.884220123291016
582 	 5.748500823974609
583 	 5.705810070037842
584 	 5.7610182762146
585 	 5.6048102378845215
586 	 5.7786078453063965
587 	 5.755698204040527
588 	 5.72340726852417
589 	 5.6274590492248535
590 	 5.714062690734863
591 	 5.556540012359619
592 	 5.728234767913818
593 	 5.694077491760254
594 	 5.6308794021606445
595 	 5.730247974395752
596 	 5.683481216430664
597 	 5.79075813293457
598 	 5.695525646209717
599 	 5.729708671569824
600 	 5.6988606452941895
601 	 5.581563472747803
602 	 5.686863899230957
603 	 5.625668048858643
604 	 5.644676208496094
605 	 5.802792549133301
606 	 5.75309419631958
607 	 5.694125652313232
608 	 5.705629825592041
609 	 5.809964656829834
610 	 5.651668548583984
611 	 5.625113487243652
612 	 5.6843438148498535
613 	 5.702537536621094
614 	 5.778619766235352
615 	 5.641702175140381
616 	 5.673158168792725
617 	 5.785311698913574
618 	 5.645099639892578
619 	 5.647036552429199
620 	 5.732780456542969
621 	 5.656360626220703
622 	 5.68155574798584
623 	 5.635064601898193
624 	 5.754576683044434
625 	 5.725239276885986
626 	 5.7073469161987305
627 	 5.709526538848877
628 	 5.757340908050537
629 	 5.707084655761719
630 	 5.730996131896973
631 	 5.8103251457214355
632 	 5.679452419281006
633 	 5.688190937042236
634 	 5.6702880859375
635 	 5.758336544036865
636 	 5.728366851806641
637 	 5.674403190612793
638 	 5.8163018226623535
639 	 5.69728946685791
640 	 5.729740142822266
641 	 5.703197002410889
642 	 5.637909889221191
643 	 5.817788124084473
644 	 5.821601867675781
645 	 5.689339637756348
646 	 5.621252536773682
647 	 5.720480918884277
648 	 5.74241828918457
649 	 5.695634841918945
650 	 5.697029113769531
651 	 5.659311771392822
652 	 5.811171054840088
653 	 5.596454620361328
654 	 5.687727451324463
655 	 5.687955856323242
656 	 5.72068452835083
657 	 5.679004192352295
658 	 5.6459431648254395
659 	 5.716003894805908
660 	 5.687554836273193
661 	 5.610507011413574
662 	 5.561559200286865
663 	 5.708575248718262
664 	 5.639490604400635
665 	 5.7552056312561035
666 	 5.558006763458252
667 	 5.669318199157715
668 	 5.648808479309082
669 	 5.56239128112793
670 	 5.818432807922363
671 	 5.759062767028809
672 	 5.77834415435791
673 	 5.977582931518555
674 	 5.860528469085693
675 	 5.754131317138672
676 	 5.62473726272583
677 	 5.690428733825684
678 	 5.64694881439209
679 	 5.783869743347168
680 	 5.696924209594727
681 	 5.714217185974121
682 	 5.741363048553467
683 	 5.624349594116211
684 	 5.760134696960449
685 	 5.811816215515137
686 	 5.807401180267334
687 	 5.6338043212890625
688 	 5.866369724273682
689 	 5.7637834548950195
690 	 5.862615585327148
691 	 5.987949371337891
692 	 5.737908363342285
693 	 5.716648578643799
694 	 5.750243663787842
695 	 5.709743022918701
696 	 5.750606060028076
697 	 5.672710418701172
698 	 5.626583099365234
699 	 5.706121444702148
700 	 5.645798206329346
701 	 5.7217817306518555
702 	 5.70091438293457
703 	 5.7044196128845215
704 	 5.753594875335693
705 	 5.692232608795166
706 	 5.671122074127197
707 	 5.640705585479736
708 	 5.7183990478515625
709 	 5.679567813873291
710 	 5.729096412658691
711 	 5.711110591888428
712 	 5.722226142883301
713 	 5.700064659118652
714 	 5.696013927459717
715 	 5.674835681915283
716 	 5.62518310546875
717 	 5.699671745300293
718 	 5.788717746734619
719 	 5.641808986663818
720 	 5.729465007781982
721 	 5.721446990966797
722 	 5.655637264251709
723 	 5.763886451721191
724 	 5.673506736755371
725 	 5.764483451843262
726 	 5.6534647941589355
727 	 5.591019153594971
728 	 5.7731757164001465
729 	 5.680723190307617
730 	 5.743188381195068
731 	 5.6788129806518555
732 	 5.77952241897583
733 	 5.7369537353515625
734 	 5.637059688568115
735 	 5.664712905883789
736 	 5.683653354644775
737 	 5.613382339477539
738 	 5.645966529846191
739 	 5.662676811218262
740 	 5.662847995758057
741 	 5.639863014221191
742 	 5.574026584625244
743 	 5.698436260223389
744 	 5.689202308654785
745 	 5.602953910827637
746 	 5.585475921630859
747 	 5.733068466186523
748 	 5.720946311950684
749 	 5.7356157302856445
750 	 5.745325088500977
751 	 5.644792556762695
752 	 5.581695079803467
753 	 5.694653034210205
754 	 5.668873310089111
755 	 5.717618465423584
756 	 5.776928901672363
757 	 5.6548590660095215
758 	 5.624779224395752
759 	 5.802951812744141
760 	 5.741588115692139
761 	 5.678187370300293
762 	 5.686152935028076
763 	 5.6962714195251465
764 	 5.660054683685303
765 	 5.679920196533203
766 	 5.660652160644531
767 	 5.681315898895264
768 	 5.633590221405029
769 	 5.661457061767578
770 	 5.699193477630615
771 	 5.711740493774414
772 	 5.754323482513428
773 	 5.640677452087402
774 	 5.674135208129883
775 	 5.654532432556152
776 	 5.6276350021362305
777 	 5.809020519256592
778 	 5.645367622375488
779 	 5.658532619476318
780 	 5.643759727478027
781 	 5.644056797027588
782 	 5.6958441734313965
783 	 5.631093978881836
784 	 5.389047145843506
785 	 5.58880090713501
786 	 5.642811298370361
787 	 5.587193489074707
788 	 5.628458023071289
789 	 5.789883136749268
790 	 5.7695465087890625
791 	 5.742586612701416
792 	 5.663474082946777
793 	 5.640440940856934
794 	 5.58664083480835
795 	 5.611413478851318
796 	 5.603000640869141
797 	 5.671141624450684
798 	 5.774814605712891
799 	 5.698439121246338
800 	 5.689670562744141
801 	 5.715495586395264
802 	 5.702230453491211
803 	 5.691211700439453
804 	 5.743840217590332
805 	 5.67538595199585
806 	 5.639525413513184
807 	 5.636965751647949
808 	 5.663356304168701
809 	 5.586128234863281
810 	 5.621621131896973
811 	 5.698830604553223
812 	 5.604184627532959
813 	 5.54653787612915
814 	 5.7043352127075195
815 	 5.466738224029541
816 	 5.604708671569824
817 	 5.67324161529541
818 	 5.78013277053833
819 	 5.6327104568481445
820 	 5.746531009674072
821 	 5.729092597961426
822 	 5.638024806976318
823 	 5.733959674835205
824 	 5.867645740509033
825 	 5.950010299682617
826 	 5.83906888961792
827 	 5.74693489074707
828 	 5.951694965362549
829 	 5.743186950683594
830 	 5.644437313079834
831 	 5.701307773590088
832 	 5.62818717956543
833 	 5.565439701080322
834 	 5.580687522888184
835 	 5.63732385635376
836 	 5.706386089324951
837 	 5.688170909881592
838 	 5.655086994171143
839 	 5.681313991546631
840 	 5.754664897918701
841 	 5.769475936889648
842 	 5.8794121742248535
843 	 5.6194987297058105
844 	 5.694911956787109
845 	 5.814992904663086
846 	 5.66757345199585
847 	 5.673012733459473
848 	 5.742397785186768
849 	 5.682089328765869
850 	 5.7044677734375
851 	 5.595836639404297
852 	 5.737343788146973
853 	 5.745760917663574
854 	 5.770857334136963
855 	 5.781264781951904
856 	 5.693167686462402
857 	 5.842437744140625
858 	 5.701533317565918
859 	 5.785423755645752
860 	 5.6818013191223145
861 	 5.728458404541016
862 	 5.714191913604736
863 	 5.668474197387695
864 	 5.675195693969727
865 	 5.776172161102295
866 	 5.6636223793029785
867 	 5.676389694213867
868 	 5.628719329833984
869 	 5.709859848022461
870 	 5.752651214599609
871 	 5.708091735839844
872 	 5.791244029998779
873 	 5.699902534484863
874 	 5.749100685119629
875 	 5.778408527374268
876 	 5.831445693969727
877 	 5.811305522918701
878 	 5.71592378616333
879 	 5.802276611328125
880 	 5.834603786468506
881 	 5.754690647125244
882 	 5.698317527770996
883 	 5.761144161224365
884 	 5.7669501304626465
885 	 5.71406888961792
886 	 5.655761241912842
887 	 5.6349358558654785
888 	 5.671376705169678
889 	 5.796833038330078
890 	 5.717257976531982
891 	 5.6885271072387695
892 	 5.702573299407959
893 	 5.763350009918213
894 	 5.6908040046691895
895 	 5.621638298034668
896 	 5.778739929199219
897 	 5.663557052612305
898 	 5.732862949371338
899 	 5.668981075286865
900 	 5.7984490394592285
901 	 5.643050670623779
902 	 5.615816593170166
903 	 5.73682165145874
904 	 5.793036460876465
905 	 5.719637393951416
906 	 5.807984828948975
907 	 5.635204792022705
908 	 5.6112060546875
909 	 5.768287658691406
910 	 5.687798976898193
911 	 5.626531600952148
912 	 5.703176021575928
913 	 5.623018741607666
914 	 5.5894880294799805
915 	 5.839334011077881
916 	 5.695504188537598
917 	 5.742927074432373
918 	 5.72055196762085
919 	 5.777019500732422
920 	 5.711802005767822
921 	 5.807825088500977
922 	 5.8227667808532715
923 	 5.637422561645508
924 	 5.64906120300293
925 	 5.724575519561768
926 	 5.631008625030518
927 	 5.719707012176514
928 	 5.642045497894287
929 	 5.6819915771484375
930 	 5.7063517570495605
931 	 5.693735599517822
932 	 5.641251087188721
933 	 5.618412494659424
934 	 5.6192626953125
935 	 5.741794109344482
936 	 5.7433648109436035
937 	 5.721205711364746
938 	 5.659924507141113
939 	 5.677492618560791
940 	 5.744833946228027
941 	 5.8087029457092285
942 	 5.624952793121338
943 	 5.685364246368408
944 	 5.74431848526001
945 	 5.565661907196045
946 	 5.6472954750061035
947 	 5.842705726623535
948 	 5.745878219604492
949 	 5.707118988037109
950 	 5.694443225860596
951 	 5.615313529968262
952 	 5.607754707336426
953 	 5.6659955978393555
954 	 5.54293966293335
955 	 5.628050327301025
956 	 5.758704662322998
957 	 5.722010135650635
958 	 5.765056610107422
959 	 5.653729438781738
960 	 5.73969030380249
961 	 5.636292934417725
962 	 5.708765029907227
963 	 5.714615821838379
964 	 5.68554162979126
965 	 5.629006385803223
966 	 5.675765037536621
967 	 5.586383819580078
968 	 5.688660621643066
969 	 5.736588954925537
970 	 5.60048246383667
971 	 5.716520309448242
972 	 5.688039302825928
973 	 5.734857559204102
974 	 5.744078636169434
975 	 5.752338409423828
976 	 5.71673059463501
977 	 5.712015628814697
978 	 5.762118339538574
979 	 5.607590198516846
980 	 5.648440837860107
981 	 5.6463775634765625
982 	 5.710592746734619
983 	 5.497387409210205
984 	 5.6001129150390625
985 	 5.586759567260742
986 	 5.690970420837402
987 	 5.739133834838867
988 	 5.713857650756836
989 	 5.644491672515869
990 	 5.576535224914551
991 	 5.613861560821533
992 	 5.663719177246094
993 	 5.729804515838623
994 	 5.676244258880615
995 	 5.667442798614502
996 	 5.644164085388184
997 	 5.719186305999756
998 	 5.663073539733887
999 	 5.638486862182617
1000 	 5.67977237701416
1001 	 5.659388065338135
1002 	 5.595241546630859
1003 	 5.65367317199707
1004 	 5.686280727386475
1005 	 5.673839092254639
1006 	 5.69926118850708
1007 	 5.695121765136719
1008 	 5.818342208862305
1009 	 5.738653182983398
1010 	 5.641438007354736
1011 	 5.784298896789551
1012 	 5.732918739318848
1013 	 5.578826904296875
1014 	 5.765448570251465
1015 	 5.723794937133789
1016 	 5.698223114013672
1017 	 5.763959884643555
1018 	 5.823774337768555
1019 	 5.748830795288086
1020 	 5.682193279266357
1021 	 5.718667030334473
1022 	 5.74589204788208
1023 	 5.689809322357178
1024 	 5.629221439361572
1025 	 5.709070682525635
1026 	 5.605210781097412
1027 	 5.714419364929199
1028 	 5.704143047332764
1029 	 5.698334217071533
1030 	 5.721369743347168
1031 	 5.857479572296143
1032 	 5.631718635559082
1033 	 5.551711082458496
1034 	 5.746707916259766
1035 	 5.6909027099609375
1036 	 5.614825248718262
1037 	 5.733328819274902
1038 	 5.786060810089111
1039 	 5.706585884094238
1040 	 5.592215538024902
1041 	 5.714029788970947
1042 	 5.789416313171387
1043 	 5.67086935043335
1044 	 5.664140224456787
1045 	 5.685079097747803
1046 	 5.715120792388916
1047 	 5.729494571685791
1048 	 5.725621223449707
1049 	 5.833889484405518
1050 	 5.714164733886719
1051 	 5.778427600860596
1052 	 5.621201992034912
1053 	 5.8752946853637695
1054 	 5.665075302124023
1055 	 5.737434387207031
1056 	 5.51727819442749
1057 	 5.640496253967285
1058 	 5.644922733306885
1059 	 5.72480583190918
1060 	 5.571457862854004
1061 	 5.8026227951049805
1062 	 5.744874477386475
1063 	 5.692811012268066
1064 	 5.7438154220581055
1065 	 5.723689556121826
1066 	 5.563448429107666
1067 	 5.705020427703857
1068 	 5.632476806640625
1069 	 5.70694637298584
1070 	 5.8184027671813965
1071 	 5.836941719055176
1072 	 5.8141188621521
1073 	 5.597517967224121
1074 	 5.636509418487549
1075 	 5.706003665924072
1076 	 5.750210762023926
1077 	 5.690853118896484
1078 	 5.7063727378845215
1079 	 5.735926628112793
1080 	 5.59318208694458
1081 	 5.66325569152832
1082 	 5.723583698272705
1083 	 5.615900993347168
1084 	 5.6676926612854
1085 	 5.636372089385986
1086 	 5.704224109649658
1087 	 5.694435119628906
1088 	 5.530104160308838
1089 	 5.850707530975342
1090 	 5.666329383850098
1091 	 5.657749176025391
1092 	 5.723278999328613
1093 	 5.794797420501709
1094 	 5.621845722198486
1095 	 5.757839202880859
1096 	 5.659646511077881
1097 	 5.566431522369385
1098 	 5.696103572845459
1099 	 5.5381245613098145
1100 	 5.646828651428223
1101 	 5.626214027404785
1102 	 5.6097025871276855
1103 	 5.692713260650635
1104 	 5.642239093780518
1105 	 5.816375255584717
1106 	 5.595887660980225
1107 	 5.570499897003174
1108 	 5.5834150314331055
1109 	 5.608485221862793
1110 	 5.614474296569824
1111 	 5.601372241973877
1112 	 5.663674354553223
1113 	 5.676794052124023
1114 	 5.8221611976623535
1115 	 5.690311431884766
1116 	 5.864476203918457
1117 	 5.664465427398682
1118 	 5.704439640045166
1119 	 5.6989288330078125
1120 	 5.697399139404297
1121 	 5.60662841796875
1122 	 5.752185344696045
1123 	 5.725459575653076
1124 	 5.583375930786133
1125 	 5.69411563873291
1126 	 5.543220520019531
1127 	 5.647472858428955
1128 	 5.7616801261901855
1129 	 5.6338605880737305
1130 	 5.652678489685059
1131 	 5.613196849822998
1132 	 5.700652599334717
1133 	 5.646604537963867
1134 	 5.724261283874512
1135 	 5.6367669105529785
1136 	 5.665404796600342
1137 	 5.581305503845215
1138 	 5.695317268371582
1139 	 5.522724151611328
1140 	 5.5439372062683105
1141 	 5.650543689727783
1142 	 5.5608038902282715
1143 	 5.667107582092285
1144 	 5.650465488433838
1145 	 5.586521148681641
1146 	 5.566951274871826
1147 	 5.502968788146973
1148 	 5.7141852378845215
1149 	 5.652897834777832
1150 	 5.636112213134766
1151 	 5.737547874450684
1152 	 5.757525444030762
1153 	 5.668793678283691
1154 	 5.615417957305908
1155 	 5.703474044799805
1156 	 5.661264896392822
1157 	 5.667013168334961
1158 	 5.618816375732422
1159 	 5.463716983795166
1160 	 5.457453727722168
1161 	 5.59348726272583
1162 	 5.604145050048828
1163 	 5.500190258026123
1164 	 5.69748592376709
1165 	 5.615065097808838
1166 	 5.652045249938965
1167 	 5.75040864944458
1168 	 5.59794282913208
1169 	 5.725340843200684
1170 	 5.741732597351074
1171 	 5.679039001464844
1172 	 5.642905235290527
1173 	 5.597331523895264
1174 	 5.616813659667969
1175 	 5.660184383392334
1176 	 5.444175720214844
1177 	 5.693963050842285
1178 	 5.645853042602539
1179 	 5.602490425109863
1180 	 5.6045145988464355
1181 	 5.635660171508789
1182 	 5.605016708374023
1183 	 5.713390827178955
1184 	 5.674067497253418
1185 	 5.621462821960449
1186 	 5.598336696624756
1187 	 5.700074672698975
1188 	 5.627245903015137
1189 	 5.644102096557617
1190 	 5.588529109954834
1191 	 5.756171226501465
1192 	 5.594228744506836
1193 	 5.642895698547363
1194 	 5.772807598114014
1195 	 5.6680521965026855
1196 	 5.6911821365356445
1197 	 5.524569988250732
1198 	 5.629956245422363
1199 	 5.631280422210693
1200 	 5.581175327301025
1201 	 5.663383483886719
1202 	 5.62974739074707
1203 	 5.576299667358398
1204 	 5.6667327880859375
1205 	 5.665466785430908
1206 	 5.683817386627197
1207 	 5.683248043060303
1208 	 5.780035018920898
1209 	 5.681606292724609
1210 	 5.56445837020874
1211 	 5.616775035858154
1212 	 5.720037460327148
1213 	 5.664939880371094
1214 	 5.5385518074035645
1215 	 5.555151462554932
1216 	 5.618547439575195
1217 	 5.722169399261475
1218 	 5.636191368103027
1219 	 5.573159217834473
1220 	 5.701467990875244
1221 	 5.641204357147217
1222 	 5.724937438964844
1223 	 5.5643229484558105
1224 	 5.678515911102295
1225 	 5.64373779296875
1226 	 5.7075676918029785
1227 	 5.582730293273926
1228 	 5.589478492736816
1229 	 5.620920181274414
1230 	 5.589277744293213
1231 	 5.870833396911621
1232 	 5.775667190551758
1233 	 5.557117938995361
1234 	 5.745108127593994
1235 	 5.682532787322998
1236 	 5.739628791809082
1237 	 5.694307804107666
1238 	 5.618330478668213
1239 	 5.549129009246826
1240 	 5.630922794342041
1241 	 5.659014701843262
1242 	 5.649744033813477
1243 	 5.719661712646484
1244 	 5.7108259201049805
1245 	 5.675604820251465
1246 	 5.582197666168213
1247 	 5.65847110748291
1248 	 5.712846279144287
1249 	 5.699403762817383
1250 	 5.57485294342041
1251 	 5.646975040435791
1252 	 5.6126837730407715
1253 	 5.631443977355957
1254 	 5.739552974700928
1255 	 5.6364312171936035
1256 	 5.633852005004883
1257 	 5.701425075531006
1258 	 5.680570125579834
1259 	 5.699024200439453
1260 	 5.705491065979004
1261 	 5.642246723175049
1262 	 5.627526760101318
1263 	 5.685149192810059
1264 	 5.587199687957764
1265 	 5.751392841339111
1266 	 5.724157333374023
1267 	 5.890471935272217
1268 	 5.7487335205078125
1269 	 5.6036882400512695
1270 	 5.604465484619141
1271 	 5.685506820678711
1272 	 5.564255714416504
1273 	 5.790294647216797
1274 	 5.809836387634277
1275 	 5.660567760467529
1276 	 5.649174690246582
1277 	 5.664799690246582
1278 	 5.659420967102051
1279 	 5.511455059051514
1280 	 5.658562660217285
1281 	 5.750559329986572
1282 	 5.623887062072754
1283 	 5.665872097015381
1284 	 5.685225963592529
1285 	 5.727946758270264
1286 	 5.560709476470947
1287 	 5.831866264343262
1288 	 5.703189373016357
1289 	 5.811285972595215
1290 	 5.73419189453125
1291 	 5.747819423675537
1292 	 5.731626033782959
1293 	 5.797561168670654
1294 	 5.728826522827148
1295 	 5.75056266784668
1296 	 5.711751461029053
1297 	 5.748027324676514
1298 	 5.698490619659424
1299 	 5.808319091796875
1300 	 5.820446014404297
1301 	 5.751540184020996
1302 	 5.609462738037109
1303 	 5.684575080871582
1304 	 5.685451507568359
1305 	 5.650331974029541
1306 	 5.704524993896484
1307 	 5.859536170959473
1308 	 5.851367473602295
1309 	 5.668779373168945
1310 	 5.800375938415527
1311 	 5.802518367767334
1312 	 5.708394527435303
1313 	 5.888975143432617
1314 	 5.846275329589844
1315 	 5.833518028259277
1316 	 5.686914920806885
1317 	 5.765543460845947
1318 	 5.705198287963867
1319 	 5.66456937789917
1320 	 5.725072383880615
1321 	 5.664542198181152
1322 	 5.6874213218688965
1323 	 5.739470958709717
1324 	 5.714118957519531
1325 	 5.663319110870361
1326 	 5.75685453414917
1327 	 5.638323783874512
1328 	 5.686371803283691
1329 	 5.703675746917725
1330 	 5.644226551055908
1331 	 5.645114421844482
1332 	 5.695474624633789
1333 	 5.681415557861328
1334 	 5.709372520446777
1335 	 5.6362481117248535
1336 	 5.748625755310059
1337 	 6.010467052459717
1338 	 5.738397121429443
1339 	 5.781686305999756
1340 	 5.849852085113525
1341 	 5.625912666320801
1342 	 5.664896011352539
1343 	 5.8185906410217285
1344 	 5.766318321228027
1345 	 5.654949188232422
1346 	 5.739526271820068
1347 	 5.878971099853516
1348 	 5.780938625335693
1349 	 5.818387508392334
1350 	 5.847808361053467
1351 	 5.788913726806641
1352 	 5.855596542358398
1353 	 5.810330390930176
1354 	 5.799626350402832
1355 	 5.774243354797363
1356 	 5.621131896972656
1357 	 5.874541759490967
1358 	 5.658061981201172
1359 	 5.766533851623535
1360 	 5.648033142089844
1361 	 5.614030838012695
1362 	 5.651717185974121
1363 	 5.71174430847168
1364 	 5.734243392944336
1365 	 5.721042156219482
1366 	 5.66791296005249
1367 	 5.6559014320373535
1368 	 5.726100921630859
1369 	 5.814303874969482
1370 	 5.706343173980713
1371 	 5.76006555557251
1372 	 5.650784492492676
1373 	 5.717047691345215
1374 	 5.784488677978516
1375 	 5.66084098815918
1376 	 5.749049663543701
1377 	 5.6630940437316895
1378 	 5.811298370361328
1379 	 5.696751117706299
1380 	 5.797281742095947
1381 	 5.615975379943848
1382 	 5.663300514221191
1383 	 5.7554850578308105
1384 	 5.736928939819336
1385 	 5.852389812469482
1386 	 5.640539646148682
1387 	 5.79520320892334
1388 	 5.754417896270752
1389 	 5.773986339569092
1390 	 5.743178367614746
1391 	 5.59921932220459
1392 	 5.6999125480651855
1393 	 5.642473220825195
1394 	 5.711246967315674
1395 	 5.701965808868408
1396 	 5.719893455505371
1397 	 5.685661315917969
1398 	 5.635253429412842
1399 	 5.80698299407959
1400 	 5.785236835479736
1401 	 5.795046806335449
1402 	 5.693087100982666
1403 	 5.739243984222412
1404 	 5.733197212219238
1405 	 5.610084533691406
1406 	 5.869029998779297
1407 	 5.706157684326172
1408 	 5.756161212921143
1409 	 5.578867435455322
1410 	 5.729511260986328
1411 	 5.688528537750244
1412 	 5.617851734161377
1413 	 5.673886775970459
1414 	 5.6238203048706055
1415 	 5.720551013946533
1416 	 5.568749904632568
1417 	 5.767913341522217
1418 	 5.686596870422363
1419 	 5.722293376922607
1420 	 5.855549335479736
1421 	 5.726406574249268
1422 	 5.632692813873291
1423 	 5.620109558105469
1424 	 5.7501630783081055
1425 	 5.685354232788086
1426 	 5.640864849090576
1427 	 5.6621856689453125
1428 	 5.709451675415039
1429 	 5.685916900634766
1430 	 5.535420894622803
1431 	 5.68661642074585
1432 	 5.6607794761657715
1433 	 5.693717956542969
1434 	 5.662959098815918
1435 	 5.822573184967041
1436 	 5.614490985870361
1437 	 5.618149757385254
1438 	 5.716564178466797
1439 	 5.560760021209717
1440 	 5.65032434463501
1441 	 5.774488925933838
1442 	 5.681216239929199
1443 	 5.75851583480835
1444 	 5.703652858734131
1445 	 5.5513482093811035
1446 	 5.6083903312683105
1447 	 5.590429782867432
1448 	 5.5943803787231445
1449 	 5.620084285736084
1450 	 5.658653259277344
1451 	 5.643304347991943
1452 	 5.787861347198486
1453 	 5.588863849639893
1454 	 5.708704471588135
1455 	 5.6793532371521
1456 	 5.706843852996826
1457 	 5.63477897644043
1458 	 5.778963565826416
1459 	 5.845953464508057
1460 	 5.843369960784912
1461 	 5.633053779602051
1462 	 5.622260093688965
1463 	 5.659482479095459
1464 	 5.696845054626465
1465 	 5.6518073081970215
1466 	 5.675374984741211
1467 	 5.69088888168335
1468 	 5.675830841064453
1469 	 5.544715881347656
1470 	 5.548893928527832
1471 	 5.675405979156494
1472 	 5.693117618560791
1473 	 5.55792236328125
1474 	 5.608373641967773
1475 	 5.770312309265137
1476 	 5.663816928863525
1477 	 5.740993499755859
1478 	 5.605857849121094
1479 	 5.625082015991211
1480 	 5.553961277008057
1481 	 5.640634536743164
1482 	 5.726992607116699
1483 	 5.598875522613525
1484 	 5.748629093170166
1485 	 5.74630069732666
1486 	 5.5707621574401855
1487 	 5.595978260040283
1488 	 5.679671287536621
1489 	 5.6188554763793945
1490 	 5.650215148925781
1491 	 5.847082614898682
1492 	 5.673961162567139
1493 	 5.489099979400635
1494 	 5.750999927520752
1495 	 5.64549446105957
1496 	 5.658802032470703
1497 	 5.586325168609619
1498 	 5.631656169891357
1499 	 5.6135573387146
1500 	 5.695017337799072
1501 	 5.615651607513428
1502 	 5.716075420379639
1503 	 5.675486087799072
1504 	 5.6128764152526855
1505 	 5.58696985244751
1506 	 5.621685028076172
1507 	 5.629260540008545
1508 	 5.706478118896484
1509 	 5.76293420791626
1510 	 5.472506046295166
1511 	 5.762020111083984
1512 	 5.6102447509765625
1513 	 5.898252964019775
1514 	 5.713322639465332
1515 	 5.622832775115967
1516 	 5.545548915863037
1517 	 5.618815898895264
1518 	 5.714200019836426
1519 	 5.667788505554199
1520 	 5.561756134033203
1521 	 5.6121602058410645
1522 	 5.605006217956543
1523 	 5.585864067077637
1524 	 5.67626953125
1525 	 5.693532466888428
1526 	 5.582367897033691
1527 	 5.638838291168213
1528 	 5.782543659210205
1529 	 5.664524078369141
1530 	 5.638490200042725
1531 	 5.662876605987549
1532 	 5.6130452156066895
1533 	 5.669137954711914
1534 	 5.723537445068359
1535 	 5.708858489990234
1536 	 5.7193427085876465
1537 	 5.769721031188965
1538 	 5.611109256744385
1539 	 5.588675022125244
1540 	 5.809507846832275
1541 	 5.6480607986450195
1542 	 5.8371782302856445
1543 	 5.6343770027160645
1544 	 5.596535682678223
1545 	 5.675604820251465
1546 	 5.63651704788208
1547 	 5.698979377746582
1548 	 5.707888603210449
1549 	 5.852339744567871
1550 	 5.716735363006592
1551 	 5.882915496826172
1552 	 5.762174129486084
1553 	 5.614014148712158
1554 	 5.66812801361084
1555 	 5.659926891326904
1556 	 5.721566200256348
1557 	 5.625060558319092
1558 	 5.753410339355469
1559 	 5.794763088226318
1560 	 5.6208815574646
1561 	 5.787952423095703
1562 	 5.8196539878845215
1563 	 5.828794002532959
1564 	 5.7282257080078125
1565 	 5.738400936126709
1566 	 5.694156169891357
1567 	 5.73740816116333
1568 	 5.531661510467529
1569 	 5.716727256774902
1570 	 5.683774471282959
1571 	 5.669668674468994
1572 	 5.6320295333862305
1573 	 5.745773792266846
1574 	 5.646817684173584
1575 	 5.829787254333496
1576 	 5.7802276611328125
1577 	 5.7620368003845215
1578 	 5.942910671234131
1579 	 5.630037784576416
1580 	 5.661223888397217
1581 	 5.714242458343506
1582 	 5.653043270111084
1583 	 5.795414447784424
1584 	 5.773475646972656
1585 	 5.659523010253906
1586 	 5.6640119552612305
1587 	 5.838129997253418
1588 	 5.761422634124756
1589 	 5.691615104675293
1590 	 5.752296447753906
1591 	 5.627151966094971
1592 	 5.679302215576172
1593 	 5.7055583000183105
1594 	 5.681220531463623
1595 	 5.61688756942749
1596 	 5.621423244476318
1597 	 5.609766006469727
1598 	 5.7061686515808105
1599 	 5.708386421203613
1600 	 5.786898136138916
1601 	 5.707409381866455
1602 	 5.607534885406494
1603 	 5.677220821380615
1604 	 5.653315544128418
1605 	 5.626164436340332
1606 	 5.72542142868042
1607 	 5.741796970367432
1608 	 5.675601005554199
1609 	 5.655086994171143
1610 	 5.634314060211182
1611 	 5.713683605194092
1612 	 5.697117805480957
1613 	 5.704167366027832
1614 	 5.73550271987915
1615 	 5.635440826416016
1616 	 5.720957279205322
1617 	 5.670040130615234
1618 	 5.770744323730469
1619 	 5.687982082366943
1620 	 5.628754138946533
1621 	 5.797736167907715
1622 	 5.860136985778809
1623 	 5.668801784515381
1624 	 5.80994987487793
1625 	 5.724925994873047
1626 	 5.775001049041748
1627 	 5.651480674743652
1628 	 5.680039882659912
1629 	 5.718491077423096
1630 	 5.644649028778076
1631 	 5.6736860275268555
1632 	 5.760390281677246
1633 	 5.628482818603516
1634 	 5.799087047576904
1635 	 5.713187217712402
1636 	 5.691756248474121
1637 	 5.737653732299805
1638 	 5.8671135902404785
1639 	 5.694068431854248
1640 	 5.739719390869141
1641 	 5.683325290679932
1642 	 5.790726184844971
1643 	 5.72291374206543
1644 	 5.602749347686768
1645 	 5.643743991851807
1646 	 5.785773277282715
1647 	 5.711907386779785
1648 	 5.854063034057617
1649 	 5.775085926055908
1650 	 5.747555255889893
1651 	 5.7569355964660645
1652 	 5.622611045837402
1653 	 5.707476615905762
1654 	 5.761793613433838
1655 	 5.530850887298584
1656 	 5.805343151092529
1657 	 5.677403926849365
1658 	 5.632688045501709
1659 	 5.713067054748535
1660 	 5.820608615875244
1661 	 5.803482532501221
1662 	 5.694824695587158
1663 	 5.658055305480957
1664 	 5.877750873565674
1665 	 5.571007251739502
1666 	 5.715458393096924
1667 	 5.6522932052612305
1668 	 5.6794633865356445
1669 	 5.719309329986572
1670 	 5.652075290679932
1671 	 5.740616798400879
1672 	 5.6244940757751465
1673 	 5.584828853607178
1674 	 5.743556022644043
1675 	 5.6990966796875
1676 	 5.658522605895996
1677 	 5.727339267730713
1678 	 5.719933986663818
1679 	 5.647090911865234
1680 	 5.706756591796875
1681 	 5.673351764678955
1682 	 5.69779634475708
1683 	 5.726644039154053
1684 	 5.701519012451172
1685 	 5.541264057159424
1686 	 5.701297760009766
1687 	 5.543487548828125
1688 	 5.634876251220703
1689 	 5.5949320793151855
1690 	 5.683866500854492
1691 	 5.676047325134277
1692 	 5.6713995933532715
1693 	 5.633764266967773
1694 	 5.565014839172363
1695 	 5.710829734802246
1696 	 5.696641445159912
1697 	 5.647944927215576
1698 	 5.717911720275879
1699 	 5.652017593383789
1700 	 5.7511444091796875
1701 	 5.673981666564941
1702 	 5.657128810882568
1703 	 5.680285453796387
1704 	 5.614758014678955
1705 	 5.649491786956787
1706 	 5.5888752937316895
1707 	 5.575354099273682
1708 	 5.622162342071533
1709 	 5.631780624389648
1710 	 5.618178844451904
1711 	 5.840555667877197
1712 	 5.6227641105651855
1713 	 5.603499412536621
1714 	 5.670454978942871
1715 	 5.6898345947265625
1716 	 5.5921149253845215
1717 	 5.7575907707214355
1718 	 5.739259719848633
1719 	 5.543760299682617
1720 	 5.6312255859375
1721 	 5.725499153137207
1722 	 5.663778781890869
1723 	 5.568809986114502
1724 	 5.80905818939209
1725 	 5.687273979187012
1726 	 5.67785120010376
1727 	 5.657250881195068
1728 	 5.614683628082275
1729 	 5.606466293334961
1730 	 5.745157718658447
1731 	 5.582340717315674
1732 	 5.595061779022217
1733 	 5.754703044891357
1734 	 5.740357398986816
1735 	 5.568035125732422
1736 	 5.717442989349365
1737 	 5.724542617797852
1738 	 5.700984954833984
1739 	 5.633987903594971
1740 	 5.638505935668945
1741 	 5.657491683959961
1742 	 5.640884876251221
1743 	 5.706423759460449
1744 	 5.730081081390381
1745 	 5.850500106811523
1746 	 5.6908040046691895
1747 	 5.66187047958374
1748 	 5.684579849243164
1749 	 5.737412452697754
1750 	 5.764915466308594
1751 	 5.768105506896973
1752 	 5.667701721191406
1753 	 5.649799823760986
1754 	 5.682305335998535
1755 	 5.609642505645752
1756 	 5.787623405456543
1757 	 5.614147663116455
1758 	 5.92190408706665
1759 	 5.7539381980896
1760 	 5.638967037200928
1761 	 5.776926517486572
1762 	 5.775101661682129
1763 	 5.675665378570557
1764 	 5.938002109527588
1765 	 5.788106918334961
1766 	 5.810253620147705
1767 	 5.755403518676758
1768 	 5.617866516113281
1769 	 5.679473876953125
1770 	 5.738268852233887
1771 	 5.617529392242432
1772 	 5.616713523864746
1773 	 5.788907527923584
1774 	 5.617833614349365
1775 	 5.687712669372559
1776 	 5.64487361907959
1777 	 5.695197105407715
1778 	 5.668725490570068
1779 	 5.695167064666748
1780 	 5.742456436157227
1781 	 5.581843852996826
1782 	 5.611810207366943
1783 	 5.795064926147461
1784 	 5.783325672149658
1785 	 5.736170291900635
1786 	 5.744331359863281
1787 	 5.763735294342041
1788 	 5.669583797454834
1789 	 5.783632755279541
1790 	 5.640129089355469
1791 	 5.642584323883057
1792 	 5.755309104919434
1793 	 5.651661396026611
1794 	 5.699225902557373
1795 	 5.604312896728516
1796 	 5.564783096313477
1797 	 5.759638786315918
1798 	 5.699738025665283
1799 	 5.643213748931885
1800 	 5.680868625640869
1801 	 5.7802510261535645
1802 	 5.502840042114258
1803 	 5.781397819519043
1804 	 5.719851493835449
1805 	 5.669316291809082
1806 	 5.674663066864014
1807 	 5.711639404296875
1808 	 5.69884729385376
1809 	 5.709855079650879
1810 	 5.597530841827393
1811 	 5.640252590179443
1812 	 5.619345664978027
1813 	 5.654878616333008
1814 	 5.720823764801025
1815 	 5.689887046813965
1816 	 5.642712593078613
1817 	 5.5724196434021
1818 	 5.643325328826904
1819 	 5.699322700500488
1820 	 5.676048755645752
1821 	 5.707000732421875
1822 	 5.647327423095703
1823 	 5.682927131652832
1824 	 5.607132434844971
1825 	 5.639115810394287
1826 	 5.648075103759766
1827 	 5.725235939025879
1828 	 5.706478595733643
1829 	 5.643709182739258
1830 	 5.594199180603027
1831 	 5.650580406188965
1832 	 5.560664176940918
1833 	 5.653632164001465
1834 	 5.668206214904785
1835 	 5.578685283660889
1836 	 5.627826690673828
1837 	 5.755319118499756
1838 	 5.627921104431152
1839 	 5.761821746826172
1840 	 5.5720415115356445
1841 	 5.643270015716553
1842 	 5.771737098693848
1843 	 5.714844703674316
1844 	 5.6368818283081055
1845 	 5.74426794052124
1846 	 5.651627540588379
1847 	 5.726573467254639
1848 	 5.6723222732543945
1849 	 5.664076805114746
1850 	 5.53695821762085
1851 	 5.80021333694458
1852 	 5.759113311767578
1853 	 5.667819499969482
1854 	 5.456974506378174
1855 	 5.717139720916748
1856 	 5.555994987487793
1857 	 5.500884056091309
1858 	 5.626621246337891
1859 	 5.631362438201904
1860 	 5.659694671630859
1861 	 5.652991771697998
1862 	 5.617851257324219
1863 	 5.542032718658447
1864 	 5.529422760009766
1865 	 5.668879508972168
1866 	 5.69720983505249
1867 	 5.531899452209473
1868 	 5.595458984375
1869 	 5.596528053283691
1870 	 5.576486110687256
1871 	 5.6226348876953125
1872 	 5.8103485107421875
1873 	 5.675168037414551
1874 	 5.610193729400635
1875 	 5.511107444763184
1876 	 5.76951789855957
1877 	 5.568972110748291
1878 	 5.573981761932373
1879 	 5.620582580566406
1880 	 5.740258693695068
1881 	 5.559587478637695
1882 	 5.557714462280273
1883 	 5.624161720275879
1884 	 5.63853645324707
1885 	 5.62244987487793
1886 	 5.615775108337402
1887 	 5.684488773345947
1888 	 5.572226047515869
1889 	 5.54777193069458
1890 	 5.575753688812256
1891 	 5.746387481689453
1892 	 5.675887584686279
1893 	 5.573016166687012
1894 	 5.632261753082275
1895 	 5.53138542175293
1896 	 5.658415794372559
1897 	 5.56144905090332
1898 	 5.651679992675781
1899 	 5.6281280517578125
1900 	 5.601974964141846
1901 	 5.558579444885254
1902 	 5.682161331176758
1903 	 5.550536632537842
1904 	 5.679678916931152
1905 	 5.614927291870117
1906 	 5.542726516723633
1907 	 5.617462158203125
1908 	 5.737181186676025
1909 	 5.53447151184082
1910 	 5.451951503753662
1911 	 5.597175121307373
1912 	 5.57750129699707
1913 	 5.632876873016357
1914 	 5.655786037445068
1915 	 5.599447250366211
1916 	 5.617419242858887
1917 	 5.615602016448975
1918 	 5.642048358917236
1919 	 5.6690592765808105
1920 	 5.7604522705078125
1921 	 5.7554755210876465
1922 	 5.759274482727051
1923 	 5.628293991088867
1924 	 5.56195592880249
1925 	 5.666444301605225
1926 	 5.633364200592041
1927 	 5.509515762329102
1928 	 5.484389781951904
1929 	 5.6476593017578125
1930 	 5.590079307556152
1931 	 5.503777503967285
1932 	 5.680476188659668
1933 	 5.570323467254639
1934 	 5.737795829772949
1935 	 5.667758941650391
1936 	 5.640338897705078
1937 	 5.625603199005127
1938 	 5.707519054412842
1939 	 5.733658313751221
1940 	 5.59645938873291
1941 	 5.70514440536499
1942 	 5.695964336395264
1943 	 5.644583225250244
1944 	 5.594758033752441
1945 	 5.677165508270264
1946 	 5.585784435272217
1947 	 5.652121067047119
1948 	 5.6669182777404785
1949 	 5.492007732391357
1950 	 5.607969760894775
1951 	 5.668803691864014
1952 	 5.643069267272949
1953 	 5.609717845916748
1954 	 5.742499828338623
1955 	 5.611283779144287
1956 	 5.662158966064453
1957 	 5.668802261352539
1958 	 5.6850786209106445
1959 	 5.653319835662842
1960 	 5.695553779602051
1961 	 5.687915325164795
1962 	 5.610377311706543
1963 	 5.775706768035889
1964 	 5.5788068771362305
1965 	 5.538642406463623
1966 	 5.643783092498779
1967 	 5.600931167602539
1968 	 5.6375885009765625
1969 	 5.712512969970703
1970 	 5.631383895874023
1971 	 5.668111324310303
1972 	 5.642171382904053
1973 	 5.626730442047119
1974 	 5.713291645050049
1975 	 5.645751953125
1976 	 5.684615135192871
1977 	 5.608766555786133
1978 	 5.681554794311523
1979 	 5.578644275665283
1980 	 5.7853899002075195
1981 	 5.452788829803467
1982 	 5.6611504554748535
1983 	 5.646190643310547
1984 	 5.590327739715576
1985 	 5.672238349914551
1986 	 5.620814800262451
1987 	 5.776312828063965
1988 	 5.623925685882568
1989 	 5.56200647354126
1990 	 5.627593517303467
1991 	 5.7822394371032715
1992 	 5.604516506195068
1993 	 5.61517333984375
1994 	 5.67458438873291
1995 	 5.57618522644043
1996 	 5.691095352172852
1997 	 5.708202838897705
1998 	 5.739660739898682
1999 	 5.6068315505981445
2000 	 5.6972856521606445
2001 	 5.680580139160156
2002 	 5.798620700836182
2003 	 5.6516289710998535
2004 	 5.774014949798584
2005 	 5.629262447357178
2006 	 5.722348213195801
2007 	 5.724350929260254
2008 	 5.696552276611328
2009 	 5.7080559730529785
2010 	 5.811572074890137
2011 	 5.659114837646484
2012 	 5.677440643310547
2013 	 5.734471321105957
2014 	 5.7074151039123535
2015 	 5.534805774688721
2016 	 5.706214904785156
2017 	 5.711353778839111
2018 	 5.75074577331543
2019 	 5.698785305023193
2020 	 5.492126941680908
2021 	 5.757323741912842
2022 	 5.7069292068481445
2023 	 5.698322772979736
2024 	 5.6413397789001465
2025 	 5.692770004272461
2026 	 5.5659356117248535
2027 	 5.649383068084717
2028 	 5.609347820281982
2029 	 5.603593349456787
2030 	 5.6537981033325195
2031 	 5.68508768081665
2032 	 5.793940544128418
2033 	 5.780529975891113
2034 	 5.580322265625
2035 	 5.656585216522217
2036 	 5.738613128662109
2037 	 5.660417556762695
2038 	 5.6772260665893555
2039 	 5.705570220947266
2040 	 5.654701232910156
2041 	 5.588531494140625
2042 	 5.673760890960693
2043 	 5.6000823974609375
2044 	 5.720011234283447
2045 	 5.686488151550293
2046 	 5.647317886352539
2047 	 5.675054550170898
2048 	 5.570206642150879
2049 	 5.653855800628662
2050 	 5.649926662445068
2051 	 5.631809711456299
2052 	 5.670076370239258
2053 	 5.650383472442627
2054 	 5.648624897003174
2055 	 5.69340705871582
2056 	 5.609108924865723
2057 	 5.781117916107178
2058 	 5.695163249969482
2059 	 5.58115816116333
2060 	 5.7349162101745605
2061 	 5.673819541931152
2062 	 5.542477607727051
2063 	 5.61759614944458
2064 	 5.689339637756348
2065 	 5.645867347717285
2066 	 5.5999956130981445
2067 	 5.665175437927246
2068 	 5.624600887298584
2069 	 5.711868762969971
2070 	 5.7116312980651855
2071 	 5.651943206787109
2072 	 5.565445423126221
2073 	 5.6081414222717285
2074 	 5.674962043762207
2075 	 5.689602375030518
2076 	 5.568515777587891
2077 	 5.646534442901611
2078 	 5.646353721618652
2079 	 5.612340450286865
2080 	 5.575964450836182
2081 	 5.645815849304199
2082 	 5.62753438949585
2083 	 5.706586837768555
2084 	 5.654812812805176
2085 	 5.654462814331055
2086 	 5.655843257904053
2087 	 5.678188323974609
2088 	 5.548652648925781
2089 	 5.634142875671387
2090 	 5.615157127380371
2091 	 5.655433654785156
2092 	 5.621939659118652
2093 	 5.54226016998291
2094 	 5.726916313171387
2095 	 5.622917652130127
2096 	 5.554389953613281
2097 	 5.715487480163574
2098 	 5.716007232666016
2099 	 5.553799152374268
2100 	 5.635540962219238
2101 	 5.655301570892334
2102 	 5.461611270904541
2103 	 5.537216663360596
2104 	 5.567417621612549
2105 	 5.6077775955200195
2106 	 5.623321533203125
2107 	 5.6823954582214355
2108 	 5.649565696716309
2109 	 5.824192047119141
2110 	 5.698883056640625
2111 	 5.67556619644165
2112 	 5.634649276733398
2113 	 5.720736980438232
2114 	 5.72232723236084
2115 	 5.693793773651123
2116 	 5.647545337677002
2117 	 5.692400932312012
2118 	 5.609066963195801
2119 	 5.662215709686279
2120 	 5.744391441345215
2121 	 5.683933258056641
2122 	 5.592738628387451
2123 	 5.655431270599365
2124 	 5.634665489196777
2125 	 5.763510227203369
2126 	 5.637089729309082
2127 	 5.7409138679504395
2128 	 5.652272701263428
2129 	 5.756522178649902
2130 	 5.659475326538086
2131 	 5.712709903717041
2132 	 5.642827033996582
2133 	 5.675730228424072
2134 	 5.67918062210083
2135 	 5.698923110961914
2136 	 5.71231746673584
2137 	 5.6057610511779785
2138 	 5.548678874969482
2139 	 5.6924052238464355
2140 	 5.781294345855713
2141 	 5.738100051879883
2142 	 5.67815637588501
2143 	 5.67815637588501
