Frame	RG
0 	 18.548809051513672
1 	 18.564565658569336
2 	 18.570775985717773
3 	 18.565858840942383
4 	 18.564838409423828
5 	 18.600683212280273
6 	 18.582073211669922
7 	 18.59697151184082
8 	 18.60603904724121
9 	 18.597871780395508
10 	 18.600000381469727
11 	 18.59055519104004
12 	 18.61208724975586
13 	 18.573528289794922
14 	 18.585329055786133
15 	 18.602535247802734
16 	 18.59827995300293
17 	 18.61554718017578
18 	 18.570690155029297
19 	 18.586469650268555
20 	 18.58100128173828
21 	 18.57683563232422
22 	 18.583356857299805
23 	 18.579627990722656
24 	 18.57644271850586
25 	 18.588214874267578
26 	 18.607807159423828
27 	 18.588972091674805
28 	 18.583356857299805
29 	 18.585586547851562
30 	 18.591014862060547
31 	 18.610889434814453
32 	 18.601776123046875
33 	 18.58470916748047
34 	 18.562095642089844
35 	 18.561819076538086
36 	 18.587894439697266
37 	 18.581586837768555
38 	 18.585037231445312
39 	 18.582494735717773
40 	 18.562793731689453
41 	 18.57465934753418
42 	 18.579082489013672
43 	 18.650402069091797
44 	 18.641748428344727
45 	 18.689931869506836
46 	 18.641822814941406
47 	 18.695140838623047
48 	 18.68811798095703
49 	 18.696325302124023
50 	 18.68332290649414
51 	 18.624027252197266
52 	 18.69725799560547
53 	 18.717365264892578
54 	 18.66388511657715
55 	 18.676755905151367
56 	 18.630165100097656
57 	 18.589262008666992
58 	 18.70730209350586
59 	 18.642547607421875
60 	 18.732879638671875
61 	 18.6558780670166
62 	 18.690942764282227
63 	 18.603286743164062
64 	 18.63611602783203
65 	 18.66973876953125
66 	 18.666736602783203
67 	 18.66138458251953
68 	 18.663776397705078
69 	 18.607757568359375
70 	 18.63994598388672
71 	 18.673463821411133
72 	 18.629812240600586
73 	 18.70708465576172
74 	 18.630409240722656
75 	 18.694416046142578
76 	 18.67761993408203
77 	 18.636165618896484
78 	 18.69618797302246
79 	 18.653167724609375
80 	 18.58165168762207
81 	 18.651792526245117
82 	 18.621381759643555
83 	 18.625043869018555
84 	 18.643404006958008
85 	 18.6170654296875
86 	 18.740234375
87 	 18.7283992767334
88 	 18.722412109375
89 	 18.740402221679688
90 	 18.710594177246094
91 	 18.761051177978516
92 	 18.72322654724121
93 	 18.664546966552734
94 	 18.796030044555664
95 	 18.715774536132812
96 	 18.734647750854492
97 	 18.682701110839844
98 	 18.816194534301758
99 	 18.726886749267578
100 	 18.721553802490234
101 	 18.666141510009766
102 	 18.681840896606445
103 	 18.69744300842285
104 	 18.71367073059082
105 	 18.832944869995117
106 	 18.77048110961914
107 	 18.853649139404297
108 	 18.81220245361328
109 	 18.761268615722656
110 	 18.830482482910156
111 	 18.779626846313477
112 	 18.80653953552246
113 	 18.768932342529297
114 	 18.779003143310547
115 	 18.78186798095703
116 	 18.77115821838379
117 	 18.736433029174805
118 	 18.804487228393555
119 	 18.73600959777832
120 	 18.6873779296875
121 	 18.71583366394043
122 	 18.73309898376465
123 	 18.774045944213867
124 	 18.808547973632812
125 	 18.779306411743164
126 	 18.877613067626953
127 	 18.837169647216797
128 	 18.791210174560547
129 	 18.821552276611328
130 	 18.83622169494629
131 	 18.814048767089844
132 	 18.77066421508789
133 	 18.820566177368164
134 	 18.714632034301758
135 	 18.793344497680664
136 	 18.72986602783203
137 	 18.81581687927246
138 	 18.746749877929688
139 	 18.795106887817383
140 	 18.79924201965332
141 	 18.847999572753906
142 	 18.84809684753418
143 	 18.831235885620117
144 	 18.812910079956055
145 	 18.74112319946289
146 	 18.80372428894043
147 	 18.858736038208008
148 	 18.791637420654297
149 	 18.798322677612305
150 	 18.80979347229004
151 	 18.775985717773438
152 	 18.797643661499023
153 	 18.79538917541504
154 	 18.844451904296875
155 	 18.81644630432129
156 	 18.736745834350586
157 	 18.790117263793945
158 	 18.81328773498535
159 	 18.787260055541992
160 	 18.846908569335938
161 	 18.698766708374023
162 	 18.768630981445312
163 	 18.838611602783203
164 	 18.79054069519043
165 	 18.82737922668457
166 	 18.755502700805664
167 	 18.738304138183594
168 	 18.723093032836914
169 	 18.805681228637695
170 	 18.76543617248535
171 	 18.76895523071289
172 	 18.67489242553711
173 	 18.748632431030273
174 	 18.721845626831055
175 	 18.677093505859375
176 	 18.74246597290039
177 	 18.767070770263672
178 	 18.88025665283203
179 	 18.866140365600586
180 	 18.79985237121582
181 	 18.81281280517578
182 	 18.832027435302734
183 	 18.68047523498535
184 	 18.664831161499023
185 	 18.697412490844727
186 	 18.732162475585938
187 	 18.759151458740234
188 	 18.77083396911621
189 	 18.77688980102539
190 	 18.779151916503906
191 	 18.78411293029785
192 	 18.63807487487793
193 	 18.62520980834961
194 	 18.6623592376709
195 	 18.63921356201172
196 	 18.741191864013672
197 	 18.723426818847656
198 	 18.662622451782227
199 	 18.665063858032227
200 	 18.67055320739746
201 	 18.678430557250977
202 	 18.694835662841797
203 	 18.700389862060547
204 	 18.702091217041016
205 	 18.716869354248047
206 	 18.669612884521484
207 	 18.746580123901367
208 	 18.74403190612793
209 	 18.665376663208008
210 	 18.68114471435547
211 	 18.69228744506836
212 	 18.840913772583008
213 	 18.692520141601562
214 	 18.77089500427246
215 	 18.71063995361328
216 	 18.775402069091797
217 	 18.755598068237305
218 	 18.785099029541016
219 	 18.78108024597168
220 	 18.777259826660156
221 	 18.74834632873535
222 	 18.815420150756836
223 	 18.79649543762207
224 	 18.78512191772461
225 	 18.745962142944336
226 	 18.783796310424805
227 	 18.81618309020996
228 	 18.783952713012695
229 	 18.71753692626953
230 	 18.697383880615234
231 	 18.697242736816406
232 	 18.750411987304688
233 	 18.755916595458984
234 	 18.80474281311035
235 	 18.721145629882812
236 	 18.760108947753906
237 	 18.829118728637695
238 	 18.724422454833984
239 	 18.761898040771484
240 	 18.71886444091797
241 	 18.734771728515625
242 	 18.71785545349121
243 	 18.75370979309082
244 	 18.696453094482422
245 	 18.662141799926758
246 	 18.66998863220215
247 	 18.59148597717285
248 	 18.6954288482666
249 	 18.671031951904297
250 	 18.73324966430664
251 	 18.72301483154297
252 	 18.716983795166016
253 	 18.690950393676758
254 	 18.687618255615234
255 	 18.712244033813477
256 	 18.671388626098633
257 	 18.710603713989258
258 	 18.73489761352539
259 	 18.630813598632812
260 	 18.659936904907227
261 	 18.674785614013672
262 	 18.673200607299805
263 	 18.73941421508789
264 	 18.662153244018555
265 	 18.650800704956055
266 	 18.71182632446289
267 	 18.7152156829834
268 	 18.730648040771484
269 	 18.64191246032715
270 	 18.67670249938965
271 	 18.744985580444336
272 	 18.804349899291992
273 	 18.742507934570312
274 	 18.758129119873047
275 	 18.756319046020508
276 	 18.74135971069336
277 	 18.77587890625
278 	 18.745555877685547
279 	 18.734529495239258
280 	 18.645536422729492
281 	 18.741220474243164
282 	 18.62025260925293
283 	 18.696182250976562
284 	 18.690258026123047
285 	 18.668601989746094
286 	 18.649179458618164
287 	 18.731801986694336
288 	 18.732986450195312
289 	 18.75290870666504
290 	 18.659955978393555
291 	 18.671836853027344
292 	 18.681612014770508
293 	 18.693151473999023
294 	 18.710010528564453
295 	 18.599241256713867
296 	 18.54810333251953
297 	 18.638776779174805
298 	 18.664737701416016
299 	 18.63909339904785
300 	 18.620229721069336
301 	 18.699161529541016
302 	 18.63690185546875
303 	 18.636709213256836
304 	 18.679637908935547
305 	 18.685213088989258
306 	 18.741544723510742
307 	 18.590749740600586
308 	 18.597522735595703
309 	 18.63064193725586
310 	 18.696474075317383
311 	 18.714643478393555
312 	 18.6710205078125
313 	 18.66278076171875
314 	 18.678821563720703
315 	 18.658002853393555
316 	 18.616836547851562
317 	 18.570632934570312
318 	 18.64073371887207
319 	 18.73007583618164
320 	 18.706680297851562
321 	 18.707839965820312
322 	 18.726449966430664
323 	 18.7568359375
324 	 18.7613468170166
325 	 18.645797729492188
326 	 18.678686141967773
327 	 18.714256286621094
328 	 18.675823211669922
329 	 18.783292770385742
330 	 18.730192184448242
331 	 18.655412673950195
332 	 18.651105880737305
333 	 18.688446044921875
334 	 18.760757446289062
335 	 18.708547592163086
336 	 18.653905868530273
337 	 18.79362678527832
338 	 18.752826690673828
339 	 18.73642921447754
340 	 18.746408462524414
341 	 18.769760131835938
342 	 18.71795082092285
343 	 18.77494239807129
344 	 18.641836166381836
345 	 18.738452911376953
346 	 18.731721878051758
347 	 18.761877059936523
348 	 18.762380599975586
349 	 18.73689842224121
350 	 18.632915496826172
351 	 18.710844039916992
352 	 18.713165283203125
353 	 18.6793155670166
354 	 18.755783081054688
355 	 18.766502380371094
356 	 18.749629974365234
357 	 18.6477108001709
358 	 18.67767906188965
359 	 18.695880889892578
360 	 18.71685218811035
361 	 18.611873626708984
362 	 18.644861221313477
363 	 18.575475692749023
364 	 18.60723876953125
365 	 18.622058868408203
366 	 18.613208770751953
367 	 18.54951286315918
368 	 18.507225036621094
369 	 18.614181518554688
370 	 18.600038528442383
371 	 18.656909942626953
372 	 18.577857971191406
373 	 18.649866104125977
374 	 18.572568893432617
375 	 18.605182647705078
376 	 18.587282180786133
377 	 18.66288948059082
378 	 18.560091018676758
379 	 18.68398094177246
380 	 18.59469223022461
381 	 18.61648178100586
382 	 18.636831283569336
383 	 18.613452911376953
384 	 18.615488052368164
385 	 18.725156784057617
386 	 18.68061637878418
387 	 18.61255645751953
388 	 18.614858627319336
389 	 18.689189910888672
390 	 18.64301872253418
391 	 18.651138305664062
392 	 18.625843048095703
393 	 18.68093490600586
394 	 18.67122459411621
395 	 18.67270278930664
396 	 18.566627502441406
397 	 18.650949478149414
398 	 18.610626220703125
399 	 18.657201766967773
400 	 18.700428009033203
401 	 18.665369033813477
402 	 18.68063735961914
403 	 18.739355087280273
404 	 18.652761459350586
405 	 18.652847290039062
406 	 18.701019287109375
407 	 18.635099411010742
408 	 18.713808059692383
409 	 18.710786819458008
410 	 18.682077407836914
411 	 18.677072525024414
412 	 18.591976165771484
413 	 18.677364349365234
414 	 18.70607566833496
415 	 18.677677154541016
416 	 18.739431381225586
417 	 18.61861228942871
418 	 18.661466598510742
419 	 18.6602840423584
420 	 18.6860408782959
421 	 18.669282913208008
422 	 18.62462043762207
423 	 18.69729995727539
424 	 18.65498924255371
425 	 18.606260299682617
426 	 18.728378295898438
427 	 18.68849754333496
428 	 18.693706512451172
429 	 18.65825080871582
430 	 18.66218376159668
431 	 18.645191192626953
432 	 18.6544132232666
433 	 18.6911563873291
434 	 18.645368576049805
435 	 18.68817710876465
436 	 18.710874557495117
437 	 18.633920669555664
438 	 18.683818817138672
439 	 18.700658798217773
440 	 18.656763076782227
441 	 18.611330032348633
442 	 18.61859893798828
443 	 18.62009620666504
444 	 18.716751098632812
445 	 18.677583694458008
446 	 18.635814666748047
447 	 18.57763671875
448 	 18.61266326904297
449 	 18.658388137817383
450 	 18.666709899902344
451 	 18.622873306274414
452 	 18.636730194091797
453 	 18.707744598388672
454 	 18.648696899414062
455 	 18.63941192626953
456 	 18.676380157470703
457 	 18.69243812561035
458 	 18.60842514038086
459 	 18.715774536132812
460 	 18.693397521972656
461 	 18.603809356689453
462 	 18.594026565551758
463 	 18.61691665649414
464 	 18.646677017211914
465 	 18.57512664794922
466 	 18.61284065246582
467 	 18.59030532836914
468 	 18.559104919433594
469 	 18.597095489501953
470 	 18.5546817779541
471 	 18.58753204345703
472 	 18.608570098876953
473 	 18.631206512451172
474 	 18.645084381103516
475 	 18.649486541748047
476 	 18.692296981811523
477 	 18.626590728759766
478 	 18.633329391479492
479 	 18.63047218322754
480 	 18.63315773010254
481 	 18.60456657409668
482 	 18.615392684936523
483 	 18.568737030029297
484 	 18.566396713256836
485 	 18.61773681640625
486 	 18.566362380981445
487 	 18.611631393432617
488 	 18.592426300048828
489 	 18.603487014770508
490 	 18.59988784790039
491 	 18.630205154418945
492 	 18.70450782775879
493 	 18.574222564697266
494 	 18.63503074645996
495 	 18.51915168762207
496 	 18.669710159301758
497 	 18.555273056030273
498 	 18.608306884765625
499 	 18.570995330810547
500 	 18.624034881591797
501 	 18.634716033935547
502 	 18.635080337524414
503 	 18.575672149658203
504 	 18.551454544067383
505 	 18.62423324584961
506 	 18.58091163635254
507 	 18.517568588256836
508 	 18.52865219116211
509 	 18.572282791137695
510 	 18.544633865356445
511 	 18.531841278076172
512 	 18.57568359375
513 	 18.54737663269043
514 	 18.59192657470703
515 	 18.68076515197754
516 	 18.603900909423828
517 	 18.630624771118164
518 	 18.59844207763672
519 	 18.74051856994629
520 	 18.67565155029297
521 	 18.63750648498535
522 	 18.534154891967773
523 	 18.603914260864258
524 	 18.681339263916016
525 	 18.563522338867188
526 	 18.624448776245117
527 	 18.606563568115234
528 	 18.644834518432617
529 	 18.738494873046875
530 	 18.740018844604492
531 	 18.72785186767578
532 	 18.598928451538086
533 	 18.82258415222168
534 	 18.61273956298828
535 	 18.584081649780273
536 	 18.592689514160156
537 	 18.636341094970703
538 	 18.609235763549805
539 	 18.58039093017578
540 	 18.685932159423828
541 	 18.653736114501953
542 	 18.608922958374023
543 	 18.58615493774414
544 	 18.536273956298828
545 	 18.66420555114746
546 	 18.58348846435547
547 	 18.58184051513672
548 	 18.59253692626953
549 	 18.642990112304688
550 	 18.523670196533203
551 	 18.732515335083008
552 	 18.672191619873047
553 	 18.75346565246582
554 	 18.706932067871094
555 	 18.725027084350586
556 	 18.764047622680664
557 	 18.656906127929688
558 	 18.647117614746094
559 	 18.682941436767578
560 	 18.73729133605957
561 	 18.71636199951172
562 	 18.731403350830078
563 	 18.687917709350586
564 	 18.70781898498535
565 	 18.700790405273438
566 	 18.657936096191406
567 	 18.595285415649414
568 	 18.68242645263672
569 	 18.659639358520508
570 	 18.643144607543945
571 	 18.684066772460938
572 	 18.676177978515625
573 	 18.667339324951172
574 	 18.591360092163086
575 	 18.699932098388672
576 	 18.68794059753418
577 	 18.73225975036621
578 	 18.765676498413086
579 	 18.781282424926758
580 	 18.691696166992188
581 	 18.639204025268555
582 	 18.69580078125
583 	 18.628021240234375
584 	 18.633203506469727
585 	 18.64957618713379
586 	 18.67621421813965
587 	 18.703733444213867
588 	 18.66111946105957
589 	 18.69683837890625
590 	 18.66286277770996
591 	 18.723224639892578
592 	 18.79743766784668
593 	 18.724096298217773
594 	 18.789508819580078
595 	 18.689117431640625
596 	 18.61240577697754
597 	 18.59502410888672
598 	 18.725128173828125
599 	 18.725942611694336
600 	 18.59402084350586
601 	 18.67671012878418
602 	 18.691253662109375
603 	 18.67133903503418
604 	 18.632610321044922
605 	 18.66818618774414
606 	 18.616687774658203
607 	 18.65267562866211
608 	 18.660306930541992
609 	 18.672849655151367
610 	 18.682720184326172
611 	 18.671422958374023
612 	 18.6724853515625
613 	 18.662704467773438
614 	 18.61226463317871
615 	 18.589746475219727
616 	 18.697668075561523
617 	 18.774993896484375
618 	 18.627681732177734
619 	 18.737335205078125
620 	 18.776935577392578
621 	 18.7402400970459
622 	 18.692169189453125
623 	 18.686508178710938
624 	 18.723466873168945
625 	 18.640195846557617
626 	 18.637096405029297
627 	 18.71053695678711
628 	 18.693153381347656
629 	 18.63730239868164
630 	 18.731061935424805
631 	 18.777536392211914
632 	 18.751110076904297
633 	 18.778751373291016
634 	 18.75597381591797
635 	 18.781631469726562
636 	 18.627416610717773
637 	 18.7545166015625
638 	 18.700345993041992
639 	 18.701536178588867
640 	 18.730581283569336
641 	 18.647741317749023
642 	 18.585599899291992
643 	 18.73441505432129
644 	 18.6456356048584
645 	 18.786212921142578
646 	 18.70003890991211
647 	 18.73370933532715
648 	 18.783493041992188
649 	 18.71046257019043
650 	 18.756567001342773
651 	 18.803600311279297
652 	 18.81896209716797
653 	 18.715009689331055
654 	 18.72652816772461
655 	 18.73550796508789
656 	 18.723587036132812
657 	 18.704952239990234
658 	 18.76970863342285
659 	 18.693822860717773
660 	 18.76629638671875
661 	 18.73678970336914
662 	 18.682815551757812
663 	 18.730993270874023
664 	 18.64543914794922
665 	 18.696712493896484
666 	 18.64996910095215
667 	 18.677610397338867
668 	 18.800203323364258
669 	 18.659027099609375
670 	 18.70001220703125
671 	 18.75471305847168
672 	 18.8493595123291
673 	 18.6586971282959
674 	 18.694351196289062
675 	 18.67304039001465
676 	 18.62132453918457
677 	 18.66802978515625
678 	 18.664024353027344
679 	 18.755611419677734
680 	 18.779569625854492
681 	 18.805009841918945
682 	 18.694568634033203
683 	 18.694082260131836
684 	 18.704500198364258
685 	 18.699369430541992
686 	 18.71870994567871
687 	 18.73348045349121
688 	 18.747745513916016
689 	 18.690309524536133
690 	 18.71489143371582
691 	 18.73250961303711
692 	 18.73063850402832
693 	 18.67754554748535
694 	 18.69122886657715
695 	 18.66638946533203
696 	 18.678617477416992
697 	 18.718507766723633
698 	 18.562610626220703
699 	 18.724653244018555
700 	 18.653125762939453
701 	 18.641338348388672
702 	 18.69042205810547
703 	 18.6156005859375
704 	 18.631511688232422
705 	 18.694108963012695
706 	 18.66684341430664
707 	 18.616283416748047
708 	 18.653854370117188
709 	 18.670673370361328
710 	 18.73124885559082
711 	 18.728605270385742
712 	 18.656089782714844
713 	 18.662120819091797
714 	 18.61847496032715
715 	 18.70160675048828
716 	 18.705530166625977
717 	 18.768388748168945
718 	 18.69513511657715
719 	 18.68511390686035
720 	 18.729202270507812
721 	 18.764137268066406
722 	 18.676748275756836
723 	 18.72877311706543
724 	 18.744882583618164
725 	 18.713916778564453
726 	 18.688634872436523
727 	 18.765199661254883
728 	 18.829187393188477
729 	 18.81566047668457
730 	 18.890825271606445
731 	 18.73565101623535
732 	 18.83919334411621
733 	 18.8372802734375
734 	 18.69955825805664
735 	 18.782974243164062
736 	 18.767244338989258
737 	 18.80683135986328
738 	 18.742664337158203
739 	 18.836368560791016
740 	 18.73392677307129
741 	 18.83843421936035
742 	 18.809690475463867
743 	 18.7476863861084
744 	 18.76963233947754
745 	 18.74756622314453
746 	 18.6997013092041
747 	 18.673734664916992
748 	 18.761171340942383
749 	 18.66461181640625
750 	 18.684585571289062
751 	 18.75283432006836
752 	 18.589794158935547
753 	 18.648229598999023
754 	 18.70597267150879
755 	 18.802560806274414
756 	 18.76483154296875
757 	 18.77442169189453
758 	 18.75160789489746
759 	 18.680200576782227
760 	 18.653284072875977
761 	 18.783246994018555
762 	 18.74407958984375
763 	 18.776342391967773
764 	 18.752635955810547
765 	 18.750415802001953
766 	 18.651586532592773
767 	 18.687061309814453
768 	 18.64932632446289
769 	 18.700199127197266
770 	 18.6512508392334
771 	 18.61451530456543
772 	 18.703868865966797
773 	 18.633935928344727
774 	 18.597820281982422
775 	 18.636198043823242
776 	 18.701641082763672
777 	 18.635425567626953
778 	 18.62850570678711
779 	 18.58824348449707
780 	 18.709800720214844
781 	 18.665611267089844
782 	 18.69817543029785
783 	 18.627832412719727
784 	 18.595510482788086
785 	 18.68035316467285
786 	 18.648887634277344
787 	 18.680856704711914
788 	 18.654441833496094
789 	 18.64451789855957
790 	 18.598310470581055
791 	 18.62213134765625
792 	 18.531692504882812
793 	 18.704326629638672
794 	 18.57834243774414
795 	 18.650135040283203
796 	 18.61447525024414
797 	 18.623525619506836
798 	 18.714641571044922
799 	 18.6591854095459
800 	 18.58001136779785
801 	 18.62487030029297
802 	 18.6657772064209
803 	 18.692058563232422
804 	 18.767499923706055
805 	 18.776777267456055
806 	 18.74382781982422
807 	 18.631052017211914
808 	 18.620370864868164
809 	 18.58830451965332
810 	 18.663774490356445
811 	 18.60342788696289
812 	 18.662790298461914
813 	 18.626230239868164
814 	 18.658126831054688
815 	 18.62479591369629
816 	 18.64422035217285
817 	 18.64962387084961
818 	 18.633594512939453
819 	 18.716022491455078
820 	 18.641817092895508
821 	 18.706300735473633
822 	 18.648578643798828
823 	 18.561973571777344
824 	 18.680727005004883
825 	 18.64548683166504
826 	 18.661970138549805
827 	 18.679527282714844
828 	 18.6651554107666
829 	 18.63797378540039
830 	 18.68508529663086
831 	 18.58875274658203
832 	 18.685199737548828
833 	 18.590362548828125
834 	 18.620319366455078
835 	 18.48990249633789
836 	 18.610774993896484
837 	 18.621694564819336
838 	 18.510406494140625
839 	 18.555824279785156
840 	 18.60831069946289
841 	 18.559663772583008
842 	 18.58211898803711
843 	 18.528127670288086
844 	 18.512195587158203
845 	 18.522674560546875
846 	 18.65261459350586
847 	 18.617881774902344
848 	 18.60555648803711
849 	 18.596525192260742
850 	 18.559907913208008
851 	 18.565343856811523
852 	 18.55945587158203
853 	 18.538591384887695
854 	 18.568143844604492
855 	 18.51968765258789
856 	 18.453649520874023
857 	 18.5253963470459
858 	 18.549259185791016
859 	 18.54528045654297
860 	 18.59016990661621
861 	 18.523975372314453
862 	 18.55470085144043
863 	 18.515625
864 	 18.54054069519043
865 	 18.596643447875977
866 	 18.592918395996094
867 	 18.559816360473633
868 	 18.549148559570312
869 	 18.520750045776367
870 	 18.63833236694336
871 	 18.545412063598633
872 	 18.624540328979492
873 	 18.60066032409668
874 	 18.574037551879883
875 	 18.589645385742188
876 	 18.587371826171875
877 	 18.57228660583496
878 	 18.69145393371582
879 	 18.64433479309082
880 	 18.5054988861084
881 	 18.61095428466797
882 	 18.578445434570312
883 	 18.617101669311523
884 	 18.622669219970703
885 	 18.64385223388672
886 	 18.59682846069336
887 	 18.639081954956055
888 	 18.65888023376465
889 	 18.639944076538086
890 	 18.63029670715332
891 	 18.599058151245117
892 	 18.616544723510742
893 	 18.604917526245117
894 	 18.603931427001953
895 	 18.52840232849121
896 	 18.644224166870117
897 	 18.627382278442383
898 	 18.57292938232422
899 	 18.60116958618164
900 	 18.669313430786133
901 	 18.64389991760254
902 	 18.627822875976562
903 	 18.624168395996094
904 	 18.57381820678711
905 	 18.543060302734375
906 	 18.598468780517578
907 	 18.544254302978516
908 	 18.49159812927246
909 	 18.52182388305664
910 	 18.54616355895996
911 	 18.504941940307617
912 	 18.57532501220703
913 	 18.65003204345703
914 	 18.52741241455078
915 	 18.58582878112793
916 	 18.535972595214844
917 	 18.573911666870117
918 	 18.495912551879883
919 	 18.589859008789062
920 	 18.59845733642578
921 	 18.614288330078125
922 	 18.6041316986084
923 	 18.623119354248047
924 	 18.59841537475586
925 	 18.587507247924805
926 	 18.624082565307617
927 	 18.577226638793945
928 	 18.536483764648438
929 	 18.574739456176758
930 	 18.591676712036133
931 	 18.592823028564453
932 	 18.56829261779785
933 	 18.6240177154541
934 	 18.648277282714844
935 	 18.572229385375977
936 	 18.56873893737793
937 	 18.61005401611328
938 	 18.6097412109375
939 	 18.579614639282227
940 	 18.650693893432617
941 	 18.659482955932617
942 	 18.650911331176758
943 	 18.62320899963379
944 	 18.66023063659668
945 	 18.555261611938477
946 	 18.58067512512207
947 	 18.619388580322266
948 	 18.675573348999023
949 	 18.582931518554688
950 	 18.56895637512207
951 	 18.45153045654297
952 	 18.5501708984375
953 	 18.570228576660156
954 	 18.56026268005371
955 	 18.578332901000977
956 	 18.49598503112793
957 	 18.636268615722656
958 	 18.575801849365234
959 	 18.557533264160156
960 	 18.545560836791992
961 	 18.511066436767578
962 	 18.49276351928711
963 	 18.567100524902344
964 	 18.541542053222656
965 	 18.548824310302734
966 	 18.679719924926758
967 	 18.5660343170166
968 	 18.667409896850586
969 	 18.633756637573242
970 	 18.70149803161621
971 	 18.662796020507812
972 	 18.628793716430664
973 	 18.58487319946289
974 	 18.603248596191406
975 	 18.745546340942383
976 	 18.66188621520996
977 	 18.640525817871094
978 	 18.643659591674805
979 	 18.561569213867188
980 	 18.645071029663086
981 	 18.622880935668945
982 	 18.57707405090332
983 	 18.607868194580078
984 	 18.682018280029297
985 	 18.643108367919922
986 	 18.669553756713867
987 	 18.70441246032715
988 	 18.71890640258789
989 	 18.614402770996094
990 	 18.6969051361084
991 	 18.61258316040039
992 	 18.630712509155273
993 	 18.621976852416992
994 	 18.569055557250977
995 	 18.68362808227539
996 	 18.666181564331055
997 	 18.58011817932129
998 	 18.60955238342285
999 	 18.478809356689453
1000 	 18.546815872192383
1001 	 18.482160568237305
1002 	 18.536151885986328
1003 	 18.654699325561523
1004 	 18.668832778930664
1005 	 18.68187713623047
1006 	 18.718782424926758
1007 	 18.576181411743164
1008 	 18.594003677368164
1009 	 18.6751651763916
1010 	 18.64174461364746
1011 	 18.66261100769043
1012 	 18.603878021240234
1013 	 18.6304874420166
1014 	 18.57296371459961
1015 	 18.625789642333984
1016 	 18.64475440979004
1017 	 18.52231788635254
1018 	 18.588016510009766
1019 	 18.638370513916016
1020 	 18.570106506347656
1021 	 18.629438400268555
1022 	 18.658477783203125
1023 	 18.602270126342773
1024 	 18.685880661010742
1025 	 18.557207107543945
1026 	 18.581348419189453
1027 	 18.621707916259766
1028 	 18.670665740966797
1029 	 18.65704917907715
1030 	 18.654306411743164
1031 	 18.589841842651367
1032 	 18.670761108398438
1033 	 18.714685440063477
1034 	 18.62270736694336
1035 	 18.701566696166992
1036 	 18.54264259338379
1037 	 18.68077850341797
1038 	 18.651966094970703
1039 	 18.648515701293945
1040 	 18.721254348754883
1041 	 18.695690155029297
1042 	 18.651897430419922
1043 	 18.642086029052734
1044 	 18.6547908782959
1045 	 18.583900451660156
1046 	 18.590932846069336
1047 	 18.512401580810547
1048 	 18.56667709350586
1049 	 18.638883590698242
1050 	 18.609037399291992
1051 	 18.576725006103516
1052 	 18.614601135253906
1053 	 18.56667709350586
1054 	 18.627050399780273
1055 	 18.635334014892578
1056 	 18.607257843017578
1057 	 18.64573097229004
1058 	 18.588993072509766
1059 	 18.6229305267334
1060 	 18.60727882385254
1061 	 18.65251922607422
1062 	 18.58803939819336
1063 	 18.62975311279297
1064 	 18.60375213623047
1065 	 18.564477920532227
1066 	 18.630647659301758
1067 	 18.573015213012695
1068 	 18.595561981201172
1069 	 18.58362579345703
1070 	 18.66988754272461
1071 	 18.51572608947754
1072 	 18.50519371032715
1073 	 18.44991111755371
1074 	 18.47911262512207
1075 	 18.553606033325195
1076 	 18.53550910949707
1077 	 18.577957153320312
1078 	 18.539262771606445
1079 	 18.597158432006836
1080 	 18.538665771484375
1081 	 18.662166595458984
1082 	 18.61344337463379
1083 	 18.534902572631836
1084 	 18.619165420532227
1085 	 18.633071899414062
1086 	 18.593521118164062
1087 	 18.619007110595703
1088 	 18.630748748779297
1089 	 18.575414657592773
1090 	 18.62159538269043
1091 	 18.5709228515625
1092 	 18.520130157470703
1093 	 18.47488021850586
1094 	 18.53810691833496
1095 	 18.56106185913086
1096 	 18.605318069458008
1097 	 18.56188201904297
1098 	 18.643991470336914
1099 	 18.603992462158203
1100 	 18.47722625732422
1101 	 18.453535079956055
1102 	 18.449077606201172
1103 	 18.509227752685547
1104 	 18.621999740600586
1105 	 18.602930068969727
1106 	 18.616199493408203
1107 	 18.63128089904785
1108 	 18.735397338867188
1109 	 18.550443649291992
1110 	 18.60945701599121
1111 	 18.623952865600586
1112 	 18.607128143310547
1113 	 18.712989807128906
1114 	 18.658357620239258
1115 	 18.573246002197266
1116 	 18.644269943237305
1117 	 18.724199295043945
1118 	 18.733299255371094
1119 	 18.65227699279785
1120 	 18.607952117919922
1121 	 18.632164001464844
1122 	 18.5721492767334
1123 	 18.634830474853516
1124 	 18.69330406188965
1125 	 18.5670166015625
1126 	 18.56182861328125
1127 	 18.60400390625
1128 	 18.598651885986328
1129 	 18.54435157775879
1130 	 18.559898376464844
1131 	 18.593332290649414
1132 	 18.52659797668457
1133 	 18.56493377685547
1134 	 18.544921875
1135 	 18.622102737426758
1136 	 18.603498458862305
1137 	 18.60809898376465
1138 	 18.611970901489258
1139 	 18.654895782470703
1140 	 18.639984130859375
1141 	 18.579486846923828
1142 	 18.66897201538086
1143 	 18.576915740966797
1144 	 18.6927490234375
1145 	 18.565628051757812
1146 	 18.64613914489746
1147 	 18.5921688079834
1148 	 18.59837532043457
1149 	 18.558414459228516
1150 	 18.61610984802246
1151 	 18.607709884643555
1152 	 18.61617660522461
1153 	 18.557817459106445
1154 	 18.60654067993164
1155 	 18.610607147216797
1156 	 18.665849685668945
1157 	 18.580835342407227
1158 	 18.60297203063965
1159 	 18.601093292236328
1160 	 18.67685890197754
1161 	 18.58352279663086
1162 	 18.539825439453125
1163 	 18.546754837036133
1164 	 18.61777114868164
1165 	 18.523679733276367
1166 	 18.561132431030273
1167 	 18.55820655822754
1168 	 18.573219299316406
1169 	 18.64206314086914
1170 	 18.583742141723633
1171 	 18.652271270751953
1172 	 18.579484939575195
1173 	 18.554662704467773
1174 	 18.75904083251953
1175 	 18.5579891204834
1176 	 18.58912467956543
1177 	 18.532400131225586
1178 	 18.595199584960938
1179 	 18.54877281188965
1180 	 18.550703048706055
1181 	 18.535411834716797
1182 	 18.539716720581055
1183 	 18.567737579345703
1184 	 18.55595588684082
1185 	 18.587757110595703
1186 	 18.59119415283203
1187 	 18.508983612060547
1188 	 18.566564559936523
1189 	 18.470674514770508
1190 	 18.542829513549805
1191 	 18.57837677001953
1192 	 18.51201629638672
1193 	 18.62818717956543
1194 	 18.596445083618164
1195 	 18.523727416992188
1196 	 18.559789657592773
1197 	 18.531940460205078
1198 	 18.567686080932617
1199 	 18.554502487182617
1200 	 18.63806915283203
1201 	 18.67622947692871
1202 	 18.605762481689453
1203 	 18.586576461791992
1204 	 18.604494094848633
1205 	 18.62871742248535
1206 	 18.639211654663086
1207 	 18.595800399780273
1208 	 18.610445022583008
1209 	 18.661785125732422
1210 	 18.637784957885742
1211 	 18.723907470703125
1212 	 18.650775909423828
1213 	 18.634597778320312
1214 	 18.59913444519043
1215 	 18.61508560180664
1216 	 18.66472816467285
1217 	 18.602418899536133
1218 	 18.58698272705078
1219 	 18.573808670043945
1220 	 18.620548248291016
1221 	 18.631244659423828
1222 	 18.537883758544922
1223 	 18.6013240814209
1224 	 18.620580673217773
1225 	 18.579219818115234
1226 	 18.604206085205078
1227 	 18.62356185913086
1228 	 18.520902633666992
1229 	 18.623727798461914
1230 	 18.592498779296875
1231 	 18.55337905883789
1232 	 18.597578048706055
1233 	 18.64375114440918
1234 	 18.557327270507812
1235 	 18.635902404785156
1236 	 18.601438522338867
1237 	 18.62779426574707
1238 	 18.606515884399414
1239 	 18.618711471557617
1240 	 18.572834014892578
1241 	 18.564563751220703
1242 	 18.548276901245117
1243 	 18.56517219543457
1244 	 18.611310958862305
1245 	 18.634048461914062
1246 	 18.62080955505371
1247 	 18.550085067749023
1248 	 18.664663314819336
1249 	 18.731576919555664
1250 	 18.610111236572266
1251 	 18.623733520507812
1252 	 18.657329559326172
1253 	 18.67880630493164
1254 	 18.683307647705078
1255 	 18.752878189086914
1256 	 18.736757278442383
1257 	 18.769418716430664
1258 	 18.752429962158203
1259 	 18.725709915161133
1260 	 18.647808074951172
1261 	 18.734241485595703
1262 	 18.677799224853516
1263 	 18.690690994262695
1264 	 18.757360458374023
1265 	 18.7052001953125
1266 	 18.74251365661621
1267 	 18.64250946044922
1268 	 18.56837272644043
1269 	 18.64079475402832
1270 	 18.631319046020508
1271 	 18.53900909423828
1272 	 18.549327850341797
1273 	 18.607759475708008
1274 	 18.57199478149414
1275 	 18.52025032043457
1276 	 18.61532211303711
1277 	 18.63347625732422
1278 	 18.564783096313477
1279 	 18.6094970703125
1280 	 18.508804321289062
1281 	 18.54446029663086
1282 	 18.54787826538086
1283 	 18.51728630065918
1284 	 18.513662338256836
1285 	 18.540023803710938
1286 	 18.57817840576172
1287 	 18.58380699157715
1288 	 18.615848541259766
1289 	 18.544763565063477
1290 	 18.49659538269043
1291 	 18.519872665405273
1292 	 18.60784149169922
1293 	 18.561498641967773
1294 	 18.58954620361328
1295 	 18.601612091064453
1296 	 18.613964080810547
1297 	 18.59648895263672
1298 	 18.631568908691406
1299 	 18.62862777709961
1300 	 18.648488998413086
1301 	 18.545820236206055
1302 	 18.53795051574707
1303 	 18.65203857421875
1304 	 18.58240509033203
1305 	 18.57253646850586
1306 	 18.638763427734375
1307 	 18.5353946685791
1308 	 18.52998161315918
1309 	 18.467424392700195
1310 	 18.555639266967773
1311 	 18.520357131958008
1312 	 18.565807342529297
1313 	 18.572370529174805
1314 	 18.62185287475586
1315 	 18.66297149658203
1316 	 18.58660316467285
1317 	 18.66697120666504
1318 	 18.62213897705078
1319 	 18.549701690673828
1320 	 18.6397762298584
1321 	 18.64102554321289
1322 	 18.571619033813477
1323 	 18.57594108581543
1324 	 18.590274810791016
1325 	 18.648094177246094
1326 	 18.6252384185791
1327 	 18.632478713989258
1328 	 18.547487258911133
1329 	 18.602603912353516
1330 	 18.693204879760742
1331 	 18.61894416809082
1332 	 18.597436904907227
1333 	 18.562589645385742
1334 	 18.602489471435547
1335 	 18.60393714904785
1336 	 18.561716079711914
1337 	 18.558460235595703
1338 	 18.575170516967773
1339 	 18.596986770629883
1340 	 18.576128005981445
1341 	 18.684465408325195
1342 	 18.6344051361084
1343 	 18.60207176208496
1344 	 18.613313674926758
1345 	 18.642276763916016
1346 	 18.68937873840332
1347 	 18.64793586730957
1348 	 18.635156631469727
1349 	 18.69925880432129
1350 	 18.675777435302734
1351 	 18.736249923706055
1352 	 18.793243408203125
1353 	 18.78350257873535
1354 	 18.649221420288086
1355 	 18.818025588989258
1356 	 18.80697250366211
1357 	 18.764341354370117
1358 	 18.764610290527344
1359 	 18.727569580078125
1360 	 18.64293098449707
1361 	 18.703813552856445
1362 	 18.7392578125
1363 	 18.647178649902344
1364 	 18.632917404174805
1365 	 18.711200714111328
1366 	 18.712617874145508
1367 	 18.68301010131836
1368 	 18.695066452026367
1369 	 18.69841766357422
1370 	 18.705713272094727
1371 	 18.74114418029785
1372 	 18.686138153076172
1373 	 18.62456703186035
1374 	 18.675025939941406
1375 	 18.736412048339844
1376 	 18.77272605895996
1377 	 18.73708152770996
1378 	 18.71562957763672
1379 	 18.721059799194336
1380 	 18.709718704223633
1381 	 18.717300415039062
1382 	 18.844974517822266
1383 	 18.756755828857422
1384 	 18.723398208618164
1385 	 18.785703659057617
1386 	 18.74652099609375
1387 	 18.791889190673828
1388 	 18.77731704711914
1389 	 18.781404495239258
1390 	 18.727752685546875
1391 	 18.774169921875
1392 	 18.788814544677734
1393 	 18.766420364379883
1394 	 18.71985626220703
1395 	 18.754728317260742
1396 	 18.77977752685547
1397 	 18.777936935424805
1398 	 18.702028274536133
1399 	 18.749666213989258
1400 	 18.696388244628906
1401 	 18.69768524169922
1402 	 18.700300216674805
1403 	 18.75111198425293
1404 	 18.768646240234375
1405 	 18.77032470703125
1406 	 18.804096221923828
1407 	 18.761367797851562
1408 	 18.77153968811035
1409 	 18.84308433532715
1410 	 18.751832962036133
1411 	 18.734546661376953
1412 	 18.8220272064209
1413 	 18.810144424438477
1414 	 18.777389526367188
1415 	 18.85650634765625
1416 	 18.81695556640625
1417 	 18.742515563964844
1418 	 18.821369171142578
1419 	 18.824752807617188
1420 	 18.844863891601562
1421 	 18.85279655456543
1422 	 18.78377342224121
1423 	 18.78703498840332
1424 	 18.84162712097168
1425 	 18.906879425048828
1426 	 18.820402145385742
1427 	 18.883440017700195
1428 	 18.947011947631836
1429 	 18.84128189086914
1430 	 18.86387062072754
1431 	 18.81203842163086
1432 	 18.75678062438965
1433 	 18.76654052734375
1434 	 18.782848358154297
1435 	 18.881664276123047
1436 	 18.82647132873535
1437 	 18.77418327331543
1438 	 18.77168846130371
1439 	 18.838041305541992
1440 	 18.87074851989746
1441 	 18.810466766357422
1442 	 18.873193740844727
1443 	 18.784427642822266
1444 	 18.877492904663086
1445 	 18.732419967651367
1446 	 18.830345153808594
1447 	 18.781888961791992
1448 	 18.857769012451172
1449 	 18.815547943115234
1450 	 18.86333465576172
1451 	 18.731304168701172
1452 	 18.75328254699707
1453 	 18.90690803527832
1454 	 18.81853485107422
1455 	 18.76763916015625
1456 	 18.877147674560547
1457 	 18.750736236572266
1458 	 18.828359603881836
1459 	 18.800628662109375
1460 	 18.755014419555664
1461 	 18.886741638183594
1462 	 18.863908767700195
1463 	 18.909841537475586
1464 	 18.85464859008789
1465 	 18.784645080566406
1466 	 18.785362243652344
1467 	 18.738101959228516
1468 	 18.786155700683594
1469 	 18.789770126342773
1470 	 18.764753341674805
1471 	 18.757526397705078
1472 	 18.782333374023438
1473 	 18.785152435302734
1474 	 18.801557540893555
1475 	 18.828487396240234
1476 	 18.78858757019043
1477 	 18.819244384765625
1478 	 18.838346481323242
1479 	 18.80237579345703
1480 	 18.782133102416992
1481 	 18.81696128845215
1482 	 18.829124450683594
1483 	 18.771203994750977
1484 	 18.770122528076172
1485 	 18.80487823486328
1486 	 18.8050479888916
1487 	 18.85545539855957
1488 	 18.766319274902344
1489 	 18.702856063842773
1490 	 18.77120590209961
1491 	 18.73717498779297
1492 	 18.702878952026367
1493 	 18.639799118041992
1494 	 18.714046478271484
1495 	 18.670244216918945
1496 	 18.72185516357422
1497 	 18.702526092529297
1498 	 18.75137710571289
1499 	 18.692249298095703
1500 	 18.743865966796875
1501 	 18.74415397644043
1502 	 18.76875877380371
1503 	 18.749494552612305
1504 	 18.70069122314453
1505 	 18.672771453857422
1506 	 18.722753524780273
1507 	 18.637819290161133
1508 	 18.553302764892578
1509 	 18.684894561767578
1510 	 18.733774185180664
1511 	 18.77741241455078
1512 	 18.8054141998291
1513 	 18.776758193969727
1514 	 18.74883460998535
1515 	 18.779888153076172
1516 	 18.72201919555664
1517 	 18.789892196655273
1518 	 18.651166915893555
1519 	 18.827260971069336
1520 	 18.719837188720703
1521 	 18.685474395751953
1522 	 18.65337562561035
1523 	 18.76241111755371
1524 	 18.746294021606445
1525 	 18.751983642578125
1526 	 18.729713439941406
1527 	 18.69476318359375
1528 	 18.675703048706055
1529 	 18.706104278564453
1530 	 18.677961349487305
1531 	 18.796558380126953
1532 	 18.69082260131836
1533 	 18.700448989868164
1534 	 18.775903701782227
1535 	 18.720169067382812
1536 	 18.650442123413086
1537 	 18.655014038085938
1538 	 18.67024040222168
1539 	 18.649139404296875
1540 	 18.73507308959961
1541 	 18.73871612548828
1542 	 18.733177185058594
1543 	 18.757217407226562
1544 	 18.83470344543457
1545 	 18.752336502075195
1546 	 18.660823822021484
1547 	 18.742849349975586
1548 	 18.763864517211914
1549 	 18.7384090423584
1550 	 18.73288345336914
1551 	 18.673446655273438
1552 	 18.646015167236328
1553 	 18.7042179107666
1554 	 18.689632415771484
1555 	 18.64496612548828
1556 	 18.585050582885742
1557 	 18.70082664489746
1558 	 18.62458610534668
1559 	 18.626829147338867
1560 	 18.714323043823242
1561 	 18.572593688964844
1562 	 18.752429962158203
1563 	 18.643081665039062
1564 	 18.647018432617188
1565 	 18.632173538208008
1566 	 18.665115356445312
1567 	 18.725793838500977
1568 	 18.70319938659668
1569 	 18.70560646057129
1570 	 18.734729766845703
1571 	 18.649900436401367
1572 	 18.711273193359375
1573 	 18.698930740356445
1574 	 18.65416717529297
1575 	 18.687320709228516
1576 	 18.670185089111328
1577 	 18.652502059936523
1578 	 18.657529830932617
1579 	 18.657541275024414
1580 	 18.64556884765625
1581 	 18.6398868560791
1582 	 18.62615203857422
1583 	 18.62129020690918
1584 	 18.675508499145508
1585 	 18.584327697753906
1586 	 18.703536987304688
1587 	 18.747251510620117
1588 	 18.737815856933594
1589 	 18.70663070678711
1590 	 18.69774627685547
1591 	 18.655166625976562
1592 	 18.651958465576172
1593 	 18.749622344970703
1594 	 18.679767608642578
1595 	 18.71341896057129
1596 	 18.648025512695312
1597 	 18.680532455444336
1598 	 18.719690322875977
1599 	 18.661558151245117
1600 	 18.676712036132812
1601 	 18.675350189208984
1602 	 18.647388458251953
1603 	 18.67191505432129
1604 	 18.825458526611328
1605 	 18.780202865600586
1606 	 18.758514404296875
1607 	 18.772687911987305
1608 	 18.765283584594727
1609 	 18.65576171875
1610 	 18.746267318725586
1611 	 18.669246673583984
1612 	 18.728736877441406
1613 	 18.723432540893555
1614 	 18.719785690307617
1615 	 18.76969337463379
1616 	 18.827455520629883
1617 	 18.745773315429688
1618 	 18.736087799072266
1619 	 18.81909942626953
1620 	 18.78144073486328
1621 	 18.7764835357666
1622 	 18.763019561767578
1623 	 18.7570743560791
1624 	 18.67272186279297
1625 	 18.61686134338379
1626 	 18.603219985961914
1627 	 18.73115348815918
1628 	 18.667268753051758
1629 	 18.684097290039062
1630 	 18.62959098815918
1631 	 18.614761352539062
1632 	 18.56556510925293
1633 	 18.638334274291992
1634 	 18.683744430541992
1635 	 18.555112838745117
1636 	 18.617586135864258
1637 	 18.641481399536133
1638 	 18.62019157409668
1639 	 18.68707847595215
1640 	 18.574012756347656
1641 	 18.597253799438477
1642 	 18.633642196655273
1643 	 18.611661911010742
1644 	 18.65846061706543
1645 	 18.71728515625
1646 	 18.635080337524414
1647 	 18.694765090942383
1648 	 18.70513153076172
1649 	 18.637619018554688
1650 	 18.669591903686523
1651 	 18.635244369506836
1652 	 18.630586624145508
1653 	 18.644521713256836
1654 	 18.59244155883789
1655 	 18.613759994506836
1656 	 18.646835327148438
1657 	 18.586923599243164
1658 	 18.564346313476562
1659 	 18.54680061340332
1660 	 18.534095764160156
1661 	 18.638675689697266
1662 	 18.61496925354004
1663 	 18.650604248046875
1664 	 18.600494384765625
1665 	 18.647594451904297
1666 	 18.56926155090332
1667 	 18.583337783813477
1668 	 18.59429931640625
1669 	 18.62854766845703
1670 	 18.560117721557617
1671 	 18.625242233276367
1672 	 18.57098388671875
1673 	 18.572763442993164
1674 	 18.60221290588379
1675 	 18.632856369018555
1676 	 18.73546600341797
1677 	 18.591371536254883
1678 	 18.6625919342041
1679 	 18.608646392822266
1680 	 18.683456420898438
1681 	 18.55943489074707
1682 	 18.621089935302734
1683 	 18.521146774291992
1684 	 18.51969337463379
1685 	 18.573688507080078
1686 	 18.502395629882812
1687 	 18.497272491455078
1688 	 18.50079917907715
1689 	 18.602121353149414
1690 	 18.552316665649414
1691 	 18.497257232666016
1692 	 18.554662704467773
1693 	 18.546579360961914
1694 	 18.528940200805664
1695 	 18.574254989624023
1696 	 18.518310546875
1697 	 18.59299659729004
1698 	 18.60374641418457
1699 	 18.55743980407715
1700 	 18.61686897277832
1701 	 18.536941528320312
1702 	 18.68353271484375
1703 	 18.542709350585938
1704 	 18.61248016357422
1705 	 18.483013153076172
1706 	 18.571088790893555
1707 	 18.566650390625
1708 	 18.54376983642578
1709 	 18.55074691772461
1710 	 18.53046417236328
1711 	 18.52713966369629
1712 	 18.609899520874023
1713 	 18.591251373291016
1714 	 18.640792846679688
1715 	 18.602813720703125
1716 	 18.566486358642578
1717 	 18.547082901000977
1718 	 18.570219039916992
1719 	 18.52391242980957
1720 	 18.563095092773438
1721 	 18.54462242126465
1722 	 18.532888412475586
1723 	 18.482772827148438
1724 	 18.590848922729492
1725 	 18.643848419189453
1726 	 18.59885597229004
1727 	 18.62024688720703
1728 	 18.584596633911133
1729 	 18.567115783691406
1730 	 18.605484008789062
1731 	 18.568580627441406
1732 	 18.573070526123047
1733 	 18.541399002075195
1734 	 18.608064651489258
1735 	 18.53689956665039
1736 	 18.577434539794922
1737 	 18.689451217651367
1738 	 18.587116241455078
1739 	 18.627418518066406
1740 	 18.617897033691406
1741 	 18.651321411132812
1742 	 18.613500595092773
1743 	 18.714370727539062
1744 	 18.59505844116211
1745 	 18.685720443725586
1746 	 18.57855796813965
1747 	 18.672264099121094
1748 	 18.594013214111328
1749 	 18.59264373779297
1750 	 18.579620361328125
1751 	 18.587547302246094
1752 	 18.58465003967285
1753 	 18.643619537353516
1754 	 18.62367057800293
1755 	 18.65804672241211
1756 	 18.653703689575195
1757 	 18.672691345214844
1758 	 18.592714309692383
1759 	 18.62345314025879
1760 	 18.661090850830078
1761 	 18.657623291015625
1762 	 18.666933059692383
1763 	 18.646089553833008
1764 	 18.677101135253906
1765 	 18.58380126953125
1766 	 18.671499252319336
1767 	 18.737865447998047
1768 	 18.625364303588867
1769 	 18.66911506652832
1770 	 18.660146713256836
1771 	 18.595317840576172
1772 	 18.57891845703125
1773 	 18.69305419921875
1774 	 18.643339157104492
1775 	 18.601764678955078
1776 	 18.60757827758789
1777 	 18.590164184570312
1778 	 18.6236629486084
1779 	 18.610214233398438
1780 	 18.63776397705078
1781 	 18.53070640563965
1782 	 18.582523345947266
1783 	 18.649259567260742
1784 	 18.595638275146484
1785 	 18.712799072265625
1786 	 18.65528678894043
1787 	 18.648557662963867
1788 	 18.640911102294922
1789 	 18.671180725097656
1790 	 18.618255615234375
1791 	 18.629169464111328
1792 	 18.594270706176758
1793 	 18.554113388061523
1794 	 18.64443016052246
1795 	 18.618032455444336
1796 	 18.548974990844727
1797 	 18.620128631591797
1798 	 18.578296661376953
1799 	 18.562849044799805
1800 	 18.50840187072754
1801 	 18.609622955322266
1802 	 18.630239486694336
1803 	 18.608434677124023
1804 	 18.643815994262695
1805 	 18.615934371948242
1806 	 18.587684631347656
1807 	 18.650890350341797
1808 	 18.614273071289062
1809 	 18.63764190673828
1810 	 18.644319534301758
1811 	 18.670686721801758
1812 	 18.686445236206055
1813 	 18.728778839111328
1814 	 18.77362823486328
1815 	 18.656009674072266
1816 	 18.7029972076416
1817 	 18.683513641357422
1818 	 18.76488494873047
1819 	 18.66494369506836
1820 	 18.712413787841797
1821 	 18.69866943359375
1822 	 18.688457489013672
1823 	 18.64141845703125
1824 	 18.67813491821289
1825 	 18.58529281616211
1826 	 18.572242736816406
1827 	 18.55364990234375
1828 	 18.561153411865234
1829 	 18.589126586914062
1830 	 18.518789291381836
1831 	 18.6064453125
1832 	 18.625864028930664
1833 	 18.67430877685547
1834 	 18.574743270874023
1835 	 18.593585968017578
1836 	 18.56755828857422
1837 	 18.629629135131836
1838 	 18.57074737548828
1839 	 18.561376571655273
1840 	 18.547086715698242
1841 	 18.580839157104492
1842 	 18.58698272705078
1843 	 18.6805477142334
1844 	 18.634138107299805
1845 	 18.606403350830078
1846 	 18.609769821166992
1847 	 18.616764068603516
1848 	 18.66037368774414
1849 	 18.624481201171875
1850 	 18.713485717773438
1851 	 18.67707061767578
1852 	 18.56131362915039
1853 	 18.757169723510742
1854 	 18.69991111755371
1855 	 18.696941375732422
1856 	 18.70623016357422
1857 	 18.719364166259766
1858 	 18.63186264038086
1859 	 18.717559814453125
1860 	 18.77614402770996
1861 	 18.553077697753906
1862 	 18.642614364624023
1863 	 18.676599502563477
1864 	 18.664772033691406
1865 	 18.608333587646484
1866 	 18.595800399780273
1867 	 18.669389724731445
1868 	 18.678617477416992
1869 	 18.729724884033203
1870 	 18.651729583740234
1871 	 18.684051513671875
1872 	 18.702356338500977
1873 	 18.5747013092041
1874 	 18.660423278808594
1875 	 18.600263595581055
1876 	 18.65160369873047
1877 	 18.665212631225586
1878 	 18.62710952758789
1879 	 18.611345291137695
1880 	 18.681306838989258
1881 	 18.631385803222656
1882 	 18.581329345703125
1883 	 18.588132858276367
1884 	 18.653104782104492
1885 	 18.61484146118164
1886 	 18.591453552246094
1887 	 18.57509994506836
1888 	 18.587932586669922
1889 	 18.61672019958496
1890 	 18.626644134521484
1891 	 18.616626739501953
1892 	 18.618898391723633
1893 	 18.642656326293945
1894 	 18.58866310119629
1895 	 18.679258346557617
1896 	 18.61056900024414
1897 	 18.639575958251953
1898 	 18.702497482299805
1899 	 18.669322967529297
1900 	 18.60200309753418
1901 	 18.658666610717773
1902 	 18.70717430114746
1903 	 18.696081161499023
1904 	 18.799592971801758
1905 	 18.762216567993164
1906 	 18.77383041381836
1907 	 18.646455764770508
1908 	 18.722972869873047
1909 	 18.732847213745117
1910 	 18.755857467651367
1911 	 18.71244239807129
1912 	 18.688812255859375
1913 	 18.685653686523438
1914 	 18.7418155670166
1915 	 18.771465301513672
1916 	 18.622465133666992
1917 	 18.72357177734375
1918 	 18.721202850341797
1919 	 18.7349853515625
1920 	 18.612548828125
1921 	 18.695402145385742
1922 	 18.725976943969727
1923 	 18.710735321044922
1924 	 18.698827743530273
1925 	 18.74031639099121
1926 	 18.664899826049805
1927 	 18.677345275878906
1928 	 18.73086929321289
1929 	 18.70042610168457
1930 	 18.6533145904541
1931 	 18.686824798583984
1932 	 18.7185115814209
1933 	 18.655683517456055
1934 	 18.67612075805664
1935 	 18.666608810424805
1936 	 18.65658950805664
1937 	 18.742929458618164
1938 	 18.743986129760742
1939 	 18.666248321533203
1940 	 18.668113708496094
1941 	 18.742843627929688
1942 	 18.68075942993164
1943 	 18.64396095275879
1944 	 18.613876342773438
1945 	 18.725358963012695
1946 	 18.724977493286133
1947 	 18.67475700378418
1948 	 18.649620056152344
1949 	 18.69824981689453
1950 	 18.65890121459961
1951 	 18.63941192626953
1952 	 18.701448440551758
1953 	 18.70328712463379
1954 	 18.721696853637695
1955 	 18.720849990844727
1956 	 18.724687576293945
1957 	 18.735925674438477
1958 	 18.683778762817383
1959 	 18.650066375732422
1960 	 18.66953468322754
1961 	 18.657245635986328
1962 	 18.61678123474121
1963 	 18.667497634887695
1964 	 18.643625259399414
1965 	 18.6180419921875
1966 	 18.718896865844727
1967 	 18.680944442749023
1968 	 18.59617042541504
1969 	 18.621084213256836
1970 	 18.653867721557617
1971 	 18.574296951293945
1972 	 18.63646125793457
1973 	 18.63678550720215
1974 	 18.615949630737305
1975 	 18.579418182373047
1976 	 18.687734603881836
1977 	 18.67885971069336
1978 	 18.619579315185547
1979 	 18.632953643798828
1980 	 18.565881729125977
1981 	 18.66362762451172
1982 	 18.658103942871094
1983 	 18.682706832885742
1984 	 18.665658950805664
1985 	 18.70284080505371
1986 	 18.70039939880371
1987 	 18.665802001953125
1988 	 18.667308807373047
1989 	 18.735637664794922
1990 	 18.704357147216797
1991 	 18.67482566833496
1992 	 18.66397476196289
1993 	 18.617664337158203
1994 	 18.637367248535156
1995 	 18.654754638671875
1996 	 18.712556838989258
1997 	 18.637056350708008
1998 	 18.654542922973633
1999 	 18.743127822875977
2000 	 18.6346378326416
2001 	 18.779226303100586
2002 	 18.699613571166992
2003 	 18.705286026000977
2004 	 18.704099655151367
2005 	 18.685070037841797
2006 	 18.77524757385254
2007 	 18.724977493286133
2008 	 18.63982582092285
2009 	 18.643081665039062
2010 	 18.70100212097168
2011 	 18.756500244140625
2012 	 18.63720703125
2013 	 18.72942352294922
2014 	 18.741817474365234
2015 	 18.670806884765625
2016 	 18.654497146606445
2017 	 18.74723243713379
2018 	 18.693035125732422
2019 	 18.732559204101562
2020 	 18.688791275024414
2021 	 18.7435359954834
2022 	 18.673681259155273
2023 	 18.68109703063965
2024 	 18.734590530395508
2025 	 18.647905349731445
2026 	 18.697925567626953
2027 	 18.654863357543945
2028 	 18.71402359008789
2029 	 18.6826229095459
2030 	 18.68422508239746
2031 	 18.716764450073242
2032 	 18.738847732543945
2033 	 18.692304611206055
2034 	 18.71311378479004
2035 	 18.804832458496094
2036 	 18.731502532958984
2037 	 18.727880477905273
2038 	 18.769744873046875
2039 	 18.768423080444336
2040 	 18.711116790771484
2041 	 18.713459014892578
2042 	 18.584922790527344
2043 	 18.697994232177734
2044 	 18.759281158447266
2045 	 18.735225677490234
2046 	 18.649900436401367
2047 	 18.692596435546875
2048 	 18.712352752685547
2049 	 18.730331420898438
2050 	 18.686641693115234
2051 	 18.74137306213379
2052 	 18.757774353027344
2053 	 18.72899055480957
2054 	 18.737224578857422
2055 	 18.801774978637695
2056 	 18.778240203857422
2057 	 18.66809844970703
2058 	 18.696413040161133
2059 	 18.699724197387695
2060 	 18.669902801513672
2061 	 18.772953033447266
2062 	 18.764657974243164
2063 	 18.72498321533203
2064 	 18.707956314086914
2065 	 18.741018295288086
2066 	 18.79629135131836
2067 	 18.884328842163086
2068 	 18.77544403076172
2069 	 18.770639419555664
2070 	 18.678815841674805
2071 	 18.716014862060547
2072 	 18.79197883605957
2073 	 18.740203857421875
2074 	 18.799837112426758
2075 	 18.700368881225586
2076 	 18.683652877807617
2077 	 18.720844268798828
2078 	 18.66400909423828
2079 	 18.732666015625
2080 	 18.634822845458984
2081 	 18.695175170898438
2082 	 18.746702194213867
2083 	 18.69084930419922
2084 	 18.6760311126709
2085 	 18.69850730895996
2086 	 18.68292808532715
2087 	 18.724285125732422
2088 	 18.63783836364746
2089 	 18.597158432006836
2090 	 18.67740249633789
2091 	 18.665451049804688
2092 	 18.568103790283203
2093 	 18.520936965942383
2094 	 18.641820907592773
2095 	 18.658851623535156
2096 	 18.64447593688965
2097 	 18.590721130371094
2098 	 18.686296463012695
2099 	 18.649085998535156
2100 	 18.631935119628906
2101 	 18.65340232849121
2102 	 18.60787582397461
2103 	 18.57398223876953
2104 	 18.60984230041504
2105 	 18.52579689025879
2106 	 18.604007720947266
2107 	 18.651050567626953
2108 	 18.606807708740234
2109 	 18.647768020629883
2110 	 18.621952056884766
2111 	 18.619054794311523
2112 	 18.638267517089844
2113 	 18.634309768676758
2114 	 18.62525177001953
2115 	 18.58907127380371
2116 	 18.574087142944336
2117 	 18.553600311279297
2118 	 18.553117752075195
2119 	 18.60011863708496
2120 	 18.582134246826172
2121 	 18.629859924316406
2122 	 18.6259708404541
2123 	 18.601613998413086
2124 	 18.61997413635254
2125 	 18.675987243652344
2126 	 18.634166717529297
2127 	 18.635135650634766
2128 	 18.567703247070312
2129 	 18.567462921142578
2130 	 18.589458465576172
2131 	 18.579261779785156
2132 	 18.515457153320312
2133 	 18.57811164855957
2134 	 18.590478897094727
2135 	 18.576337814331055
2136 	 18.63180160522461
2137 	 18.536367416381836
2138 	 18.56348419189453
2139 	 18.59748649597168
2140 	 18.572528839111328
2141 	 18.621870040893555
2142 	 18.5725040435791
2143 	 18.5725040435791
