Frame	RG
0 	 18.557329177856445
1 	 18.561813354492188
2 	 18.569766998291016
3 	 18.58779525756836
4 	 18.594844818115234
5 	 18.57593536376953
6 	 18.58634376525879
7 	 18.59725570678711
8 	 18.57965660095215
9 	 18.58390998840332
10 	 18.602243423461914
11 	 18.58546257019043
12 	 18.597415924072266
13 	 18.58673858642578
14 	 18.61060333251953
15 	 18.598146438598633
16 	 18.575092315673828
17 	 18.57592010498047
18 	 18.563642501831055
19 	 18.57107162475586
20 	 18.559099197387695
21 	 18.57029914855957
22 	 18.570289611816406
23 	 18.591033935546875
24 	 18.563907623291016
25 	 18.59387969970703
26 	 18.603300094604492
27 	 18.586368560791016
28 	 18.589122772216797
29 	 18.562440872192383
30 	 18.62916374206543
31 	 18.586036682128906
32 	 18.590564727783203
33 	 18.58597755432129
34 	 18.577346801757812
35 	 18.58443832397461
36 	 18.621456146240234
37 	 18.562536239624023
38 	 18.630685806274414
39 	 18.601871490478516
40 	 18.59760284423828
41 	 18.60407829284668
42 	 18.588245391845703
43 	 18.672800064086914
44 	 18.699785232543945
45 	 18.64681053161621
46 	 18.71955108642578
47 	 18.65493392944336
48 	 18.5549373626709
49 	 18.626455307006836
50 	 18.664264678955078
51 	 18.715124130249023
52 	 18.69062614440918
53 	 18.672704696655273
54 	 18.6727352142334
55 	 18.69179344177246
56 	 18.736745834350586
57 	 18.797658920288086
58 	 18.81719398498535
59 	 18.808700561523438
60 	 18.817340850830078
61 	 18.796552658081055
62 	 18.79831886291504
63 	 18.789138793945312
64 	 18.890274047851562
65 	 18.75136947631836
66 	 18.783437728881836
67 	 18.786239624023438
68 	 18.764892578125
69 	 18.773916244506836
70 	 18.766700744628906
71 	 18.793075561523438
72 	 18.83016014099121
73 	 18.831785202026367
74 	 18.86916732788086
75 	 18.889007568359375
76 	 18.796968460083008
77 	 18.820587158203125
78 	 18.83450698852539
79 	 18.881982803344727
80 	 18.878244400024414
81 	 18.798622131347656
82 	 18.846511840820312
83 	 18.861770629882812
84 	 18.872509002685547
85 	 18.896928787231445
86 	 18.86735725402832
87 	 18.883317947387695
88 	 18.846359252929688
89 	 18.805395126342773
90 	 18.818328857421875
91 	 18.821212768554688
92 	 18.852996826171875
93 	 18.82341194152832
94 	 18.87882423400879
95 	 18.737102508544922
96 	 18.84182357788086
97 	 18.89145278930664
98 	 18.892210006713867
99 	 18.839265823364258
100 	 18.8463134765625
101 	 18.828184127807617
102 	 18.866622924804688
103 	 18.862089157104492
104 	 18.767568588256836
105 	 18.707059860229492
106 	 18.770872116088867
107 	 18.836299896240234
108 	 18.800186157226562
109 	 18.779550552368164
110 	 18.84033966064453
111 	 18.787303924560547
112 	 18.828046798706055
113 	 18.811485290527344
114 	 18.909635543823242
115 	 18.86465072631836
116 	 18.848398208618164
117 	 18.838830947875977
118 	 18.862552642822266
119 	 18.878509521484375
120 	 18.827239990234375
121 	 18.818906784057617
122 	 18.834806442260742
123 	 18.83869171142578
124 	 18.856754302978516
125 	 18.835899353027344
126 	 18.900314331054688
127 	 18.85200309753418
128 	 18.865489959716797
129 	 18.856365203857422
130 	 18.88625144958496
131 	 18.883304595947266
132 	 18.82431411743164
133 	 18.9359188079834
134 	 18.904502868652344
135 	 18.860637664794922
136 	 18.868906021118164
137 	 18.894989013671875
138 	 18.85014533996582
139 	 18.887781143188477
140 	 18.790203094482422
141 	 18.806718826293945
142 	 18.816377639770508
143 	 18.859813690185547
144 	 18.838558197021484
145 	 18.8001766204834
146 	 18.81417465209961
147 	 18.847370147705078
148 	 18.888507843017578
149 	 18.903669357299805
150 	 18.863073348999023
151 	 18.912076950073242
152 	 18.975130081176758
153 	 18.885053634643555
154 	 19.029342651367188
155 	 18.82925796508789
156 	 18.958038330078125
157 	 18.808046340942383
158 	 18.864723205566406
159 	 18.822887420654297
160 	 18.894838333129883
161 	 18.848682403564453
162 	 18.86219596862793
163 	 18.864259719848633
164 	 18.865407943725586
165 	 18.76262855529785
166 	 18.879837036132812
167 	 18.93120002746582
168 	 18.93472671508789
169 	 18.884082794189453
170 	 18.912343978881836
171 	 18.93061637878418
172 	 18.954824447631836
173 	 18.900989532470703
174 	 18.989492416381836
175 	 18.900197982788086
176 	 18.799104690551758
177 	 18.854799270629883
178 	 18.87537956237793
179 	 18.947154998779297
180 	 18.8657283782959
181 	 18.794010162353516
182 	 18.848085403442383
183 	 18.847959518432617
184 	 18.87763023376465
185 	 18.86940574645996
186 	 18.80809783935547
187 	 18.839988708496094
188 	 18.898223876953125
189 	 18.807771682739258
190 	 18.8654842376709
191 	 18.80828857421875
192 	 18.800262451171875
193 	 18.883718490600586
194 	 18.907089233398438
195 	 18.891029357910156
196 	 18.900379180908203
197 	 18.86090087890625
198 	 18.845224380493164
199 	 18.871387481689453
200 	 18.94388198852539
201 	 18.922761917114258
202 	 18.868513107299805
203 	 18.86797332763672
204 	 18.7984619140625
205 	 18.718557357788086
206 	 18.853239059448242
207 	 18.77415657043457
208 	 18.7806396484375
209 	 18.857484817504883
210 	 18.8629207611084
211 	 18.780006408691406
212 	 18.83998680114746
213 	 18.749019622802734
214 	 18.89518928527832
215 	 18.848445892333984
216 	 18.745975494384766
217 	 18.85444450378418
218 	 18.81232261657715
219 	 18.837594985961914
220 	 18.866666793823242
221 	 18.86516571044922
222 	 18.87978744506836
223 	 18.833017349243164
224 	 18.85431671142578
225 	 18.922422409057617
226 	 19.032413482666016
227 	 18.941679000854492
228 	 18.88411521911621
229 	 18.884693145751953
230 	 18.858537673950195
231 	 18.754972457885742
232 	 18.82737922668457
233 	 18.822330474853516
234 	 18.843637466430664
235 	 18.85742950439453
236 	 18.86341094970703
237 	 18.879432678222656
238 	 18.890722274780273
239 	 18.844768524169922
240 	 18.84680938720703
241 	 18.860889434814453
242 	 18.866487503051758
243 	 18.922191619873047
244 	 18.908824920654297
245 	 18.887502670288086
246 	 18.898454666137695
247 	 18.84848976135254
248 	 18.83761978149414
249 	 18.86016082763672
250 	 18.84380531311035
251 	 18.836135864257812
252 	 18.874862670898438
253 	 18.835155487060547
254 	 18.81201171875
255 	 18.826845169067383
256 	 18.831851959228516
257 	 18.759370803833008
258 	 18.81574249267578
259 	 18.86695098876953
260 	 18.823957443237305
261 	 18.81361961364746
262 	 18.85218620300293
263 	 18.81024742126465
264 	 18.787717819213867
265 	 18.793071746826172
266 	 18.872289657592773
267 	 18.82370376586914
268 	 18.72987174987793
269 	 18.858715057373047
270 	 18.84149742126465
271 	 18.847259521484375
272 	 18.683406829833984
273 	 18.808740615844727
274 	 18.778057098388672
275 	 18.66602897644043
276 	 18.683713912963867
277 	 18.689960479736328
278 	 18.7126522064209
279 	 18.754077911376953
280 	 18.735706329345703
281 	 18.786758422851562
282 	 18.73682403564453
283 	 18.75604248046875
284 	 18.734397888183594
285 	 18.782337188720703
286 	 18.750356674194336
287 	 18.759809494018555
288 	 18.740400314331055
289 	 18.862361907958984
290 	 18.800840377807617
291 	 18.7983341217041
292 	 18.80390167236328
293 	 18.72063446044922
294 	 18.81182289123535
295 	 18.821319580078125
296 	 18.935638427734375
297 	 18.808881759643555
298 	 18.840044021606445
299 	 18.822612762451172
300 	 18.881986618041992
301 	 18.905593872070312
302 	 18.85011100769043
303 	 18.86241912841797
304 	 18.933496475219727
305 	 18.95963478088379
306 	 18.918001174926758
307 	 18.736949920654297
308 	 18.850236892700195
309 	 18.8336238861084
310 	 18.851211547851562
311 	 18.79979705810547
312 	 18.903139114379883
313 	 18.862512588500977
314 	 18.805871963500977
315 	 18.920642852783203
316 	 18.881540298461914
317 	 18.883371353149414
318 	 18.87424087524414
319 	 18.87630271911621
320 	 18.88890838623047
321 	 18.929889678955078
322 	 18.9293155670166
323 	 18.910524368286133
324 	 18.96692657470703
325 	 18.978302001953125
326 	 18.936811447143555
327 	 18.92578887939453
328 	 18.971200942993164
329 	 18.98063087463379
330 	 18.89259147644043
331 	 18.84515380859375
332 	 18.91244125366211
333 	 18.957080841064453
334 	 18.924957275390625
335 	 18.973711013793945
336 	 18.890928268432617
337 	 18.876184463500977
338 	 18.864498138427734
339 	 18.958208084106445
340 	 18.939926147460938
341 	 18.938085556030273
342 	 18.938011169433594
343 	 18.86101531982422
344 	 18.86081886291504
345 	 18.95149803161621
346 	 18.90675163269043
347 	 18.87531852722168
348 	 18.803468704223633
349 	 18.85844612121582
350 	 18.839303970336914
351 	 18.808090209960938
352 	 18.919757843017578
353 	 18.8450984954834
354 	 18.823434829711914
355 	 18.900917053222656
356 	 18.73367691040039
357 	 18.798635482788086
358 	 18.854455947875977
359 	 18.89509391784668
360 	 18.836881637573242
361 	 18.791894912719727
362 	 18.715286254882812
363 	 18.80693244934082
364 	 18.836437225341797
365 	 18.861909866333008
366 	 18.799922943115234
367 	 18.758222579956055
368 	 18.800506591796875
369 	 18.674997329711914
370 	 18.689104080200195
371 	 18.659257888793945
372 	 18.728885650634766
373 	 18.817380905151367
374 	 18.727664947509766
375 	 18.81958770751953
376 	 18.81969451904297
377 	 18.804485321044922
378 	 18.77791976928711
379 	 18.779314041137695
380 	 18.786937713623047
381 	 18.73833656311035
382 	 18.679676055908203
383 	 18.792232513427734
384 	 18.85332679748535
385 	 18.806640625
386 	 18.75887107849121
387 	 18.753353118896484
388 	 18.793832778930664
389 	 18.82074546813965
390 	 18.82932472229004
391 	 18.7933406829834
392 	 18.79154396057129
393 	 18.70661163330078
394 	 18.688241958618164
395 	 18.767894744873047
396 	 18.761425018310547
397 	 18.75761604309082
398 	 18.77547264099121
399 	 18.653303146362305
400 	 18.82370376586914
401 	 18.73268699645996
402 	 18.760635375976562
403 	 18.733549118041992
404 	 18.810413360595703
405 	 18.77269172668457
406 	 18.803462982177734
407 	 18.825157165527344
408 	 18.702438354492188
409 	 18.76905059814453
410 	 18.697525024414062
411 	 18.701492309570312
412 	 18.745023727416992
413 	 18.688488006591797
414 	 18.756071090698242
415 	 18.83050537109375
416 	 18.826343536376953
417 	 18.744888305664062
418 	 18.83199691772461
419 	 18.92015838623047
420 	 18.825313568115234
421 	 18.853008270263672
422 	 18.891952514648438
423 	 18.841014862060547
424 	 18.76093101501465
425 	 18.77545738220215
426 	 18.823667526245117
427 	 18.750391006469727
428 	 18.766767501831055
429 	 18.82644271850586
430 	 18.830360412597656
431 	 18.78824806213379
432 	 18.723617553710938
433 	 18.763460159301758
434 	 18.759071350097656
435 	 18.76009750366211
436 	 18.80847930908203
437 	 18.898162841796875
438 	 18.84464454650879
439 	 18.902402877807617
440 	 18.865720748901367
441 	 18.891437530517578
442 	 18.856433868408203
443 	 18.809215545654297
444 	 18.756032943725586
445 	 18.85198211669922
446 	 18.833412170410156
447 	 18.908559799194336
448 	 18.790401458740234
449 	 18.861722946166992
450 	 18.785680770874023
451 	 18.730632781982422
452 	 18.7620792388916
453 	 18.812959671020508
454 	 18.775760650634766
455 	 18.766321182250977
456 	 18.747140884399414
457 	 18.76479148864746
458 	 18.732513427734375
459 	 18.72217559814453
460 	 18.797365188598633
461 	 18.784791946411133
462 	 18.755857467651367
463 	 18.798982620239258
464 	 18.820270538330078
465 	 18.81172752380371
466 	 18.79278564453125
467 	 18.84589385986328
468 	 18.83833885192871
469 	 18.872941970825195
470 	 18.90121841430664
471 	 18.84146499633789
472 	 18.80990982055664
473 	 18.83338737487793
474 	 18.841224670410156
475 	 18.78152847290039
476 	 18.77391815185547
477 	 18.772220611572266
478 	 18.70804214477539
479 	 18.886417388916016
480 	 18.79872703552246
481 	 18.823585510253906
482 	 18.857492446899414
483 	 18.886638641357422
484 	 18.82190704345703
485 	 18.75829315185547
486 	 18.785295486450195
487 	 18.698915481567383
488 	 18.778060913085938
489 	 18.722299575805664
490 	 18.804582595825195
491 	 18.828052520751953
492 	 18.745304107666016
493 	 18.756864547729492
494 	 18.808156967163086
495 	 18.703113555908203
496 	 18.741004943847656
497 	 18.745094299316406
498 	 18.701099395751953
499 	 18.72429656982422
500 	 18.74097442626953
501 	 18.78281021118164
502 	 18.666135787963867
503 	 18.7137508392334
504 	 18.7265682220459
505 	 18.794837951660156
506 	 18.818161010742188
507 	 18.776140213012695
508 	 18.814800262451172
509 	 18.721139907836914
510 	 18.699155807495117
511 	 18.785274505615234
512 	 18.69118309020996
513 	 18.645000457763672
514 	 18.706989288330078
515 	 18.5983829498291
516 	 18.693422317504883
517 	 18.66045379638672
518 	 18.73394203186035
519 	 18.605548858642578
520 	 18.664173126220703
521 	 18.68665313720703
522 	 18.646869659423828
523 	 18.666637420654297
524 	 18.645200729370117
525 	 18.754566192626953
526 	 18.615047454833984
527 	 18.723278045654297
528 	 18.644989013671875
529 	 18.750247955322266
530 	 18.69937515258789
531 	 18.630115509033203
532 	 18.67473030090332
533 	 18.610013961791992
534 	 18.649499893188477
535 	 18.702699661254883
536 	 18.739315032958984
537 	 18.770042419433594
538 	 18.707265853881836
539 	 18.7692928314209
540 	 18.752124786376953
541 	 18.763412475585938
542 	 18.80050277709961
543 	 18.750093460083008
544 	 18.72221565246582
545 	 18.792434692382812
546 	 18.682626724243164
547 	 18.79737663269043
548 	 18.759742736816406
549 	 18.688396453857422
550 	 18.72115135192871
551 	 18.65824317932129
552 	 18.67866325378418
553 	 18.735578536987305
554 	 18.786861419677734
555 	 18.753223419189453
556 	 18.724279403686523
557 	 18.721027374267578
558 	 18.707056045532227
559 	 18.6312198638916
560 	 18.64457893371582
561 	 18.753419876098633
562 	 18.639440536499023
563 	 18.68431854248047
564 	 18.723167419433594
565 	 18.69404411315918
566 	 18.756776809692383
567 	 18.56401252746582
568 	 18.604053497314453
569 	 18.625314712524414
570 	 18.554149627685547
571 	 18.666004180908203
572 	 18.68280792236328
573 	 18.62677764892578
574 	 18.664892196655273
575 	 18.595367431640625
576 	 18.602842330932617
577 	 18.579524993896484
578 	 18.59246063232422
579 	 18.59650421142578
580 	 18.57695960998535
581 	 18.652158737182617
582 	 18.69139862060547
583 	 18.61955451965332
584 	 18.688640594482422
585 	 18.585956573486328
586 	 18.553651809692383
587 	 18.58736801147461
588 	 18.557737350463867
589 	 18.63248062133789
590 	 18.63445281982422
591 	 18.56145477294922
592 	 18.569000244140625
593 	 18.537857055664062
594 	 18.564254760742188
595 	 18.637657165527344
596 	 18.6065673828125
597 	 18.5625057220459
598 	 18.5966854095459
599 	 18.600215911865234
600 	 18.58013153076172
601 	 18.598087310791016
602 	 18.579307556152344
603 	 18.546398162841797
604 	 18.638540267944336
605 	 18.613666534423828
606 	 18.68816375732422
607 	 18.56953239440918
608 	 18.664644241333008
609 	 18.67496681213379
610 	 18.63898277282715
611 	 18.711669921875
612 	 18.526155471801758
613 	 18.585046768188477
614 	 18.578702926635742
615 	 18.666921615600586
616 	 18.61925506591797
617 	 18.635461807250977
618 	 18.669315338134766
619 	 18.640785217285156
620 	 18.61789894104004
621 	 18.58074188232422
622 	 18.612003326416016
623 	 18.630626678466797
624 	 18.590471267700195
625 	 18.69281005859375
626 	 18.690765380859375
627 	 18.675220489501953
628 	 18.664535522460938
629 	 18.650251388549805
630 	 18.69623565673828
631 	 18.72622299194336
632 	 18.81283187866211
633 	 18.663747787475586
634 	 18.681724548339844
635 	 18.739343643188477
636 	 18.642620086669922
637 	 18.66958999633789
638 	 18.660375595092773
639 	 18.643598556518555
640 	 18.70291519165039
641 	 18.73739242553711
642 	 18.656869888305664
643 	 18.729450225830078
644 	 18.738237380981445
645 	 18.659727096557617
646 	 18.649885177612305
647 	 18.666215896606445
648 	 18.652326583862305
649 	 18.64145278930664
650 	 18.692672729492188
651 	 18.64972686767578
652 	 18.727798461914062
653 	 18.641305923461914
654 	 18.62100601196289
655 	 18.641456604003906
656 	 18.74462127685547
657 	 18.673864364624023
658 	 18.685626983642578
659 	 18.63260269165039
660 	 18.665809631347656
661 	 18.67133331298828
662 	 18.62436866760254
663 	 18.707965850830078
664 	 18.642589569091797
665 	 18.663570404052734
666 	 18.675954818725586
667 	 18.68303680419922
668 	 18.653026580810547
669 	 18.673206329345703
670 	 18.689130783081055
671 	 18.752079010009766
672 	 18.72393035888672
673 	 18.743629455566406
674 	 18.817087173461914
675 	 18.677705764770508
676 	 18.696956634521484
677 	 18.705364227294922
678 	 18.722333908081055
679 	 18.724029541015625
680 	 18.670488357543945
681 	 18.7154483795166
682 	 18.802064895629883
683 	 18.73660659790039
684 	 18.692678451538086
685 	 18.771495819091797
686 	 18.713863372802734
687 	 18.808687210083008
688 	 18.795663833618164
689 	 18.735809326171875
690 	 18.749788284301758
691 	 18.815134048461914
692 	 18.68941307067871
693 	 18.70688819885254
694 	 18.68769645690918
695 	 18.708452224731445
696 	 18.718399047851562
697 	 18.670841217041016
698 	 18.65983772277832
699 	 18.778162002563477
700 	 18.695709228515625
701 	 18.7327880859375
702 	 18.70926284790039
703 	 18.697237014770508
704 	 18.69051742553711
705 	 18.788986206054688
706 	 18.7625789642334
707 	 18.54346466064453
708 	 18.688457489013672
709 	 18.689332962036133
710 	 18.72934341430664
711 	 18.716787338256836
712 	 18.724082946777344
713 	 18.699342727661133
714 	 18.695575714111328
715 	 18.810976028442383
716 	 18.725988388061523
717 	 18.678438186645508
718 	 18.650299072265625
719 	 18.77290153503418
720 	 18.7474422454834
721 	 18.739871978759766
722 	 18.709699630737305
723 	 18.71315574645996
724 	 18.678194046020508
725 	 18.834131240844727
726 	 18.75129508972168
727 	 18.80391502380371
728 	 18.771350860595703
729 	 18.738937377929688
730 	 18.70526885986328
731 	 18.75935173034668
732 	 18.736827850341797
733 	 18.7315731048584
734 	 18.690778732299805
735 	 18.685277938842773
736 	 18.743467330932617
737 	 18.690099716186523
738 	 18.713045120239258
739 	 18.707569122314453
740 	 18.75519561767578
741 	 18.74934959411621
742 	 18.71047019958496
743 	 18.737215042114258
744 	 18.72968292236328
745 	 18.619230270385742
746 	 18.689048767089844
747 	 18.752731323242188
748 	 18.703197479248047
749 	 18.71999740600586
750 	 18.728073120117188
751 	 18.811134338378906
752 	 18.643863677978516
753 	 18.831167221069336
754 	 18.7407283782959
755 	 18.716846466064453
756 	 18.744861602783203
757 	 18.712703704833984
758 	 18.73517608642578
759 	 18.759790420532227
760 	 18.83368492126465
761 	 18.693035125732422
762 	 18.68381118774414
763 	 18.62417984008789
764 	 18.62672996520996
765 	 18.621849060058594
766 	 18.551969528198242
767 	 18.5534725189209
768 	 18.515533447265625
769 	 18.55586814880371
770 	 18.60770034790039
771 	 18.6395263671875
772 	 18.66693115234375
773 	 18.633556365966797
774 	 18.66512680053711
775 	 18.60623550415039
776 	 18.66765022277832
777 	 18.6506404876709
778 	 18.602519989013672
779 	 18.55149269104004
780 	 18.54979133605957
781 	 18.529462814331055
782 	 18.654478073120117
783 	 18.6248836517334
784 	 18.658035278320312
785 	 18.60354232788086
786 	 18.586231231689453
787 	 18.551908493041992
788 	 18.565935134887695
789 	 18.635560989379883
790 	 18.54110336303711
791 	 18.591938018798828
792 	 18.566808700561523
793 	 18.528518676757812
794 	 18.527015686035156
795 	 18.52890968322754
796 	 18.532209396362305
797 	 18.603679656982422
798 	 18.539653778076172
799 	 18.53824234008789
800 	 18.551891326904297
801 	 18.441078186035156
802 	 18.459747314453125
803 	 18.54199981689453
804 	 18.586740493774414
805 	 18.493833541870117
806 	 18.51647186279297
807 	 18.46833038330078
808 	 18.478498458862305
809 	 18.588180541992188
810 	 18.460886001586914
811 	 18.47008514404297
812 	 18.413251876831055
813 	 18.451128005981445
814 	 18.418445587158203
815 	 18.48533821105957
816 	 18.394378662109375
817 	 18.48069953918457
818 	 18.593158721923828
819 	 18.4387264251709
820 	 18.497844696044922
821 	 18.468334197998047
822 	 18.4561824798584
823 	 18.490251541137695
824 	 18.555339813232422
825 	 18.52885627746582
826 	 18.617355346679688
827 	 18.5732479095459
828 	 18.661718368530273
829 	 18.513961791992188
830 	 18.489368438720703
831 	 18.521202087402344
832 	 18.5268611907959
833 	 18.53119468688965
834 	 18.556081771850586
835 	 18.57090950012207
836 	 18.589210510253906
837 	 18.596920013427734
838 	 18.642406463623047
839 	 18.58521842956543
840 	 18.627113342285156
841 	 18.60666847229004
842 	 18.548274993896484
843 	 18.5074405670166
844 	 18.453472137451172
845 	 18.546327590942383
846 	 18.52427101135254
847 	 18.66382598876953
848 	 18.646570205688477
849 	 18.750125885009766
850 	 18.72547149658203
851 	 18.742435455322266
852 	 18.74531364440918
853 	 18.659135818481445
854 	 18.76395606994629
855 	 18.715246200561523
856 	 18.708070755004883
857 	 18.691551208496094
858 	 18.686656951904297
859 	 18.66295051574707
860 	 18.728151321411133
861 	 18.738826751708984
862 	 18.738847732543945
863 	 18.762880325317383
864 	 18.79205894470215
865 	 18.715566635131836
866 	 18.636720657348633
867 	 18.67082405090332
868 	 18.680498123168945
869 	 18.696197509765625
870 	 18.673480987548828
871 	 18.645078659057617
872 	 18.62537956237793
873 	 18.679340362548828
874 	 18.751615524291992
875 	 18.68743133544922
876 	 18.650232315063477
877 	 18.759157180786133
878 	 18.691091537475586
879 	 18.663782119750977
880 	 18.591890335083008
881 	 18.6395206451416
882 	 18.661941528320312
883 	 18.669342041015625
884 	 18.65384864807129
885 	 18.67156219482422
886 	 18.65462303161621
887 	 18.56751823425293
888 	 18.632829666137695
889 	 18.62417984008789
890 	 18.660791397094727
891 	 18.736888885498047
892 	 18.674448013305664
893 	 18.71137046813965
894 	 18.733856201171875
895 	 18.693681716918945
896 	 18.757699966430664
897 	 18.67695426940918
898 	 18.702425003051758
899 	 18.684194564819336
900 	 18.63917350769043
901 	 18.647720336914062
902 	 18.670183181762695
903 	 18.732877731323242
904 	 18.666080474853516
905 	 18.69951057434082
906 	 18.751264572143555
907 	 18.66400146484375
908 	 18.584306716918945
909 	 18.68977928161621
910 	 18.696985244750977
911 	 18.71099853515625
912 	 18.66680908203125
913 	 18.55861473083496
914 	 18.699499130249023
915 	 18.73059844970703
916 	 18.7120361328125
917 	 18.676912307739258
918 	 18.69020652770996
919 	 18.679847717285156
920 	 18.688554763793945
921 	 18.698923110961914
922 	 18.704029083251953
923 	 18.737911224365234
924 	 18.676170349121094
925 	 18.607439041137695
926 	 18.673702239990234
927 	 18.684844970703125
928 	 18.633331298828125
929 	 18.71826934814453
930 	 18.677722930908203
931 	 18.656124114990234
932 	 18.630977630615234
933 	 18.59184455871582
934 	 18.623794555664062
935 	 18.657787322998047
936 	 18.616321563720703
937 	 18.562870025634766
938 	 18.553224563598633
939 	 18.582021713256836
940 	 18.57294464111328
941 	 18.58413314819336
942 	 18.60852813720703
943 	 18.550270080566406
944 	 18.670351028442383
945 	 18.56422233581543
946 	 18.564939498901367
947 	 18.56290054321289
948 	 18.56627082824707
949 	 18.50743865966797
950 	 18.566646575927734
951 	 18.589603424072266
952 	 18.553647994995117
953 	 18.646623611450195
954 	 18.539249420166016
955 	 18.51063346862793
956 	 18.484188079833984
957 	 18.636329650878906
958 	 18.620960235595703
959 	 18.527475357055664
960 	 18.495405197143555
961 	 18.495853424072266
962 	 18.539127349853516
963 	 18.56401252746582
964 	 18.60282325744629
965 	 18.601768493652344
966 	 18.51520538330078
967 	 18.530696868896484
968 	 18.53901481628418
969 	 18.599403381347656
970 	 18.470399856567383
971 	 18.577205657958984
972 	 18.657712936401367
973 	 18.696365356445312
974 	 18.615880966186523
975 	 18.57659912109375
976 	 18.548917770385742
977 	 18.630390167236328
978 	 18.54384422302246
979 	 18.65666389465332
980 	 18.609148025512695
981 	 18.58674430847168
982 	 18.61452865600586
983 	 18.560911178588867
984 	 18.64151382446289
985 	 18.696422576904297
986 	 18.705272674560547
987 	 18.76717758178711
988 	 18.82127571105957
989 	 18.763643264770508
990 	 18.71832847595215
991 	 18.822290420532227
992 	 18.774198532104492
993 	 18.81483268737793
994 	 18.799428939819336
995 	 18.775203704833984
996 	 18.890169143676758
997 	 18.850486755371094
998 	 18.780345916748047
999 	 18.85947608947754
1000 	 18.80912971496582
1001 	 18.795812606811523
1002 	 18.756479263305664
1003 	 18.792423248291016
1004 	 18.762008666992188
1005 	 18.855201721191406
1006 	 18.772300720214844
1007 	 18.823171615600586
1008 	 18.84944725036621
1009 	 18.881879806518555
1010 	 18.823915481567383
1011 	 18.795988082885742
1012 	 18.853166580200195
1013 	 18.897817611694336
1014 	 18.821800231933594
1015 	 18.837060928344727
1016 	 18.856826782226562
1017 	 18.807384490966797
1018 	 18.8206787109375
1019 	 18.85302734375
1020 	 18.901784896850586
1021 	 18.82159996032715
1022 	 18.80948829650879
1023 	 18.874465942382812
1024 	 18.848468780517578
1025 	 18.97715187072754
1026 	 18.976987838745117
1027 	 18.86572265625
1028 	 18.848787307739258
1029 	 18.893970489501953
1030 	 18.902183532714844
1031 	 18.920360565185547
1032 	 18.822399139404297
1033 	 18.81632423400879
1034 	 18.800613403320312
1035 	 18.849037170410156
1036 	 18.865127563476562
1037 	 18.916837692260742
1038 	 18.836578369140625
1039 	 18.825090408325195
1040 	 18.84298324584961
1041 	 18.866674423217773
1042 	 18.92386817932129
1043 	 18.816877365112305
1044 	 18.809778213500977
1045 	 18.877334594726562
1046 	 18.909780502319336
1047 	 18.861934661865234
1048 	 18.776107788085938
1049 	 18.900543212890625
1050 	 18.8707218170166
1051 	 18.917924880981445
1052 	 18.903669357299805
1053 	 18.821533203125
1054 	 18.852739334106445
1055 	 18.915849685668945
1056 	 18.879331588745117
1057 	 18.892776489257812
1058 	 18.85448455810547
1059 	 18.870784759521484
1060 	 18.85265350341797
1061 	 18.826448440551758
1062 	 18.87192726135254
1063 	 18.956153869628906
1064 	 18.88924217224121
1065 	 18.93821907043457
1066 	 18.88475799560547
1067 	 18.859529495239258
1068 	 18.8773136138916
1069 	 18.8105525970459
1070 	 18.858139038085938
1071 	 18.88057518005371
1072 	 18.91344451904297
1073 	 18.930843353271484
1074 	 18.885408401489258
1075 	 18.91361427307129
1076 	 18.865478515625
1077 	 18.813934326171875
1078 	 18.850252151489258
1079 	 18.795080184936523
1080 	 18.75319480895996
1081 	 18.787981033325195
1082 	 18.7487850189209
1083 	 18.791271209716797
1084 	 18.840831756591797
1085 	 18.79212760925293
1086 	 18.84484100341797
1087 	 18.79207420349121
1088 	 18.79186248779297
1089 	 18.867164611816406
1090 	 18.757259368896484
1091 	 18.768056869506836
1092 	 18.79303741455078
1093 	 18.80337142944336
1094 	 18.769168853759766
1095 	 18.835538864135742
1096 	 18.822967529296875
1097 	 18.754384994506836
1098 	 18.76388168334961
1099 	 18.805517196655273
1100 	 18.842702865600586
1101 	 18.76128578186035
1102 	 18.8198184967041
1103 	 18.762252807617188
1104 	 18.74946403503418
1105 	 18.8145694732666
1106 	 18.741731643676758
1107 	 18.796768188476562
1108 	 18.761987686157227
1109 	 18.791839599609375
1110 	 18.749122619628906
1111 	 18.66214370727539
1112 	 18.68083953857422
1113 	 18.73885726928711
1114 	 18.747026443481445
1115 	 18.7376708984375
1116 	 18.721452713012695
1117 	 18.804161071777344
1118 	 18.723678588867188
1119 	 18.760120391845703
1120 	 18.724279403686523
1121 	 18.76770782470703
1122 	 18.773963928222656
1123 	 18.793716430664062
1124 	 18.832632064819336
1125 	 18.839099884033203
1126 	 18.85805892944336
1127 	 18.842845916748047
1128 	 18.862485885620117
1129 	 18.783109664916992
1130 	 18.852445602416992
1131 	 18.82038688659668
1132 	 18.88606071472168
1133 	 18.871095657348633
1134 	 18.869068145751953
1135 	 18.81202507019043
1136 	 18.982994079589844
1137 	 18.853410720825195
1138 	 18.795936584472656
1139 	 18.7332706451416
1140 	 18.7736759185791
1141 	 18.884260177612305
1142 	 18.830209732055664
1143 	 18.910903930664062
1144 	 18.80242919921875
1145 	 18.814882278442383
1146 	 18.800992965698242
1147 	 18.926252365112305
1148 	 18.878772735595703
1149 	 18.850191116333008
1150 	 18.905221939086914
1151 	 18.96615982055664
1152 	 18.940786361694336
1153 	 18.8638973236084
1154 	 18.875703811645508
1155 	 18.970722198486328
1156 	 18.966489791870117
1157 	 18.959463119506836
1158 	 18.960302352905273
1159 	 18.95401382446289
1160 	 18.909605026245117
1161 	 18.877593994140625
1162 	 18.878480911254883
1163 	 18.959300994873047
1164 	 18.924285888671875
1165 	 18.867034912109375
1166 	 18.88102149963379
1167 	 18.891332626342773
1168 	 18.918493270874023
1169 	 18.90243911743164
1170 	 18.882482528686523
1171 	 18.854883193969727
1172 	 18.86622428894043
1173 	 18.86956024169922
1174 	 18.899221420288086
1175 	 18.84900665283203
1176 	 18.784557342529297
1177 	 18.927515029907227
1178 	 18.913902282714844
1179 	 18.914548873901367
1180 	 18.84567642211914
1181 	 18.850513458251953
1182 	 18.828123092651367
1183 	 18.844532012939453
1184 	 18.86438751220703
1185 	 18.86520004272461
1186 	 18.757274627685547
1187 	 18.86968231201172
1188 	 18.86635398864746
1189 	 18.811153411865234
1190 	 18.849166870117188
1191 	 18.898279190063477
1192 	 18.84393310546875
1193 	 18.86029624938965
1194 	 18.899227142333984
1195 	 18.80797576904297
1196 	 18.796300888061523
1197 	 18.78264045715332
1198 	 18.835491180419922
1199 	 18.896442413330078
1200 	 18.926956176757812
1201 	 18.895666122436523
1202 	 18.887866973876953
1203 	 18.920198440551758
1204 	 18.889741897583008
1205 	 18.860963821411133
1206 	 18.856386184692383
1207 	 18.851726531982422
1208 	 18.947973251342773
1209 	 18.85298728942871
1210 	 18.772676467895508
1211 	 18.851770401000977
1212 	 18.870468139648438
1213 	 18.903778076171875
1214 	 18.828935623168945
1215 	 18.899351119995117
1216 	 18.885629653930664
1217 	 18.863880157470703
1218 	 18.903467178344727
1219 	 18.87428855895996
1220 	 18.863479614257812
1221 	 18.8268985748291
1222 	 18.869243621826172
1223 	 18.890472412109375
1224 	 18.939367294311523
1225 	 18.846050262451172
1226 	 18.883880615234375
1227 	 18.902057647705078
1228 	 18.91080093383789
1229 	 18.89083480834961
1230 	 18.88688087463379
1231 	 18.90504264831543
1232 	 18.9805908203125
1233 	 19.01723289489746
1234 	 18.937349319458008
1235 	 18.84395408630371
1236 	 18.892959594726562
1237 	 18.807222366333008
1238 	 18.8183536529541
1239 	 18.913297653198242
1240 	 18.85308265686035
1241 	 18.868967056274414
1242 	 18.892427444458008
1243 	 18.871315002441406
1244 	 19.02839469909668
1245 	 19.00591278076172
1246 	 18.945301055908203
1247 	 18.99069595336914
1248 	 18.905532836914062
1249 	 18.973663330078125
1250 	 18.853548049926758
1251 	 18.9307804107666
1252 	 18.851062774658203
1253 	 18.858869552612305
1254 	 18.852676391601562
1255 	 18.771984100341797
1256 	 18.83234977722168
1257 	 18.827680587768555
1258 	 18.871543884277344
1259 	 18.839778900146484
1260 	 18.80373191833496
1261 	 18.80868911743164
1262 	 18.8670597076416
1263 	 18.811019897460938
1264 	 18.7554874420166
1265 	 18.788490295410156
1266 	 18.848329544067383
1267 	 18.856142044067383
1268 	 18.81192398071289
1269 	 18.851106643676758
1270 	 18.83134651184082
1271 	 18.821319580078125
1272 	 18.837013244628906
1273 	 18.840103149414062
1274 	 18.904098510742188
1275 	 18.915620803833008
1276 	 18.891767501831055
1277 	 18.780771255493164
1278 	 18.837602615356445
1279 	 18.824155807495117
1280 	 18.78246307373047
1281 	 18.84914779663086
1282 	 18.833940505981445
1283 	 18.945011138916016
1284 	 18.913166046142578
1285 	 18.9639835357666
1286 	 18.89718246459961
1287 	 18.825212478637695
1288 	 18.889387130737305
1289 	 18.917531967163086
1290 	 18.92610740661621
1291 	 18.900606155395508
1292 	 18.91105842590332
1293 	 18.870983123779297
1294 	 18.81254005432129
1295 	 18.904088973999023
1296 	 18.913909912109375
1297 	 18.766998291015625
1298 	 18.801294326782227
1299 	 18.80581283569336
1300 	 18.765459060668945
1301 	 18.811382293701172
1302 	 18.815196990966797
1303 	 18.75269889831543
1304 	 18.8155517578125
1305 	 18.837247848510742
1306 	 18.778409957885742
1307 	 18.818504333496094
1308 	 18.849802017211914
1309 	 18.811729431152344
1310 	 18.76434898376465
1311 	 18.860246658325195
1312 	 18.775859832763672
1313 	 18.88740348815918
1314 	 18.85991859436035
1315 	 18.968402862548828
1316 	 18.814598083496094
1317 	 18.8454532623291
1318 	 18.860435485839844
1319 	 18.92120361328125
1320 	 18.970523834228516
1321 	 18.88505744934082
1322 	 18.902873992919922
1323 	 18.965925216674805
1324 	 18.974681854248047
1325 	 18.9777774810791
1326 	 18.882139205932617
1327 	 18.9517879486084
1328 	 18.977197647094727
1329 	 18.892169952392578
1330 	 18.89075469970703
1331 	 18.929964065551758
1332 	 18.965160369873047
1333 	 18.92593765258789
1334 	 18.926889419555664
1335 	 18.914770126342773
1336 	 18.941911697387695
1337 	 18.922590255737305
1338 	 18.857423782348633
1339 	 18.955738067626953
1340 	 18.97640037536621
1341 	 18.88675880432129
1342 	 18.849632263183594
1343 	 18.838258743286133
1344 	 18.84441566467285
1345 	 18.87228775024414
1346 	 18.817594528198242
1347 	 18.888328552246094
1348 	 18.837255477905273
1349 	 18.79349708557129
1350 	 18.839576721191406
1351 	 18.837665557861328
1352 	 18.878307342529297
1353 	 18.75088119506836
1354 	 18.80609703063965
1355 	 18.824539184570312
1356 	 18.734737396240234
1357 	 18.70905303955078
1358 	 18.73654556274414
1359 	 18.716503143310547
1360 	 18.720256805419922
1361 	 18.799036026000977
1362 	 18.75535774230957
1363 	 18.712936401367188
1364 	 18.745887756347656
1365 	 18.7181339263916
1366 	 18.61942481994629
1367 	 18.649580001831055
1368 	 18.69390296936035
1369 	 18.724422454833984
1370 	 18.74946403503418
1371 	 18.7423095703125
1372 	 18.691495895385742
1373 	 18.723182678222656
1374 	 18.741806030273438
1375 	 18.756338119506836
1376 	 18.734586715698242
1377 	 18.73179817199707
1378 	 18.72819709777832
1379 	 18.75372886657715
1380 	 18.721290588378906
1381 	 18.665966033935547
1382 	 18.803253173828125
1383 	 18.776609420776367
1384 	 18.7769718170166
1385 	 18.7667179107666
1386 	 18.69029426574707
1387 	 18.5759334564209
1388 	 18.63361930847168
1389 	 18.656749725341797
1390 	 18.68335723876953
1391 	 18.61240577697754
1392 	 18.59144401550293
1393 	 18.603713989257812
1394 	 18.68025016784668
1395 	 18.62627410888672
1396 	 18.696264266967773
1397 	 18.64059066772461
1398 	 18.682621002197266
1399 	 18.641128540039062
1400 	 18.745935440063477
1401 	 18.738142013549805
1402 	 18.6870174407959
1403 	 18.695171356201172
1404 	 18.789966583251953
1405 	 18.67962074279785
1406 	 18.819528579711914
1407 	 18.77808380126953
1408 	 18.857486724853516
1409 	 18.81755828857422
1410 	 18.74935531616211
1411 	 18.688129425048828
1412 	 18.798315048217773
1413 	 18.779512405395508
1414 	 18.8023738861084
1415 	 18.80299949645996
1416 	 18.856128692626953
1417 	 18.833663940429688
1418 	 18.838836669921875
1419 	 18.936260223388672
1420 	 18.82042121887207
1421 	 18.74427032470703
1422 	 18.73738670349121
1423 	 18.79360580444336
1424 	 18.771875381469727
1425 	 18.778179168701172
1426 	 18.70506477355957
1427 	 18.75432586669922
1428 	 18.78615379333496
1429 	 18.71381187438965
1430 	 18.64603614807129
1431 	 18.685333251953125
1432 	 18.774389266967773
1433 	 18.685266494750977
1434 	 18.744089126586914
1435 	 18.718555450439453
1436 	 18.75172996520996
1437 	 18.678274154663086
1438 	 18.70142936706543
1439 	 18.6850643157959
1440 	 18.668508529663086
1441 	 18.805408477783203
1442 	 18.66961669921875
1443 	 18.68849754333496
1444 	 18.556169509887695
1445 	 18.678054809570312
1446 	 18.75819969177246
1447 	 18.8107852935791
1448 	 18.675188064575195
1449 	 18.73453140258789
1450 	 18.72858428955078
1451 	 18.75749397277832
1452 	 18.831069946289062
1453 	 18.731178283691406
1454 	 18.794998168945312
1455 	 18.85084342956543
1456 	 18.694467544555664
1457 	 18.75641632080078
1458 	 18.761287689208984
1459 	 18.812007904052734
1460 	 18.821760177612305
1461 	 18.712566375732422
1462 	 18.799659729003906
1463 	 18.772361755371094
1464 	 18.82176399230957
1465 	 18.704771041870117
1466 	 18.759763717651367
1467 	 18.755245208740234
1468 	 18.680421829223633
1469 	 18.66287612915039
1470 	 18.701969146728516
1471 	 18.729755401611328
1472 	 18.67879867553711
1473 	 18.706804275512695
1474 	 18.7167911529541
1475 	 18.632278442382812
1476 	 18.66276741027832
1477 	 18.72225570678711
1478 	 18.705364227294922
1479 	 18.618337631225586
1480 	 18.76968002319336
1481 	 18.733001708984375
1482 	 18.701894760131836
1483 	 18.72288703918457
1484 	 18.82188606262207
1485 	 18.84566307067871
1486 	 18.75200843811035
1487 	 18.798629760742188
1488 	 18.78282928466797
1489 	 18.758699417114258
1490 	 18.795269012451172
1491 	 18.776052474975586
1492 	 18.847383499145508
1493 	 18.74525260925293
1494 	 18.75760269165039
1495 	 18.699249267578125
1496 	 18.742822647094727
1497 	 18.83099937438965
1498 	 18.810562133789062
1499 	 18.782800674438477
1500 	 18.831418991088867
1501 	 18.68840980529785
1502 	 18.8228702545166
1503 	 18.73187255859375
1504 	 18.82251739501953
1505 	 18.847156524658203
1506 	 18.697134017944336
1507 	 18.803359985351562
1508 	 18.81589698791504
1509 	 18.819684982299805
1510 	 18.859926223754883
1511 	 18.767597198486328
1512 	 18.797714233398438
1513 	 18.845787048339844
1514 	 18.747901916503906
1515 	 18.713336944580078
1516 	 18.783878326416016
1517 	 18.8076171875
1518 	 18.762006759643555
1519 	 18.77916717529297
1520 	 18.74700927734375
1521 	 18.790788650512695
1522 	 18.72624969482422
1523 	 18.72040557861328
1524 	 18.82383155822754
1525 	 18.77745819091797
1526 	 18.751243591308594
1527 	 18.721141815185547
1528 	 18.760784149169922
1529 	 18.79593849182129
1530 	 18.78590965270996
1531 	 18.8509464263916
1532 	 18.81290054321289
1533 	 18.73733139038086
1534 	 18.75547981262207
1535 	 18.87482452392578
1536 	 18.880556106567383
1537 	 18.82682228088379
1538 	 18.789196014404297
1539 	 18.814865112304688
1540 	 18.856346130371094
1541 	 18.721099853515625
1542 	 18.755704879760742
1543 	 18.78131675720215
1544 	 18.707277297973633
1545 	 18.783601760864258
1546 	 18.720365524291992
1547 	 18.825237274169922
1548 	 18.830846786499023
1549 	 18.80419921875
1550 	 18.768634796142578
1551 	 18.836021423339844
1552 	 18.788122177124023
1553 	 18.75539779663086
1554 	 18.794876098632812
1555 	 18.798797607421875
1556 	 18.854251861572266
1557 	 18.756460189819336
1558 	 18.84364891052246
1559 	 18.883352279663086
1560 	 18.752941131591797
1561 	 18.82367515563965
1562 	 18.818496704101562
1563 	 18.843965530395508
1564 	 18.774736404418945
1565 	 18.81771469116211
1566 	 18.832706451416016
1567 	 18.81974220275879
1568 	 18.81603240966797
1569 	 18.84184455871582
1570 	 18.84372329711914
1571 	 18.832313537597656
1572 	 18.855892181396484
1573 	 18.898174285888672
1574 	 18.926715850830078
1575 	 18.924440383911133
1576 	 18.960079193115234
1577 	 18.99135971069336
1578 	 18.998929977416992
1579 	 18.848522186279297
1580 	 18.855920791625977
1581 	 18.86935806274414
1582 	 18.87533950805664
1583 	 18.89220428466797
1584 	 18.89847183227539
1585 	 18.842266082763672
1586 	 18.89214324951172
1587 	 18.93242835998535
1588 	 18.874277114868164
1589 	 18.932397842407227
1590 	 18.895570755004883
1591 	 18.834243774414062
1592 	 18.8878173828125
1593 	 18.936628341674805
1594 	 18.854488372802734
1595 	 18.807241439819336
1596 	 18.801979064941406
1597 	 18.752544403076172
1598 	 18.83749771118164
1599 	 18.788230895996094
1600 	 18.791919708251953
1601 	 18.75377655029297
1602 	 18.769121170043945
1603 	 18.824356079101562
1604 	 18.790388107299805
1605 	 18.716672897338867
1606 	 18.767602920532227
1607 	 18.80967140197754
1608 	 18.800914764404297
1609 	 18.695850372314453
1610 	 18.832942962646484
1611 	 18.846057891845703
1612 	 18.7302188873291
1613 	 18.71581268310547
1614 	 18.767723083496094
1615 	 18.729196548461914
1616 	 18.755353927612305
1617 	 18.757274627685547
1618 	 18.728044509887695
1619 	 18.701534271240234
1620 	 18.67049217224121
1621 	 18.774051666259766
1622 	 18.66387176513672
1623 	 18.723695755004883
1624 	 18.679853439331055
1625 	 18.691856384277344
1626 	 18.77360725402832
1627 	 18.77937889099121
1628 	 18.745386123657227
1629 	 18.73055076599121
1630 	 18.773954391479492
1631 	 18.667030334472656
1632 	 18.73086166381836
1633 	 18.66329574584961
1634 	 18.66473388671875
1635 	 18.5968074798584
1636 	 18.592679977416992
1637 	 18.69970703125
1638 	 18.73088264465332
1639 	 18.668859481811523
1640 	 18.672700881958008
1641 	 18.67485809326172
1642 	 18.746339797973633
1643 	 18.711397171020508
1644 	 18.71842384338379
1645 	 18.7081356048584
1646 	 18.66327667236328
1647 	 18.787578582763672
1648 	 18.730241775512695
1649 	 18.77657127380371
1650 	 18.710641860961914
1651 	 18.691511154174805
1652 	 18.784996032714844
1653 	 18.789060592651367
1654 	 18.75516700744629
1655 	 18.77034568786621
1656 	 18.773685455322266
1657 	 18.724239349365234
1658 	 18.77826499938965
1659 	 18.75495147705078
1660 	 18.73625946044922
1661 	 18.735149383544922
1662 	 18.717918395996094
1663 	 18.778493881225586
1664 	 18.776866912841797
1665 	 18.779281616210938
1666 	 18.779829025268555
1667 	 18.812841415405273
1668 	 18.85702133178711
1669 	 18.824216842651367
1670 	 18.76961898803711
1671 	 18.77120590209961
1672 	 18.838167190551758
1673 	 18.788904190063477
1674 	 18.76438331604004
1675 	 18.776836395263672
1676 	 18.772687911987305
1677 	 18.796096801757812
1678 	 18.78205680847168
1679 	 18.8122615814209
1680 	 18.824594497680664
1681 	 18.789104461669922
1682 	 18.864952087402344
1683 	 18.850563049316406
1684 	 18.817384719848633
1685 	 18.82109260559082
1686 	 18.82139015197754
1687 	 18.875194549560547
1688 	 18.850038528442383
1689 	 18.862018585205078
1690 	 18.866884231567383
1691 	 18.835468292236328
1692 	 18.752986907958984
1693 	 18.888769149780273
1694 	 18.825237274169922
1695 	 18.830703735351562
1696 	 18.821260452270508
1697 	 18.853673934936523
1698 	 18.871761322021484
1699 	 18.77254295349121
1700 	 18.79974937438965
1701 	 18.82644271850586
1702 	 18.762853622436523
1703 	 18.80881118774414
1704 	 18.748546600341797
1705 	 18.742332458496094
1706 	 18.80491828918457
1707 	 18.795488357543945
1708 	 18.797382354736328
1709 	 18.825956344604492
1710 	 18.86798095703125
1711 	 18.834383010864258
1712 	 18.740097045898438
1713 	 18.692861557006836
1714 	 18.73394775390625
1715 	 18.778512954711914
1716 	 18.729761123657227
1717 	 18.790307998657227
1718 	 18.784696578979492
1719 	 18.828638076782227
1720 	 18.837705612182617
1721 	 18.73740577697754
1722 	 18.721755981445312
1723 	 18.77088165283203
1724 	 18.81959342956543
1725 	 18.816129684448242
1726 	 18.737707138061523
1727 	 18.766462326049805
1728 	 18.69672203063965
1729 	 18.766637802124023
1730 	 18.780025482177734
1731 	 18.67369842529297
1732 	 18.768455505371094
1733 	 18.816484451293945
1734 	 18.801645278930664
1735 	 18.79963493347168
1736 	 18.89528465270996
1737 	 18.83234405517578
1738 	 18.867414474487305
1739 	 18.743913650512695
1740 	 18.79932403564453
1741 	 18.710304260253906
1742 	 18.788190841674805
1743 	 18.75502586364746
1744 	 18.822214126586914
1745 	 18.754899978637695
1746 	 18.844694137573242
1747 	 18.803085327148438
1748 	 18.793804168701172
1749 	 18.877748489379883
1750 	 18.85110092163086
1751 	 18.87434959411621
1752 	 18.77166748046875
1753 	 18.802532196044922
1754 	 18.94500732421875
1755 	 18.82378387451172
1756 	 18.788049697875977
1757 	 18.862735748291016
1758 	 18.93708038330078
1759 	 18.889860153198242
1760 	 18.921863555908203
1761 	 18.869478225708008
1762 	 18.885324478149414
1763 	 18.962860107421875
1764 	 18.92548370361328
1765 	 18.935646057128906
1766 	 19.01163673400879
1767 	 18.9494571685791
1768 	 18.920862197875977
1769 	 18.857084274291992
1770 	 18.823793411254883
1771 	 18.796417236328125
1772 	 18.81097984313965
1773 	 18.79695701599121
1774 	 18.79551124572754
1775 	 18.879531860351562
1776 	 18.815645217895508
1777 	 18.866910934448242
1778 	 18.899648666381836
1779 	 18.782297134399414
1780 	 18.88959312438965
1781 	 18.894323348999023
1782 	 18.926441192626953
1783 	 18.816572189331055
1784 	 18.87299919128418
1785 	 18.827638626098633
1786 	 18.82282257080078
1787 	 18.854562759399414
1788 	 18.853553771972656
1789 	 18.917085647583008
1790 	 18.883386611938477
1791 	 18.873720169067383
1792 	 18.878854751586914
1793 	 18.945384979248047
1794 	 18.85287857055664
1795 	 18.885208129882812
1796 	 18.89671516418457
1797 	 18.896408081054688
1798 	 18.964698791503906
1799 	 18.903369903564453
1800 	 18.83725357055664
1801 	 18.94251823425293
1802 	 18.976428985595703
1803 	 18.96262550354004
1804 	 18.928190231323242
1805 	 18.821741104125977
1806 	 18.87375259399414
1807 	 18.92096519470215
1808 	 18.907209396362305
1809 	 18.82439422607422
1810 	 18.847747802734375
1811 	 18.84628677368164
1812 	 18.92852020263672
1813 	 19.011869430541992
1814 	 18.919658660888672
1815 	 18.89982032775879
1816 	 18.922016143798828
1817 	 18.911853790283203
1818 	 18.922773361206055
1819 	 18.934345245361328
1820 	 18.961423873901367
1821 	 18.90981674194336
1822 	 18.932941436767578
1823 	 18.958967208862305
1824 	 18.954906463623047
1825 	 18.9106502532959
1826 	 18.957134246826172
1827 	 18.952301025390625
1828 	 18.917118072509766
1829 	 18.858938217163086
1830 	 18.901508331298828
1831 	 18.968053817749023
1832 	 18.792898178100586
1833 	 18.849485397338867
1834 	 18.792966842651367
1835 	 18.91741943359375
1836 	 18.90175437927246
1837 	 18.930105209350586
1838 	 18.819921493530273
1839 	 18.88974380493164
1840 	 18.99259376525879
1841 	 18.97759437561035
1842 	 18.882837295532227
1843 	 18.930225372314453
1844 	 18.877620697021484
1845 	 18.880006790161133
1846 	 18.932449340820312
1847 	 18.961467742919922
1848 	 18.944265365600586
1849 	 18.904069900512695
1850 	 18.913148880004883
1851 	 18.933765411376953
1852 	 18.923782348632812
1853 	 18.916528701782227
1854 	 18.861772537231445
1855 	 18.941726684570312
1856 	 18.9386043548584
1857 	 18.948928833007812
1858 	 18.938398361206055
1859 	 18.89086151123047
1860 	 18.945852279663086
1861 	 18.987525939941406
1862 	 18.94203758239746
1863 	 18.85252571105957
1864 	 18.850139617919922
1865 	 18.851259231567383
1866 	 18.902515411376953
1867 	 18.805082321166992
1868 	 18.94597816467285
1869 	 18.89040184020996
1870 	 18.872821807861328
1871 	 19.018396377563477
1872 	 19.028316497802734
1873 	 18.96897315979004
1874 	 18.913646697998047
1875 	 18.890947341918945
1876 	 18.896848678588867
1877 	 18.89655303955078
1878 	 18.787303924560547
1879 	 18.845186233520508
1880 	 19.013471603393555
1881 	 18.901615142822266
1882 	 18.90993309020996
1883 	 18.782081604003906
1884 	 18.88599967956543
1885 	 18.849882125854492
1886 	 18.80848503112793
1887 	 18.940622329711914
1888 	 18.837692260742188
1889 	 18.85911750793457
1890 	 18.852039337158203
1891 	 18.927392959594727
1892 	 18.840024948120117
1893 	 18.802810668945312
1894 	 18.873056411743164
1895 	 18.84806251525879
1896 	 18.829620361328125
1897 	 18.83245849609375
1898 	 18.900461196899414
1899 	 18.868810653686523
1900 	 18.830598831176758
1901 	 18.876075744628906
1902 	 18.877513885498047
1903 	 18.916584014892578
1904 	 18.868162155151367
1905 	 18.839555740356445
1906 	 18.819095611572266
1907 	 18.88117027282715
1908 	 18.795745849609375
1909 	 18.820890426635742
1910 	 18.91654396057129
1911 	 18.862260818481445
1912 	 18.84125518798828
1913 	 18.877649307250977
1914 	 18.866666793823242
1915 	 18.85761070251465
1916 	 18.86393165588379
1917 	 18.825904846191406
1918 	 18.841474533081055
1919 	 18.809032440185547
1920 	 18.91106605529785
1921 	 18.839984893798828
1922 	 18.829282760620117
1923 	 18.78940773010254
1924 	 18.814924240112305
1925 	 18.807722091674805
1926 	 18.79722023010254
1927 	 18.7049617767334
1928 	 18.758615493774414
1929 	 18.781414031982422
1930 	 18.779680252075195
1931 	 18.7723388671875
1932 	 18.83308982849121
1933 	 18.752756118774414
1934 	 18.754915237426758
1935 	 18.751060485839844
1936 	 18.804113388061523
1937 	 18.872671127319336
1938 	 18.854251861572266
1939 	 18.831615447998047
1940 	 18.790712356567383
1941 	 18.82130241394043
1942 	 18.781723022460938
1943 	 18.782703399658203
1944 	 18.83732032775879
1945 	 18.86221694946289
1946 	 18.816755294799805
1947 	 18.7322998046875
1948 	 18.81653594970703
1949 	 18.758121490478516
1950 	 18.838960647583008
1951 	 18.78148078918457
1952 	 18.8402042388916
1953 	 18.807815551757812
1954 	 18.870542526245117
1955 	 18.866802215576172
1956 	 18.85296630859375
1957 	 18.838014602661133
1958 	 18.785001754760742
1959 	 18.848907470703125
1960 	 18.838600158691406
1961 	 18.770727157592773
1962 	 18.85483741760254
1963 	 18.87723731994629
1964 	 18.78734016418457
1965 	 18.8392391204834
1966 	 18.836523056030273
1967 	 18.70001792907715
1968 	 18.862049102783203
1969 	 18.859989166259766
1970 	 18.825746536254883
1971 	 18.86149024963379
1972 	 18.86289405822754
1973 	 18.84844398498535
1974 	 18.909732818603516
1975 	 18.789487838745117
1976 	 18.773883819580078
1977 	 18.78604507446289
1978 	 18.760440826416016
1979 	 18.7381649017334
1980 	 18.78872299194336
1981 	 18.8452091217041
1982 	 18.789867401123047
1983 	 18.759422302246094
1984 	 18.858722686767578
1985 	 18.850685119628906
1986 	 18.807933807373047
1987 	 18.753995895385742
1988 	 18.782636642456055
1989 	 18.863998413085938
1990 	 18.81825065612793
1991 	 18.9000186920166
1992 	 18.861061096191406
1993 	 18.849288940429688
1994 	 18.747343063354492
1995 	 18.742815017700195
1996 	 18.82297706604004
1997 	 18.76753807067871
1998 	 18.816268920898438
1999 	 18.77273941040039
2000 	 18.801597595214844
2001 	 18.873693466186523
2002 	 18.846521377563477
2003 	 18.72943878173828
2004 	 18.791748046875
2005 	 18.773914337158203
2006 	 18.702106475830078
2007 	 18.759422302246094
2008 	 18.693330764770508
2009 	 18.798824310302734
2010 	 18.77191734313965
2011 	 18.781557083129883
2012 	 18.792144775390625
2013 	 18.755516052246094
2014 	 18.81321144104004
2015 	 18.769981384277344
2016 	 18.73276710510254
2017 	 18.699207305908203
2018 	 18.7611141204834
2019 	 18.713958740234375
2020 	 18.655973434448242
2021 	 18.747085571289062
2022 	 18.740018844604492
2023 	 18.69917106628418
2024 	 18.717885971069336
2025 	 18.88063621520996
2026 	 18.816940307617188
2027 	 18.845144271850586
2028 	 18.848236083984375
2029 	 18.801546096801758
2030 	 18.79242706298828
2031 	 18.835054397583008
2032 	 18.78388214111328
2033 	 18.791837692260742
2034 	 18.770681381225586
2035 	 18.808122634887695
2036 	 18.839679718017578
2037 	 18.818811416625977
2038 	 18.85025978088379
2039 	 18.907861709594727
2040 	 18.88726043701172
2041 	 18.845985412597656
2042 	 18.747026443481445
2043 	 18.847593307495117
2044 	 18.825511932373047
2045 	 18.843761444091797
2046 	 18.739458084106445
2047 	 18.784381866455078
2048 	 18.755189895629883
2049 	 18.793991088867188
2050 	 18.774215698242188
2051 	 18.777769088745117
2052 	 18.769390106201172
2053 	 18.744108200073242
2054 	 18.707971572875977
2055 	 18.759592056274414
2056 	 18.833187103271484
2057 	 18.746580123901367
2058 	 18.782939910888672
2059 	 18.778343200683594
2060 	 18.739744186401367
2061 	 18.75071907043457
2062 	 18.774490356445312
2063 	 18.92951011657715
2064 	 18.81818199157715
2065 	 18.792665481567383
2066 	 18.90400505065918
2067 	 18.7900447845459
2068 	 18.84937858581543
2069 	 18.887100219726562
2070 	 18.90258026123047
2071 	 18.854551315307617
2072 	 18.84825325012207
2073 	 18.93707275390625
2074 	 18.8341064453125
2075 	 18.870267868041992
2076 	 18.936059951782227
2077 	 18.87610626220703
2078 	 18.89197540283203
2079 	 18.94441032409668
2080 	 18.962678909301758
2081 	 18.875001907348633
2082 	 18.883567810058594
2083 	 18.90602684020996
2084 	 18.845090866088867
2085 	 18.970483779907227
2086 	 18.868574142456055
2087 	 18.891883850097656
2088 	 18.888980865478516
2089 	 18.79294776916504
2090 	 18.840999603271484
2091 	 18.87748908996582
2092 	 18.95849609375
2093 	 18.946529388427734
2094 	 18.98296356201172
2095 	 18.841585159301758
2096 	 18.887605667114258
2097 	 18.971662521362305
2098 	 18.920333862304688
2099 	 18.942304611206055
2100 	 18.88666343688965
2101 	 18.914310455322266
2102 	 18.89493751525879
2103 	 18.871463775634766
2104 	 18.849082946777344
2105 	 18.814613342285156
2106 	 18.872028350830078
2107 	 18.86741828918457
2108 	 18.899385452270508
2109 	 18.851896286010742
2110 	 18.91584587097168
2111 	 18.859058380126953
2112 	 18.863283157348633
2113 	 18.881071090698242
2114 	 18.8436336517334
2115 	 18.79713249206543
2116 	 18.842378616333008
2117 	 18.881765365600586
2118 	 18.878746032714844
2119 	 18.868972778320312
2120 	 18.899131774902344
2121 	 18.885581970214844
2122 	 18.905221939086914
2123 	 18.847942352294922
2124 	 18.972900390625
2125 	 18.897781372070312
2126 	 18.917339324951172
2127 	 18.87430763244629
2128 	 18.8752384185791
2129 	 18.92784881591797
2130 	 18.83669662475586
2131 	 18.875404357910156
2132 	 18.876697540283203
2133 	 18.825889587402344
2134 	 18.778865814208984
2135 	 18.799901962280273
2136 	 18.753808975219727
2137 	 18.8555965423584
2138 	 18.750587463378906
2139 	 18.805862426757812
2140 	 18.812320709228516
2141 	 18.728166580200195
2142 	 18.783533096313477
2143 	 18.783533096313477
