0 	 13475.0732421875
1 	 13468.169921875
2 	 13519.48828125
3 	 13528.853515625
4 	 13517.9052734375
5 	 13635.8134765625
6 	 13710.99609375
7 	 13913.0419921875
8 	 13841.279296875
9 	 13871.7939453125
10 	 13867.60546875
11 	 13839.1796875
12 	 13783.326171875
13 	 13926.6953125
14 	 13928.4365234375
15 	 13946.0517578125
16 	 13811.3828125
17 	 13922.7783203125
18 	 13777.4384765625
19 	 13923.740234375
20 	 13849.5458984375
21 	 13844.5361328125
22 	 13781.494140625
23 	 13865.8876953125
24 	 13940.84765625
25 	 13994.685546875
26 	 13979.7978515625
27 	 13839.8857421875
28 	 13847.021484375
29 	 13941.5
30 	 14066.2548828125
31 	 14000.4990234375
32 	 13997.34765625
33 	 13909.947265625
34 	 13847.1103515625
35 	 13916.2109375
36 	 13974.1845703125
37 	 13959.6767578125
38 	 13984.4267578125
39 	 13944.08984375
40 	 13932.7861328125
41 	 13939.5625
42 	 14031.2255859375
43 	 14043.88671875
44 	 13968.130859375
45 	 14148.0205078125
46 	 14119.609375
47 	 14115.830078125
48 	 13990.208984375
49 	 14138.6484375
50 	 14062.5927734375
51 	 14133.92578125
52 	 14083.9736328125
53 	 14144.345703125
54 	 13979.01953125
55 	 13889.5458984375
56 	 13723.09375
57 	 13944.62109375
58 	 14048.0908203125
59 	 14103.1435546875
60 	 13913.99609375
61 	 13905.2275390625
62 	 14022.5771484375
63 	 13821.8935546875
64 	 14021.6826171875
65 	 13869.150390625
66 	 14106.9619140625
67 	 13931.1142578125
68 	 13761.9990234375
69 	 13790.7724609375
70 	 13824.2548828125
71 	 13952.2939453125
72 	 13717.2568359375
73 	 13981.03125
74 	 13771.08984375
75 	 13935.810546875
76 	 13980.109375
77 	 13969.5537109375
78 	 13919.6826171875
79 	 13814.392578125
80 	 13828.6884765625
81 	 14001.35546875
82 	 13820.2431640625
83 	 13950.0439453125
84 	 13950.7314453125
85 	 14002.4365234375
86 	 13982.3955078125
87 	 14116.3076171875
88 	 13796.767578125
89 	 14153.888671875
90 	 13825.412109375
91 	 13903.3154296875
92 	 13992.484375
93 	 14044.1611328125
94 	 14172.890625
95 	 13949.5146484375
96 	 13991.5556640625
97 	 13885.2958984375
98 	 14138.39453125
99 	 14030.7998046875
100 	 13988.185546875
101 	 13963.8193359375
102 	 13973.8681640625
103 	 13896.4208984375
104 	 13780.5546875
105 	 13827.287109375
106 	 14090.0732421875
107 	 14172.1279296875
108 	 14016.013671875
109 	 13907.90625
110 	 13893.1123046875
111 	 13971.5927734375
112 	 13937.6787109375
113 	 14034.44140625
114 	 14058.0166015625
115 	 13882.9287109375
116 	 13892.203125
117 	 13750.66015625
118 	 13780.958984375
119 	 13745.7060546875
120 	 13653.8203125
121 	 13731.6064453125
122 	 13855.2861328125
123 	 13979.330078125
124 	 13920.6826171875
125 	 14058.7138671875
126 	 14139.0556640625
127 	 14028.0703125
128 	 13854.9658203125
129 	 14088.7041015625
130 	 14273.2724609375
131 	 14136.8134765625
132 	 13947.322265625
133 	 14161.7685546875
134 	 13858.181640625
135 	 14032.46484375
136 	 14135.646484375
137 	 14150.5029296875
138 	 14017.552734375
139 	 14172.228515625
140 	 14223.5517578125
141 	 14064.5146484375
142 	 14107.2744140625
143 	 14077.7587890625
144 	 14174.6337890625
145 	 14075.791015625
146 	 14116.5634765625
147 	 14327.6630859375
148 	 14217.451171875
149 	 13966.283203125
150 	 14000.220703125
151 	 14074.685546875
152 	 13990.171875
153 	 14075.5224609375
154 	 14156.6376953125
155 	 14175.4833984375
156 	 13949.1904296875
157 	 14042.474609375
158 	 14022.166015625
159 	 14032.8564453125
160 	 14155.568359375
161 	 13808.134765625
162 	 13991.8095703125
163 	 14041.00390625
164 	 14110.83984375
165 	 13976.5634765625
166 	 14134.712890625
167 	 14062.05078125
168 	 14013.3837890625
169 	 14224.1220703125
170 	 14096.16015625
171 	 14082.2685546875
172 	 14155.8818359375
173 	 14153.6337890625
174 	 14155.998046875
175 	 14019.0439453125
176 	 14195.74609375
177 	 14076.5546875
178 	 14277.6142578125
179 	 14359.3056640625
180 	 14226.7158203125
181 	 14260.7470703125
182 	 14198.9423828125
183 	 14081.232421875
184 	 14160.2626953125
185 	 14153.1572265625
186 	 14220.435546875
187 	 14247.638671875
188 	 14199.6875
189 	 14171.8759765625
190 	 14268.7998046875
191 	 14200.6728515625
192 	 13965.45703125
193 	 14003.197265625
194 	 14106.521484375
195 	 14016.216796875
196 	 14271.73828125
197 	 14107.0234375
198 	 13988.5966796875
199 	 13915.2763671875
200 	 13997.98828125
201 	 14035.7490234375
202 	 14005.5625
203 	 14070.8271484375
204 	 13994.279296875
205 	 13957.666015625
206 	 14023.365234375
207 	 14062.849609375
208 	 14118.0087890625
209 	 14042.8603515625
210 	 13982.427734375
211 	 14182.9619140625
212 	 14280.7177734375
213 	 13997.69921875
214 	 14248.048828125
215 	 14069.18359375
216 	 14205.2607421875
217 	 13928.103515625
218 	 14111.556640625
219 	 14101.50390625
220 	 14396.0986328125
221 	 14094.638671875
222 	 14218.783203125
223 	 14286.515625
224 	 14067.39453125
225 	 14211.740234375
226 	 14105.056640625
227 	 14091.802734375
228 	 14038.7646484375
229 	 13959.728515625
230 	 13827.0078125
231 	 14102.9248046875
232 	 13964.8896484375
233 	 14176.6201171875
234 	 14027.1484375
235 	 14086.83984375
236 	 14098.9638671875
237 	 14058.9599609375
238 	 13888.2822265625
239 	 14018.990234375
240 	 13987.111328125
241 	 13947.8310546875
242 	 13811.3203125
243 	 13791.630859375
244 	 13839.578125
245 	 13760.1875
246 	 13725.4072265625
247 	 13814.5341796875
248 	 13733.3955078125
249 	 13745.484375
250 	 14028.6240234375
251 	 14138.5693359375
252 	 14184.001953125
253 	 13819.8583984375
254 	 13865.9853515625
255 	 14092.3154296875
256 	 13889.4384765625
257 	 13984.880859375
258 	 13987.0224609375
259 	 13838.767578125
260 	 13832.85546875
261 	 13893.556640625
262 	 13847.2998046875
263 	 14045.1884765625
264 	 13858.076171875
265 	 13821.078125
266 	 13827.23828125
267 	 13713.998046875
268 	 13864.876953125
269 	 13937.0
270 	 13873.328125
271 	 13883.5068359375
272 	 14000.568359375
273 	 14125.6025390625
274 	 13846.13671875
275 	 13998.1689453125
276 	 14049.802734375
277 	 14007.3662109375
278 	 14026.8583984375
279 	 14111.6162109375
280 	 14064.9384765625
281 	 14185.123046875
282 	 13728.98046875
283 	 13946.8740234375
284 	 13956.79296875
285 	 13839.01171875
286 	 13983.142578125
287 	 13961.26171875
288 	 13890.0673828125
289 	 14023.75390625
290 	 13879.5400390625
291 	 13886.38671875
292 	 13960.8486328125
293 	 13833.970703125
294 	 14025.19140625
295 	 13889.2861328125
296 	 13655.9443359375
297 	 13852.861328125
298 	 14000.4326171875
299 	 13679.869140625
300 	 13739.19140625
301 	 13997.357421875
302 	 13749.7490234375
303 	 13772.521484375
304 	 13869.359375
305 	 13807.15625
306 	 13842.7158203125
307 	 13889.22265625
308 	 13727.6103515625
309 	 13821.861328125
310 	 13958.091796875
311 	 13916.7783203125
312 	 13729.447265625
313 	 13986.625
314 	 13790.2734375
315 	 13776.9306640625
316 	 13839.3173828125
317 	 13681.8525390625
318 	 13781.068359375
319 	 13800.1455078125
320 	 14000.8291015625
321 	 13949.4853515625
322 	 13916.4248046875
323 	 14117.8564453125
324 	 13977.6708984375
325 	 13755.2333984375
326 	 13955.5185546875
327 	 13834.55078125
328 	 13786.7236328125
329 	 13949.9052734375
330 	 13685.8330078125
331 	 13699.267578125
332 	 13802.8662109375
333 	 14017.466796875
334 	 13800.2421875
335 	 13966.9765625
336 	 13708.6171875
337 	 14037.49609375
338 	 13981.568359375
339 	 13816.0517578125
340 	 13956.466796875
341 	 13980.7197265625
342 	 13847.6259765625
343 	 13926.712890625
344 	 13878.7998046875
345 	 13821.84765625
346 	 13861.1455078125
347 	 13807.0634765625
348 	 13750.03125
349 	 14075.2529296875
350 	 13716.6259765625
351 	 13936.103515625
352 	 13816.0078125
353 	 13878.9482421875
354 	 13862.001953125
355 	 13982.625
356 	 13847.525390625
357 	 13817.9931640625
358 	 13821.490234375
359 	 14076.46875
360 	 13992.458984375
361 	 13789.7509765625
362 	 13924.7998046875
363 	 13785.6123046875
364 	 13982.3212890625
365 	 13943.408203125
366 	 14016.173828125
367 	 13879.3271484375
368 	 13773.779296875
369 	 14037.8876953125
370 	 13820.1240234375
371 	 14009.23046875
372 	 13938.76953125
373 	 13900.7822265625
374 	 13923.8505859375
375 	 13819.541015625
376 	 13862.646484375
377 	 13913.3173828125
378 	 13759.5166015625
379 	 13794.9765625
380 	 13716.3525390625
381 	 13772.193359375
382 	 13943.068359375
383 	 13758.578125
384 	 13997.7275390625
385 	 14290.63671875
386 	 14067.9169921875
387 	 13807.677734375
388 	 13954.2314453125
389 	 14161.2041015625
390 	 14042.404296875
391 	 14065.1865234375
392 	 14023.0146484375
393 	 13903.17578125
394 	 14059.158203125
395 	 13926.751953125
396 	 13708.6298828125
397 	 14002.013671875
398 	 13756.8515625
399 	 13886.5205078125
400 	 13890.0234375
401 	 13859.6484375
402 	 13811.11328125
403 	 14035.28125
404 	 13740.5
405 	 13951.900390625
406 	 14043.1240234375
407 	 14065.5771484375
408 	 14053.4833984375
409 	 14140.70703125
410 	 14038.8349609375
411 	 14036.7431640625
412 	 13994.2392578125
413 	 13953.275390625
414 	 14008.8154296875
415 	 14065.1533203125
416 	 14092.30859375
417 	 13770.6240234375
418 	 14051.4033203125
419 	 13956.1708984375
420 	 14020.1396484375
421 	 13972.443359375
422 	 14011.7451171875
423 	 14056.8369140625
424 	 13922.421875
425 	 13751.1923828125
426 	 14063.0234375
427 	 13960.5888671875
428 	 13923.478515625
429 	 13745.1083984375
430 	 13785.267578125
431 	 13934.6328125
432 	 13889.251953125
433 	 13888.3720703125
434 	 13783.205078125
435 	 13885.8408203125
436 	 14050.24609375
437 	 13889.216796875
438 	 13630.5517578125
439 	 13822.2177734375
440 	 13783.0224609375
441 	 13682.6513671875
442 	 13688.6337890625
443 	 13735.017578125
444 	 13892.5947265625
445 	 13838.478515625
446 	 13891.31640625
447 	 13691.7490234375
448 	 13835.26953125
449 	 13969.0625
450 	 13914.01953125
451 	 13951.7958984375
452 	 13981.0234375
453 	 13960.583984375
454 	 14053.609375
455 	 13848.3125
456 	 13964.431640625
457 	 13993.8623046875
458 	 13863.6435546875
459 	 13963.4716796875
460 	 13967.224609375
461 	 13887.3955078125
462 	 13794.453125
463 	 13868.7158203125
464 	 13935.3564453125
465 	 13865.9423828125
466 	 13995.87890625
467 	 13718.62109375
468 	 13856.3759765625
469 	 13948.9287109375
470 	 13954.3984375
471 	 13924.3583984375
472 	 13995.6220703125
473 	 13941.7939453125
474 	 13966.7724609375
475 	 14122.0458984375
476 	 14146.2080078125
477 	 13990.9873046875
478 	 13896.880859375
479 	 13819.9072265625
480 	 13978.1416015625
481 	 14022.9619140625
482 	 13976.845703125
483 	 13661.9375
484 	 13886.9853515625
485 	 13622.1337890625
486 	 13669.55859375
487 	 13858.39453125
488 	 13856.94921875
489 	 13923.029296875
490 	 13978.939453125
491 	 13869.16015625
492 	 13932.7470703125
493 	 13737.6787109375
494 	 13793.4736328125
495 	 13644.8896484375
496 	 13669.77734375
497 	 13610.2412109375
498 	 13765.8955078125
499 	 13735.865234375
500 	 13777.2255859375
501 	 13704.984375
502 	 13830.9658203125
503 	 13680.8544921875
504 	 13571.3525390625
505 	 13645.328125
506 	 13817.7705078125
507 	 13731.61328125
508 	 13632.556640625
509 	 13755.4404296875
510 	 13651.0478515625
511 	 13689.8974609375
512 	 13841.447265625
513 	 13670.609375
514 	 13648.9931640625
515 	 13848.2138671875
516 	 13796.3974609375
517 	 13933.865234375
518 	 13915.3974609375
519 	 13857.8994140625
520 	 13993.265625
521 	 13756.505859375
522 	 13713.7041015625
523 	 13828.3623046875
524 	 13759.5615234375
525 	 13634.41015625
526 	 13669.0361328125
527 	 13775.30859375
528 	 13674.0380859375
529 	 13754.23046875
530 	 13891.5419921875
531 	 13876.798828125
532 	 13882.7109375
533 	 14155.9306640625
534 	 13781.232421875
535 	 13911.5986328125
536 	 13854.4658203125
537 	 13756.3564453125
538 	 13821.6337890625
539 	 13641.9765625
540 	 14032.55859375
541 	 13773.095703125
542 	 13762.44140625
543 	 13587.9345703125
544 	 13622.458984375
545 	 13832.59375
546 	 13683.728515625
547 	 13621.455078125
548 	 13587.3916015625
549 	 13843.212890625
550 	 13753.595703125
551 	 13906.103515625
552 	 13965.8701171875
553 	 14005.2880859375
554 	 13802.671875
555 	 14006.7060546875
556 	 14229.8701171875
557 	 13866.9912109375
558 	 13909.490234375
559 	 13762.7060546875
560 	 14114.7998046875
561 	 13941.5498046875
562 	 13883.7119140625
563 	 13769.5625
564 	 14155.9150390625
565 	 13914.7880859375
566 	 13904.73046875
567 	 13835.7177734375
568 	 13985.03125
569 	 14236.08984375
570 	 14046.9833984375
571 	 13965.05859375
572 	 14113.9775390625
573 	 14081.1484375
574 	 14003.6943359375
575 	 14116.8505859375
576 	 14277.9296875
577 	 14087.8544921875
578 	 14365.318359375
579 	 14393.5791015625
580 	 14134.1728515625
581 	 14171.0595703125
582 	 14195.1171875
583 	 13849.5576171875
584 	 13962.05078125
585 	 14065.271484375
586 	 14132.4482421875
587 	 14203.4111328125
588 	 14110.55859375
589 	 13885.513671875
590 	 13758.298828125
591 	 14023.6650390625
592 	 14085.26171875
593 	 13977.2685546875
594 	 13998.3427734375
595 	 13937.7861328125
596 	 13888.431640625
597 	 13751.1494140625
598 	 13939.470703125
599 	 13968.2421875
600 	 14127.720703125
601 	 13866.5869140625
602 	 13802.8720703125
603 	 13840.5546875
604 	 13867.626953125
605 	 13874.8212890625
606 	 13770.69140625
607 	 14053.1904296875
608 	 13850.3798828125
609 	 13987.6533203125
610 	 13821.6904296875
611 	 13790.1591796875
612 	 13884.48046875
613 	 13818.037109375
614 	 13842.654296875
615 	 13851.72265625
616 	 14086.6083984375
617 	 14214.9697265625
618 	 13860.77734375
619 	 14213.767578125
620 	 14072.9814453125
621 	 14118.9677734375
622 	 13737.6962890625
623 	 13775.544921875
624 	 13858.646484375
625 	 13779.435546875
626 	 13780.8388671875
627 	 13778.8828125
628 	 13899.7783203125
629 	 13714.0439453125
630 	 13889.5703125
631 	 13942.3115234375
632 	 14033.591796875
633 	 13958.736328125
634 	 13900.0390625
635 	 13978.1767578125
636 	 13818.3037109375
637 	 13896.619140625
638 	 13779.080078125
639 	 13904.140625
640 	 14029.9765625
641 	 13804.6357421875
642 	 13933.28515625
643 	 14051.9072265625
644 	 13710.1796875
645 	 14105.169921875
646 	 13897.619140625
647 	 14001.0634765625
648 	 14054.41015625
649 	 14054.3720703125
650 	 14089.61328125
651 	 14259.5927734375
652 	 14270.78515625
653 	 13984.951171875
654 	 13981.138671875
655 	 14017.2119140625
656 	 13960.4658203125
657 	 14024.279296875
658 	 14019.24609375
659 	 13943.8994140625
660 	 14117.7783203125
661 	 13980.6318359375
662 	 13995.0869140625
663 	 14012.888671875
664 	 13959.494140625
665 	 14024.8408203125
666 	 14042.2470703125
667 	 14029.4033203125
668 	 14131.072265625
669 	 14052.7216796875
670 	 14045.6259765625
671 	 14199.6572265625
672 	 14060.4736328125
673 	 13822.9052734375
674 	 14265.2060546875
675 	 13932.982421875
676 	 13857.15625
677 	 13891.53125
678 	 13919.611328125
679 	 14115.875
680 	 13863.787109375
681 	 14210.9033203125
682 	 13962.6826171875
683 	 13927.3115234375
684 	 14088.6240234375
685 	 14024.9677734375
686 	 14108.0517578125
687 	 14154.2119140625
688 	 14121.0244140625
689 	 14219.6396484375
690 	 14188.19140625
691 	 14081.169921875
692 	 14286.154296875
693 	 13997.0234375
694 	 14230.2119140625
695 	 14104.1630859375
696 	 14154.5888671875
697 	 14105.1650390625
698 	 13885.9765625
699 	 14187.3701171875
700 	 14138.728515625
701 	 14126.4189453125
702 	 14023.4814453125
703 	 14003.3818359375
704 	 14024.662109375
705 	 14023.2255859375
706 	 14023.232421875
707 	 14096.2265625
708 	 14142.3017578125
709 	 13895.625
710 	 14289.1376953125
711 	 14168.13671875
712 	 14066.541015625
713 	 14090.884765625
714 	 14002.8349609375
715 	 14282.021484375
716 	 14140.98046875
717 	 14240.40234375
718 	 14191.5634765625
719 	 14288.78515625
720 	 14322.9912109375
721 	 14113.189453125
722 	 14199.0029296875
723 	 14228.22265625
724 	 14386.33203125
725 	 14378.6962890625
726 	 14153.30078125
727 	 14405.7236328125
728 	 14238.1455078125
729 	 14148.19921875
730 	 14198.97265625
731 	 13951.29296875
732 	 14112.591796875
733 	 14142.0283203125
734 	 14109.201171875
735 	 14243.2255859375
736 	 14112.5068359375
737 	 14337.2666015625
738 	 14100.1171875
739 	 14295.134765625
740 	 14143.78515625
741 	 13925.615234375
742 	 14261.58203125
743 	 14293.9970703125
744 	 14139.615234375
745 	 14078.3017578125
746 	 13942.28515625
747 	 13955.7021484375
748 	 14199.9599609375
749 	 14012.076171875
750 	 13970.875
751 	 14235.8994140625
752 	 14075.375
753 	 14143.845703125
754 	 14175.9853515625
755 	 14226.52734375
756 	 14151.0615234375
757 	 14188.46875
758 	 14002.8369140625
759 	 14021.93359375
760 	 13959.3232421875
761 	 14125.576171875
762 	 14023.65234375
763 	 14037.9716796875
764 	 14142.9404296875
765 	 13879.9091796875
766 	 13907.6279296875
767 	 14022.8818359375
768 	 13874.640625
769 	 13996.05078125
770 	 13959.1796875
771 	 14032.4755859375
772 	 14186.4814453125
773 	 14065.76171875
774 	 13865.4736328125
775 	 13934.9140625
776 	 13839.5458984375
777 	 13790.412109375
778 	 13808.390625
779 	 13762.916015625
780 	 13934.48828125
781 	 13720.6806640625
782 	 13770.10546875
783 	 13778.8642578125
784 	 13895.06640625
785 	 14094.7294921875
786 	 13974.5263671875
787 	 14066.7314453125
788 	 13933.5478515625
789 	 13870.01171875
790 	 13852.7529296875
791 	 13975.2021484375
792 	 14011.3115234375
793 	 13875.6357421875
794 	 13780.9775390625
795 	 13922.26171875
796 	 13863.2626953125
797 	 14054.9775390625
798 	 14028.482421875
799 	 14168.275390625
800 	 13869.1572265625
801 	 13885.134765625
802 	 14026.7421875
803 	 14264.4345703125
804 	 14119.3515625
805 	 14468.4091796875
806 	 14068.5732421875
807 	 14023.4580078125
808 	 14035.6962890625
809 	 14064.4345703125
810 	 14058.0556640625
811 	 13967.8095703125
812 	 14003.4365234375
813 	 13836.443359375
814 	 14176.7734375
815 	 14083.48046875
816 	 14190.73046875
817 	 14241.845703125
818 	 14330.1826171875
819 	 14253.498046875
820 	 14075.2783203125
821 	 14361.578125
822 	 13991.1845703125
823 	 14157.7666015625
824 	 14219.3134765625
825 	 14180.2626953125
826 	 14140.05859375
827 	 14204.4091796875
828 	 14070.73046875
829 	 14016.73828125
830 	 14029.0380859375
831 	 14042.78515625
832 	 14028.8994140625
833 	 13941.22265625
834 	 13860.0537109375
835 	 13758.5361328125
836 	 13888.0478515625
837 	 14115.8603515625
838 	 13826.87890625
839 	 14004.6875
840 	 13918.103515625
841 	 13830.025390625
842 	 13776.5478515625
843 	 13784.9921875
844 	 13716.8271484375
845 	 13782.951171875
846 	 14184.5859375
847 	 14026.9794921875
848 	 13934.8974609375
849 	 13875.583984375
850 	 13815.14453125
851 	 13751.6552734375
852 	 13862.228515625
853 	 13718.4873046875
854 	 13755.0625
855 	 13754.505859375
856 	 13666.5107421875
857 	 13643.3525390625
858 	 13746.2431640625
859 	 13595.8427734375
860 	 13743.7001953125
861 	 13615.1318359375
862 	 13701.0458984375
863 	 13610.2021484375
864 	 13604.2001953125
865 	 13786.6318359375
866 	 13760.6953125
867 	 13890.91796875
868 	 13777.5341796875
869 	 13550.34765625
870 	 13637.6845703125
871 	 13511.455078125
872 	 13793.896484375
873 	 13775.8359375
874 	 13913.55078125
875 	 14017.826171875
876 	 14154.1318359375
877 	 13872.25
878 	 14036.2412109375
879 	 13969.80859375
880 	 13986.94140625
881 	 14124.3779296875
882 	 13965.0185546875
883 	 13906.8466796875
884 	 13726.001953125
885 	 13924.0400390625
886 	 13840.505859375
887 	 13983.9658203125
888 	 13985.4306640625
889 	 13833.974609375
890 	 14070.68359375
891 	 13868.7939453125
892 	 13840.6826171875
893 	 13881.07421875
894 	 14037.5166015625
895 	 13868.8857421875
896 	 14010.08203125
897 	 14030.33203125
898 	 13884.3701171875
899 	 13811.953125
900 	 14071.0693359375
901 	 13965.3232421875
902 	 13950.27734375
903 	 13898.3232421875
904 	 13798.93359375
905 	 13706.544921875
906 	 13796.810546875
907 	 13702.4150390625
908 	 13715.2529296875
909 	 13771.783203125
910 	 13631.70703125
911 	 13754.1142578125
912 	 13894.2724609375
913 	 13969.2978515625
914 	 13728.2099609375
915 	 13897.76953125
916 	 13855.671875
917 	 13820.1083984375
918 	 13696.71875
919 	 13950.41015625
920 	 14053.119140625
921 	 13973.5439453125
922 	 14027.1171875
923 	 13874.517578125
924 	 13745.8916015625
925 	 13876.361328125
926 	 13781.4326171875
927 	 13923.259765625
928 	 13780.4560546875
929 	 13831.181640625
930 	 13939.8759765625
931 	 13932.63671875
932 	 13818.9775390625
933 	 13904.779296875
934 	 14133.53125
935 	 13932.986328125
936 	 13927.0791015625
937 	 14147.3447265625
938 	 13890.13671875
939 	 13972.015625
940 	 13987.0703125
941 	 13933.7177734375
942 	 14131.12109375
943 	 13941.8232421875
944 	 13946.30859375
945 	 13996.7197265625
946 	 13891.1005859375
947 	 14147.802734375
948 	 14100.771484375
949 	 13887.6298828125
950 	 13952.9130859375
951 	 13855.595703125
952 	 13755.53125
953 	 13858.6435546875
954 	 13925.8623046875
955 	 13935.1572265625
956 	 13955.427734375
957 	 14069.2470703125
958 	 14090.8828125
959 	 13998.8115234375
960 	 13961.8369140625
961 	 13925.9677734375
962 	 13948.220703125
963 	 14127.537109375
964 	 14071.2998046875
965 	 14021.6484375
966 	 14182.611328125
967 	 13883.6435546875
968 	 13988.87109375
969 	 13981.0087890625
970 	 14032.33203125
971 	 14015.1025390625
972 	 14182.3896484375
973 	 13863.255859375
974 	 14044.880859375
975 	 14056.6005859375
976 	 14144.1376953125
977 	 14139.994140625
978 	 14065.736328125
979 	 13831.701171875
980 	 14196.8916015625
981 	 14322.7216796875
982 	 14137.87890625
983 	 14035.0439453125
984 	 14126.6455078125
985 	 14106.9306640625
986 	 14127.794921875
987 	 14177.92578125
988 	 14175.8837890625
989 	 13915.0654296875
990 	 14266.8876953125
991 	 14055.791015625
992 	 13812.5185546875
993 	 13862.923828125
994 	 13955.3017578125
995 	 14107.2763671875
996 	 14145.6552734375
997 	 13793.23828125
998 	 13834.7041015625
999 	 13792.822265625
1000 	 13929.5380859375
1001 	 13853.2333984375
1002 	 13955.7314453125
1003 	 14106.3876953125
1004 	 13995.44140625
1005 	 13972.328125
1006 	 14099.5439453125
1007 	 13736.044921875
1008 	 13745.7158203125
1009 	 14049.671875
1010 	 13918.3505859375
1011 	 13928.134765625
1012 	 13738.755859375
1013 	 13970.474609375
1014 	 13959.830078125
1015 	 13933.5712890625
1016 	 14142.25390625
1017 	 13649.64453125
1018 	 13835.419921875
1019 	 13936.7333984375
1020 	 13782.1552734375
1021 	 13915.880859375
1022 	 13773.0458984375
1023 	 13866.94140625
1024 	 13968.5244140625
1025 	 13848.890625
1026 	 13749.3798828125
1027 	 13839.455078125
1028 	 14101.2578125
1029 	 14039.8642578125
1030 	 13951.6982421875
1031 	 14029.841796875
1032 	 14159.4638671875
1033 	 13968.94140625
1034 	 13904.376953125
1035 	 14134.6904296875
1036 	 13929.1142578125
1037 	 13800.2158203125
1038 	 13820.904296875
1039 	 13697.541015625
1040 	 13944.119140625
1041 	 13904.2646484375
1042 	 14049.984375
1043 	 13940.8349609375
1044 	 13685.865234375
1045 	 13818.029296875
1046 	 13743.626953125
1047 	 13721.3798828125
1048 	 13650.4873046875
1049 	 13857.560546875
1050 	 13678.353515625
1051 	 13713.7109375
1052 	 14075.8212890625
1053 	 13802.29296875
1054 	 13933.232421875
1055 	 13822.1728515625
1056 	 13780.8173828125
1057 	 14048.052734375
1058 	 13593.876953125
1059 	 13892.1689453125
1060 	 13799.1708984375
1061 	 13923.705078125
1062 	 13900.5966796875
1063 	 13908.3427734375
1064 	 13791.802734375
1065 	 13988.7021484375
1066 	 13726.1865234375
1067 	 13604.162109375
1068 	 13801.8173828125
1069 	 13838.2861328125
1070 	 13859.6640625
1071 	 13743.826171875
1072 	 13670.951171875
1073 	 13708.734375
1074 	 13814.275390625
1075 	 13866.37890625
1076 	 13775.1513671875
1077 	 13904.86328125
1078 	 13836.84375
1079 	 13899.041015625
1080 	 13807.3232421875
1081 	 13864.7294921875
1082 	 13957.533203125
1083 	 13702.890625
1084 	 13737.8203125
1085 	 13803.3466796875
1086 	 13815.7138671875
1087 	 13735.2666015625
1088 	 13777.84765625
1089 	 13663.1923828125
1090 	 13800.076171875
1091 	 13659.1533203125
1092 	 13582.2001953125
1093 	 13515.4013671875
1094 	 13770.259765625
1095 	 13663.5478515625
1096 	 13685.0830078125
1097 	 13823.2353515625
1098 	 13740.4560546875
1099 	 13769.998046875
1100 	 13629.7197265625
1101 	 13597.8740234375
1102 	 13661.625
1103 	 13716.2763671875
1104 	 13840.673828125
1105 	 13835.98046875
1106 	 13777.828125
1107 	 13649.5771484375
1108 	 13995.4755859375
1109 	 13631.671875
1110 	 13686.6884765625
1111 	 13905.955078125
1112 	 13739.28515625
1113 	 13766.1298828125
1114 	 13911.37890625
1115 	 13644.794921875
1116 	 14071.34765625
1117 	 14159.5439453125
1118 	 14017.6416015625
1119 	 13871.501953125
1120 	 13678.0146484375
1121 	 13924.275390625
1122 	 13898.927734375
1123 	 13943.03515625
1124 	 13823.017578125
1125 	 13822.548828125
1126 	 14025.5771484375
1127 	 14088.80859375
1128 	 13909.1640625
1129 	 13922.5869140625
1130 	 13954.01171875
1131 	 13967.3203125
1132 	 13694.919921875
1133 	 13826.2099609375
1134 	 13565.08203125
1135 	 13813.470703125
1136 	 13812.3974609375
1137 	 13930.197265625
1138 	 13832.607421875
1139 	 13878.595703125
1140 	 13880.5810546875
1141 	 13981.3720703125
1142 	 13888.009765625
1143 	 13768.3828125
1144 	 13906.0791015625
1145 	 13704.48828125
1146 	 13761.5693359375
1147 	 13738.7529296875
1148 	 13736.6689453125
1149 	 13879.2080078125
1150 	 13930.392578125
1151 	 13796.958984375
1152 	 13879.400390625
1153 	 13746.0654296875
1154 	 13852.0625
1155 	 13886.6611328125
1156 	 13847.8896484375
1157 	 13643.529296875
1158 	 13787.0791015625
1159 	 13718.140625
1160 	 13926.158203125
1161 	 13657.9873046875
1162 	 13691.69140625
1163 	 13832.78125
1164 	 13895.626953125
1165 	 13700.0830078125
1166 	 13800.59765625
1167 	 13720.9501953125
1168 	 13688.9755859375
1169 	 13782.2529296875
1170 	 13744.0703125
1171 	 13892.7431640625
1172 	 13587.423828125
1173 	 13654.2958984375
1174 	 14085.3828125
1175 	 13938.4072265625
1176 	 13717.353515625
1177 	 13785.5068359375
1178 	 13863.8857421875
1179 	 13791.1630859375
1180 	 13895.80859375
1181 	 13828.0361328125
1182 	 13826.6015625
1183 	 13856.767578125
1184 	 13730.2060546875
1185 	 13865.8525390625
1186 	 13675.55078125
1187 	 13531.2548828125
1188 	 13678.80078125
1189 	 13568.369140625
1190 	 13666.978515625
1191 	 13781.419921875
1192 	 13662.3818359375
1193 	 13826.537109375
1194 	 13792.564453125
1195 	 13699.11328125
1196 	 13643.6533203125
1197 	 13626.5126953125
1198 	 13854.013671875
1199 	 13652.591796875
1200 	 13890.7021484375
1201 	 13811.6611328125
1202 	 13819.14453125
1203 	 13524.3955078125
1204 	 13683.1669921875
1205 	 13788.7978515625
1206 	 13753.9501953125
1207 	 13560.673828125
1208 	 13911.9501953125
1209 	 13832.83203125
1210 	 13785.53515625
1211 	 14195.8173828125
1212 	 13913.3154296875
1213 	 13832.9013671875
1214 	 13873.46875
1215 	 13831.15234375
1216 	 13803.12109375
1217 	 13885.9951171875
1218 	 13752.8427734375
1219 	 13794.1806640625
1220 	 13927.375
1221 	 14187.9970703125
1222 	 13837.162109375
1223 	 13903.783203125
1224 	 13969.6396484375
1225 	 14058.1083984375
1226 	 14114.2607421875
1227 	 13864.037109375
1228 	 14031.98828125
1229 	 13988.0771484375
1230 	 13922.7841796875
1231 	 14056.3916015625
1232 	 13991.181640625
1233 	 13907.73046875
1234 	 13799.4111328125
1235 	 13729.3984375
1236 	 13688.5009765625
1237 	 13796.537109375
1238 	 13984.1552734375
1239 	 13851.6630859375
1240 	 13832.6611328125
1241 	 13775.31640625
1242 	 13670.134765625
1243 	 13935.5751953125
1244 	 13769.3154296875
1245 	 14001.015625
1246 	 13803.5556640625
1247 	 13897.9794921875
1248 	 14212.44921875
1249 	 14033.27734375
1250 	 14022.455078125
1251 	 14044.6181640625
1252 	 13865.96484375
1253 	 14023.2998046875
1254 	 14164.671875
1255 	 14260.7275390625
1256 	 14187.2978515625
1257 	 14213.068359375
1258 	 14174.9609375
1259 	 13989.0078125
1260 	 13890.3359375
1261 	 14110.841796875
1262 	 13911.3720703125
1263 	 14252.009765625
1264 	 14250.111328125
1265 	 14174.57421875
1266 	 14220.234375
1267 	 13965.955078125
1268 	 13826.19140625
1269 	 13959.69140625
1270 	 13907.9189453125
1271 	 13942.677734375
1272 	 13879.18359375
1273 	 13922.4716796875
1274 	 13879.15625
1275 	 13834.3388671875
1276 	 14003.5791015625
1277 	 14034.8701171875
1278 	 13761.3798828125
1279 	 14030.53515625
1280 	 13984.2421875
1281 	 13951.5234375
1282 	 13861.4892578125
1283 	 14057.5419921875
1284 	 13783.423828125
1285 	 14029.7607421875
1286 	 14017.572265625
1287 	 13987.30859375
1288 	 13970.529296875
1289 	 13789.1220703125
1290 	 13762.3388671875
1291 	 13702.9384765625
1292 	 13780.5126953125
1293 	 13777.31640625
1294 	 14026.7666015625
1295 	 13992.876953125
1296 	 14037.3359375
1297 	 13728.0771484375
1298 	 13972.1943359375
1299 	 13821.7177734375
1300 	 13967.4794921875
1301 	 13891.9013671875
1302 	 13936.9931640625
1303 	 13904.708984375
1304 	 13991.6474609375
1305 	 13973.021484375
1306 	 14009.08203125
1307 	 13800.5205078125
1308 	 14007.2578125
1309 	 13693.904296875
1310 	 13828.9853515625
1311 	 13682.3349609375
1312 	 13728.916015625
1313 	 13572.3154296875
1314 	 13897.060546875
1315 	 13997.9521484375
1316 	 14009.408203125
1317 	 14216.1953125
1318 	 13772.33984375
1319 	 13862.1767578125
1320 	 13944.48046875
1321 	 14113.3720703125
1322 	 13927.9384765625
1323 	 13929.6943359375
1324 	 14075.890625
1325 	 14167.357421875
1326 	 14053.9697265625
1327 	 14043.5927734375
1328 	 13780.7646484375
1329 	 13824.2353515625
1330 	 14227.6572265625
1331 	 13944.52734375
1332 	 13793.4912109375
1333 	 13855.421875
1334 	 13923.537109375
1335 	 13973.619140625
1336 	 13773.037109375
1337 	 13930.1591796875
1338 	 14055.2060546875
1339 	 14012.8857421875
1340 	 14021.89453125
1341 	 14035.9052734375
1342 	 14085.701171875
1343 	 13851.3935546875
1344 	 13990.2490234375
1345 	 14010.2880859375
1346 	 13866.623046875
1347 	 13829.546875
1348 	 13967.1044921875
1349 	 14173.6650390625
1350 	 14300.845703125
1351 	 14025.3125
1352 	 14031.2392578125
1353 	 14177.8203125
1354 	 13886.1396484375
1355 	 13886.986328125
1356 	 14091.322265625
1357 	 14072.6337890625
1358 	 13916.0595703125
1359 	 13866.212890625
1360 	 13699.1083984375
1361 	 13889.75
1362 	 13868.80859375
1363 	 13656.3984375
1364 	 13687.013671875
1365 	 13813.283203125
1366 	 13847.5595703125
1367 	 13932.9189453125
1368 	 14017.345703125
1369 	 14003.8134765625
1370 	 13937.33984375
1371 	 14124.5546875
1372 	 14046.0498046875
1373 	 13969.5947265625
1374 	 14157.9736328125
1375 	 14170.1083984375
1376 	 14108.3427734375
1377 	 14018.248046875
1378 	 14083.8193359375
1379 	 13927.861328125
1380 	 13961.544921875
1381 	 13996.7158203125
1382 	 14174.400390625
1383 	 14276.3232421875
1384 	 13961.3818359375
1385 	 14444.3525390625
1386 	 14061.330078125
1387 	 14000.0048828125
1388 	 13936.25
1389 	 13811.865234375
1390 	 13941.6376953125
1391 	 13990.2294921875
1392 	 14122.0810546875
1393 	 13955.3896484375
1394 	 13861.2958984375
1395 	 13882.5244140625
1396 	 13976.9814453125
1397 	 14132.638671875
1398 	 14029.0234375
1399 	 14033.8857421875
1400 	 14007.71875
1401 	 13945.9169921875
1402 	 13778.341796875
1403 	 14028.412109375
1404 	 13934.849609375
1405 	 14187.541015625
1406 	 14042.0048828125
1407 	 13971.431640625
1408 	 14289.4345703125
1409 	 14221.349609375
1410 	 14111.4423828125
1411 	 14004.0859375
1412 	 14110.9541015625
1413 	 14116.4560546875
1414 	 14138.515625
1415 	 14080.3388671875
1416 	 14290.3271484375
1417 	 14026.9326171875
1418 	 14129.0810546875
1419 	 13943.1865234375
1420 	 13971.939453125
1421 	 13904.2265625
1422 	 14011.7236328125
1423 	 14059.267578125
1424 	 13992.830078125
1425 	 14196.001953125
1426 	 14134.73046875
1427 	 14196.654296875
1428 	 14148.443359375
1429 	 14018.0068359375
1430 	 14149.1884765625
1431 	 14118.4765625
1432 	 14182.337890625
1433 	 14188.6220703125
1434 	 14135.1650390625
1435 	 14245.669921875
1436 	 14027.3583984375
1437 	 13944.09765625
1438 	 14129.4296875
1439 	 14347.8349609375
1440 	 14362.0283203125
1441 	 14107.4296875
1442 	 14062.0
1443 	 14097.33203125
1444 	 14121.384765625
1445 	 14139.904296875
1446 	 14047.962890625
1447 	 14104.533203125
1448 	 14078.26171875
1449 	 13941.0361328125
1450 	 14131.109375
1451 	 14147.7275390625
1452 	 13946.7998046875
1453 	 14239.201171875
1454 	 14087.4921875
1455 	 14153.912109375
1456 	 14124.294921875
1457 	 13941.8330078125
1458 	 14108.482421875
1459 	 14251.220703125
1460 	 14002.5947265625
1461 	 14185.5732421875
1462 	 14124.5380859375
1463 	 14436.3212890625
1464 	 14177.4150390625
1465 	 14072.0126953125
1466 	 14107.28515625
1467 	 14030.9716796875
1468 	 14130.4365234375
1469 	 13977.4375
1470 	 14024.1455078125
1471 	 14013.5234375
1472 	 13844.716796875
1473 	 14120.736328125
1474 	 14192.4560546875
1475 	 14167.462890625
1476 	 14165.4912109375
1477 	 14219.828125
1478 	 14111.578125
1479 	 14003.4052734375
1480 	 13993.2900390625
1481 	 14152.4453125
1482 	 14250.5703125
1483 	 14192.330078125
1484 	 14155.943359375
1485 	 14067.365234375
1486 	 14062.40625
1487 	 14274.0244140625
1488 	 13973.1123046875
1489 	 14100.001953125
1490 	 14021.15234375
1491 	 13926.5810546875
1492 	 14021.9853515625
1493 	 14146.99609375
1494 	 14038.1015625
1495 	 13914.025390625
1496 	 13968.541015625
1497 	 14095.2490234375
1498 	 14089.009765625
1499 	 13898.9130859375
1500 	 13911.283203125
1501 	 13958.5517578125
1502 	 13931.4560546875
1503 	 14024.5166015625
1504 	 13992.4501953125
1505 	 13883.6142578125
1506 	 13892.341796875
1507 	 13753.3974609375
1508 	 13790.2041015625
1509 	 13935.6064453125
1510 	 14072.8671875
1511 	 13896.4794921875
1512 	 13947.4658203125
1513 	 13856.234375
1514 	 13869.6103515625
1515 	 13993.412109375
1516 	 13981.748046875
1517 	 14035.607421875
1518 	 13864.26171875
1519 	 14007.6650390625
1520 	 13939.8896484375
1521 	 13853.99609375
1522 	 13878.75
1523 	 13960.3271484375
1524 	 13881.0400390625
1525 	 13592.974609375
1526 	 14034.677734375
1527 	 13832.71484375
1528 	 13926.955078125
1529 	 13794.3037109375
1530 	 13883.22265625
1531 	 13937.615234375
1532 	 13701.0263671875
1533 	 13729.546875
1534 	 13921.4248046875
1535 	 13758.3359375
1536 	 13785.97265625
1537 	 13788.14453125
1538 	 13820.30859375
1539 	 13733.7265625
1540 	 13897.9228515625
1541 	 14014.451171875
1542 	 13955.533203125
1543 	 13755.7275390625
1544 	 13935.412109375
1545 	 13920.8251953125
1546 	 13964.263671875
1547 	 14093.919921875
1548 	 14128.2841796875
1549 	 14005.1083984375
1550 	 13725.1572265625
1551 	 13879.056640625
1552 	 13750.8544921875
1553 	 13908.6943359375
1554 	 13888.0927734375
1555 	 13806.921875
1556 	 13722.603515625
1557 	 13760.46875
1558 	 13659.2265625
1559 	 13744.92578125
1560 	 13838.7626953125
1561 	 13512.99609375
1562 	 14052.029296875
1563 	 13829.2568359375
1564 	 13773.5419921875
1565 	 13701.232421875
1566 	 13691.58984375
1567 	 13833.8251953125
1568 	 13811.4794921875
1569 	 13980.5908203125
1570 	 14037.2314453125
1571 	 13886.720703125
1572 	 14140.31640625
1573 	 14087.2587890625
1574 	 13769.5576171875
1575 	 13764.193359375
1576 	 13880.0205078125
1577 	 13730.8525390625
1578 	 13891.3193359375
1579 	 13909.759765625
1580 	 13923.2626953125
1581 	 13654.8369140625
1582 	 13678.6201171875
1583 	 13936.8173828125
1584 	 13856.810546875
1585 	 13655.1640625
1586 	 13855.6591796875
1587 	 13911.1943359375
1588 	 13824.796875
1589 	 13874.6162109375
1590 	 13825.283203125
1591 	 13762.9423828125
1592 	 13974.5634765625
1593 	 13945.5234375
1594 	 13827.7373046875
1595 	 13900.82421875
1596 	 13810.3837890625
1597 	 13859.7470703125
1598 	 13849.4375
1599 	 13802.857421875
1600 	 13983.076171875
1601 	 13766.3603515625
1602 	 13836.3447265625
1603 	 13990.224609375
1604 	 13727.673828125
1605 	 13830.25
1606 	 13957.2236328125
1607 	 14036.5322265625
1608 	 13869.0625
1609 	 13984.9326171875
1610 	 13815.3486328125
1611 	 13858.0322265625
1612 	 13913.1640625
1613 	 13920.451171875
1614 	 13683.453125
1615 	 13910.4404296875
1616 	 13727.048828125
1617 	 13778.8193359375
1618 	 13630.8369140625
1619 	 13840.984375
1620 	 13659.337890625
1621 	 13806.0625
1622 	 13844.9541015625
1623 	 13826.6533203125
1624 	 13658.1728515625
1625 	 13499.1943359375
1626 	 13631.046875
1627 	 13859.4658203125
1628 	 13669.791015625
1629 	 13786.369140625
1630 	 13616.4345703125
1631 	 13740.4716796875
1632 	 13447.123046875
1633 	 13741.3583984375
1634 	 13592.1845703125
1635 	 13530.4111328125
1636 	 13649.4189453125
1637 	 13698.107421875
1638 	 13775.2763671875
1639 	 13728.3359375
1640 	 13551.8115234375
1641 	 13573.3798828125
1642 	 13691.4033203125
1643 	 13814.3046875
1644 	 13740.5400390625
1645 	 13621.7109375
1646 	 13681.7373046875
1647 	 13804.587890625
1648 	 13760.294921875
1649 	 13691.021484375
1650 	 13683.8271484375
1651 	 13734.5146484375
1652 	 13605.837890625
1653 	 13746.9990234375
1654 	 13626.017578125
1655 	 13633.2880859375
1656 	 13564.248046875
1657 	 13627.85546875
1658 	 13666.89453125
1659 	 13633.1865234375
1660 	 13680.181640625
1661 	 13872.080078125
1662 	 13568.7744140625
1663 	 13484.447265625
1664 	 13698.365234375
1665 	 13781.0029296875
1666 	 13688.5205078125
1667 	 13843.2998046875
1668 	 13805.8505859375
1669 	 13807.5849609375
1670 	 13640.76171875
1671 	 13659.4873046875
1672 	 13720.701171875
1673 	 13773.216796875
1674 	 13663.568359375
1675 	 13744.0751953125
1676 	 13900.8681640625
1677 	 13733.8193359375
1678 	 13825.8828125
1679 	 13923.150390625
1680 	 13884.33984375
1681 	 13672.4208984375
1682 	 13795.013671875
1683 	 13695.642578125
1684 	 13636.7470703125
1685 	 13724.107421875
1686 	 13605.8623046875
1687 	 13562.19921875
1688 	 13629.0439453125
1689 	 13800.7841796875
1690 	 13577.158203125
1691 	 13466.892578125
1692 	 13597.8037109375
1693 	 13586.3740234375
1694 	 13543.0078125
1695 	 13523.34765625
1696 	 13694.697265625
1697 	 13822.56640625
1698 	 13673.4033203125
1699 	 13557.916015625
1700 	 13650.6708984375
1701 	 13721.3818359375
1702 	 13758.9970703125
1703 	 13610.3251953125
1704 	 13721.521484375
1705 	 13563.58984375
1706 	 13716.21875
1707 	 13599.59765625
1708 	 13651.9658203125
1709 	 13694.208984375
1710 	 13664.6005859375
1711 	 13615.072265625
1712 	 13741.171875
1713 	 13930.4990234375
1714 	 13897.470703125
1715 	 13796.796875
1716 	 13823.5244140625
1717 	 13776.5234375
1718 	 13969.07421875
1719 	 13804.814453125
1720 	 13772.87890625
1721 	 13822.5263671875
1722 	 13813.357421875
1723 	 13675.8828125
1724 	 14019.0771484375
1725 	 13918.1455078125
1726 	 13945.109375
1727 	 13883.7705078125
1728 	 13902.39453125
1729 	 13948.0849609375
1730 	 14127.0595703125
1731 	 13911.955078125
1732 	 13897.67578125
1733 	 13864.869140625
1734 	 14044.7265625
1735 	 13900.71484375
1736 	 14100.203125
1737 	 14133.0009765625
1738 	 13843.904296875
1739 	 13910.5517578125
1740 	 13940.71484375
1741 	 14051.892578125
1742 	 14003.177734375
1743 	 14093.892578125
1744 	 13887.341796875
1745 	 14051.8125
1746 	 13813.6962890625
1747 	 14226.6787109375
1748 	 13816.1318359375
1749 	 13964.2509765625
1750 	 13986.8525390625
1751 	 13975.6044921875
1752 	 13981.162109375
1753 	 14074.1123046875
1754 	 13876.3388671875
1755 	 14057.517578125
1756 	 13854.501953125
1757 	 13795.931640625
1758 	 13905.076171875
1759 	 13898.9052734375
1760 	 13774.576171875
1761 	 13863.1982421875
1762 	 13947.6259765625
1763 	 13805.8203125
1764 	 13837.6533203125
1765 	 13844.45703125
1766 	 13906.142578125
1767 	 13867.90234375
1768 	 14030.8759765625
1769 	 13891.9853515625
1770 	 13869.8291015625
1771 	 13731.748046875
1772 	 13702.0927734375
1773 	 13841.1552734375
1774 	 13972.73046875
1775 	 13912.9609375
1776 	 13663.896484375
1777 	 13652.7568359375
1778 	 13630.3466796875
1779 	 13768.1953125
1780 	 13839.3359375
1781 	 13737.853515625
1782 	 13710.3994140625
1783 	 13912.1669921875
1784 	 13721.578125
1785 	 13892.673828125
1786 	 14041.5517578125
1787 	 13815.9345703125
1788 	 13781.6806640625
1789 	 14089.841796875
1790 	 13724.3984375
1791 	 13901.8447265625
1792 	 13863.36328125
1793 	 13846.9541015625
1794 	 14035.3916015625
1795 	 13919.16796875
1796 	 13775.935546875
1797 	 14049.3388671875
1798 	 13786.939453125
1799 	 13913.3671875
1800 	 13792.7353515625
1801 	 13935.3310546875
1802 	 14087.76171875
1803 	 14005.53515625
1804 	 13835.662109375
1805 	 13950.5888671875
1806 	 13678.580078125
1807 	 14031.01171875
1808 	 13914.16796875
1809 	 13757.93359375
1810 	 14053.03125
1811 	 14011.693359375
1812 	 13883.2568359375
1813 	 14208.142578125
1814 	 14294.6279296875
1815 	 14090.85546875
1816 	 13930.173828125
1817 	 14109.7294921875
1818 	 14009.6220703125
1819 	 13933.5078125
1820 	 13890.8837890625
1821 	 13869.3349609375
1822 	 13772.9892578125
1823 	 13828.744140625
1824 	 13870.8984375
1825 	 13873.1982421875
1826 	 13676.6865234375
1827 	 13629.380859375
1828 	 13516.3984375
1829 	 13689.3095703125
1830 	 13684.599609375
1831 	 13611.4140625
1832 	 13711.3701171875
1833 	 13860.41015625
1834 	 13625.197265625
1835 	 13610.708984375
1836 	 13798.041015625
1837 	 13911.5126953125
1838 	 13580.4462890625
1839 	 13693.6513671875
1840 	 13685.2548828125
1841 	 13538.7900390625
1842 	 13443.8330078125
1843 	 13801.634765625
1844 	 13543.865234375
1845 	 13580.009765625
1846 	 13486.787109375
1847 	 13698.775390625
1848 	 13659.5205078125
1849 	 13796.837890625
1850 	 13964.0380859375
1851 	 13886.8720703125
1852 	 13682.61328125
1853 	 14049.603515625
1854 	 13911.3662109375
1855 	 14027.814453125
1856 	 13853.6455078125
1857 	 14022.1689453125
1858 	 13762.7919921875
1859 	 13993.6181640625
1860 	 14167.9091796875
1861 	 13714.1640625
1862 	 13845.517578125
1863 	 13861.123046875
1864 	 13640.912109375
1865 	 13709.1669921875
1866 	 13814.6923828125
1867 	 13741.54296875
1868 	 13901.716796875
1869 	 13971.978515625
1870 	 14071.06640625
1871 	 13936.494140625
1872 	 13913.17578125
1873 	 13651.244140625
1874 	 13810.3974609375
1875 	 13719.046875
1876 	 13764.7099609375
1877 	 13869.80859375
1878 	 13695.560546875
1879 	 13966.791015625
1880 	 13936.3779296875
1881 	 14078.5244140625
1882 	 13926.6923828125
1883 	 13941.0986328125
1884 	 14032.44921875
1885 	 14113.458984375
1886 	 13893.7138671875
1887 	 13936.87890625
1888 	 13931.9091796875
1889 	 13810.9970703125
1890 	 13923.166015625
1891 	 13761.208984375
1892 	 13763.1650390625
1893 	 13632.4677734375
1894 	 13731.4111328125
1895 	 13909.265625
1896 	 13952.0576171875
1897 	 13705.3486328125
1898 	 13766.080078125
1899 	 13858.8037109375
1900 	 13900.9990234375
1901 	 13956.23046875
1902 	 13955.2646484375
1903 	 13877.2333984375
1904 	 14151.5927734375
1905 	 14250.400390625
1906 	 14262.03125
1907 	 14138.259765625
1908 	 14168.23046875
1909 	 14131.8349609375
1910 	 14221.7333984375
1911 	 13983.34375
1912 	 13899.2294921875
1913 	 14059.935546875
1914 	 14075.248046875
1915 	 14122.62890625
1916 	 13726.6591796875
1917 	 13851.41796875
1918 	 13983.2998046875
1919 	 14024.677734375
1920 	 13809.7998046875
1921 	 14048.56640625
1922 	 14022.8525390625
1923 	 14128.140625
1924 	 13866.9423828125
1925 	 13880.818359375
1926 	 13907.740234375
1927 	 13964.4873046875
1928 	 14163.2421875
1929 	 14017.951171875
1930 	 14170.9208984375
1931 	 13911.1474609375
1932 	 13963.3583984375
1933 	 14017.8330078125
1934 	 14076.048828125
1935 	 14285.689453125
1936 	 14053.0966796875
1937 	 14142.28515625
1938 	 14174.8896484375
1939 	 14114.7939453125
1940 	 14065.267578125
1941 	 14044.3447265625
1942 	 14057.029296875
1943 	 13960.181640625
1944 	 13880.6865234375
1945 	 14027.103515625
1946 	 13985.86328125
1947 	 13930.626953125
1948 	 13776.8486328125
1949 	 13917.1298828125
1950 	 13718.6953125
1951 	 13792.8046875
1952 	 13929.8232421875
1953 	 14179.46484375
1954 	 14153.330078125
1955 	 14211.828125
1956 	 14089.76171875
1957 	 14050.6103515625
1958 	 14102.6689453125
1959 	 13905.4892578125
1960 	 13830.537109375
1961 	 14032.58203125
1962 	 14099.064453125
1963 	 14020.6513671875
1964 	 13972.09765625
1965 	 14050.412109375
1966 	 14182.103515625
1967 	 14173.3896484375
1968 	 13969.8896484375
1969 	 14121.0498046875
1970 	 14129.86328125
1971 	 14015.2314453125
1972 	 14137.736328125
1973 	 13909.423828125
1974 	 14052.42578125
1975 	 13924.08203125
1976 	 13978.046875
1977 	 14074.7255859375
1978 	 14023.8095703125
1979 	 13899.623046875
1980 	 13958.2099609375
1981 	 14059.421875
1982 	 13996.2275390625
1983 	 13927.513671875
1984 	 14130.26953125
1985 	 13930.6826171875
1986 	 14124.3525390625
1987 	 14026.578125
1988 	 13981.81640625
1989 	 14271.9169921875
1990 	 14123.5634765625
1991 	 13924.2060546875
1992 	 13932.5966796875
1993 	 13970.53125
1994 	 14067.5517578125
1995 	 14034.1220703125
1996 	 14114.8525390625
1997 	 13951.994140625
1998 	 13993.9228515625
1999 	 14206.369140625
2000 	 14076.1337890625
2001 	 14137.7431640625
2002 	 14099.6318359375
2003 	 13948.248046875
2004 	 14189.8251953125
2005 	 14176.22265625
2006 	 14278.6943359375
2007 	 14326.255859375
2008 	 14029.7197265625
2009 	 14062.986328125
2010 	 14074.1748046875
2011 	 14073.11328125
2012 	 14010.52734375
2013 	 14150.0224609375
2014 	 14106.51953125
2015 	 14119.6669921875
2016 	 14095.236328125
2017 	 14183.00390625
2018 	 14034.8154296875
2019 	 13983.3359375
2020 	 14008.302734375
2021 	 14207.4658203125
2022 	 14131.2509765625
2023 	 14127.22265625
2024 	 14112.29296875
2025 	 14317.21875
2026 	 14201.4990234375
2027 	 14133.3984375
2028 	 14054.283203125
2029 	 14231.650390625
2030 	 14135.052734375
2031 	 14023.0146484375
2032 	 14114.025390625
2033 	 14044.5732421875
2034 	 14031.412109375
2035 	 14233.5908203125
2036 	 14133.314453125
2037 	 14074.7099609375
2038 	 14125.6630859375
2039 	 14039.4072265625
2040 	 13981.919921875
2041 	 13999.8466796875
2042 	 13837.1767578125
2043 	 14148.4375
2044 	 13922.1240234375
2045 	 13777.8583984375
2046 	 13927.6748046875
2047 	 13893.48828125
2048 	 13946.9150390625
2049 	 14063.9375
2050 	 14038.7548828125
2051 	 14179.8095703125
2052 	 14182.78515625
2053 	 13993.4921875
2054 	 14139.3369140625
2055 	 14182.408203125
2056 	 14206.2431640625
2057 	 14011.4921875
2058 	 14375.84765625
2059 	 14151.2265625
2060 	 14193.859375
2061 	 14405.9365234375
2062 	 14350.265625
2063 	 14106.0087890625
2064 	 14095.90625
2065 	 14146.62890625
2066 	 14275.48046875
2067 	 14496.955078125
2068 	 14213.1875
2069 	 14205.0478515625
2070 	 14127.5888671875
2071 	 14349.814453125
2072 	 14380.3203125
2073 	 14251.09765625
2074 	 14197.783203125
2075 	 14282.0283203125
2076 	 14132.6025390625
2077 	 13988.8525390625
2078 	 13983.255859375
2079 	 14067.53515625
2080 	 13805.1865234375
2081 	 14163.6513671875
2082 	 14130.5791015625
2083 	 14226.462890625
2084 	 14003.61328125
2085 	 14076.0859375
2086 	 13929.6396484375
2087 	 14226.3662109375
2088 	 14068.1044921875
2089 	 14185.412109375
2090 	 14108.345703125
2091 	 14174.11328125
2092 	 13873.072265625
2093 	 13962.9736328125
2094 	 13960.7822265625
2095 	 13855.9990234375
2096 	 14110.5107421875
2097 	 13990.849609375
2098 	 14075.642578125
2099 	 14066.4765625
2100 	 13957.7880859375
2101 	 13863.7958984375
2102 	 13756.8662109375
2103 	 13794.3173828125
2104 	 13935.744140625
2105 	 13798.6318359375
2106 	 13802.6513671875
2107 	 13893.3583984375
2108 	 14053.9501953125
2109 	 14002.654296875
2110 	 13790.9326171875
2111 	 13958.1083984375
2112 	 13770.087890625
2113 	 13800.892578125
2114 	 13735.06640625
2115 	 13766.51953125
2116 	 13713.013671875
2117 	 13744.1103515625
2118 	 13616.2626953125
2119 	 13784.759765625
2120 	 14082.4111328125
2121 	 13982.92578125
2122 	 13800.5966796875
2123 	 13725.021484375
2124 	 13875.2275390625
2125 	 14080.4169921875
2126 	 13843.09765625
2127 	 13839.388671875
2128 	 13713.8564453125
2129 	 13675.572265625
2130 	 13642.1640625
2131 	 13844.396484375
2132 	 13709.162109375
2133 	 13749.392578125
2134 	 14061.453125
2135 	 13802.3349609375
2136 	 14129.4619140625
2137 	 13821.8720703125
2138 	 13989.7021484375
2139 	 14053.3134765625
2140 	 13933.6103515625
2141 	 13859.166015625
2142 	 13818.1845703125
