0 	 68.13738250732422
1 	 79.10430908203125
2 	 71.31868743896484
3 	 66.87421417236328
4 	 73.9634017944336
5 	 64.33605194091797
6 	 75.635986328125
7 	 72.647705078125
8 	 76.45907592773438
9 	 72.1131362915039
10 	 72.04954528808594
11 	 80.177734375
12 	 75.37586212158203
13 	 73.13402557373047
14 	 75.5500259399414
15 	 81.58592224121094
16 	 69.72628021240234
17 	 88.89852905273438
18 	 81.57736206054688
19 	 81.05611419677734
20 	 86.45512390136719
21 	 79.3370361328125
22 	 81.15766143798828
23 	 77.12937927246094
24 	 73.49090576171875
25 	 77.99469757080078
26 	 75.05240631103516
27 	 77.76422882080078
28 	 86.76350402832031
29 	 79.5845947265625
30 	 83.53018951416016
31 	 72.14027404785156
32 	 79.91383361816406
33 	 80.8472671508789
34 	 76.35881042480469
35 	 81.00760650634766
36 	 78.85021209716797
37 	 81.34212493896484
38 	 95.42777252197266
39 	 88.14178466796875
40 	 93.22740173339844
41 	 91.29820251464844
42 	 91.76870727539062
43 	 90.92976379394531
44 	 93.96983337402344
45 	 107.06270599365234
46 	 84.46461486816406
47 	 93.26886749267578
48 	 95.02690124511719
49 	 84.75640869140625
50 	 79.26691436767578
51 	 93.25631713867188
52 	 95.03443145751953
53 	 100.51163482666016
54 	 92.49478149414062
55 	 86.28020477294922
56 	 92.80165100097656
57 	 97.57183074951172
58 	 85.28570556640625
59 	 94.81980895996094
60 	 95.28050231933594
61 	 96.27146911621094
62 	 91.69429779052734
63 	 97.67261505126953
64 	 104.84425354003906
65 	 98.87346649169922
66 	 98.28109741210938
67 	 97.64297485351562
68 	 107.97152709960938
69 	 99.3117904663086
70 	 95.98798370361328
71 	 113.42632293701172
72 	 113.56153869628906
73 	 112.322509765625
74 	 94.2749252319336
75 	 97.99584197998047
76 	 104.80379486083984
77 	 86.8333740234375
78 	 82.80611419677734
79 	 75.81267547607422
80 	 87.48331451416016
81 	 94.07587432861328
82 	 73.21419525146484
83 	 82.86366271972656
84 	 88.67584228515625
85 	 79.71101379394531
86 	 85.14471435546875
87 	 104.63365173339844
88 	 106.76087188720703
89 	 84.90744018554688
90 	 97.663330078125
91 	 90.23784637451172
92 	 85.19924926757812
93 	 92.52996826171875
94 	 74.3675308227539
95 	 83.65232849121094
96 	 84.93359375
97 	 91.20397186279297
98 	 95.0176010131836
99 	 97.68116760253906
100 	 85.97911834716797
101 	 78.95753479003906
102 	 87.9907455444336
103 	 90.23860931396484
104 	 81.9669189453125
105 	 78.72906494140625
106 	 86.00753021240234
107 	 98.31879425048828
108 	 85.66119384765625
109 	 83.80790710449219
110 	 105.1988754272461
111 	 95.47652435302734
112 	 82.07323455810547
113 	 97.3398666381836
114 	 73.7274169921875
115 	 74.31953430175781
116 	 78.28572845458984
117 	 92.0838623046875
118 	 80.39839172363281
119 	 85.04090881347656
120 	 97.72314453125
121 	 91.36255645751953
122 	 106.09510803222656
123 	 91.50582122802734
124 	 87.12165832519531
125 	 89.06918334960938
126 	 90.55630493164062
127 	 91.63247680664062
128 	 76.10169982910156
129 	 84.93661499023438
130 	 110.05451202392578
131 	 94.30309295654297
132 	 85.06731414794922
133 	 93.5093765258789
134 	 95.66401672363281
135 	 84.9084701538086
136 	 84.13362884521484
137 	 77.51290893554688
138 	 82.46253967285156
139 	 95.65194702148438
140 	 109.5478515625
141 	 117.74540710449219
142 	 86.85298156738281
143 	 99.89259338378906
144 	 90.42132568359375
145 	 92.04816436767578
146 	 86.89044189453125
147 	 99.78352355957031
148 	 84.08234405517578
149 	 83.03028869628906
150 	 89.77289581298828
151 	 92.36157989501953
152 	 95.55268859863281
153 	 95.40312194824219
154 	 85.45384979248047
155 	 95.69871520996094
156 	 89.44265747070312
157 	 94.70747375488281
158 	 105.55123138427734
159 	 89.77742767333984
160 	 82.08279418945312
161 	 92.4802017211914
162 	 83.39698028564453
163 	 94.39181518554688
164 	 100.44905090332031
165 	 94.79593658447266
166 	 95.03343200683594
167 	 78.99421691894531
168 	 77.51616668701172
169 	 78.79114532470703
170 	 73.80204772949219
171 	 69.86500549316406
172 	 79.2892837524414
173 	 85.1590347290039
174 	 76.87377166748047
175 	 83.14991760253906
176 	 95.22620391845703
177 	 90.15743255615234
178 	 103.70774841308594
179 	 79.777099609375
180 	 77.95272064208984
181 	 94.5858154296875
182 	 84.31156921386719
183 	 77.86751556396484
184 	 68.83280944824219
185 	 76.56464385986328
186 	 79.88065338134766
187 	 71.22418212890625
188 	 73.97321319580078
189 	 77.7237548828125
190 	 76.67573547363281
191 	 77.48348999023438
192 	 76.53824615478516
193 	 70.25807189941406
194 	 68.60107421875
195 	 77.01049041748047
196 	 65.61631774902344
197 	 67.71363830566406
198 	 80.80252075195312
199 	 68.48873138427734
200 	 49.9025764465332
201 	 65.28229522705078
202 	 64.11186981201172
203 	 53.665191650390625
204 	 66.85636138916016
205 	 63.73689270019531
206 	 74.76764678955078
207 	 80.44387817382812
208 	 86.64212036132812
209 	 76.6048583984375
210 	 77.68758392333984
211 	 66.1453628540039
212 	 75.01948547363281
213 	 74.150390625
214 	 93.26535034179688
215 	 77.46790313720703
216 	 81.4637680053711
217 	 99.69581604003906
218 	 109.29450988769531
219 	 95.05680847167969
220 	 84.62168884277344
221 	 94.18872833251953
222 	 90.0486068725586
223 	 100.60736846923828
224 	 80.9686508178711
225 	 89.9701919555664
226 	 92.83079528808594
227 	 82.61033630371094
228 	 103.09577178955078
229 	 91.85313415527344
230 	 84.92555236816406
231 	 86.50314331054688
232 	 102.19927978515625
233 	 90.39947509765625
234 	 96.73893737792969
235 	 86.98341369628906
236 	 109.81098937988281
237 	 81.59772491455078
238 	 81.33960723876953
239 	 93.6325454711914
240 	 94.87535858154297
241 	 94.23470306396484
242 	 74.68170166015625
243 	 90.98104858398438
244 	 95.70875549316406
245 	 85.56141662597656
246 	 93.33195495605469
247 	 86.9600601196289
248 	 100.0205307006836
249 	 115.49098205566406
250 	 104.56954193115234
251 	 89.32705688476562
252 	 105.65254211425781
253 	 109.42118835449219
254 	 94.50590515136719
255 	 107.90015411376953
256 	 98.24414825439453
257 	 81.58064270019531
258 	 76.16202545166016
259 	 84.45632934570312
260 	 86.55339813232422
261 	 89.13126373291016
262 	 93.94769287109375
263 	 103.19380187988281
264 	 79.91107177734375
265 	 100.6164321899414
266 	 90.38438415527344
267 	 96.32426452636719
268 	 104.87641906738281
269 	 88.01788330078125
270 	 92.05168151855469
271 	 87.3719711303711
272 	 105.98026275634766
273 	 90.60430908203125
274 	 82.31877136230469
275 	 100.67900085449219
276 	 79.51748657226562
277 	 79.93343353271484
278 	 82.19789123535156
279 	 86.9613037109375
280 	 90.76966094970703
281 	 80.81183624267578
282 	 74.4803695678711
283 	 81.77515411376953
284 	 65.34613800048828
285 	 66.63368225097656
286 	 66.65830993652344
287 	 62.487037658691406
288 	 68.55508422851562
289 	 69.41412353515625
290 	 72.00580596923828
291 	 60.401268005371094
292 	 76.65261840820312
293 	 79.96735382080078
294 	 77.1989974975586
295 	 68.7325210571289
296 	 50.69701385498047
297 	 71.78790283203125
298 	 70.49382781982422
299 	 63.80852127075195
300 	 63.215885162353516
301 	 67.53921508789062
302 	 73.35645294189453
303 	 77.55989837646484
304 	 78.02157592773438
305 	 75.67720031738281
306 	 79.93795776367188
307 	 65.23229217529297
308 	 68.9647445678711
309 	 68.45278930664062
310 	 76.09114837646484
311 	 76.66644287109375
312 	 62.53981018066406
313 	 64.11840057373047
314 	 72.83016204833984
315 	 79.77912902832031
316 	 77.06553649902344
317 	 82.08404541015625
318 	 82.73045349121094
319 	 70.42697143554688
320 	 72.45166015625
321 	 58.08604431152344
322 	 68.28340148925781
323 	 74.98831939697266
324 	 65.48662567138672
325 	 68.13512420654297
326 	 78.22240447998047
327 	 73.19207000732422
328 	 68.89086151123047
329 	 82.52134704589844
330 	 80.54139709472656
331 	 90.97827911376953
332 	 93.25177764892578
333 	 74.28334045410156
334 	 83.19892883300781
335 	 69.8934097290039
336 	 77.44880676269531
337 	 80.19406127929688
338 	 71.9007568359375
339 	 79.87159729003906
340 	 73.46979522705078
341 	 69.335205078125
342 	 83.37260437011719
343 	 77.35079956054688
344 	 70.06781768798828
345 	 69.19169616699219
346 	 79.57630920410156
347 	 69.56616973876953
348 	 82.48793029785156
349 	 77.9197998046875
350 	 84.67974853515625
351 	 81.77465057373047
352 	 92.89413452148438
353 	 107.97808074951172
354 	 99.07779693603516
355 	 102.18749237060547
356 	 88.10359191894531
357 	 91.34319305419922
358 	 89.53366088867188
359 	 80.73893737792969
360 	 78.83135986328125
361 	 76.48320770263672
362 	 81.06466674804688
363 	 79.14300537109375
364 	 59.07802963256836
365 	 75.354248046875
366 	 65.14633178710938
367 	 77.23090362548828
368 	 75.57893371582031
369 	 73.25666809082031
370 	 81.54267883300781
371 	 93.91400909423828
372 	 79.04447937011719
373 	 85.98616027832031
374 	 84.98084259033203
375 	 69.43272399902344
376 	 70.8595199584961
377 	 69.37164306640625
378 	 65.58161926269531
379 	 72.19154357910156
380 	 64.47478485107422
381 	 71.54060363769531
382 	 65.08650970458984
383 	 51.19765853881836
384 	 49.950321197509766
385 	 63.62504959106445
386 	 55.23900604248047
387 	 52.70209884643555
388 	 53.79010772705078
389 	 49.55096435546875
390 	 60.25374221801758
391 	 74.04232025146484
392 	 84.96624755859375
393 	 78.60768127441406
394 	 79.36593627929688
395 	 89.87293243408203
396 	 76.56389617919922
397 	 83.95166778564453
398 	 100.79084777832031
399 	 90.53266143798828
400 	 85.8692626953125
401 	 85.2331771850586
402 	 85.45458221435547
403 	 92.46537780761719
404 	 83.16046905517578
405 	 82.27454376220703
406 	 80.64318084716797
407 	 79.0263900756836
408 	 74.35521697998047
409 	 89.26471710205078
410 	 78.76602172851562
411 	 104.65702056884766
412 	 90.41202545166016
413 	 93.10248565673828
414 	 80.53888702392578
415 	 101.11681365966797
416 	 92.39374542236328
417 	 86.05777740478516
418 	 73.53035736083984
419 	 68.21428680419922
420 	 85.4706802368164
421 	 87.26290130615234
422 	 81.5185546875
423 	 77.59181213378906
424 	 77.26082611083984
425 	 89.8043212890625
426 	 98.3818588256836
427 	 78.74842071533203
428 	 86.01580047607422
429 	 86.63255310058594
430 	 92.16602325439453
431 	 78.88063049316406
432 	 101.23116302490234
433 	 93.49305725097656
434 	 92.22434997558594
435 	 86.58934020996094
436 	 81.64397430419922
437 	 88.00934600830078
438 	 82.86518096923828
439 	 77.85319519042969
440 	 70.81929779052734
441 	 71.4574203491211
442 	 82.64400482177734
443 	 74.30043029785156
444 	 71.13949584960938
445 	 71.60167694091797
446 	 65.84904479980469
447 	 63.59286880493164
448 	 57.24736022949219
449 	 63.188228607177734
450 	 70.23596954345703
451 	 60.28289794921875
452 	 60.28716278076172
453 	 68.12631225585938
454 	 66.2305679321289
455 	 50.14509963989258
456 	 56.72309112548828
457 	 76.03533935546875
458 	 67.47840118408203
459 	 74.41152954101562
460 	 71.09902954101562
461 	 86.71926879882812
462 	 81.29412078857422
463 	 58.9317512512207
464 	 72.20059204101562
465 	 75.29744720458984
466 	 75.95140075683594
467 	 69.6247329711914
468 	 61.65263366699219
469 	 79.196533203125
470 	 54.566707611083984
471 	 63.212615966796875
472 	 62.45612335205078
473 	 69.01451873779297
474 	 58.99987030029297
475 	 60.527687072753906
476 	 56.56475830078125
477 	 62.96354675292969
478 	 61.416629791259766
479 	 62.0560188293457
480 	 68.41358947753906
481 	 57.56755065917969
482 	 76.1348648071289
483 	 56.67056655883789
484 	 67.82498168945312
485 	 74.75080871582031
486 	 79.7077407836914
487 	 72.72686004638672
488 	 81.29035186767578
489 	 71.1955337524414
490 	 76.56088256835938
491 	 81.09707641601562
492 	 86.42019653320312
493 	 80.27549743652344
494 	 71.95881652832031
495 	 73.57911682128906
496 	 69.36285400390625
497 	 67.93607330322266
498 	 63.70823669433594
499 	 72.13047790527344
500 	 78.3943099975586
501 	 71.62782287597656
502 	 74.84908294677734
503 	 64.27371978759766
504 	 68.48145294189453
505 	 62.5011100769043
506 	 62.11833953857422
507 	 60.69231033325195
508 	 66.76512908935547
509 	 76.9944076538086
510 	 68.99087524414062
511 	 63.3206901550293
512 	 65.22022247314453
513 	 81.75455474853516
514 	 84.7295150756836
515 	 72.26618194580078
516 	 70.95677185058594
517 	 63.123897552490234
518 	 94.11458587646484
519 	 83.755615234375
520 	 76.59782409667969
521 	 80.54365539550781
522 	 72.47126770019531
523 	 74.7789535522461
524 	 63.959815979003906
525 	 68.90845489501953
526 	 86.03516387939453
527 	 71.94247436523438
528 	 79.27068328857422
529 	 67.45326232910156
530 	 69.4068374633789
531 	 89.02546691894531
532 	 81.57963562011719
533 	 90.004638671875
534 	 64.40792846679688
535 	 68.39851379394531
536 	 72.72661590576172
537 	 79.15180969238281
538 	 78.08014678955078
539 	 63.10831832885742
540 	 92.14342498779297
541 	 75.57339477539062
542 	 82.45348358154297
543 	 78.07813262939453
544 	 71.65972900390625
545 	 81.35116577148438
546 	 67.50680541992188
547 	 70.26335906982422
548 	 66.30067443847656
549 	 79.69642639160156
550 	 67.47915649414062
551 	 96.58210754394531
552 	 67.31629943847656
553 	 68.35050964355469
554 	 69.19571685791016
555 	 87.01835632324219
556 	 70.9452133178711
557 	 82.9533920288086
558 	 86.08895111083984
559 	 81.49140930175781
560 	 87.94499206542969
561 	 86.701416015625
562 	 90.54271697998047
563 	 60.775001525878906
564 	 74.35195922851562
565 	 99.05944061279297
566 	 74.19261169433594
567 	 58.941810607910156
568 	 60.388450622558594
569 	 62.26839065551758
570 	 60.19391632080078
571 	 63.34255599975586
572 	 64.00179290771484
573 	 62.69790267944336
574 	 59.156700134277344
575 	 60.937095642089844
576 	 70.27340698242188
577 	 71.92111206054688
578 	 64.77411651611328
579 	 60.030059814453125
580 	 70.68710327148438
581 	 71.80651092529297
582 	 75.29769897460938
583 	 68.98937225341797
584 	 81.45748901367188
585 	 58.75080490112305
586 	 94.35208892822266
587 	 55.24679183959961
588 	 77.53123474121094
589 	 69.95799255371094
590 	 58.99156951904297
591 	 70.13643646240234
592 	 68.70362091064453
593 	 65.82039642333984
594 	 67.66085815429688
595 	 67.1614761352539
596 	 54.63908386230469
597 	 53.54203796386719
598 	 64.10633850097656
599 	 58.184814453125
600 	 49.99380111694336
601 	 57.32176208496094
602 	 66.57688903808594
603 	 43.34870910644531
604 	 62.823307037353516
605 	 53.839115142822266
606 	 61.14243698120117
607 	 54.996978759765625
608 	 42.50248718261719
609 	 57.68241500854492
610 	 39.71375274658203
611 	 56.38129425048828
612 	 49.723873138427734
613 	 49.9327278137207
614 	 57.54794692993164
615 	 48.816837310791016
616 	 63.61851501464844
617 	 67.93029022216797
618 	 38.23921585083008
619 	 50.55300521850586
620 	 48.961849212646484
621 	 44.07906723022461
622 	 48.94828414916992
623 	 61.5784912109375
624 	 38.60841751098633
625 	 48.38153839111328
626 	 52.2386589050293
627 	 60.243186950683594
628 	 27.424598693847656
629 	 55.8024787902832
630 	 45.243709564208984
631 	 65.10411071777344
632 	 73.22322845458984
633 	 46.7448844909668
634 	 46.55614471435547
635 	 50.21672821044922
636 	 54.533023834228516
637 	 81.1294937133789
638 	 53.28870391845703
639 	 82.08379364013672
640 	 93.14823150634766
641 	 65.73117065429688
642 	 62.41565704345703
643 	 61.719234466552734
644 	 61.91551971435547
645 	 64.96512603759766
646 	 65.17674255371094
647 	 58.37105178833008
648 	 53.33720779418945
649 	 51.153175354003906
650 	 71.35411071777344
651 	 60.24998092651367
652 	 67.33589935302734
653 	 59.079036712646484
654 	 60.391719818115234
655 	 41.49566650390625
656 	 56.13296890258789
657 	 49.390865325927734
658 	 52.20095443725586
659 	 54.333473205566406
660 	 82.57740020751953
661 	 57.64220428466797
662 	 38.78610610961914
663 	 38.80194091796875
664 	 36.47917175292969
665 	 55.38426971435547
666 	 57.47028350830078
667 	 40.86961364746094
668 	 55.58684158325195
669 	 44.55155944824219
670 	 37.517906188964844
671 	 78.03515625
672 	 45.65513229370117
673 	 28.961713790893555
674 	 36.261268615722656
675 	 42.088035583496094
676 	 36.89562225341797
677 	 63.76553726196289
678 	 36.997657775878906
679 	 42.614830017089844
680 	 57.45093536376953
681 	 64.81031799316406
682 	 39.88893127441406
683 	 44.974544525146484
684 	 34.715354919433594
685 	 78.95626831054688
686 	 34.41602325439453
687 	 54.73960876464844
688 	 50.947078704833984
689 	 52.37311553955078
690 	 70.08592224121094
691 	 64.71379089355469
692 	 64.86962127685547
693 	 56.55469512939453
694 	 56.18575668334961
695 	 46.05650329589844
696 	 67.70736694335938
697 	 45.27336502075195
698 	 52.20095443725586
699 	 48.72333908081055
700 	 55.44258117675781
701 	 61.49806213378906
702 	 61.37516403198242
703 	 62.67427444458008
704 	 57.94103240966797
705 	 54.68558120727539
706 	 50.95940017700195
707 	 59.54323959350586
708 	 54.1854362487793
709 	 54.403594970703125
710 	 74.57161712646484
711 	 64.86006927490234
712 	 57.25590133666992
713 	 55.51823043823242
714 	 65.2707290649414
715 	 56.12568283081055
716 	 53.109004974365234
717 	 65.70075225830078
718 	 58.131778717041016
719 	 52.507328033447266
720 	 63.898990631103516
721 	 78.84342956542969
722 	 44.217041015625
723 	 46.930118560791016
724 	 44.33868408203125
725 	 56.87086868286133
726 	 49.09958267211914
727 	 64.11891174316406
728 	 58.015419006347656
729 	 72.70449829101562
730 	 53.617435455322266
731 	 55.2216682434082
732 	 58.66082763671875
733 	 58.41855239868164
734 	 70.29150390625
735 	 61.47996139526367
736 	 59.28361511230469
737 	 56.82991027832031
738 	 60.66290283203125
739 	 41.971431732177734
740 	 49.1480827331543
741 	 52.203216552734375
742 	 70.51065826416016
743 	 60.59906768798828
744 	 64.8912353515625
745 	 64.58259582519531
746 	 72.73968505859375
747 	 53.43523406982422
748 	 49.05057144165039
749 	 53.402557373046875
750 	 62.4028434753418
751 	 71.83064270019531
752 	 63.94624710083008
753 	 58.462032318115234
754 	 75.8355484008789
755 	 53.31534957885742
756 	 57.588409423828125
757 	 61.10699462890625
758 	 68.0162353515625
759 	 59.855133056640625
760 	 53.35002899169922
761 	 73.86714935302734
762 	 64.60950469970703
763 	 65.96390533447266
764 	 59.41606903076172
765 	 64.32675170898438
766 	 61.21657180786133
767 	 53.72123336791992
768 	 49.9633903503418
769 	 56.87138366699219
770 	 52.143402099609375
771 	 71.3063735961914
772 	 68.45531463623047
773 	 68.74056243896484
774 	 60.95368194580078
775 	 45.99040603637695
776 	 53.6214599609375
777 	 55.264137268066406
778 	 50.33182907104492
779 	 35.60630798339844
780 	 51.592994689941406
781 	 54.66623306274414
782 	 57.21620178222656
783 	 64.5670166015625
784 	 60.02202224731445
785 	 51.63723373413086
786 	 59.48744583129883
787 	 48.4302864074707
788 	 57.50472640991211
789 	 61.029335021972656
790 	 52.32862854003906
791 	 59.210731506347656
792 	 47.56371307373047
793 	 52.990379333496094
794 	 48.956321716308594
795 	 56.867095947265625
796 	 57.33382034301758
797 	 50.550743103027344
798 	 63.82460021972656
799 	 58.22779083251953
800 	 55.52249526977539
801 	 55.61574172973633
802 	 38.64109420776367
803 	 76.72925567626953
804 	 59.03530502319336
805 	 58.40045166015625
806 	 47.665252685546875
807 	 47.51344680786133
808 	 49.479583740234375
809 	 56.754249572753906
810 	 49.27374267578125
811 	 77.71320343017578
812 	 60.926551818847656
813 	 59.50955581665039
814 	 60.62043762207031
815 	 71.08721160888672
816 	 50.635440826416016
817 	 44.09992599487305
818 	 37.28894805908203
819 	 60.459075927734375
820 	 65.49592590332031
821 	 47.10956573486328
822 	 71.62228393554688
823 	 61.56441116333008
824 	 49.019657135009766
825 	 82.94558715820312
826 	 63.80449295043945
827 	 71.1409912109375
828 	 65.93323516845703
829 	 56.78617477416992
830 	 45.958740234375
831 	 49.49717330932617
832 	 55.02235412597656
833 	 64.96260833740234
834 	 46.43525695800781
835 	 50.807342529296875
836 	 54.221885681152344
837 	 40.501163482666016
838 	 42.18656539916992
839 	 50.68394470214844
840 	 61.43321990966797
841 	 64.83518981933594
842 	 68.7810287475586
843 	 66.45097351074219
844 	 80.43282318115234
845 	 69.4598617553711
846 	 74.82118225097656
847 	 61.704647064208984
848 	 72.16390228271484
849 	 69.75115203857422
850 	 93.97258758544922
851 	 96.79550170898438
852 	 57.004825592041016
853 	 71.65444946289062
854 	 68.83982849121094
855 	 54.78384780883789
856 	 67.16424560546875
857 	 71.93444061279297
858 	 60.25248336791992
859 	 49.718849182128906
860 	 66.31952667236328
861 	 65.31094360351562
862 	 80.86360168457031
863 	 85.95925903320312
864 	 84.89663696289062
865 	 63.09273147583008
866 	 67.27883911132812
867 	 84.779541015625
868 	 66.15567016601562
869 	 67.36204528808594
870 	 107.38792419433594
871 	 88.9073257446289
872 	 99.4781723022461
873 	 65.5778579711914
874 	 50.45322799682617
875 	 83.175048828125
876 	 94.06356048583984
877 	 81.31397247314453
878 	 95.71453857421875
879 	 86.5436019897461
880 	 90.19336700439453
881 	 105.00334930419922
882 	 70.82256317138672
883 	 71.2256851196289
884 	 76.52718353271484
885 	 72.94502258300781
886 	 65.76133728027344
887 	 76.55835723876953
888 	 69.74436950683594
889 	 66.45700073242188
890 	 97.29463195800781
891 	 95.03369140625
892 	 58.0998649597168
893 	 49.99354934692383
894 	 58.14308547973633
895 	 42.41828918457031
896 	 64.77938842773438
897 	 75.3155517578125
898 	 56.803768157958984
899 	 54.23847198486328
900 	 55.45464324951172
901 	 58.560791015625
902 	 51.47059631347656
903 	 75.82775115966797
904 	 74.26448822021484
905 	 43.629940032958984
906 	 59.11623001098633
907 	 66.50902557373047
908 	 51.5590705871582
909 	 47.836910247802734
910 	 36.87098693847656
911 	 39.85274124145508
912 	 48.594913482666016
913 	 70.39405059814453
914 	 53.98136520385742
915 	 61.99091720581055
916 	 67.94309997558594
917 	 71.87862396240234
918 	 67.93254852294922
919 	 62.62752914428711
920 	 57.54267120361328
921 	 58.5859375
922 	 55.773826599121094
923 	 59.62919235229492
924 	 69.44831085205078
925 	 66.55853271484375
926 	 63.52904510498047
927 	 62.15377426147461
928 	 76.56212615966797
929 	 77.18141174316406
930 	 77.46917724609375
931 	 73.60449981689453
932 	 93.46641540527344
933 	 64.0681381225586
934 	 80.94454193115234
935 	 65.35443115234375
936 	 54.27617263793945
937 	 62.56570053100586
938 	 88.82213592529297
939 	 73.1179428100586
940 	 67.4389419555664
941 	 69.91928100585938
942 	 67.03807067871094
943 	 58.12549591064453
944 	 64.65824890136719
945 	 68.90116119384766
946 	 69.3779296875
947 	 64.25235748291016
948 	 71.44032287597656
949 	 56.11035919189453
950 	 58.209693908691406
951 	 59.82371139526367
952 	 72.43331909179688
953 	 77.14897918701172
954 	 83.36531066894531
955 	 61.59457015991211
956 	 67.56058502197266
957 	 71.21035766601562
958 	 60.25448989868164
959 	 60.03583908081055
960 	 76.1235580444336
961 	 79.10404968261719
962 	 71.39985656738281
963 	 65.9103775024414
964 	 60.06071472167969
965 	 50.63217544555664
966 	 69.22512817382812
967 	 48.84749984741211
968 	 64.15007019042969
969 	 73.62435913085938
970 	 78.5523910522461
971 	 68.4173583984375
972 	 72.74018859863281
973 	 74.27982330322266
974 	 57.09957504272461
975 	 56.50016784667969
976 	 67.81919860839844
977 	 60.66389846801758
978 	 57.22650909423828
979 	 69.55010223388672
980 	 69.65489196777344
981 	 67.02046966552734
982 	 60.00291061401367
983 	 56.176700592041016
984 	 62.204044342041016
985 	 69.13514709472656
986 	 82.51457214355469
987 	 89.47257995605469
988 	 94.00926971435547
989 	 81.20263671875
990 	 98.00765991210938
991 	 70.54107666015625
992 	 59.846588134765625
993 	 74.40397644042969
994 	 66.6105728149414
995 	 84.7762680053711
996 	 82.80886840820312
997 	 78.24576568603516
998 	 73.14483642578125
999 	 78.16132354736328
1000 	 72.64895629882812
1001 	 59.624916076660156
1002 	 82.25318908691406
1003 	 60.44147872924805
1004 	 78.95377349853516
1005 	 87.51322174072266
1006 	 77.10173034667969
1007 	 64.81759643554688
1008 	 53.204010009765625
1009 	 56.59968948364258
1010 	 52.510841369628906
1011 	 52.54804229736328
1012 	 74.54244995117188
1013 	 51.727210998535156
1014 	 67.59626770019531
1015 	 87.88016510009766
1016 	 52.57392501831055
1017 	 63.571266174316406
1018 	 65.77565002441406
1019 	 55.52752685546875
1020 	 49.03599166870117
1021 	 64.59617614746094
1022 	 59.419334411621094
1023 	 55.09046936035156
1024 	 58.55175018310547
1025 	 39.06784439086914
1026 	 50.614078521728516
1027 	 58.285850524902344
1028 	 65.20213317871094
1029 	 69.11151885986328
1030 	 71.93292999267578
1031 	 54.663970947265625
1032 	 64.87816619873047
1033 	 66.167724609375
1034 	 58.53868103027344
1035 	 72.68187713623047
1036 	 60.52315902709961
1037 	 75.26400756835938
1038 	 66.90913391113281
1039 	 79.08972930908203
1040 	 102.3586196899414
1041 	 87.65245056152344
1042 	 98.77268981933594
1043 	 99.25147247314453
1044 	 103.5594711303711
1045 	 83.80487823486328
1046 	 73.2446060180664
1047 	 87.65648651123047
1048 	 76.83304595947266
1049 	 100.78958129882812
1050 	 90.81314086914062
1051 	 85.62046813964844
1052 	 115.627197265625
1053 	 82.30018615722656
1054 	 79.96736145019531
1055 	 83.66287994384766
1056 	 68.16401672363281
1057 	 107.10218811035156
1058 	 95.00377655029297
1059 	 82.51029205322266
1060 	 78.26337432861328
1061 	 94.13845825195312
1062 	 89.87217712402344
1063 	 75.72369384765625
1064 	 81.38861846923828
1065 	 81.56629943847656
1066 	 77.78709411621094
1067 	 79.0374526977539
1068 	 66.88326263427734
1069 	 78.97888946533203
1070 	 75.48393249511719
1071 	 56.86836242675781
1072 	 61.10498046875
1073 	 51.37584686279297
1074 	 58.275291442871094
1075 	 80.946533203125
1076 	 76.05243682861328
1077 	 68.51587677001953
1078 	 59.00640106201172
1079 	 60.96775817871094
1080 	 58.02195739746094
1081 	 75.85163116455078
1082 	 71.40690612792969
1083 	 50.589942932128906
1084 	 66.79779815673828
1085 	 86.00072479248047
1086 	 73.76033782958984
1087 	 66.82921600341797
1088 	 75.17028045654297
1089 	 67.909423828125
1090 	 92.16252899169922
1091 	 71.20182037353516
1092 	 80.80302429199219
1093 	 80.74447631835938
1094 	 67.94662475585938
1095 	 78.17363739013672
1096 	 64.96336364746094
1097 	 81.44692993164062
1098 	 81.4323501586914
1099 	 83.20144653320312
1100 	 90.95941925048828
1101 	 86.93541717529297
1102 	 91.12153625488281
1103 	 47.717529296875
1104 	 59.52740478515625
1105 	 39.66147994995117
1106 	 54.023834228515625
1107 	 58.4195556640625
1108 	 61.00571060180664
1109 	 50.251163482666016
1110 	 55.69566345214844
1111 	 49.521053314208984
1112 	 39.05352020263672
1113 	 53.45759582519531
1114 	 47.746681213378906
1115 	 38.738101959228516
1116 	 48.46095657348633
1117 	 55.363162994384766
1118 	 48.18851852416992
1119 	 52.6865234375
1120 	 54.73081970214844
1121 	 48.26240921020508
1122 	 56.25788497924805
1123 	 64.27195739746094
1124 	 64.68187713623047
1125 	 77.04894256591797
1126 	 83.44950866699219
1127 	 66.927490234375
1128 	 62.36162567138672
1129 	 61.64961624145508
1130 	 70.84894561767578
1131 	 59.67091369628906
1132 	 64.87992095947266
1133 	 65.57183074951172
1134 	 67.84307861328125
1135 	 56.59190368652344
1136 	 67.03003692626953
1137 	 56.16288757324219
1138 	 63.14500427246094
1139 	 48.2294807434082
1140 	 65.63818359375
1141 	 67.81869506835938
1142 	 53.90596389770508
1143 	 49.91362762451172
1144 	 55.87838363647461
1145 	 63.46721649169922
1146 	 47.4443359375
1147 	 47.16435623168945
1148 	 64.0895004272461
1149 	 54.5345344543457
1150 	 57.53689193725586
1151 	 40.76631546020508
1152 	 42.301170349121094
1153 	 40.37952423095703
1154 	 32.497894287109375
1155 	 28.935077667236328
1156 	 41.84676742553711
1157 	 58.74225997924805
1158 	 49.47455596923828
1159 	 78.8328628540039
1160 	 35.636722564697266
1161 	 46.690608978271484
1162 	 53.25226593017578
1163 	 55.44785690307617
1164 	 46.342769622802734
1165 	 42.09709548950195
1166 	 70.12387084960938
1167 	 49.30741882324219
1168 	 73.9236831665039
1169 	 72.7381820678711
1170 	 66.7867431640625
1171 	 82.1720199584961
1172 	 68.42288970947266
1173 	 65.45622253417969
1174 	 83.2225570678711
1175 	 66.92874145507812
1176 	 78.18569946289062
1177 	 49.59695816040039
1178 	 60.03533172607422
1179 	 51.82321548461914
1180 	 52.59856033325195
1181 	 56.615272521972656
1182 	 47.488067626953125
1183 	 57.006587982177734
1184 	 41.06639862060547
1185 	 49.548954010009766
1186 	 41.0917854309082
1187 	 38.9745979309082
1188 	 37.81648635864258
1189 	 32.68865203857422
1190 	 45.10623550415039
1191 	 41.201114654541016
1192 	 47.42498016357422
1193 	 47.3586311340332
1194 	 48.420494079589844
1195 	 48.437583923339844
1196 	 38.30707550048828
1197 	 54.25330352783203
1198 	 57.94227981567383
1199 	 52.37813949584961
1200 	 57.67135238647461
1201 	 55.22141647338867
1202 	 57.917396545410156
1203 	 59.058929443359375
1204 	 48.62356185913086
1205 	 48.62859344482422
1206 	 55.72808837890625
1207 	 62.921085357666016
1208 	 60.86647033691406
1209 	 54.77907180786133
1210 	 61.02481460571289
1211 	 64.14830780029297
1212 	 60.01347732543945
1213 	 66.90185546875
1214 	 65.42706298828125
1215 	 74.1300277709961
1216 	 72.79322052001953
1217 	 58.163448333740234
1218 	 64.73993682861328
1219 	 53.31056594848633
1220 	 65.43057250976562
1221 	 79.15885162353516
1222 	 48.45969772338867
1223 	 41.92217254638672
1224 	 61.014259338378906
1225 	 58.504249572753906
1226 	 36.67721939086914
1227 	 43.47161102294922
1228 	 45.1778678894043
1229 	 51.34367752075195
1230 	 49.18276596069336
1231 	 51.0689811706543
1232 	 55.044227600097656
1233 	 51.91444778442383
1234 	 45.528968811035156
1235 	 68.27635955810547
1236 	 64.00505065917969
1237 	 45.39300537109375
1238 	 55.5682373046875
1239 	 47.90502166748047
1240 	 70.79214477539062
1241 	 69.14495086669922
1242 	 63.23825454711914
1243 	 56.58033752441406
1244 	 63.16234588623047
1245 	 60.18613052368164
1246 	 49.94478988647461
1247 	 46.22062301635742
1248 	 59.5809326171875
1249 	 58.54170227050781
1250 	 62.531524658203125
1251 	 52.403778076171875
1252 	 66.9651870727539
1253 	 58.91693115234375
1254 	 62.86829376220703
1255 	 63.24478530883789
1256 	 49.55750274658203
1257 	 57.68744659423828
1258 	 56.23828887939453
1259 	 50.70178985595703
1260 	 52.9602165222168
1261 	 68.80943298339844
1262 	 50.087547302246094
1263 	 54.49130630493164
1264 	 45.15549087524414
1265 	 46.28697204589844
1266 	 59.60908889770508
1267 	 45.82277297973633
1268 	 53.82905578613281
1269 	 45.59180450439453
1270 	 47.33023452758789
1271 	 58.94231414794922
1272 	 60.02427673339844
1273 	 35.392181396484375
1274 	 57.27953338623047
1275 	 54.132659912109375
1276 	 58.21898651123047
1277 	 62.13567352294922
1278 	 59.11396789550781
1279 	 39.92361068725586
1280 	 60.35905075073242
1281 	 62.64612579345703
1282 	 40.28628158569336
1283 	 43.37207794189453
1284 	 45.42491912841797
1285 	 62.277679443359375
1286 	 58.80232620239258
1287 	 42.86690902709961
1288 	 57.77515411376953
1289 	 43.62893295288086
1290 	 48.48231887817383
1291 	 59.22254180908203
1292 	 78.56092834472656
1293 	 53.180885314941406
1294 	 42.347415924072266
1295 	 43.112205505371094
1296 	 51.012935638427734
1297 	 27.41831398010254
1298 	 47.067848205566406
1299 	 47.00350570678711
1300 	 52.95142364501953
1301 	 58.536930084228516
1302 	 62.10150146484375
1303 	 53.323890686035156
1304 	 56.937225341796875
1305 	 39.03014373779297
1306 	 39.48404312133789
1307 	 42.7618522644043
1308 	 37.60913848876953
1309 	 31.542598724365234
1310 	 37.477447509765625
1311 	 32.764801025390625
1312 	 57.631893157958984
1313 	 31.72606658935547
1314 	 35.52111053466797
1315 	 50.31499481201172
1316 	 65.5238265991211
1317 	 62.54986572265625
1318 	 49.02166748046875
1319 	 41.755287170410156
1320 	 49.967918395996094
1321 	 47.67405319213867
1322 	 54.26259994506836
1323 	 72.0364761352539
1324 	 47.328975677490234
1325 	 56.2719612121582
1326 	 47.637611389160156
1327 	 69.75466918945312
1328 	 56.46824645996094
1329 	 42.30519104003906
1330 	 57.60499572753906
1331 	 54.587562561035156
1332 	 53.43171310424805
1333 	 58.86439895629883
1334 	 48.057071685791016
1335 	 58.305702209472656
1336 	 56.45040512084961
1337 	 47.074886322021484
1338 	 59.00790786743164
1339 	 44.62318420410156
1340 	 55.98419189453125
1341 	 51.7772216796875
1342 	 55.921104431152344
1343 	 65.65074157714844
1344 	 49.7746467590332
1345 	 58.61985778808594
1346 	 61.94868850708008
1347 	 49.11515808105469
1348 	 61.90973663330078
1349 	 60.323360443115234
1350 	 49.50697708129883
1351 	 44.57066345214844
1352 	 57.74423599243164
1353 	 56.08823776245117
1354 	 46.62978744506836
1355 	 60.01271438598633
1356 	 53.02305221557617
1357 	 41.00507736206055
1358 	 46.75645446777344
1359 	 55.7047119140625
1360 	 45.6005973815918
1361 	 60.85792922973633
1362 	 55.34832763671875
1363 	 58.518821716308594
1364 	 54.34955978393555
1365 	 54.69186782836914
1366 	 56.445125579833984
1367 	 59.17202377319336
1368 	 54.99420928955078
1369 	 53.21330261230469
1370 	 60.7202033996582
1371 	 59.942344665527344
1372 	 66.8890380859375
1373 	 54.70543670654297
1374 	 54.562435150146484
1375 	 51.45576858520508
1376 	 46.3729248046875
1377 	 50.545963287353516
1378 	 57.073944091796875
1379 	 53.71746826171875
1380 	 56.55143356323242
1381 	 54.57524871826172
1382 	 61.127105712890625
1383 	 47.44609832763672
1384 	 48.57203674316406
1385 	 59.82999801635742
1386 	 60.36306381225586
1387 	 64.40290069580078
1388 	 64.42250061035156
1389 	 45.25251007080078
1390 	 63.12792205810547
1391 	 65.1312484741211
1392 	 59.465084075927734
1393 	 58.3642578125
1394 	 58.74678421020508
1395 	 66.86113739013672
1396 	 79.18523406982422
1397 	 77.9376449584961
1398 	 60.26957321166992
1399 	 57.49467086791992
1400 	 53.867759704589844
1401 	 57.05937194824219
1402 	 57.63189697265625
1403 	 60.98334884643555
1404 	 57.43208694458008
1405 	 64.20510864257812
1406 	 56.10005187988281
1407 	 50.136558532714844
1408 	 53.355560302734375
1409 	 59.20796585083008
1410 	 51.9782829284668
1411 	 54.749916076660156
1412 	 60.012718200683594
1413 	 74.4585189819336
1414 	 54.852203369140625
1415 	 57.39338684082031
1416 	 67.34845733642578
1417 	 53.60865020751953
1418 	 63.481788635253906
1419 	 70.75269317626953
1420 	 59.70811080932617
1421 	 74.60856628417969
1422 	 58.563560485839844
1423 	 58.38034439086914
1424 	 56.47578811645508
1425 	 62.38373947143555
1426 	 67.35901641845703
1427 	 63.58206558227539
1428 	 69.76823425292969
1429 	 63.88039016723633
1430 	 73.83296203613281
1431 	 75.90641784667969
1432 	 73.97747802734375
1433 	 64.30287170410156
1434 	 83.15721130371094
1435 	 87.77057647705078
1436 	 77.47042083740234
1437 	 71.247802734375
1438 	 75.87499237060547
1439 	 85.81425476074219
1440 	 78.23697662353516
1441 	 67.45980072021484
1442 	 81.339111328125
1443 	 64.73793029785156
1444 	 64.02364349365234
1445 	 51.137088775634766
1446 	 52.325618743896484
1447 	 83.46031951904297
1448 	 54.33724594116211
1449 	 58.64046859741211
1450 	 62.30356979370117
1451 	 70.77656555175781
1452 	 51.53242492675781
1453 	 58.97825241088867
1454 	 60.52065658569336
1455 	 53.18365478515625
1456 	 61.21783447265625
1457 	 48.985477447509766
1458 	 56.21063995361328
1459 	 48.27722930908203
1460 	 62.78662109375
1461 	 64.59693145751953
1462 	 66.76185607910156
1463 	 60.839073181152344
1464 	 66.89884185791016
1465 	 58.03425979614258
1466 	 52.19065475463867
1467 	 55.28072738647461
1468 	 59.20344161987305
1469 	 49.05434036254883
1470 	 64.0935287475586
1471 	 53.10121536254883
1472 	 53.56340789794922
1473 	 55.9731330871582
1474 	 62.27190017700195
1475 	 58.07925033569336
1476 	 71.4262466430664
1477 	 69.63352966308594
1478 	 66.54244995117188
1479 	 56.579837799072266
1480 	 65.80179595947266
1481 	 67.10568237304688
1482 	 68.28541564941406
1483 	 50.435882568359375
1484 	 63.17366027832031
1485 	 64.50519561767578
1486 	 55.76226043701172
1487 	 66.63519287109375
1488 	 55.59463119506836
1489 	 60.75136947631836
1490 	 61.67599868774414
1491 	 63.06659698486328
1492 	 64.13700103759766
1493 	 66.15641784667969
1494 	 67.65684509277344
1495 	 65.58563995361328
1496 	 71.48028564453125
1497 	 82.31827545166016
1498 	 59.246665954589844
1499 	 56.37877655029297
1500 	 72.70651245117188
1501 	 55.905277252197266
1502 	 58.65956497192383
1503 	 60.620933532714844
1504 	 67.10064697265625
1505 	 52.71040344238281
1506 	 57.83646774291992
1507 	 49.36799621582031
1508 	 52.84259796142578
1509 	 61.703147888183594
1510 	 54.04294204711914
1511 	 52.12832260131836
1512 	 46.59962463378906
1513 	 52.65058517456055
1514 	 44.517879486083984
1515 	 52.70637893676758
1516 	 46.69763946533203
1517 	 49.78847122192383
1518 	 46.820796966552734
1519 	 51.17679977416992
1520 	 56.522029876708984
1521 	 51.33915328979492
1522 	 42.48061752319336
1523 	 56.562992095947266
1524 	 50.62362289428711
1525 	 46.65365982055664
1526 	 59.25748062133789
1527 	 54.03941345214844
1528 	 55.517723083496094
1529 	 43.92223358154297
1530 	 49.757049560546875
1531 	 49.842254638671875
1532 	 48.7715950012207
1533 	 56.24104309082031
1534 	 57.31697463989258
1535 	 46.338497161865234
1536 	 63.492347717285156
1537 	 44.25825881958008
1538 	 47.0042610168457
1539 	 47.11886978149414
1540 	 58.674400329589844
1541 	 75.6993179321289
1542 	 65.52081298828125
1543 	 54.70643997192383
1544 	 70.97763061523438
1545 	 58.19888687133789
1546 	 55.418704986572266
1547 	 42.87721252441406
1548 	 51.428375244140625
1549 	 53.643070220947266
1550 	 47.3508415222168
1551 	 48.96712875366211
1552 	 48.5077018737793
1553 	 59.25244903564453
1554 	 43.16950607299805
1555 	 43.239627838134766
1556 	 54.412139892578125
1557 	 47.21437072753906
1558 	 61.446537017822266
1559 	 58.380096435546875
1560 	 63.68989181518555
1561 	 46.89619445800781
1562 	 45.23793411254883
1563 	 53.60487747192383
1564 	 47.88918685913086
1565 	 56.141265869140625
1566 	 51.19338607788086
1567 	 61.7101936340332
1568 	 78.60919189453125
1569 	 64.00153350830078
1570 	 79.69945526123047
1571 	 77.38371276855469
1572 	 73.13351440429688
1573 	 55.42121887207031
1574 	 76.09666442871094
1575 	 60.92704391479492
1576 	 57.3353271484375
1577 	 55.84444808959961
1578 	 66.97549438476562
1579 	 61.6083984375
1580 	 55.350341796875
1581 	 61.77350997924805
1582 	 54.26611328125
1583 	 52.53095245361328
1584 	 62.56696319580078
1585 	 44.29319763183594
1586 	 64.37726593017578
1587 	 61.25175857543945
1588 	 71.27922058105469
1589 	 54.91730880737305
1590 	 53.58226013183594
1591 	 51.50151443481445
1592 	 54.122352600097656
1593 	 64.18777465820312
1594 	 64.49036407470703
1595 	 68.4683837890625
1596 	 55.37145233154297
1597 	 44.77901077270508
1598 	 51.873477935791016
1599 	 53.81196594238281
1600 	 63.94950866699219
1601 	 53.99543380737305
1602 	 48.13271713256836
1603 	 51.62089920043945
1604 	 55.710243225097656
1605 	 58.95839309692383
1606 	 53.32866287231445
1607 	 47.92763900756836
1608 	 58.364009857177734
1609 	 51.66990661621094
1610 	 50.572105407714844
1611 	 56.29056167602539
1612 	 49.24283981323242
1613 	 58.16897964477539
1614 	 49.007843017578125
1615 	 49.38935852050781
1616 	 51.84683609008789
1617 	 45.7363166809082
1618 	 60.153202056884766
1619 	 63.92689514160156
1620 	 55.080413818359375
1621 	 53.839111328125
1622 	 53.0753288269043
1623 	 43.159454345703125
1624 	 44.97529220581055
1625 	 55.744171142578125
1626 	 47.88867950439453
1627 	 39.377479553222656
1628 	 48.73817443847656
1629 	 55.1065559387207
1630 	 40.68362808227539
1631 	 59.76615905761719
1632 	 55.26036834716797
1633 	 56.750240325927734
1634 	 52.32008361816406
1635 	 46.996219635009766
1636 	 60.875526428222656
1637 	 45.790348052978516
1638 	 47.158329010009766
1639 	 54.115318298339844
1640 	 52.2979736328125
1641 	 58.675899505615234
1642 	 60.35603713989258
1643 	 56.43180847167969
1644 	 62.76726531982422
1645 	 62.942691802978516
1646 	 51.0174560546875
1647 	 56.103824615478516
1648 	 54.2656135559082
1649 	 49.616058349609375
1650 	 56.95732879638672
1651 	 58.409000396728516
1652 	 58.82997512817383
1653 	 52.145668029785156
1654 	 74.40070343017578
1655 	 54.367401123046875
1656 	 49.080223083496094
1657 	 55.126914978027344
1658 	 49.4549560546875
1659 	 76.9046859741211
1660 	 72.5745620727539
1661 	 57.763084411621094
1662 	 68.77599334716797
1663 	 69.97859954833984
1664 	 78.2068099975586
1665 	 67.58773040771484
1666 	 70.21686553955078
1667 	 73.68693542480469
1668 	 65.03675079345703
1669 	 71.10254669189453
1670 	 60.927555084228516
1671 	 87.36418151855469
1672 	 57.24208068847656
1673 	 74.4783706665039
1674 	 58.97096633911133
1675 	 74.60151672363281
1676 	 83.31680297851562
1677 	 72.39813232421875
1678 	 72.26543426513672
1679 	 75.6744384765625
1680 	 56.993263244628906
1681 	 69.00797271728516
1682 	 61.233917236328125
1683 	 50.84178161621094
1684 	 60.504066467285156
1685 	 48.403907775878906
1686 	 53.226871490478516
1687 	 54.025848388671875
1688 	 56.139766693115234
1689 	 58.145606994628906
1690 	 52.275848388671875
1691 	 54.66044616699219
1692 	 62.461395263671875
1693 	 67.8061294555664
1694 	 48.192535400390625
1695 	 62.40761947631836
1696 	 58.77291488647461
1697 	 55.62680435180664
1698 	 60.6349983215332
1699 	 62.69162368774414
1700 	 60.8443603515625
1701 	 58.26424026489258
1702 	 67.75939178466797
1703 	 55.645652770996094
1704 	 55.63007354736328
1705 	 63.006526947021484
1706 	 69.29574584960938
1707 	 60.22634506225586
1708 	 53.30754470825195
1709 	 60.278621673583984
1710 	 47.38829040527344
1711 	 57.605499267578125
1712 	 65.51929473876953
1713 	 51.51835632324219
1714 	 55.78087615966797
1715 	 54.18016815185547
1716 	 48.79145812988281
1717 	 74.38990783691406
1718 	 66.7983169555664
1719 	 54.852962493896484
1720 	 70.0215835571289
1721 	 56.143531799316406
1722 	 61.557125091552734
1723 	 56.650211334228516
1724 	 48.4991569519043
1725 	 57.65401077270508
1726 	 61.21934509277344
1727 	 54.66346740722656
1728 	 59.2177734375
1729 	 70.37997436523438
1730 	 61.13766098022461
1731 	 54.91604995727539
1732 	 50.203651428222656
1733 	 53.49277877807617
1734 	 57.928707122802734
1735 	 54.862770080566406
1736 	 52.15898895263672
1737 	 58.8131217956543
1738 	 55.505157470703125
1739 	 50.397682189941406
1740 	 72.53912353515625
1741 	 81.3298110961914
1742 	 60.3708610534668
1743 	 67.99739074707031
1744 	 49.13702392578125
1745 	 57.70151138305664
1746 	 52.38216781616211
1747 	 54.241477966308594
1748 	 69.29273223876953
1749 	 59.73400115966797
1750 	 59.32332229614258
1751 	 56.77687454223633
1752 	 57.81938552856445
1753 	 57.28456115722656
1754 	 59.909175872802734
1755 	 51.27908706665039
1756 	 60.841094970703125
1757 	 62.89544677734375
1758 	 50.78723907470703
1759 	 61.32263946533203
1760 	 73.68443298339844
1761 	 54.46340560913086
1762 	 56.43255615234375
1763 	 51.47763442993164
1764 	 48.21766662597656
1765 	 52.739810943603516
1766 	 49.442893981933594
1767 	 50.252662658691406
1768 	 44.67671585083008
1769 	 53.62196350097656
1770 	 69.94090270996094
1771 	 45.08236312866211
1772 	 41.14984130859375
1773 	 52.966495513916016
1774 	 51.02374267578125
1775 	 59.15794372558594
1776 	 58.79378128051758
1777 	 56.587120056152344
1778 	 51.372589111328125
1779 	 62.465423583984375
1780 	 48.37550354003906
1781 	 47.578800201416016
1782 	 56.78567123413086
1783 	 55.14149475097656
1784 	 53.19646453857422
1785 	 59.815162658691406
1786 	 56.8098030090332
1787 	 62.55967330932617
1788 	 51.17578887939453
1789 	 53.04868698120117
1790 	 56.05883026123047
1791 	 70.49282836914062
1792 	 45.955726623535156
1793 	 50.8855094909668
1794 	 57.40870666503906
1795 	 57.8223991394043
1796 	 58.33610916137695
1797 	 51.0938606262207
1798 	 45.74435806274414
1799 	 59.7603874206543
1800 	 50.88677215576172
1801 	 49.549198150634766
1802 	 58.31424331665039
1803 	 59.4308967590332
1804 	 51.144126892089844
1805 	 55.46746063232422
1806 	 51.53042221069336
1807 	 61.805938720703125
1808 	 49.83345031738281
1809 	 60.208251953125
1810 	 51.5296630859375
1811 	 53.82503890991211
1812 	 55.070865631103516
1813 	 65.22700500488281
1814 	 63.315914154052734
1815 	 55.714515686035156
1816 	 68.07981872558594
1817 	 66.48942565917969
1818 	 54.58856964111328
1819 	 51.08028793334961
1820 	 65.57836151123047
1821 	 53.08738327026367
1822 	 50.116451263427734
1823 	 51.33915710449219
1824 	 48.26240921020508
1825 	 59.34770584106445
1826 	 47.560203552246094
1827 	 57.965660095214844
1828 	 57.65803146362305
1829 	 55.795692443847656
1830 	 59.48542404174805
1831 	 63.77885818481445
1832 	 65.31623077392578
1833 	 47.37647247314453
1834 	 48.91862106323242
1835 	 54.58680725097656
1836 	 55.17240524291992
1837 	 60.13713073730469
1838 	 60.774993896484375
1839 	 49.074195861816406
1840 	 58.14611053466797
1841 	 78.81729125976562
1842 	 50.275291442871094
1843 	 47.16963577270508
1844 	 57.97746658325195
1845 	 59.684478759765625
1846 	 58.235836029052734
1847 	 51.240135192871094
1848 	 58.01541519165039
1849 	 61.99845886230469
1850 	 52.410072326660156
1851 	 53.941650390625
1852 	 49.88346862792969
1853 	 60.98862838745117
1854 	 59.763145446777344
1855 	 56.03219223022461
1856 	 54.82406234741211
1857 	 69.89691162109375
1858 	 70.50714874267578
1859 	 63.091983795166016
1860 	 74.4027328491211
1861 	 67.73474884033203
1862 	 59.13508224487305
1863 	 51.281349182128906
1864 	 63.96133041381836
1865 	 53.59256362915039
1866 	 53.34801483154297
1867 	 56.895751953125
1868 	 55.547630310058594
1869 	 49.54693603515625
1870 	 57.5534782409668
1871 	 71.6567153930664
1872 	 66.55200958251953
1873 	 65.95585632324219
1874 	 65.82490539550781
1875 	 64.44688415527344
1876 	 62.16030502319336
1877 	 61.38924026489258
1878 	 65.67034149169922
1879 	 63.549400329589844
1880 	 67.397216796875
1881 	 49.33180236816406
1882 	 49.27425003051758
1883 	 54.02861022949219
1884 	 52.81243896484375
1885 	 47.21588134765625
1886 	 56.3574104309082
1887 	 65.3642349243164
1888 	 55.69994354248047
1889 	 53.54329299926758
1890 	 53.72098922729492
1891 	 40.27622604370117
1892 	 56.40692138671875
1893 	 56.58938980102539
1894 	 51.55479431152344
1895 	 70.5435791015625
1896 	 68.53975677490234
1897 	 73.21595764160156
1898 	 67.12503051757812
1899 	 66.11444091796875
1900 	 74.6708984375
1901 	 60.39950942993164
1902 	 58.792274475097656
1903 	 53.70590591430664
1904 	 46.86955261230469
1905 	 59.847599029541016
1906 	 68.90544128417969
1907 	 53.50107192993164
1908 	 59.66488265991211
1909 	 58.83976745605469
1910 	 51.41405487060547
1911 	 52.671695709228516
1912 	 66.24186706542969
1913 	 58.847572326660156
1914 	 72.82588958740234
1915 	 55.99952697753906
1916 	 60.621185302734375
1917 	 54.671756744384766
1918 	 55.053524017333984
1919 	 57.17372512817383
1920 	 53.114532470703125
1921 	 53.896663665771484
1922 	 60.139888763427734
1923 	 48.92163848876953
1924 	 57.40092468261719
1925 	 49.89753341674805
1926 	 60.033573150634766
1927 	 60.93107604980469
1928 	 63.507930755615234
1929 	 61.87026596069336
1930 	 52.61614990234375
1931 	 56.18046951293945
1932 	 51.8076286315918
1933 	 58.315757751464844
1934 	 47.763519287109375
1935 	 60.86520767211914
1936 	 48.09300994873047
1937 	 53.334442138671875
1938 	 50.51203918457031
1939 	 57.911869049072266
1940 	 53.45307159423828
1941 	 65.20614624023438
1942 	 58.42658996582031
1943 	 54.368160247802734
1944 	 51.43265151977539
1945 	 53.06880187988281
1946 	 51.673675537109375
1947 	 55.16536331176758
1948 	 47.11610412597656
1949 	 60.645057678222656
1950 	 64.3797836303711
1951 	 59.42687225341797
1952 	 61.893653869628906
1953 	 45.591800689697266
1954 	 65.44766998291016
1955 	 60.583980560302734
1956 	 62.17865753173828
1957 	 61.20802688598633
1958 	 50.509273529052734
1959 	 47.591609954833984
1960 	 64.10131072998047
1961 	 50.34490203857422
1962 	 50.86640548706055
1963 	 50.046329498291016
1964 	 54.11405944824219
1965 	 53.067535400390625
1966 	 50.13178634643555
1967 	 60.177337646484375
1968 	 54.03288650512695
1969 	 59.36404037475586
1970 	 62.981903076171875
1971 	 55.71451187133789
1972 	 43.537452697753906
1973 	 47.53229904174805
1974 	 46.31487274169922
1975 	 53.067787170410156
1976 	 61.930091857910156
1977 	 59.86845397949219
1978 	 51.590728759765625
1979 	 52.02880096435547
1980 	 53.217323303222656
1981 	 54.297027587890625
1982 	 56.82563781738281
1983 	 67.77799224853516
1984 	 56.18750762939453
1985 	 58.64574432373047
1986 	 59.422855377197266
1987 	 58.256187438964844
1988 	 60.450782775878906
1989 	 65.09606170654297
1990 	 54.49583053588867
1991 	 50.29539489746094
1992 	 73.3642349243164
1993 	 45.4033088684082
1994 	 53.09492492675781
1995 	 49.97846984863281
1996 	 54.32919692993164
1997 	 59.83753967285156
1998 	 61.18189239501953
1999 	 53.453067779541016
2000 	 53.462379455566406
2001 	 60.826011657714844
2002 	 52.78881072998047
2003 	 57.57056427001953
2004 	 56.48735046386719
2005 	 57.220970153808594
2006 	 62.28998947143555
2007 	 64.87112426757812
2008 	 64.4177474975586
2009 	 58.27427291870117
2010 	 63.91105651855469
2011 	 59.80034637451172
2012 	 62.713985443115234
2013 	 71.02037048339844
2014 	 58.89531326293945
2015 	 49.286067962646484
2016 	 57.28329849243164
2017 	 55.506412506103516
2018 	 60.5792121887207
2019 	 66.83600616455078
2020 	 59.97325897216797
2021 	 75.71665954589844
2022 	 61.452823638916016
2023 	 62.26335525512695
2024 	 57.445159912109375
2025 	 53.4083366394043
2026 	 66.03778839111328
2027 	 50.02471160888672
2028 	 74.9026107788086
2029 	 61.906978607177734
2030 	 47.64691162109375
2031 	 54.681556701660156
2032 	 45.11302185058594
2033 	 58.2825813293457
2034 	 67.03681945800781
2035 	 54.44506072998047
2036 	 60.057952880859375
2037 	 51.696292877197266
2038 	 66.12701416015625
2039 	 59.55580139160156
2040 	 54.53151321411133
2041 	 59.19666290283203
2042 	 56.47401428222656
2043 	 57.21217346191406
2044 	 55.176666259765625
2045 	 54.15101623535156
2046 	 56.01987838745117
2047 	 55.1203727722168
2048 	 55.110076904296875
2049 	 65.45722961425781
2050 	 66.43991088867188
2051 	 61.55033874511719
2052 	 58.81690216064453
2053 	 50.04457092285156
2054 	 57.20815658569336
2055 	 57.075706481933594
2056 	 55.72230529785156
2057 	 44.12430191040039
2058 	 48.50217056274414
2059 	 47.18974304199219
2060 	 62.07158660888672
2061 	 58.25367736816406
2062 	 56.47629165649414
2063 	 61.723758697509766
2064 	 51.55228042602539
2065 	 55.85903549194336
2066 	 46.74614715576172
2067 	 62.28496551513672
2068 	 62.92836380004883
2069 	 57.659793853759766
2070 	 58.28509521484375
2071 	 54.40611267089844
2072 	 66.75833892822266
2073 	 56.59039306640625
2074 	 55.560203552246094
2075 	 51.7606315612793
2076 	 56.48332595825195
2077 	 50.29011535644531
2078 	 49.461238861083984
2079 	 52.43292999267578
2080 	 51.135833740234375
2081 	 64.79070281982422
2082 	 50.066688537597656
2083 	 54.77455139160156
2084 	 59.943092346191406
2085 	 48.05229568481445
2086 	 61.614925384521484
2087 	 59.89007568359375
2088 	 49.435096740722656
2089 	 53.3570556640625
2090 	 63.62202072143555
2091 	 66.89657592773438
2092 	 48.856292724609375
2093 	 51.812400817871094
2094 	 69.97509765625
2095 	 92.2796630859375
2096 	 80.4169921875
2097 	 88.71430969238281
2098 	 71.42474365234375
2099 	 50.36652374267578
2100 	 50.17350387573242
2101 	 49.723873138427734
2102 	 64.47553253173828
2103 	 59.92374801635742
2104 	 53.161537170410156
2105 	 54.985923767089844
2106 	 64.98372650146484
2107 	 60.876277923583984
2108 	 58.02899169921875
2109 	 57.28430938720703
2110 	 54.519954681396484
2111 	 62.214595794677734
2112 	 66.05941009521484
2113 	 69.06201171875
2114 	 65.80255126953125
2115 	 59.339664459228516
2116 	 57.558502197265625
2117 	 52.34295654296875
2118 	 58.44921112060547
2119 	 55.697933197021484
2120 	 48.63613510131836
2121 	 54.651397705078125
2122 	 62.7144889831543
2123 	 59.320308685302734
2124 	 65.60901641845703
2125 	 61.08815002441406
2126 	 53.50408935546875
2127 	 59.67694091796875
2128 	 55.51797103881836
2129 	 55.01859664916992
2130 	 48.704742431640625
2131 	 59.65784454345703
2132 	 42.071964263916016
2133 	 48.41370391845703
2134 	 51.831756591796875
2135 	 56.741943359375
2136 	 55.58332443237305
2137 	 53.873287200927734
2138 	 49.936744689941406
2139 	 57.71356964111328
2140 	 61.58502197265625
2141 	 55.36617660522461
2142 	 52.373870849609375
