0 	 80.6982421875
1 	 70.94671630859375
2 	 75.0202407836914
3 	 69.52069091796875
4 	 79.42398071289062
5 	 83.04688262939453
6 	 59.940086364746094
7 	 57.25867462158203
8 	 59.65784454345703
9 	 63.916839599609375
10 	 64.31317901611328
11 	 62.048973083496094
12 	 57.54970932006836
13 	 69.3060531616211
14 	 74.99560546875
15 	 70.28019714355469
16 	 63.035430908203125
17 	 64.88671112060547
18 	 66.57939910888672
19 	 64.502685546875
20 	 60.904930114746094
21 	 54.095462799072266
22 	 64.78717803955078
23 	 69.25856018066406
24 	 71.51245880126953
25 	 77.42141723632812
26 	 82.97549438476562
27 	 75.47362518310547
28 	 76.13035583496094
29 	 71.06886291503906
30 	 68.92931365966797
31 	 72.46322631835938
32 	 67.07552337646484
33 	 66.5303955078125
34 	 73.43636322021484
35 	 68.59832000732422
36 	 61.4591064453125
37 	 74.86541748046875
38 	 71.81832885742188
39 	 73.15765380859375
40 	 68.23539733886719
41 	 69.28343200683594
42 	 73.69950866699219
43 	 82.8342514038086
44 	 70.96455383300781
45 	 70.05525207519531
46 	 75.7631607055664
47 	 72.41246032714844
48 	 63.38603591918945
49 	 87.71000671386719
50 	 79.61701965332031
51 	 81.67839813232422
52 	 80.54918670654297
53 	 56.252105712890625
54 	 58.13831329345703
55 	 57.79978561401367
56 	 60.666168212890625
57 	 58.374061584472656
58 	 62.34981155395508
59 	 50.850826263427734
60 	 64.3787841796875
61 	 54.92961883544922
62 	 50.681434631347656
63 	 51.6955451965332
64 	 66.68218231201172
65 	 55.51923751831055
66 	 57.18603515625
67 	 64.83820343017578
68 	 60.02755355834961
69 	 58.06895446777344
70 	 61.86601257324219
71 	 67.14413452148438
72 	 60.564884185791016
73 	 58.02647018432617
74 	 46.28672409057617
75 	 44.95368194580078
76 	 63.316158294677734
77 	 42.41828918457031
78 	 48.02213668823242
79 	 51.51106643676758
80 	 57.37981033325195
81 	 57.38383483886719
82 	 41.55422592163086
83 	 41.720603942871094
84 	 59.28964614868164
85 	 63.791683197021484
86 	 50.12725067138672
87 	 48.62080001831055
88 	 56.32499694824219
89 	 47.98469161987305
90 	 56.23802947998047
91 	 72.4737777709961
92 	 65.6630630493164
93 	 63.50541305541992
94 	 62.475730895996094
95 	 63.2183952331543
96 	 59.830501556396484
97 	 62.24174118041992
98 	 56.245567321777344
99 	 53.80166244506836
100 	 63.776100158691406
101 	 66.54622650146484
102 	 46.45033264160156
103 	 66.8548583984375
104 	 63.724063873291016
105 	 60.37889099121094
106 	 75.24944305419922
107 	 72.38984680175781
108 	 70.13896179199219
109 	 71.37096405029297
110 	 72.62483215332031
111 	 67.04837036132812
112 	 58.53692626953125
113 	 47.70671844482422
114 	 67.07803344726562
115 	 61.1859130859375
116 	 50.440406799316406
117 	 54.169857025146484
118 	 57.770626068115234
119 	 62.12110137939453
120 	 55.135955810546875
121 	 45.028831481933594
122 	 54.26938247680664
123 	 57.01312255859375
124 	 59.645023345947266
125 	 47.97639083862305
126 	 68.87930297851562
127 	 50.92421340942383
128 	 68.6784896850586
129 	 49.55925750732422
130 	 60.065494537353516
131 	 63.78388595581055
132 	 47.9655876159668
133 	 52.84260177612305
134 	 57.47531509399414
135 	 58.74678421020508
136 	 53.3060417175293
137 	 59.991600036621094
138 	 62.44707489013672
139 	 62.84920120239258
140 	 67.20671081542969
141 	 60.85969543457031
142 	 47.06281661987305
143 	 50.35395431518555
144 	 58.81740951538086
145 	 56.1953010559082
146 	 59.27104568481445
147 	 61.981868743896484
148 	 61.27463150024414
149 	 61.14645004272461
150 	 51.99989700317383
151 	 61.06879806518555
152 	 48.978187561035156
153 	 56.766571044921875
154 	 66.18582153320312
155 	 57.52935028076172
156 	 58.73496627807617
157 	 46.3090934753418
158 	 61.87379455566406
159 	 48.8781623840332
160 	 57.16190719604492
161 	 70.38021850585938
162 	 59.453521728515625
163 	 65.7570571899414
164 	 57.840248107910156
165 	 62.53076934814453
166 	 62.26285171508789
167 	 64.63009643554688
168 	 63.03870391845703
169 	 52.13611602783203
170 	 63.81203842163086
171 	 68.88607788085938
172 	 78.19123077392578
173 	 87.66175079345703
174 	 70.4322509765625
175 	 73.93148040771484
176 	 61.369632720947266
177 	 64.41948699951172
178 	 69.57999420166016
179 	 75.18183135986328
180 	 54.881614685058594
181 	 79.4139404296875
182 	 70.2324447631836
183 	 48.904300689697266
184 	 59.599029541015625
185 	 61.035369873046875
186 	 59.71866226196289
187 	 45.332679748535156
188 	 63.31843185424805
189 	 55.76578140258789
190 	 55.255088806152344
191 	 50.70706558227539
192 	 55.66550827026367
193 	 62.64311218261719
194 	 59.03354263305664
195 	 68.72498321533203
196 	 66.86842346191406
197 	 55.094242095947266
198 	 65.72664642333984
199 	 58.88652038574219
200 	 55.33024215698242
201 	 61.034114837646484
202 	 67.90289306640625
203 	 61.4892578125
204 	 70.62551879882812
205 	 60.778011322021484
206 	 62.2789306640625
207 	 58.56557846069336
208 	 56.76581954956055
209 	 64.58787536621094
210 	 81.2616958618164
211 	 75.75386047363281
212 	 69.4513168334961
213 	 63.470733642578125
214 	 64.60498046875
215 	 61.71571350097656
216 	 53.29549026489258
217 	 53.35831832885742
218 	 59.32206726074219
219 	 60.20799255371094
220 	 54.743892669677734
221 	 67.12276458740234
222 	 69.36536407470703
223 	 67.71640014648438
224 	 70.06253814697266
225 	 62.78108215332031
226 	 68.77600860595703
227 	 66.05286407470703
228 	 54.72052001953125
229 	 82.41252136230469
230 	 84.54429626464844
231 	 56.44034957885742
232 	 58.301170349121094
233 	 54.04545211791992
234 	 90.8671875
235 	 63.654449462890625
236 	 62.317134857177734
237 	 64.3652114868164
238 	 73.3602066040039
239 	 67.31980895996094
240 	 60.56664276123047
241 	 62.57901382446289
242 	 67.26677703857422
243 	 72.3996353149414
244 	 66.89456176757812
245 	 77.616943359375
246 	 57.43711471557617
247 	 53.34475326538086
248 	 51.63371276855469
249 	 69.73255157470703
250 	 71.36266326904297
251 	 66.63066864013672
252 	 75.06647491455078
253 	 73.11869049072266
254 	 55.615989685058594
255 	 56.453922271728516
256 	 50.55878448486328
257 	 59.4356689453125
258 	 59.171024322509766
259 	 56.43959426879883
260 	 61.385719299316406
261 	 63.67656326293945
262 	 59.10618209838867
263 	 61.692840576171875
264 	 55.74090576171875
265 	 56.37299346923828
266 	 55.87335205078125
267 	 70.30307006835938
268 	 67.37635803222656
269 	 60.743072509765625
270 	 65.64622497558594
271 	 62.294517517089844
272 	 61.18893051147461
273 	 63.87663269042969
274 	 61.13841247558594
275 	 58.43538284301758
276 	 80.59493255615234
277 	 63.8072624206543
278 	 73.1654281616211
279 	 69.31459045410156
280 	 75.38540649414062
281 	 81.51528930664062
282 	 69.81800842285156
283 	 66.89028930664062
284 	 60.01145935058594
285 	 58.87897872924805
286 	 75.56134033203125
287 	 64.92264556884766
288 	 55.908287048339844
289 	 80.68565368652344
290 	 54.919307708740234
291 	 54.243499755859375
292 	 63.402374267578125
293 	 54.59510040283203
294 	 75.25296783447266
295 	 61.865753173828125
296 	 76.33543395996094
297 	 78.06381225585938
298 	 58.11544418334961
299 	 63.46746826171875
300 	 70.55012512207031
301 	 76.43695831298828
302 	 60.991641998291016
303 	 84.84211730957031
304 	 83.83805084228516
305 	 86.1238784790039
306 	 88.46825408935547
307 	 91.10041809082031
308 	 74.89054107666016
309 	 89.63517761230469
310 	 71.76454162597656
311 	 71.56221008300781
312 	 67.31980895996094
313 	 103.91560363769531
314 	 71.98042297363281
315 	 74.73246002197266
316 	 52.43971633911133
317 	 61.686302185058594
318 	 77.39704895019531
319 	 56.917362213134766
320 	 52.77800750732422
321 	 61.56039810180664
322 	 59.521121978759766
323 	 70.02962493896484
324 	 56.23602294921875
325 	 48.47050476074219
326 	 49.0362434387207
327 	 52.98308563232422
328 	 62.23344039916992
329 	 56.59239959716797
330 	 58.95186233520508
331 	 54.547855377197266
332 	 51.82597732543945
333 	 52.145668029785156
334 	 71.14627075195312
335 	 57.04302978515625
336 	 65.28205108642578
337 	 48.93596649169922
338 	 49.80681228637695
339 	 53.30177307128906
340 	 71.68285369873047
341 	 65.29386138916016
342 	 75.2979507446289
343 	 67.05164337158203
344 	 55.09147644042969
345 	 69.85545349121094
346 	 57.86236572265625
347 	 65.48159790039062
348 	 69.37616729736328
349 	 66.8885269165039
350 	 48.85554122924805
351 	 37.77677536010742
352 	 65.2277603149414
353 	 50.12223434448242
354 	 53.32866287231445
355 	 68.66392517089844
356 	 69.92105102539062
357 	 71.90402221679688
358 	 79.70321655273438
359 	 75.82825469970703
360 	 78.21636199951172
361 	 77.39000701904297
362 	 63.31088638305664
363 	 64.06537628173828
364 	 70.2052993774414
365 	 69.53199768066406
366 	 72.68087768554688
367 	 82.14762878417969
368 	 70.29753112792969
369 	 74.6105728149414
370 	 65.61983489990234
371 	 81.15866088867188
372 	 66.67943572998047
373 	 73.92143249511719
374 	 60.0421257019043
375 	 63.908294677734375
376 	 71.9143295288086
377 	 66.15113830566406
378 	 70.85071563720703
379 	 68.7850570678711
380 	 61.41059112548828
381 	 65.58162689208984
382 	 51.107181549072266
383 	 59.894596099853516
384 	 67.5457534790039
385 	 73.11817932128906
386 	 71.84395599365234
387 	 63.26213073730469
388 	 81.85708618164062
389 	 74.987060546875
390 	 66.25343322753906
391 	 90.03630065917969
392 	 65.90055847167969
393 	 86.1879653930664
394 	 83.30650329589844
395 	 76.87955474853516
396 	 86.25357818603516
397 	 83.82272338867188
398 	 85.7968978881836
399 	 85.56217193603516
400 	 87.31466674804688
401 	 53.25502395629883
402 	 79.88542938232422
403 	 75.17052459716797
404 	 72.52530670166016
405 	 55.74618148803711
406 	 60.383934020996094
407 	 73.75957489013672
408 	 65.78973388671875
409 	 70.46793365478516
410 	 83.3147964477539
411 	 86.68685913085938
412 	 66.46604919433594
413 	 71.1744155883789
414 	 73.7271499633789
415 	 91.16374969482422
416 	 80.98021697998047
417 	 73.76535034179688
418 	 87.75550079345703
419 	 79.80476379394531
420 	 77.73330688476562
421 	 66.22552490234375
422 	 99.56010437011719
423 	 77.67350006103516
424 	 86.21208953857422
425 	 94.87409210205078
426 	 90.81163787841797
427 	 83.35250854492188
428 	 75.90665435791016
429 	 76.94012451171875
430 	 80.38105010986328
431 	 67.26200866699219
432 	 75.06672668457031
433 	 90.55076599121094
434 	 84.06675720214844
435 	 75.23787689208984
436 	 80.55699157714844
437 	 85.55236053466797
438 	 75.08558654785156
439 	 80.7708511352539
440 	 77.39000701904297
441 	 75.73625183105469
442 	 81.6982421875
443 	 74.63016510009766
444 	 81.24662017822266
445 	 72.26492309570312
446 	 74.1172103881836
447 	 92.53347778320312
448 	 65.58364868164062
449 	 68.15699005126953
450 	 58.064178466796875
451 	 83.15520477294922
452 	 59.5769157409668
453 	 70.10652923583984
454 	 71.16964721679688
455 	 56.28654098510742
456 	 65.65779113769531
457 	 75.10015106201172
458 	 56.52981948852539
459 	 71.418212890625
460 	 66.78447723388672
461 	 63.477264404296875
462 	 71.36693572998047
463 	 80.18099212646484
464 	 66.40548706054688
465 	 75.31880950927734
466 	 69.25025939941406
467 	 84.96624755859375
468 	 72.681884765625
469 	 71.99851989746094
470 	 81.89302062988281
471 	 77.55862426757812
472 	 78.82105255126953
473 	 73.27224731445312
474 	 71.03392028808594
475 	 80.99655151367188
476 	 77.47469329833984
477 	 79.13143920898438
478 	 67.30372619628906
479 	 68.58424377441406
480 	 64.04702758789062
481 	 65.74197387695312
482 	 72.97443389892578
483 	 75.68473815917969
484 	 86.2191390991211
485 	 77.21482849121094
486 	 63.186729431152344
487 	 65.39212799072266
488 	 87.4056396484375
489 	 74.37256622314453
490 	 74.69049072265625
491 	 72.84197998046875
492 	 61.916778564453125
493 	 81.56378936767578
494 	 61.04817581176758
495 	 74.71336364746094
496 	 69.19470977783203
497 	 75.58772277832031
498 	 84.88006591796875
499 	 91.62166595458984
500 	 85.65615844726562
501 	 63.02488327026367
502 	 74.02699279785156
503 	 73.89705657958984
504 	 66.00838470458984
505 	 76.61967468261719
506 	 51.054656982421875
507 	 60.225345611572266
508 	 77.65187072753906
509 	 77.82353210449219
510 	 86.8625259399414
511 	 77.65314483642578
512 	 69.60588836669922
513 	 73.16040802001953
514 	 77.52194213867188
515 	 59.98985290527344
516 	 68.35728454589844
517 	 75.96295928955078
518 	 75.69454956054688
519 	 82.77191925048828
520 	 68.96475219726562
521 	 67.91043090820312
522 	 62.35710906982422
523 	 74.40674591064453
524 	 79.39936828613281
525 	 69.46513366699219
526 	 53.35329055786133
527 	 75.48945617675781
528 	 73.68366241455078
529 	 61.50258255004883
530 	 69.27941131591797
531 	 73.29562377929688
532 	 63.696163177490234
533 	 85.11907958984375
534 	 60.1992073059082
535 	 68.30074310302734
536 	 74.68169403076172
537 	 59.22832107543945
538 	 63.70848846435547
539 	 66.66661834716797
540 	 53.05548095703125
541 	 74.0131607055664
542 	 59.266273498535156
543 	 68.5538330078125
544 	 43.0692253112793
545 	 60.088619232177734
546 	 42.926727294921875
547 	 62.61018753051758
548 	 56.88645935058594
549 	 50.45599365234375
550 	 52.002410888671875
551 	 52.131591796875
552 	 68.19091033935547
553 	 53.76974868774414
554 	 54.41716384887695
555 	 62.38725662231445
556 	 45.50886154174805
557 	 50.2280387878418
558 	 43.27606964111328
559 	 30.638824462890625
560 	 35.79782485961914
561 	 59.23184585571289
562 	 58.67741012573242
563 	 48.43305587768555
564 	 48.76933288574219
565 	 38.371917724609375
566 	 54.095218658447266
567 	 51.14513397216797
568 	 58.89204406738281
569 	 46.493568420410156
570 	 49.64546203613281
571 	 49.70100402832031
572 	 50.19460678100586
573 	 49.42605209350586
574 	 50.78573989868164
575 	 62.09923553466797
576 	 50.213218688964844
577 	 68.2886734008789
578 	 74.8983383178711
579 	 61.71470642089844
580 	 84.42366027832031
581 	 74.56281280517578
582 	 83.61814880371094
583 	 64.01334381103516
584 	 71.32369995117188
585 	 56.96638107299805
586 	 73.5856704711914
587 	 81.40017700195312
588 	 71.21865844726562
589 	 78.87332916259766
590 	 76.65663146972656
591 	 81.75531005859375
592 	 79.45591735839844
593 	 58.89104461669922
594 	 72.74571990966797
595 	 72.18123626708984
596 	 86.81402587890625
597 	 89.14006042480469
598 	 104.96489715576172
599 	 81.21998596191406
600 	 71.89070892333984
601 	 73.9189224243164
602 	 72.54164123535156
603 	 77.9999771118164
604 	 75.96698760986328
605 	 82.6837158203125
606 	 82.150390625
607 	 76.498779296875
608 	 77.47721099853516
609 	 78.84970092773438
610 	 68.3824234008789
611 	 70.77983856201172
612 	 68.42716217041016
613 	 72.27070617675781
614 	 82.06041717529297
615 	 68.4548110961914
616 	 64.27572631835938
617 	 74.50828552246094
618 	 73.7532958984375
619 	 62.11783981323242
620 	 72.64920806884766
621 	 71.81027221679688
622 	 72.09906005859375
623 	 70.91405487060547
624 	 85.28771209716797
625 	 54.92031478881836
626 	 68.51386260986328
627 	 69.30328369140625
628 	 73.18780517578125
629 	 72.8233871459961
630 	 65.20941925048828
631 	 86.3495864868164
632 	 68.92981719970703
633 	 63.658470153808594
634 	 57.8822135925293
635 	 84.23941802978516
636 	 65.501708984375
637 	 59.601043701171875
638 	 74.15140533447266
639 	 68.39598846435547
640 	 52.397743225097656
641 	 65.40092468261719
642 	 64.80176544189453
643 	 82.48490905761719
644 	 80.20613098144531
645 	 74.14459991455078
646 	 66.97248077392578
647 	 69.68001556396484
648 	 83.7503433227539
649 	 69.85846710205078
650 	 82.33964538574219
651 	 75.43140411376953
652 	 70.2359619140625
653 	 73.60726928710938
654 	 85.12561798095703
655 	 79.40892028808594
656 	 74.12049102783203
657 	 71.03819274902344
658 	 57.18628692626953
659 	 60.10143280029297
660 	 75.52665710449219
661 	 62.466678619384766
662 	 55.78764724731445
663 	 55.732608795166016
664 	 71.52803802490234
665 	 72.0887451171875
666 	 69.57698822021484
667 	 74.2436294555664
668 	 56.62708282470703
669 	 62.14900588989258
670 	 90.28711700439453
671 	 76.4309310913086
672 	 66.31400299072266
673 	 88.76858520507812
674 	 88.48787689208984
675 	 78.5260009765625
676 	 63.4011116027832
677 	 74.10238647460938
678 	 66.62664031982422
679 	 77.8438949584961
680 	 63.814292907714844
681 	 78.64537811279297
682 	 67.19263458251953
683 	 58.175514221191406
684 	 52.63726043701172
685 	 73.54971313476562
686 	 84.80465698242188
687 	 91.94059753417969
688 	 87.80198669433594
689 	 73.9417953491211
690 	 76.15623474121094
691 	 80.1023178100586
692 	 57.9762077331543
693 	 66.14988708496094
694 	 76.20198059082031
695 	 87.99300384521484
696 	 78.33724975585938
697 	 71.02462768554688
698 	 63.54713821411133
699 	 62.43525695800781
700 	 59.00288391113281
701 	 68.26931762695312
702 	 58.87747573852539
703 	 63.3068733215332
704 	 78.8929443359375
705 	 69.22814178466797
706 	 67.42511749267578
707 	 55.388545989990234
708 	 63.09474563598633
709 	 63.53758239746094
710 	 63.69792175292969
711 	 85.76171112060547
712 	 73.22173309326172
713 	 70.49532318115234
714 	 55.743919372558594
715 	 61.187923431396484
716 	 47.844444274902344
717 	 54.889156341552734
718 	 70.12236022949219
719 	 57.53413009643555
720 	 70.09648132324219
721 	 60.17005157470703
722 	 60.42715072631836
723 	 66.40422058105469
724 	 57.14683151245117
725 	 63.08369064331055
726 	 60.56438064575195
727 	 68.01950073242188
728 	 65.9194107055664
729 	 57.49114227294922
730 	 76.70311737060547
731 	 54.84291076660156
732 	 66.4879150390625
733 	 67.32283020019531
734 	 49.898048400878906
735 	 60.59454345703125
736 	 69.25981140136719
737 	 59.74153137207031
738 	 58.87495422363281
739 	 52.80288314819336
740 	 64.7937240600586
741 	 57.228515625
742 	 54.8125
743 	 44.09590530395508
744 	 64.51223754882812
745 	 47.98870849609375
746 	 48.54489517211914
747 	 58.058902740478516
748 	 60.1738166809082
749 	 51.56107711791992
750 	 57.47555923461914
751 	 56.903053283691406
752 	 48.92842483520508
753 	 62.19600296020508
754 	 65.22650909423828
755 	 65.59821319580078
756 	 66.68897247314453
757 	 62.79893493652344
758 	 55.0731315612793
759 	 51.3115119934082
760 	 66.1453628540039
761 	 47.636348724365234
762 	 58.559539794921875
763 	 48.13372802734375
764 	 41.462745666503906
765 	 52.86873245239258
766 	 48.50091552734375
767 	 55.98846435546875
768 	 43.892066955566406
769 	 46.12160110473633
770 	 50.01540756225586
771 	 50.22300720214844
772 	 57.71860122680664
773 	 51.84030532836914
774 	 58.059906005859375
775 	 63.45515060424805
776 	 46.06254196166992
777 	 49.84225082397461
778 	 50.431861877441406
779 	 52.4050407409668
780 	 43.09059143066406
781 	 51.09059524536133
782 	 48.251346588134766
783 	 55.9261360168457
784 	 41.402931213378906
785 	 54.49482345581055
786 	 47.74995040893555
787 	 58.67790985107422
788 	 56.46247482299805
789 	 62.83890151977539
790 	 51.332374572753906
791 	 73.61983489990234
792 	 52.719444274902344
793 	 48.849761962890625
794 	 41.89729309082031
795 	 53.7797966003418
796 	 57.60197448730469
797 	 56.24356460571289
798 	 43.28335952758789
799 	 49.23830795288086
800 	 51.522884368896484
801 	 58.207176208496094
802 	 54.11984634399414
803 	 61.94114685058594
804 	 56.15986633300781
805 	 46.69990539550781
806 	 49.9754524230957
807 	 47.57754135131836
808 	 48.97165298461914
809 	 48.90756607055664
810 	 43.410030364990234
811 	 58.88727569580078
812 	 43.375850677490234
813 	 52.08509826660156
814 	 54.48452377319336
815 	 55.99348831176758
816 	 43.9870719909668
817 	 62.560176849365234
818 	 49.26546096801758
819 	 46.367897033691406
820 	 68.95972442626953
821 	 55.48882293701172
822 	 54.06405258178711
823 	 75.81317138671875
824 	 76.66090393066406
825 	 68.86070251464844
826 	 82.9747543334961
827 	 57.56855773925781
828 	 79.89295959472656
829 	 47.152793884277344
830 	 61.90571212768555
831 	 66.90512084960938
832 	 45.32539367675781
833 	 55.98921585083008
834 	 45.911991119384766
835 	 47.33148956298828
836 	 59.00137710571289
837 	 45.456336975097656
838 	 67.32709503173828
839 	 53.09894943237305
840 	 66.53516387939453
841 	 44.204219818115234
842 	 69.72903442382812
843 	 45.182891845703125
844 	 68.6355209350586
845 	 57.55472946166992
846 	 59.976783752441406
847 	 45.88560485839844
848 	 59.474117279052734
849 	 50.04859161376953
850 	 54.41792297363281
851 	 56.77561950683594
852 	 73.22373962402344
853 	 78.2138442993164
854 	 72.60045623779297
855 	 66.08152770996094
856 	 66.20416259765625
857 	 62.04419708251953
858 	 51.93178176879883
859 	 57.26193618774414
860 	 56.682376861572266
861 	 62.37946319580078
862 	 60.399261474609375
863 	 57.321250915527344
864 	 69.69837951660156
865 	 68.72799682617188
866 	 66.23633575439453
867 	 64.73968505859375
868 	 51.0179557800293
869 	 64.07516479492188
870 	 54.21182632446289
871 	 57.25690460205078
872 	 69.91300201416016
873 	 66.28358459472656
874 	 59.82246398925781
875 	 61.30680465698242
876 	 55.67405700683594
877 	 56.812313079833984
878 	 49.77816390991211
879 	 59.210479736328125
880 	 59.47186279296875
881 	 59.283111572265625
882 	 63.55341339111328
883 	 67.49070739746094
884 	 87.17494201660156
885 	 56.207115173339844
886 	 54.116825103759766
887 	 47.77131271362305
888 	 55.94900131225586
889 	 61.8006591796875
890 	 56.99704360961914
891 	 55.79142761230469
892 	 76.62344360351562
893 	 50.9237174987793
894 	 67.43943786621094
895 	 42.82418441772461
896 	 65.36347198486328
897 	 47.91733169555664
898 	 52.1356086730957
899 	 46.88236618041992
900 	 52.66943359375
901 	 36.45504379272461
902 	 48.869361877441406
903 	 50.99257278442383
904 	 41.71004867553711
905 	 57.129486083984375
906 	 59.99135208129883
907 	 45.144439697265625
908 	 55.709991455078125
909 	 62.86679458618164
910 	 52.06147384643555
911 	 52.110233306884766
912 	 42.47157287597656
913 	 47.538333892822266
914 	 43.00387954711914
915 	 60.95820999145508
916 	 64.85529327392578
917 	 43.793800354003906
918 	 78.81904602050781
919 	 64.40164184570312
920 	 59.815670013427734
921 	 67.3964614868164
922 	 59.95893478393555
923 	 55.6964111328125
924 	 47.70069122314453
925 	 53.394500732421875
926 	 45.863739013671875
927 	 55.959556579589844
928 	 41.754032135009766
929 	 65.90106964111328
930 	 58.162696838378906
931 	 56.55344772338867
932 	 64.63562774658203
933 	 51.64401626586914
934 	 52.843849182128906
935 	 56.937721252441406
936 	 39.58683395385742
937 	 49.418766021728516
938 	 44.92527389526367
939 	 53.472679138183594
940 	 59.63422393798828
941 	 52.81520080566406
942 	 47.83213424682617
943 	 53.8051872253418
944 	 54.083900451660156
945 	 45.07909393310547
946 	 49.86085510253906
947 	 63.355621337890625
948 	 63.30183792114258
949 	 56.87313461303711
950 	 56.748985290527344
951 	 59.638240814208984
952 	 49.33229446411133
953 	 57.971683502197266
954 	 50.07899856567383
955 	 52.18989562988281
956 	 51.00639343261719
957 	 57.461997985839844
958 	 51.91997528076172
959 	 47.53280258178711
960 	 52.59528732299805
961 	 53.012996673583984
962 	 56.425270080566406
963 	 45.26482391357422
964 	 64.90153503417969
965 	 63.95680236816406
966 	 51.559322357177734
967 	 50.23532485961914
968 	 62.534542083740234
969 	 51.806121826171875
970 	 46.71774673461914
971 	 54.73508834838867
972 	 50.46855926513672
973 	 57.964900970458984
974 	 65.33181762695312
975 	 58.33888626098633
976 	 43.39369201660156
977 	 53.50107192993164
978 	 51.021732330322266
979 	 61.205265045166016
980 	 60.28994369506836
981 	 52.97882080078125
982 	 61.65338134765625
983 	 56.57229995727539
984 	 49.227256774902344
985 	 53.70314407348633
986 	 55.7564811706543
987 	 63.377986907958984
988 	 62.062294006347656
989 	 34.40018844604492
990 	 50.324798583984375
991 	 47.19828796386719
992 	 43.397212982177734
993 	 51.0338020324707
994 	 52.96372604370117
995 	 33.64142990112305
996 	 48.205101013183594
997 	 52.31681823730469
998 	 45.7197265625
999 	 45.741844177246094
1000 	 47.018585205078125
1001 	 46.187442779541016
1002 	 42.149620056152344
1003 	 48.78265380859375
1004 	 57.478328704833984
1005 	 57.290592193603516
1006 	 47.84620666503906
1007 	 47.69466018676758
1008 	 58.491676330566406
1009 	 59.41656494140625
1010 	 49.88999938964844
1011 	 58.68822479248047
1012 	 50.078250885009766
1013 	 40.98672866821289
1014 	 53.857452392578125
1015 	 55.86857986450195
1016 	 45.88132858276367
1017 	 59.84986114501953
1018 	 51.08155059814453
1019 	 53.964271545410156
1020 	 58.562313079833984
1021 	 39.27644729614258
1022 	 50.5311393737793
1023 	 52.473899841308594
1024 	 50.88576126098633
1025 	 47.54662322998047
1026 	 59.301963806152344
1027 	 60.245445251464844
1028 	 57.76962661743164
1029 	 54.661197662353516
1030 	 53.64533233642578
1031 	 53.997947692871094
1032 	 52.77775192260742
1033 	 56.074920654296875
1034 	 53.61542892456055
1035 	 56.2930793762207
1036 	 52.844356536865234
1037 	 55.74141311645508
1038 	 66.33436584472656
1039 	 58.37104415893555
1040 	 62.33448028564453
1041 	 51.37786865234375
1042 	 57.597965240478516
1043 	 55.879634857177734
1044 	 56.460208892822266
1045 	 52.88330841064453
1046 	 64.06084442138672
1047 	 70.50614166259766
1048 	 71.77182006835938
1049 	 64.801513671875
1050 	 63.058048248291016
1051 	 40.03470230102539
1052 	 59.435672760009766
1053 	 57.07771301269531
1054 	 60.37236785888672
1055 	 48.249839782714844
1056 	 49.09429931640625
1057 	 49.40695571899414
1058 	 48.65095901489258
1059 	 52.36909484863281
1060 	 49.23027038574219
1061 	 47.95704650878906
1062 	 61.625484466552734
1063 	 62.40962600708008
1064 	 67.44019317626953
1065 	 75.90113067626953
1066 	 47.7607536315918
1067 	 60.11601638793945
1068 	 47.165611267089844
1069 	 53.79538345336914
1070 	 71.45265197753906
1071 	 60.75539779663086
1072 	 66.7746810913086
1073 	 53.929840087890625
1074 	 40.91811752319336
1075 	 53.33318328857422
1076 	 52.51888656616211
1077 	 59.88378143310547
1078 	 58.569847106933594
1079 	 53.996192932128906
1080 	 41.83344650268555
1081 	 44.20824432373047
1082 	 61.47896957397461
1083 	 49.15888977050781
1084 	 52.78403854370117
1085 	 56.50417709350586
1086 	 60.65486526489258
1087 	 63.44987106323242
1088 	 47.59538650512695
1089 	 71.45213317871094
1090 	 55.763526916503906
1091 	 45.10723876953125
1092 	 65.90836334228516
1093 	 63.63484573364258
1094 	 61.91777420043945
1095 	 64.50645446777344
1096 	 61.31333541870117
1097 	 49.60273361206055
1098 	 63.52577209472656
1099 	 52.65283966064453
1100 	 64.3823013305664
1101 	 60.775997161865234
1102 	 57.88322067260742
1103 	 65.42430114746094
1104 	 65.56430053710938
1105 	 58.84856414794922
1106 	 52.97378921508789
1107 	 67.10568237304688
1108 	 54.68532943725586
1109 	 50.43840026855469
1110 	 56.88243865966797
1111 	 60.1871452331543
1112 	 48.70323181152344
1113 	 63.890193939208984
1114 	 67.83277130126953
1115 	 56.575565338134766
1116 	 75.57390594482422
1117 	 55.47550582885742
1118 	 54.14246368408203
1119 	 46.133663177490234
1120 	 58.98051452636719
1121 	 52.97454071044922
1122 	 56.65196228027344
1123 	 51.11497497558594
1124 	 54.68582534790039
1125 	 56.965877532958984
1126 	 38.14120101928711
1127 	 59.51885223388672
1128 	 65.13150024414062
1129 	 57.88547897338867
1130 	 67.55630493164062
1131 	 63.73612976074219
1132 	 61.237186431884766
1133 	 64.66327667236328
1134 	 52.44901657104492
1135 	 51.23259735107422
1136 	 50.91013717651367
1137 	 52.61037826538086
1138 	 51.850608825683594
1139 	 46.91981506347656
1140 	 43.605812072753906
1141 	 58.76186752319336
1142 	 47.5810546875
1143 	 57.475059509277344
1144 	 57.40544891357422
1145 	 63.445091247558594
1146 	 53.25829315185547
1147 	 38.09445571899414
1148 	 56.81909942626953
1149 	 48.27195739746094
1150 	 69.92179870605469
1151 	 57.40971374511719
1152 	 60.516624450683594
1153 	 54.61244583129883
1154 	 44.62594985961914
1155 	 51.120750427246094
1156 	 45.0750732421875
1157 	 54.76248550415039
1158 	 57.10309982299805
1159 	 45.50383377075195
1160 	 50.0777473449707
1161 	 42.00209045410156
1162 	 42.508766174316406
1163 	 59.23334503173828
1164 	 37.773006439208984
1165 	 42.516563415527344
1166 	 39.84670639038086
1167 	 51.39696502685547
1168 	 44.46409225463867
1169 	 45.370880126953125
1170 	 63.878135681152344
1171 	 72.5615005493164
1172 	 52.64027786254883
1173 	 66.5012435913086
1174 	 66.72441864013672
1175 	 62.926361083984375
1176 	 39.59010696411133
1177 	 55.42573928833008
1178 	 56.51750946044922
1179 	 52.289424896240234
1180 	 47.280723571777344
1181 	 56.74797439575195
1182 	 51.17327880859375
1183 	 57.55573272705078
1184 	 52.29445266723633
1185 	 52.49726867675781
1186 	 38.84365463256836
1187 	 54.561431884765625
1188 	 56.20736312866211
1189 	 44.618160247802734
1190 	 49.228763580322266
1191 	 64.30638885498047
1192 	 53.16002655029297
1193 	 54.69361877441406
1194 	 64.06612396240234
1195 	 46.53553771972656
1196 	 56.26517868041992
1197 	 39.09524154663086
1198 	 51.435672760009766
1199 	 56.190025329589844
1200 	 55.311134338378906
1201 	 63.38829803466797
1202 	 53.995182037353516
1203 	 46.49482345581055
1204 	 48.726104736328125
1205 	 46.914031982421875
1206 	 55.5504035949707
1207 	 53.75440979003906
1208 	 75.38115692138672
1209 	 51.69855499267578
1210 	 48.076927185058594
1211 	 54.92936706542969
1212 	 54.66270446777344
1213 	 67.31302642822266
1214 	 54.21710968017578
1215 	 64.08749389648438
1216 	 59.47260665893555
1217 	 61.47618865966797
1218 	 51.863929748535156
1219 	 49.92620086669922
1220 	 72.02717590332031
1221 	 49.849544525146484
1222 	 58.876712799072266
1223 	 71.29456329345703
1224 	 57.38031005859375
1225 	 66.07574462890625
1226 	 48.327999114990234
1227 	 51.42887878417969
1228 	 46.468936920166016
1229 	 51.86895751953125
1230 	 53.52670669555664
1231 	 60.5968017578125
1232 	 70.42044830322266
1233 	 59.665130615234375
1234 	 57.093048095703125
1235 	 48.296085357666016
1236 	 51.9818000793457
1237 	 55.95905685424805
1238 	 46.42947769165039
1239 	 46.27037811279297
1240 	 47.47148132324219
1241 	 54.768516540527344
1242 	 53.633277893066406
1243 	 68.75237274169922
1244 	 55.12465286254883
1245 	 84.79535675048828
1246 	 73.08375549316406
1247 	 51.37308120727539
1248 	 70.67930603027344
1249 	 66.37683868408203
1250 	 50.636695861816406
1251 	 61.26507568359375
1252 	 52.567901611328125
1253 	 56.49136734008789
1254 	 69.63101196289062
1255 	 54.67628479003906
1256 	 46.44078063964844
1257 	 73.21820831298828
1258 	 59.14588928222656
1259 	 67.99185943603516
1260 	 77.65113067626953
1261 	 58.72743225097656
1262 	 47.84947967529297
1263 	 63.41242980957031
1264 	 58.688724517822266
1265 	 59.51408004760742
1266 	 79.01885986328125
1267 	 75.12628936767578
1268 	 66.84781646728516
1269 	 52.18336486816406
1270 	 61.21958923339844
1271 	 53.78757858276367
1272 	 66.72818756103516
1273 	 66.30394744873047
1274 	 65.38710021972656
1275 	 70.06758117675781
1276 	 80.64192199707031
1277 	 61.47217559814453
1278 	 61.887367248535156
1279 	 68.19996643066406
1280 	 54.41867446899414
1281 	 64.37776947021484
1282 	 58.54899215698242
1283 	 65.42430114746094
1284 	 61.409339904785156
1285 	 87.88743591308594
1286 	 67.44672393798828
1287 	 84.46686553955078
1288 	 71.5031509399414
1289 	 81.06791687011719
1290 	 58.8380126953125
1291 	 72.6220703125
1292 	 70.018310546875
1293 	 59.249691009521484
1294 	 70.92560577392578
1295 	 63.7982177734375
1296 	 76.59630584716797
1297 	 94.09071350097656
1298 	 67.62920379638672
1299 	 74.55301666259766
1300 	 76.4593276977539
1301 	 80.10810089111328
1302 	 57.02996063232422
1303 	 58.719886779785156
1304 	 52.8870849609375
1305 	 58.10313034057617
1306 	 59.51760482788086
1307 	 78.89469146728516
1308 	 78.11834716796875
1309 	 67.60405731201172
1310 	 73.36902618408203
1311 	 70.06329345703125
1312 	 66.91517639160156
1313 	 67.36705780029297
1314 	 65.02745056152344
1315 	 82.45726776123047
1316 	 86.84117889404297
1317 	 83.5196304321289
1318 	 63.36567306518555
1319 	 51.188602447509766
1320 	 75.42285919189453
1321 	 67.39571380615234
1322 	 62.712486267089844
1323 	 84.94842529296875
1324 	 69.23643493652344
1325 	 63.750205993652344
1326 	 47.76879119873047
1327 	 56.37776184082031
1328 	 59.47085189819336
1329 	 55.4310188293457
1330 	 71.97062683105469
1331 	 72.76557922363281
1332 	 72.77839660644531
1333 	 70.85195922851562
1334 	 68.61238861083984
1335 	 72.08547973632812
1336 	 89.29638671875
1337 	 92.72977447509766
1338 	 92.60686492919922
1339 	 81.64395904541016
1340 	 82.91417694091797
1341 	 64.34661102294922
1342 	 58.34817886352539
1343 	 84.29622650146484
1344 	 68.22107696533203
1345 	 70.18092346191406
1346 	 78.52449035644531
1347 	 112.36824035644531
1348 	 70.8934326171875
1349 	 84.59530639648438
1350 	 83.52388763427734
1351 	 87.60118103027344
1352 	 79.99701690673828
1353 	 60.184120178222656
1354 	 85.65162658691406
1355 	 76.6903076171875
1356 	 72.5544662475586
1357 	 72.36671447753906
1358 	 74.88829040527344
1359 	 78.08392333984375
1360 	 57.705780029296875
1361 	 47.01481246948242
1362 	 64.44915008544922
1363 	 63.03468704223633
1364 	 66.18934631347656
1365 	 58.49871826171875
1366 	 77.52521514892578
1367 	 63.69189453125
1368 	 68.02981567382812
1369 	 61.828304290771484
1370 	 68.2115249633789
1371 	 55.949005126953125
1372 	 70.71800231933594
1373 	 60.237152099609375
1374 	 61.74888229370117
1375 	 48.235260009765625
1376 	 67.69805908203125
1377 	 56.503440856933594
1378 	 74.90110778808594
1379 	 92.79988861083984
1380 	 89.22198486328125
1381 	 64.78919219970703
1382 	 68.01448059082031
1383 	 61.535003662109375
1384 	 70.22465515136719
1385 	 57.08098602294922
1386 	 56.120914459228516
1387 	 75.89887237548828
1388 	 67.27783966064453
1389 	 66.31977844238281
1390 	 53.37264633178711
1391 	 69.80594635009766
1392 	 62.50387954711914
1393 	 57.660797119140625
1394 	 59.09436798095703
1395 	 50.33560562133789
1396 	 53.11176681518555
1397 	 60.71039581298828
1398 	 78.09396362304688
1399 	 76.89389038085938
1400 	 84.9431381225586
1401 	 76.30803680419922
1402 	 78.77933502197266
1403 	 71.90754699707031
1404 	 58.37431716918945
1405 	 48.681373596191406
1406 	 63.91257095336914
1407 	 60.33341598510742
1408 	 59.960182189941406
1409 	 55.16938781738281
1410 	 59.763404846191406
1411 	 52.66465759277344
1412 	 51.921485900878906
1413 	 61.11680221557617
1414 	 65.2506332397461
1415 	 51.76491165161133
1416 	 70.4913101196289
1417 	 54.05424499511719
1418 	 58.45951843261719
1419 	 57.277015686035156
1420 	 51.67316818237305
1421 	 64.74244689941406
1422 	 60.82148361206055
1423 	 55.09272766113281
1424 	 73.65225219726562
1425 	 48.46874237060547
1426 	 62.938167572021484
1427 	 68.29822540283203
1428 	 67.55933380126953
1429 	 64.3448486328125
1430 	 47.28800964355469
1431 	 63.087955474853516
1432 	 69.864501953125
1433 	 58.90687561035156
1434 	 59.082054138183594
1435 	 64.74295043945312
1436 	 54.78058624267578
1437 	 55.32018280029297
1438 	 62.921836853027344
1439 	 50.80030822753906
1440 	 55.085693359375
1441 	 69.21256256103516
1442 	 65.9789810180664
1443 	 64.33505249023438
1444 	 56.52805709838867
1445 	 39.43025588989258
1446 	 47.078147888183594
1447 	 41.247108459472656
1448 	 50.47005844116211
1449 	 64.169677734375
1450 	 66.95161437988281
1451 	 57.189056396484375
1452 	 54.28245544433594
1453 	 62.98868179321289
1454 	 60.25373840332031
1455 	 46.93992233276367
1456 	 45.893898010253906
1457 	 75.89713287353516
1458 	 59.87423324584961
1459 	 80.25991821289062
1460 	 73.85131072998047
1461 	 52.4221305847168
1462 	 71.67707061767578
1463 	 56.57103729248047
1464 	 53.30227279663086
1465 	 60.50456237792969
1466 	 54.128639221191406
1467 	 51.394447326660156
1468 	 51.249942779541016
1469 	 57.22549819946289
1470 	 51.40676498413086
1471 	 59.65658950805664
1472 	 56.448646545410156
1473 	 42.28156661987305
1474 	 53.74309539794922
1475 	 46.45285415649414
1476 	 46.98792266845703
1477 	 64.79296875
1478 	 52.28364562988281
1479 	 53.433475494384766
1480 	 38.54734420776367
1481 	 45.850162506103516
1482 	 63.16939163208008
1483 	 54.224403381347656
1484 	 47.80021286010742
1485 	 67.63095092773438
1486 	 46.83285903930664
1487 	 42.90385055541992
1488 	 61.635292053222656
1489 	 57.497684478759766
1490 	 47.33802032470703
1491 	 57.805049896240234
1492 	 48.06084442138672
1493 	 42.111167907714844
1494 	 69.02857971191406
1495 	 49.75604248046875
1496 	 55.68912887573242
1497 	 67.73348999023438
1498 	 65.01715087890625
1499 	 58.403968811035156
1500 	 56.60044860839844
1501 	 67.2129898071289
1502 	 48.4770393371582
1503 	 46.40635299682617
1504 	 48.796478271484375
1505 	 48.94601821899414
1506 	 54.40887451171875
1507 	 49.741214752197266
1508 	 64.78040313720703
1509 	 50.16093444824219
1510 	 42.03099060058594
1511 	 58.67766189575195
1512 	 51.50201416015625
1513 	 73.36724853515625
1514 	 44.91874313354492
1515 	 49.25213623046875
1516 	 47.90777587890625
1517 	 59.67995834350586
1518 	 68.38142395019531
1519 	 61.30781555175781
1520 	 67.20872497558594
1521 	 56.02742004394531
1522 	 57.857337951660156
1523 	 50.16495132446289
1524 	 53.580745697021484
1525 	 48.902042388916016
1526 	 57.21870422363281
1527 	 60.250221252441406
1528 	 66.74250793457031
1529 	 50.34164047241211
1530 	 59.27205276489258
1531 	 55.02889633178711
1532 	 45.33821105957031
1533 	 51.458797454833984
1534 	 57.0156364440918
1535 	 58.909645080566406
1536 	 68.82626342773438
1537 	 69.71068572998047
1538 	 67.15695190429688
1539 	 53.416629791259766
1540 	 73.98954772949219
1541 	 57.228759765625
1542 	 76.89287567138672
1543 	 56.25990295410156
1544 	 60.56739044189453
1545 	 52.20020294189453
1546 	 67.88529205322266
1547 	 76.24344635009766
1548 	 71.51974487304688
1549 	 77.73934936523438
1550 	 76.7111587524414
1551 	 93.34174346923828
1552 	 59.614871978759766
1553 	 51.30522918701172
1554 	 48.92013168334961
1555 	 51.84935760498047
1556 	 62.961788177490234
1557 	 47.65092468261719
1558 	 74.16094970703125
1559 	 91.7862777709961
1560 	 56.27471923828125
1561 	 75.302978515625
1562 	 70.86881256103516
1563 	 68.02101135253906
1564 	 53.40782928466797
1565 	 61.28242111206055
1566 	 44.411319732666016
1567 	 64.09779357910156
1568 	 50.67212677001953
1569 	 49.200111389160156
1570 	 79.40312957763672
1571 	 51.89533615112305
1572 	 45.11301803588867
1573 	 52.84059143066406
1574 	 69.98036193847656
1575 	 70.88036346435547
1576 	 77.2444839477539
1577 	 72.263427734375
1578 	 74.87168884277344
1579 	 53.785579681396484
1580 	 60.46812057495117
1581 	 48.32473373413086
1582 	 54.54232406616211
1583 	 58.19587707519531
1584 	 76.1361312866211
1585 	 62.7401237487793
1586 	 46.73509216308594
1587 	 75.52942657470703
1588 	 57.778167724609375
1589 	 68.17633056640625
1590 	 60.0071907043457
1591 	 52.10017395019531
1592 	 52.1617546081543
1593 	 49.43107986450195
1594 	 52.00944900512695
1595 	 70.80974578857422
1596 	 38.23268508911133
1597 	 55.48957824707031
1598 	 65.2237319946289
1599 	 57.179500579833984
1600 	 62.68885040283203
1601 	 55.631080627441406
1602 	 71.41468811035156
1603 	 61.77980422973633
1604 	 38.88010025024414
1605 	 55.700687408447266
1606 	 51.62541961669922
1607 	 57.478336334228516
1608 	 57.58012008666992
1609 	 54.4792366027832
1610 	 50.96995544433594
1611 	 64.08120727539062
1612 	 46.83436584472656
1613 	 68.07806396484375
1614 	 70.31890106201172
1615 	 55.445350646972656
1616 	 60.52063751220703
1617 	 56.908329010009766
1618 	 59.609336853027344
1619 	 64.13573455810547
1620 	 57.033485412597656
1621 	 73.1802749633789
1622 	 84.9001693725586
1623 	 56.64091491699219
1624 	 66.4869155883789
1625 	 66.2778091430664
1626 	 69.17586517333984
1627 	 66.33260345458984
1628 	 55.05252456665039
1629 	 62.74464797973633
1630 	 55.408145904541016
1631 	 49.507484436035156
1632 	 61.58226013183594
1633 	 56.91083908081055
1634 	 64.2302474975586
1635 	 52.08007049560547
1636 	 60.38066101074219
1637 	 71.61247253417969
1638 	 82.210205078125
1639 	 50.29262924194336
1640 	 61.1431884765625
1641 	 56.56098175048828
1642 	 63.069862365722656
1643 	 58.60402297973633
1644 	 51.65884017944336
1645 	 58.91340637207031
1646 	 71.43756103515625
1647 	 59.174041748046875
1648 	 81.6814193725586
1649 	 63.87712860107422
1650 	 64.64091491699219
1651 	 76.66341400146484
1652 	 73.84854125976562
1653 	 59.42988967895508
1654 	 69.71295166015625
1655 	 56.908321380615234
1656 	 68.0979232788086
1657 	 61.6425666809082
1658 	 45.45433044433594
1659 	 63.502140045166016
1660 	 64.68639373779297
1661 	 75.71389770507812
1662 	 76.34674072265625
1663 	 67.29393005371094
1664 	 94.66876220703125
1665 	 67.79281616210938
1666 	 73.04379272460938
1667 	 48.2387809753418
1668 	 62.82054901123047
1669 	 52.48446273803711
1670 	 59.669403076171875
1671 	 53.125587463378906
1672 	 47.187225341796875
1673 	 49.60600662231445
1674 	 62.525733947753906
1675 	 62.42948532104492
1676 	 38.566192626953125
1677 	 56.57028579711914
1678 	 60.19718933105469
1679 	 62.86679458618164
1680 	 42.04356002807617
1681 	 56.39108657836914
1682 	 56.782657623291016
1683 	 69.48148345947266
1684 	 63.29003143310547
1685 	 59.377357482910156
1686 	 67.60079956054688
1687 	 51.299949645996094
1688 	 68.73076629638672
1689 	 54.09069061279297
1690 	 65.39765930175781
1691 	 50.67112731933594
1692 	 57.54543685913086
1693 	 45.120059967041016
1694 	 51.77521514892578
1695 	 60.29621124267578
1696 	 60.443241119384766
1697 	 58.472328186035156
1698 	 65.00458526611328
1699 	 58.43966293334961
1700 	 62.47120666503906
1701 	 64.365966796875
1702 	 52.2130241394043
1703 	 49.381065368652344
1704 	 60.01774215698242
1705 	 44.08584976196289
1706 	 56.26342010498047
1707 	 63.45866394042969
1708 	 67.13935852050781
1709 	 71.29959106445312
1710 	 70.55867767333984
1711 	 55.79016876220703
1712 	 61.4726676940918
1713 	 44.458065032958984
1714 	 64.86811065673828
1715 	 70.46089935302734
1716 	 56.110103607177734
1717 	 52.817718505859375
1718 	 61.14897537231445
1719 	 33.42906188964844
1720 	 57.793495178222656
1721 	 59.005149841308594
1722 	 39.537322998046875
1723 	 51.32080841064453
1724 	 56.99427795410156
1725 	 60.676727294921875
1726 	 57.020164489746094
1727 	 59.09336471557617
1728 	 37.38470458984375
1729 	 61.1693229675293
1730 	 66.54572296142578
1731 	 55.32119369506836
1732 	 51.90815734863281
1733 	 60.46385192871094
1734 	 55.44508743286133
1735 	 53.4852409362793
1736 	 67.04334259033203
1737 	 61.949440002441406
1738 	 54.01278305053711
1739 	 39.6705322265625
1740 	 66.05966186523438
1741 	 63.09650802612305
1742 	 53.03485870361328
1743 	 56.520023345947266
1744 	 56.23099899291992
1745 	 56.37023162841797
1746 	 60.42890930175781
1747 	 56.58335876464844
1748 	 60.289424896240234
1749 	 68.47868347167969
1750 	 67.08808898925781
1751 	 62.4453125
1752 	 71.16412353515625
1753 	 71.1570816040039
1754 	 76.42314147949219
1755 	 60.01247024536133
1756 	 61.8087043762207
1757 	 70.98592376708984
1758 	 78.08818817138672
1759 	 77.52923583984375
1760 	 68.05418395996094
1761 	 70.36363983154297
1762 	 78.3118667602539
1763 	 66.45223236083984
1764 	 73.51376342773438
1765 	 59.51810836791992
1766 	 58.833736419677734
1767 	 77.74713897705078
1768 	 75.39923095703125
1769 	 75.92701721191406
1770 	 74.67843627929688
1771 	 70.65618133544922
1772 	 66.42784881591797
1773 	 59.74982452392578
1774 	 62.59837341308594
1775 	 55.44810485839844
1776 	 63.377742767333984
1777 	 53.77476501464844
1778 	 66.31449890136719
1779 	 70.48326873779297
1780 	 81.42228698730469
1781 	 63.50214767456055
1782 	 73.58792114257812
1783 	 73.50598907470703
1784 	 63.513206481933594
1785 	 59.25395965576172
1786 	 62.35584259033203
1787 	 66.68722534179688
1788 	 60.96123123168945
1789 	 74.77393341064453
1790 	 65.86210632324219
1791 	 71.87889862060547
1792 	 81.68041229248047
1793 	 66.32329559326172
1794 	 73.12321472167969
1795 	 55.75472640991211
1796 	 50.69475555419922
1797 	 80.15636444091797
1798 	 73.37655639648438
1799 	 50.662837982177734
1800 	 67.44699096679688
1801 	 72.65147399902344
1802 	 52.500038146972656
1803 	 75.56938171386719
1804 	 75.9782943725586
1805 	 56.22043228149414
1806 	 60.48823547363281
1807 	 75.5284194946289
1808 	 74.918701171875
1809 	 78.1128158569336
1810 	 56.25587463378906
1811 	 66.9737319946289
1812 	 56.62155532836914
1813 	 63.67933654785156
1814 	 72.42076110839844
1815 	 61.80040740966797
1816 	 48.78792190551758
1817 	 46.40458679199219
1818 	 64.31167602539062
1819 	 66.6837158203125
1820 	 61.189430236816406
1821 	 52.347984313964844
1822 	 62.165340423583984
1823 	 65.36875915527344
1824 	 67.30623626708984
1825 	 64.45291900634766
1826 	 82.6809310913086
1827 	 73.93097686767578
1828 	 57.40595245361328
1829 	 51.39143371582031
1830 	 55.776588439941406
1831 	 58.84454345703125
1832 	 59.58721160888672
1833 	 72.35113525390625
1834 	 69.06352233886719
1835 	 76.47895050048828
1836 	 61.69233703613281
1837 	 74.89004516601562
1838 	 51.613853454589844
1839 	 61.063270568847656
1840 	 65.75605773925781
1841 	 72.50243377685547
1842 	 70.69288635253906
1843 	 58.27102279663086
1844 	 73.29688262939453
1845 	 49.67361068725586
1846 	 65.4295883178711
1847 	 80.54666900634766
1848 	 70.28446960449219
1849 	 66.88249206542969
1850 	 67.97100067138672
1851 	 73.47105407714844
1852 	 75.2132568359375
1853 	 69.62725067138672
1854 	 64.08045196533203
1855 	 85.84767150878906
1856 	 55.51546096801758
1857 	 64.58512115478516
1858 	 71.14803314208984
1859 	 64.55596160888672
1860 	 74.46329498291016
1861 	 71.01180267333984
1862 	 48.322975158691406
1863 	 56.64693832397461
1864 	 54.807228088378906
1865 	 65.15865325927734
1866 	 71.7481918334961
1867 	 56.70323181152344
1868 	 70.57022857666016
1869 	 65.58641052246094
1870 	 55.75196075439453
1871 	 59.8031120300293
1872 	 69.07759094238281
1873 	 75.72193908691406
1874 	 68.33744049072266
1875 	 80.69017791748047
1876 	 70.27315521240234
1877 	 66.89179992675781
1878 	 64.90555572509766
1879 	 56.5413818359375
1880 	 73.84150695800781
1881 	 62.06454849243164
1882 	 61.674495697021484
1883 	 51.49648666381836
1884 	 66.50651550292969
1885 	 62.5868034362793
1886 	 69.47042083740234
1887 	 65.99983978271484
1888 	 83.40275573730469
1889 	 52.51913070678711
1890 	 60.360809326171875
1891 	 62.96506118774414
1892 	 61.897666931152344
1893 	 52.25046920776367
1894 	 54.941680908203125
1895 	 50.56380844116211
1896 	 58.75457000732422
1897 	 43.23736572265625
1898 	 51.34468460083008
1899 	 68.3072738647461
1900 	 56.370479583740234
1901 	 66.23885345458984
1902 	 65.6432113647461
1903 	 63.445098876953125
1904 	 67.9732666015625
1905 	 54.32416915893555
1906 	 56.13725280761719
1907 	 53.016517639160156
1908 	 56.21540832519531
1909 	 47.02336120605469
1910 	 55.454891204833984
1911 	 64.17244720458984
1912 	 58.63543701171875
1913 	 65.45219421386719
1914 	 73.53966522216797
1915 	 59.37534713745117
1916 	 48.52655029296875
1917 	 49.95207977294922
1918 	 63.651187896728516
1919 	 64.55194091796875
1920 	 66.18079376220703
1921 	 67.10718536376953
1922 	 63.38703536987305
1923 	 56.69267272949219
1924 	 42.380088806152344
1925 	 53.28217315673828
1926 	 50.93326187133789
1927 	 63.442073822021484
1928 	 54.0693244934082
1929 	 47.25809860229492
1930 	 52.22081756591797
1931 	 46.75494384765625
1932 	 60.640533447265625
1933 	 63.251319885253906
1934 	 75.4816665649414
1935 	 71.4858169555664
1936 	 73.45873260498047
1937 	 66.29867553710938
1938 	 75.81192779541016
1939 	 67.63372039794922
1940 	 66.87220001220703
1941 	 57.970680236816406
1942 	 63.95829391479492
1943 	 53.675498962402344
1944 	 59.180328369140625
1945 	 59.9644660949707
1946 	 50.35898208618164
1947 	 54.965065002441406
1948 	 50.40220642089844
1949 	 52.67496109008789
1950 	 58.28609848022461
1951 	 60.51108932495117
1952 	 72.74119567871094
1953 	 55.05075454711914
1954 	 69.3643569946289
1955 	 56.73163604736328
1956 	 70.39253234863281
1957 	 53.56591796875
1958 	 51.66110610961914
1959 	 59.97024154663086
1960 	 71.7265853881836
1961 	 56.43733215332031
1962 	 56.45442581176758
1963 	 64.21289825439453
1964 	 60.13762664794922
1965 	 57.66481399536133
1966 	 61.36436080932617
1967 	 55.00602722167969
1968 	 60.113502502441406
1969 	 62.32191848754883
1970 	 57.51401901245117
1971 	 60.566890716552734
1972 	 51.00337600708008
1973 	 62.38323211669922
1974 	 55.577789306640625
1975 	 62.238731384277344
1976 	 63.97111892700195
1977 	 75.49222564697266
1978 	 67.38666534423828
1979 	 57.7025146484375
1980 	 63.19175338745117
1981 	 50.89179611206055
1982 	 39.52526092529297
1983 	 55.449363708496094
1984 	 63.62328338623047
1985 	 65.47933959960938
1986 	 57.09178161621094
1987 	 60.81571578979492
1988 	 65.34613800048828
1989 	 62.082645416259766
1990 	 64.96260070800781
1991 	 80.35139465332031
1992 	 69.9072265625
1993 	 66.44142150878906
1994 	 74.7661361694336
1995 	 65.8208999633789
1996 	 68.94213104248047
1997 	 61.40834045410156
1998 	 53.603614807128906
1999 	 64.7333984375
2000 	 58.07071304321289
2001 	 62.73911666870117
2002 	 59.37786102294922
2003 	 62.03213882446289
2004 	 62.347808837890625
2005 	 60.82174301147461
2006 	 64.85302734375
2007 	 71.01180267333984
2008 	 55.51370620727539
2009 	 75.70057678222656
2010 	 70.82733917236328
2011 	 74.26423645019531
2012 	 69.27337646484375
2013 	 61.58527755737305
2014 	 70.74213409423828
2015 	 64.6529769897461
2016 	 73.52030944824219
2017 	 72.31443786621094
2018 	 76.66793823242188
2019 	 73.39942169189453
2020 	 53.255279541015625
2021 	 67.51307678222656
2022 	 62.490055084228516
2023 	 77.99016571044922
2024 	 64.3114242553711
2025 	 51.34543991088867
2026 	 60.37287139892578
2027 	 54.8979606628418
2028 	 63.48103332519531
2029 	 60.024024963378906
2030 	 62.56117630004883
2031 	 60.82551193237305
2032 	 77.2623291015625
2033 	 77.35908508300781
2034 	 74.17450714111328
2035 	 67.5977783203125
2036 	 68.122802734375
2037 	 57.41022491455078
2038 	 72.52882385253906
2039 	 78.3638916015625
2040 	 64.11036682128906
2041 	 69.44879913330078
2042 	 60.74860382080078
2043 	 53.734310150146484
2044 	 80.04401397705078
2045 	 58.360992431640625
2046 	 52.82877731323242
2047 	 57.325775146484375
2048 	 53.105491638183594
2049 	 58.27252960205078
2050 	 50.94733428955078
2051 	 63.98167419433594
2052 	 67.47010040283203
2053 	 57.46199417114258
2054 	 70.53353118896484
2055 	 73.9239501953125
2056 	 69.65161895751953
2057 	 59.52815628051758
2058 	 66.71712493896484
2059 	 62.87282180786133
2060 	 60.858943939208984
2061 	 58.81162643432617
2062 	 58.93050003051758
2063 	 73.30592346191406
2064 	 68.03935241699219
2065 	 74.04557800292969
2066 	 50.03551483154297
2067 	 54.752437591552734
2068 	 59.32207489013672
2069 	 74.54598236083984
2070 	 54.83686828613281
2071 	 64.8306655883789
2072 	 67.45452117919922
2073 	 52.11750411987305
2074 	 70.78360748291016
2075 	 68.88909912109375
2076 	 65.39389038085938
2077 	 52.29269027709961
2078 	 55.737892150878906
2079 	 53.97608184814453
2080 	 68.46737670898438
2081 	 64.9887466430664
2082 	 62.550621032714844
2083 	 72.35993194580078
2084 	 59.17253112792969
2085 	 69.22637176513672
2086 	 76.92479705810547
2087 	 80.69319915771484
2088 	 60.482444763183594
2089 	 66.92346954345703
2090 	 71.9995346069336
2091 	 67.75033569335938
2092 	 61.316864013671875
2093 	 62.16759490966797
2094 	 77.29951477050781
2095 	 63.19175338745117
2096 	 76.719970703125
2097 	 70.51695251464844
2098 	 71.19779205322266
2099 	 64.28101348876953
2100 	 81.54117584228516
2101 	 72.52580261230469
2102 	 58.22050857543945
2103 	 61.16404724121094
2104 	 65.3174819946289
2105 	 72.2938232421875
2106 	 70.9095230102539
2107 	 57.344879150390625
2108 	 60.3831787109375
2109 	 69.59306335449219
2110 	 75.34319305419922
2111 	 56.75225067138672
2112 	 71.17039489746094
2113 	 73.56932830810547
2114 	 58.31424331665039
2115 	 63.72256088256836
2116 	 73.75051879882812
2117 	 63.14476013183594
2118 	 84.95697021484375
2119 	 84.23565673828125
2120 	 76.7837905883789
2121 	 89.1646957397461
2122 	 79.70221710205078
2123 	 59.80512237548828
2124 	 55.62126922607422
2125 	 69.40231323242188
2126 	 64.87213897705078
2127 	 72.86560821533203
2128 	 67.34972381591797
2129 	 71.8238525390625
2130 	 64.03595733642578
2131 	 67.66841125488281
2132 	 66.30017852783203
2133 	 70.35433197021484
2134 	 59.631202697753906
2135 	 61.348514556884766
2136 	 80.0510482788086
2137 	 58.88149642944336
2138 	 74.26573944091797
2139 	 69.49077606201172
2140 	 60.0592155456543
2141 	 69.45081329345703
2142 	 66.31977081298828
