0 	 13524.912109375
1 	 13589.4072265625
2 	 13701.2783203125
3 	 13672.2685546875
4 	 13807.380859375
5 	 13715.400390625
6 	 13754.6806640625
7 	 13805.6396484375
8 	 13875.33984375
9 	 13819.5517578125
10 	 13757.1728515625
11 	 13829.63671875
12 	 13854.6025390625
13 	 13779.7041015625
14 	 13849.794921875
15 	 13982.19140625
16 	 13826.369140625
17 	 13835.4462890625
18 	 13890.8818359375
19 	 13851.1865234375
20 	 13881.828125
21 	 13823.7861328125
22 	 13819.5849609375
23 	 13954.62890625
24 	 13915.955078125
25 	 13928.5712890625
26 	 13946.111328125
27 	 13925.9501953125
28 	 14146.3115234375
29 	 13943.3115234375
30 	 14081.9140625
31 	 13988.3857421875
32 	 14039.697265625
33 	 13987.7744140625
34 	 13958.3466796875
35 	 14059.5859375
36 	 14074.357421875
37 	 13998.3984375
38 	 14042.9365234375
39 	 14092.2294921875
40 	 13939.5908203125
41 	 14014.392578125
42 	 13898.1015625
43 	 14136.576171875
44 	 14212.8837890625
45 	 14059.361328125
46 	 14051.9873046875
47 	 14124.1220703125
48 	 13861.6728515625
49 	 14157.392578125
50 	 13969.44921875
51 	 14120.083984375
52 	 14132.9267578125
53 	 14113.0419921875
54 	 14105.244140625
55 	 14145.2451171875
56 	 14165.5205078125
57 	 14169.6357421875
58 	 14232.26171875
59 	 14118.818359375
60 	 14248.7119140625
61 	 14322.3974609375
62 	 14323.384765625
63 	 14258.017578125
64 	 14176.44921875
65 	 14225.833984375
66 	 14165.75390625
67 	 14027.3017578125
68 	 14130.5048828125
69 	 14139.2802734375
70 	 14104.7744140625
71 	 14229.0595703125
72 	 14112.8515625
73 	 14316.5380859375
74 	 14365.1953125
75 	 14321.7744140625
76 	 14145.24609375
77 	 14193.6181640625
78 	 14276.828125
79 	 14184.498046875
80 	 14239.724609375
81 	 14047.69921875
82 	 14370.4599609375
83 	 14341.8505859375
84 	 14134.9677734375
85 	 14261.3046875
86 	 14256.38671875
87 	 14149.53515625
88 	 14334.080078125
89 	 14214.9814453125
90 	 14321.93359375
91 	 14223.2470703125
92 	 14156.865234375
93 	 14146.4267578125
94 	 14311.64453125
95 	 14072.9306640625
96 	 14152.0634765625
97 	 14232.79296875
98 	 14106.1845703125
99 	 14207.8583984375
100 	 14200.041015625
101 	 14206.2724609375
102 	 14214.24609375
103 	 14259.1748046875
104 	 14211.791015625
105 	 14134.9599609375
106 	 14372.55078125
107 	 14149.5234375
108 	 14159.8994140625
109 	 13969.4306640625
110 	 14162.1796875
111 	 14206.9091796875
112 	 14250.8837890625
113 	 14209.044921875
114 	 14477.896484375
115 	 14392.7041015625
116 	 14467.7568359375
117 	 14323.3623046875
118 	 14421.98828125
119 	 14395.53125
120 	 14249.74609375
121 	 14335.2958984375
122 	 14259.3984375
123 	 14342.412109375
124 	 14151.607421875
125 	 14216.3916015625
126 	 14385.212890625
127 	 14371.458984375
128 	 14220.921875
129 	 14074.544921875
130 	 14162.62109375
131 	 14250.0283203125
132 	 14250.9521484375
133 	 14479.931640625
134 	 14337.5478515625
135 	 14294.86328125
136 	 14159.1953125
137 	 14551.830078125
138 	 14168.623046875
139 	 14356.7978515625
140 	 14175.189453125
141 	 14090.666015625
142 	 14214.125
143 	 14331.3876953125
144 	 14348.0
145 	 14338.482421875
146 	 14265.1103515625
147 	 14298.15625
148 	 14404.419921875
149 	 14530.5517578125
150 	 14432.822265625
151 	 14202.0390625
152 	 14149.9326171875
153 	 14169.068359375
154 	 14558.0361328125
155 	 14068.4443359375
156 	 14415.0322265625
157 	 14282.42578125
158 	 14321.509765625
159 	 14232.3056640625
160 	 14359.59765625
161 	 14388.8896484375
162 	 14301.3056640625
163 	 14228.2109375
164 	 14104.650390625
165 	 13929.11328125
166 	 14235.732421875
167 	 14235.3330078125
168 	 14327.33203125
169 	 14245.892578125
170 	 14359.0947265625
171 	 14291.1630859375
172 	 14579.826171875
173 	 14447.4296875
174 	 14466.5029296875
175 	 14369.9599609375
176 	 14289.8173828125
177 	 14211.705078125
178 	 14181.244140625
179 	 14578.1982421875
180 	 14377.4345703125
181 	 14392.177734375
182 	 14317.39453125
183 	 14284.380859375
184 	 14312.5703125
185 	 14196.5849609375
186 	 14146.802734375
187 	 14177.98046875
188 	 14662.48046875
189 	 14198.2724609375
190 	 14260.482421875
191 	 14340.3447265625
192 	 14243.1953125
193 	 14379.021484375
194 	 14321.19921875
195 	 14420.2529296875
196 	 14564.1923828125
197 	 14484.576171875
198 	 14358.576171875
199 	 14244.9755859375
200 	 14549.05078125
201 	 14425.4697265625
202 	 14460.9638671875
203 	 14230.0244140625
204 	 14269.9013671875
205 	 14187.056640625
206 	 14384.7861328125
207 	 14099.70703125
208 	 14026.5087890625
209 	 14206.4296875
210 	 14281.474609375
211 	 14151.7333984375
212 	 14183.05859375
213 	 14053.669921875
214 	 14299.8125
215 	 14078.265625
216 	 14012.34375
217 	 14046.912109375
218 	 13959.693359375
219 	 13998.462890625
220 	 14260.2548828125
221 	 14192.6259765625
222 	 14288.66796875
223 	 14138.4814453125
224 	 14078.470703125
225 	 14121.212890625
226 	 14301.0888671875
227 	 14150.1181640625
228 	 14154.75
229 	 14123.6826171875
230 	 14003.580078125
231 	 13936.365234375
232 	 14098.8017578125
233 	 14211.388671875
234 	 14165.466796875
235 	 14423.4599609375
236 	 14142.8076171875
237 	 14185.0361328125
238 	 14290.66796875
239 	 14343.0224609375
240 	 14254.6630859375
241 	 14332.482421875
242 	 13989.2001953125
243 	 14179.4306640625
244 	 14204.1279296875
245 	 14107.205078125
246 	 14169.36328125
247 	 14199.7646484375
248 	 14031.26953125
249 	 13985.79296875
250 	 14120.8935546875
251 	 14106.4814453125
252 	 14034.2421875
253 	 14032.802734375
254 	 13962.810546875
255 	 13936.857421875
256 	 13873.3720703125
257 	 13946.845703125
258 	 13871.669921875
259 	 14050.4345703125
260 	 14099.556640625
261 	 13835.7705078125
262 	 14033.6279296875
263 	 14116.6396484375
264 	 14126.30078125
265 	 14273.779296875
266 	 14274.931640625
267 	 14238.552734375
268 	 14051.703125
269 	 14186.6865234375
270 	 14296.806640625
271 	 14248.5224609375
272 	 14216.2705078125
273 	 14471.548828125
274 	 14299.021484375
275 	 14324.0703125
276 	 14329.962890625
277 	 14175.455078125
278 	 14143.87109375
279 	 14201.63671875
280 	 14204.1611328125
281 	 14131.529296875
282 	 14141.8916015625
283 	 14127.7158203125
284 	 13925.3076171875
285 	 14097.9462890625
286 	 13979.666015625
287 	 14212.271484375
288 	 14078.4970703125
289 	 14119.048828125
290 	 14217.6123046875
291 	 14100.4580078125
292 	 14056.373046875
293 	 14021.0283203125
294 	 14087.9873046875
295 	 14075.888671875
296 	 14200.134765625
297 	 14302.9990234375
298 	 14170.412109375
299 	 14088.611328125
300 	 14272.34765625
301 	 14249.0849609375
302 	 14163.55859375
303 	 14066.009765625
304 	 14189.3828125
305 	 14285.0078125
306 	 13974.1845703125
307 	 14027.5361328125
308 	 14037.6240234375
309 	 14215.98046875
310 	 14189.2373046875
311 	 14105.001953125
312 	 14237.52734375
313 	 14185.30859375
314 	 14121.9111328125
315 	 14275.1162109375
316 	 13981.119140625
317 	 14229.53515625
318 	 14127.98828125
319 	 14250.669921875
320 	 14349.18359375
321 	 14399.095703125
322 	 14229.8984375
323 	 14365.17578125
324 	 14227.869140625
325 	 14240.3916015625
326 	 14292.939453125
327 	 14267.0224609375
328 	 14437.689453125
329 	 14386.53515625
330 	 14171.3046875
331 	 14136.638671875
332 	 14162.400390625
333 	 14275.884765625
334 	 14267.3408203125
335 	 14410.6318359375
336 	 14126.9072265625
337 	 14138.31640625
338 	 14306.1318359375
339 	 14423.2080078125
340 	 14497.8203125
341 	 14197.0703125
342 	 14394.63671875
343 	 14163.232421875
344 	 14175.9287109375
345 	 14247.0986328125
346 	 14266.8603515625
347 	 14126.3955078125
348 	 14072.19921875
349 	 14139.8974609375
350 	 14014.5517578125
351 	 14147.4755859375
352 	 14332.0361328125
353 	 14095.470703125
354 	 14074.2236328125
355 	 14176.1337890625
356 	 14168.3837890625
357 	 14289.2568359375
358 	 14071.3154296875
359 	 14266.1083984375
360 	 14143.8896484375
361 	 14086.0234375
362 	 14054.927734375
363 	 14178.8994140625
364 	 14046.0302734375
365 	 14097.7802734375
366 	 14097.822265625
367 	 14235.29296875
368 	 14212.2275390625
369 	 13953.1220703125
370 	 13925.578125
371 	 14073.73046875
372 	 14053.3173828125
373 	 14206.6376953125
374 	 14009.4033203125
375 	 14027.2431640625
376 	 13903.8310546875
377 	 14084.27734375
378 	 14161.8740234375
379 	 14201.794921875
380 	 13990.4599609375
381 	 13995.76953125
382 	 13915.1171875
383 	 14062.5048828125
384 	 14308.9775390625
385 	 14134.705078125
386 	 14202.8896484375
387 	 14184.0791015625
388 	 14075.86328125
389 	 14160.9296875
390 	 14216.6748046875
391 	 14105.7548828125
392 	 14101.4130859375
393 	 13892.3896484375
394 	 13886.1728515625
395 	 13707.8603515625
396 	 13928.525390625
397 	 13921.205078125
398 	 14079.3662109375
399 	 13931.9052734375
400 	 14052.6103515625
401 	 13993.533203125
402 	 14027.654296875
403 	 13972.6923828125
404 	 13955.9794921875
405 	 14078.2958984375
406 	 13887.3115234375
407 	 13840.96875
408 	 13750.283203125
409 	 13945.5029296875
410 	 13958.7685546875
411 	 13929.2568359375
412 	 14132.88671875
413 	 13990.83984375
414 	 14080.3349609375
415 	 14148.498046875
416 	 14142.6748046875
417 	 14088.6630859375
418 	 14071.84765625
419 	 14193.236328125
420 	 14360.1240234375
421 	 14193.8466796875
422 	 14223.4150390625
423 	 14154.7431640625
424 	 14084.697265625
425 	 14200.56640625
426 	 14000.23046875
427 	 14119.001953125
428 	 14072.1513671875
429 	 14002.416015625
430 	 14082.9228515625
431 	 14126.615234375
432 	 14144.2568359375
433 	 14049.4853515625
434 	 13986.4921875
435 	 14052.787109375
436 	 14198.291015625
437 	 14204.3310546875
438 	 14172.2958984375
439 	 14142.1689453125
440 	 14276.458984375
441 	 14282.4853515625
442 	 14037.1640625
443 	 14138.224609375
444 	 13958.9638671875
445 	 14126.1630859375
446 	 14004.5849609375
447 	 14050.673828125
448 	 13888.3017578125
449 	 13996.31640625
450 	 13953.228515625
451 	 14002.49609375
452 	 13962.96875
453 	 14026.7919921875
454 	 13914.390625
455 	 13989.3837890625
456 	 14004.083984375
457 	 14089.8935546875
458 	 14074.7314453125
459 	 14164.59765625
460 	 14090.5615234375
461 	 14288.4765625
462 	 14125.3828125
463 	 14274.4306640625
464 	 14138.43359375
465 	 14430.2216796875
466 	 14151.8994140625
467 	 14118.9599609375
468 	 14182.9541015625
469 	 14244.2666015625
470 	 14196.587890625
471 	 14174.4462890625
472 	 14120.61328125
473 	 14245.8603515625
474 	 14159.9541015625
475 	 14146.1005859375
476 	 14080.0078125
477 	 14133.244140625
478 	 14060.8291015625
479 	 14157.962890625
480 	 14057.1171875
481 	 14075.6064453125
482 	 14059.490234375
483 	 14080.3388671875
484 	 13971.8984375
485 	 13968.14453125
486 	 14112.4921875
487 	 13863.7783203125
488 	 14107.3740234375
489 	 14117.0
490 	 14172.41796875
491 	 14175.724609375
492 	 14102.771484375
493 	 14248.2080078125
494 	 14267.287109375
495 	 14339.994140625
496 	 14222.263671875
497 	 14161.7158203125
498 	 14233.5986328125
499 	 14177.255859375
500 	 14289.4794921875
501 	 14268.6064453125
502 	 14286.234375
503 	 14052.8818359375
504 	 14309.9697265625
505 	 14246.63671875
506 	 14360.8056640625
507 	 14146.759765625
508 	 14361.89453125
509 	 14231.439453125
510 	 14264.94140625
511 	 14364.65234375
512 	 14173.125
513 	 13998.275390625
514 	 14189.98828125
515 	 14051.806640625
516 	 14188.7626953125
517 	 14191.8505859375
518 	 14290.8544921875
519 	 14061.0
520 	 14130.7568359375
521 	 14226.6435546875
522 	 14218.9345703125
523 	 14297.2978515625
524 	 14125.3623046875
525 	 14041.0625
526 	 14191.4453125
527 	 14194.1396484375
528 	 14134.8232421875
529 	 14314.8779296875
530 	 14248.2880859375
531 	 13922.591796875
532 	 14241.353515625
533 	 14007.2451171875
534 	 14002.81640625
535 	 14198.640625
536 	 14313.576171875
537 	 14382.765625
538 	 14349.8720703125
539 	 14479.6240234375
540 	 14200.896484375
541 	 14353.4208984375
542 	 14341.57421875
543 	 14133.62109375
544 	 14254.3564453125
545 	 14114.828125
546 	 14004.1376953125
547 	 14169.845703125
548 	 14132.037109375
549 	 14055.56640625
550 	 14124.0869140625
551 	 14041.6708984375
552 	 13915.50390625
553 	 13983.17578125
554 	 14069.4072265625
555 	 14096.35546875
556 	 13920.6787109375
557 	 14204.673828125
558 	 14048.1376953125
559 	 14084.4150390625
560 	 14123.388671875
561 	 14176.5830078125
562 	 14025.7939453125
563 	 14011.755859375
564 	 14066.73046875
565 	 14084.3642578125
566 	 14082.8681640625
567 	 13769.2734375
568 	 14003.80078125
569 	 13814.412109375
570 	 13745.0048828125
571 	 13814.2421875
572 	 13900.0947265625
573 	 13900.44921875
574 	 13933.763671875
575 	 14072.4453125
576 	 13955.1748046875
577 	 14028.64453125
578 	 13863.62109375
579 	 14013.99609375
580 	 13735.6748046875
581 	 14029.935546875
582 	 14098.6953125
583 	 13948.521484375
584 	 13858.6650390625
585 	 13749.7626953125
586 	 13752.048828125
587 	 13785.5400390625
588 	 13807.0439453125
589 	 14032.8115234375
590 	 14140.0302734375
591 	 13897.5126953125
592 	 13910.1123046875
593 	 13884.53125
594 	 13904.9140625
595 	 14132.8857421875
596 	 13747.4462890625
597 	 13789.1591796875
598 	 14012.658203125
599 	 13973.6650390625
600 	 13775.4873046875
601 	 13977.328125
602 	 13788.0927734375
603 	 13721.423828125
604 	 13724.0517578125
605 	 13773.55078125
606 	 13928.2724609375
607 	 13750.68359375
608 	 13969.353515625
609 	 13988.037109375
610 	 14186.92578125
611 	 14202.501953125
612 	 13683.2470703125
613 	 14016.3623046875
614 	 13777.6162109375
615 	 14045.765625
616 	 13860.8505859375
617 	 13981.5908203125
618 	 13980.501953125
619 	 13888.4169921875
620 	 13952.037109375
621 	 13965.5400390625
622 	 13968.8349609375
623 	 14021.0146484375
624 	 13994.865234375
625 	 13986.23828125
626 	 14127.65625
627 	 13996.375
628 	 14191.6240234375
629 	 13986.4208984375
630 	 14028.9326171875
631 	 14052.2529296875
632 	 14122.71484375
633 	 14065.4892578125
634 	 13989.4462890625
635 	 14062.0
636 	 13988.05859375
637 	 14154.4951171875
638 	 14262.8251953125
639 	 14064.375
640 	 14219.9169921875
641 	 14225.375
642 	 14026.3037109375
643 	 14275.71484375
644 	 14353.8466796875
645 	 14235.427734375
646 	 14135.3388671875
647 	 14081.8955078125
648 	 14175.1728515625
649 	 14090.0244140625
650 	 14157.3916015625
651 	 14019.3544921875
652 	 14067.1357421875
653 	 13905.5400390625
654 	 13968.7412109375
655 	 14007.7265625
656 	 14117.033203125
657 	 13994.328125
658 	 14105.296875
659 	 14095.0986328125
660 	 14108.9130859375
661 	 13950.3681640625
662 	 13974.7470703125
663 	 14182.880859375
664 	 14224.07421875
665 	 13934.669921875
666 	 13998.828125
667 	 14089.501953125
668 	 13960.6865234375
669 	 14120.5693359375
670 	 14081.5673828125
671 	 14094.7314453125
672 	 14064.91796875
673 	 13920.8701171875
674 	 14237.9580078125
675 	 13933.1171875
676 	 14073.5361328125
677 	 13985.1298828125
678 	 14167.5439453125
679 	 14108.275390625
680 	 14112.705078125
681 	 14168.2822265625
682 	 14379.69921875
683 	 14213.94140625
684 	 14054.396484375
685 	 14204.5185546875
686 	 13998.8046875
687 	 14293.4140625
688 	 14312.10546875
689 	 14174.6201171875
690 	 14233.1884765625
691 	 14382.5859375
692 	 13999.8857421875
693 	 14187.5107421875
694 	 14162.5283203125
695 	 14055.3330078125
696 	 13995.5771484375
697 	 14031.1162109375
698 	 14180.603515625
699 	 14244.0478515625
700 	 14117.7421875
701 	 14205.87890625
702 	 14095.7734375
703 	 14037.7939453125
704 	 14193.69921875
705 	 14166.994140625
706 	 14015.701171875
707 	 13670.271484375
708 	 14012.34765625
709 	 13825.2705078125
710 	 13891.50390625
711 	 13920.185546875
712 	 13776.7578125
713 	 13998.1494140625
714 	 13892.1123046875
715 	 14054.76171875
716 	 14133.197265625
717 	 13983.8330078125
718 	 13951.7451171875
719 	 14087.9892578125
720 	 14107.4501953125
721 	 14082.357421875
722 	 14050.0341796875
723 	 14246.3095703125
724 	 13995.0185546875
725 	 14230.5302734375
726 	 14243.5576171875
727 	 14171.2060546875
728 	 14164.390625
729 	 14124.8154296875
730 	 14125.7353515625
731 	 14219.6953125
732 	 14047.0205078125
733 	 14042.39453125
734 	 14150.4443359375
735 	 14021.3349609375
736 	 14315.7578125
737 	 14194.416015625
738 	 14173.6728515625
739 	 14223.7880859375
740 	 14382.033203125
741 	 14191.2255859375
742 	 14431.724609375
743 	 14316.2861328125
744 	 14447.4658203125
745 	 14223.8564453125
746 	 14293.705078125
747 	 14157.271484375
748 	 14142.099609375
749 	 14219.830078125
750 	 14303.8115234375
751 	 14338.1572265625
752 	 14061.74609375
753 	 14508.177734375
754 	 14404.8955078125
755 	 14374.12890625
756 	 14243.8173828125
757 	 14278.3564453125
758 	 14135.8212890625
759 	 14096.83984375
760 	 14172.458984375
761 	 14023.767578125
762 	 14086.5927734375
763 	 14141.126953125
764 	 14165.16015625
765 	 13952.1904296875
766 	 13793.5810546875
767 	 13758.806640625
768 	 13800.9267578125
769 	 13911.5439453125
770 	 13786.42578125
771 	 13867.2109375
772 	 13730.36328125
773 	 13982.400390625
774 	 14087.40234375
775 	 13813.3369140625
776 	 14004.0625
777 	 13850.69921875
778 	 13737.501953125
779 	 13713.3857421875
780 	 13642.03515625
781 	 13693.33203125
782 	 13747.50390625
783 	 13789.9267578125
784 	 14007.26171875
785 	 13907.8505859375
786 	 13928.0380859375
787 	 13899.6904296875
788 	 14034.302734375
789 	 14260.5078125
790 	 13846.998046875
791 	 14139.16796875
792 	 14068.46484375
793 	 13898.2587890625
794 	 13964.8359375
795 	 13841.736328125
796 	 14049.591796875
797 	 14043.8173828125
798 	 13922.689453125
799 	 13928.5986328125
800 	 13833.3984375
801 	 13794.44140625
802 	 14104.5302734375
803 	 13887.548828125
804 	 14123.421875
805 	 14064.20703125
806 	 13996.8271484375
807 	 13977.421875
808 	 14109.525390625
809 	 14163.21484375
810 	 14004.560546875
811 	 14072.0107421875
812 	 13876.876953125
813 	 13912.7275390625
814 	 13875.5576171875
815 	 13942.7607421875
816 	 13869.2509765625
817 	 13828.5078125
818 	 14131.6337890625
819 	 13976.8369140625
820 	 13779.0986328125
821 	 13798.298828125
822 	 13684.2021484375
823 	 13865.4423828125
824 	 14211.8134765625
825 	 14036.275390625
826 	 14431.5263671875
827 	 14200.8349609375
828 	 14296.400390625
829 	 14112.7587890625
830 	 14094.748046875
831 	 14139.6845703125
832 	 14011.392578125
833 	 13975.9296875
834 	 14034.44921875
835 	 14024.5869140625
836 	 14288.1513671875
837 	 14022.828125
838 	 14309.0986328125
839 	 14193.556640625
840 	 14140.951171875
841 	 14092.0078125
842 	 13873.650390625
843 	 14073.3076171875
844 	 13800.712890625
845 	 13958.3154296875
846 	 13797.814453125
847 	 13735.4521484375
848 	 13864.337890625
849 	 14017.439453125
850 	 13992.4765625
851 	 13961.78125
852 	 13957.8125
853 	 13948.271484375
854 	 13935.369140625
855 	 14016.2392578125
856 	 13867.806640625
857 	 13937.1376953125
858 	 13878.015625
859 	 13896.8623046875
860 	 14030.02734375
861 	 13995.890625
862 	 14068.1181640625
863 	 14002.591796875
864 	 13985.296875
865 	 14075.8974609375
866 	 13780.4462890625
867 	 13814.97265625
868 	 13812.484375
869 	 13887.9462890625
870 	 13906.791015625
871 	 13797.5712890625
872 	 13890.9716796875
873 	 13898.16796875
874 	 14064.107421875
875 	 13957.419921875
876 	 14013.7890625
877 	 13976.6318359375
878 	 14155.0439453125
879 	 14042.73828125
880 	 13782.91015625
881 	 13967.375
882 	 14017.0537109375
883 	 14095.8125
884 	 13962.39453125
885 	 13972.939453125
886 	 14149.1064453125
887 	 13724.9482421875
888 	 13910.998046875
889 	 13830.337890625
890 	 13846.037109375
891 	 14067.2568359375
892 	 14063.806640625
893 	 14019.1572265625
894 	 14008.2861328125
895 	 14020.251953125
896 	 13998.83203125
897 	 13780.1591796875
898 	 13979.478515625
899 	 13727.5107421875
900 	 13760.1943359375
901 	 13726.349609375
902 	 13728.30859375
903 	 13805.876953125
904 	 13794.5341796875
905 	 13731.9638671875
906 	 14003.7109375
907 	 13917.1611328125
908 	 13914.7236328125
909 	 13998.6591796875
910 	 13982.1455078125
911 	 13860.8876953125
912 	 13766.625
913 	 13694.8115234375
914 	 13764.0048828125
915 	 13816.9560546875
916 	 13939.80859375
917 	 13874.306640625
918 	 13924.623046875
919 	 14047.236328125
920 	 14018.9560546875
921 	 13885.0908203125
922 	 13803.7421875
923 	 13912.5244140625
924 	 13845.62109375
925 	 13716.8359375
926 	 13888.7919921875
927 	 13826.8095703125
928 	 13795.53125
929 	 13970.8056640625
930 	 14152.201171875
931 	 14018.81640625
932 	 13830.0615234375
933 	 13768.5068359375
934 	 13779.779296875
935 	 13962.6435546875
936 	 13950.1298828125
937 	 13905.3115234375
938 	 13824.1640625
939 	 13710.96484375
940 	 13771.4248046875
941 	 13681.8310546875
942 	 13944.640625
943 	 13790.7236328125
944 	 13995.087890625
945 	 13782.7919921875
946 	 13888.181640625
947 	 13767.75390625
948 	 13820.435546875
949 	 13792.1416015625
950 	 13810.6796875
951 	 13623.1171875
952 	 13786.8134765625
953 	 13804.76953125
954 	 13791.646484375
955 	 13874.4873046875
956 	 13703.4189453125
957 	 14001.6953125
958 	 13988.4521484375
959 	 13776.755859375
960 	 13717.1494140625
961 	 13523.423828125
962 	 13665.5458984375
963 	 13867.7666015625
964 	 13781.7919921875
965 	 13989.453125
966 	 13726.8271484375
967 	 13909.8203125
968 	 13854.1767578125
969 	 13884.8896484375
970 	 13676.3251953125
971 	 13884.1328125
972 	 14008.86328125
973 	 13804.5947265625
974 	 13863.0517578125
975 	 13748.9716796875
976 	 14009.9755859375
977 	 14002.3623046875
978 	 13698.8095703125
979 	 13921.6435546875
980 	 13785.564453125
981 	 13761.4775390625
982 	 13819.7197265625
983 	 13860.638671875
984 	 14023.0107421875
985 	 14123.63671875
986 	 14159.294921875
987 	 14080.984375
988 	 14132.2412109375
989 	 14023.1259765625
990 	 14002.587890625
991 	 14152.0810546875
992 	 14082.4072265625
993 	 14280.8515625
994 	 14169.1904296875
995 	 14181.5361328125
996 	 14301.1064453125
997 	 14124.5810546875
998 	 14071.2197265625
999 	 14144.4619140625
1000 	 14150.8037109375
1001 	 14016.2685546875
1002 	 13997.2841796875
1003 	 14174.01171875
1004 	 14084.8251953125
1005 	 14206.400390625
1006 	 14179.84765625
1007 	 14345.1220703125
1008 	 14150.5810546875
1009 	 14438.201171875
1010 	 14189.3076171875
1011 	 14226.8837890625
1012 	 14286.796875
1013 	 14323.7177734375
1014 	 14012.0341796875
1015 	 14129.18359375
1016 	 14140.9453125
1017 	 13999.9541015625
1018 	 14135.330078125
1019 	 14232.876953125
1020 	 14217.21484375
1021 	 13957.017578125
1022 	 13850.3232421875
1023 	 14117.794921875
1024 	 14184.5791015625
1025 	 14291.669921875
1026 	 14201.3251953125
1027 	 14206.5166015625
1028 	 14113.984375
1029 	 14063.47265625
1030 	 14019.3193359375
1031 	 14121.947265625
1032 	 14054.326171875
1033 	 14064.25390625
1034 	 14100.84765625
1035 	 14180.8466796875
1036 	 14172.48046875
1037 	 14166.1806640625
1038 	 14165.4931640625
1039 	 14207.3837890625
1040 	 14190.5341796875
1041 	 14414.9541015625
1042 	 14437.810546875
1043 	 14266.2001953125
1044 	 14127.4990234375
1045 	 14476.4404296875
1046 	 14464.599609375
1047 	 14244.494140625
1048 	 14323.56640625
1049 	 14307.3037109375
1050 	 14286.4814453125
1051 	 14285.6708984375
1052 	 14323.4755859375
1053 	 14273.357421875
1054 	 14095.7939453125
1055 	 14371.71484375
1056 	 14218.306640625
1057 	 14180.4677734375
1058 	 14118.66015625
1059 	 14301.05859375
1060 	 14304.171875
1061 	 14475.486328125
1062 	 14431.779296875
1063 	 14631.134765625
1064 	 14236.498046875
1065 	 14358.853515625
1066 	 14433.5478515625
1067 	 14412.85546875
1068 	 14303.3076171875
1069 	 14258.7001953125
1070 	 14243.4833984375
1071 	 14360.8095703125
1072 	 14374.1240234375
1073 	 14131.9609375
1074 	 14131.5498046875
1075 	 14202.4560546875
1076 	 14280.708984375
1077 	 14253.107421875
1078 	 14235.51953125
1079 	 14364.177734375
1080 	 14283.4501953125
1081 	 14230.0078125
1082 	 14104.0419921875
1083 	 14077.8603515625
1084 	 14050.521484375
1085 	 14216.515625
1086 	 14198.568359375
1087 	 14113.9130859375
1088 	 14061.5654296875
1089 	 14242.2607421875
1090 	 14195.6552734375
1091 	 14166.431640625
1092 	 14149.0615234375
1093 	 14003.9501953125
1094 	 14256.3173828125
1095 	 14219.533203125
1096 	 14162.7041015625
1097 	 14137.8994140625
1098 	 14038.798828125
1099 	 14108.1376953125
1100 	 14112.78515625
1101 	 14050.1962890625
1102 	 14094.900390625
1103 	 14215.0478515625
1104 	 14084.5703125
1105 	 14137.130859375
1106 	 14093.1142578125
1107 	 14015.0341796875
1108 	 14117.83203125
1109 	 14233.822265625
1110 	 14276.216796875
1111 	 13896.5556640625
1112 	 14163.28515625
1113 	 14062.578125
1114 	 14201.5849609375
1115 	 14249.53515625
1116 	 14126.791015625
1117 	 14468.8916015625
1118 	 14138.912109375
1119 	 14144.484375
1120 	 14229.775390625
1121 	 14079.5283203125
1122 	 14128.9091796875
1123 	 14175.0322265625
1124 	 14129.22265625
1125 	 14221.6572265625
1126 	 14192.4833984375
1127 	 14104.4052734375
1128 	 14270.1669921875
1129 	 14126.3671875
1130 	 14150.6162109375
1131 	 14072.814453125
1132 	 14331.4033203125
1133 	 14225.8359375
1134 	 14276.21875
1135 	 14189.0615234375
1136 	 14549.9111328125
1137 	 14216.35546875
1138 	 14189.3056640625
1139 	 13998.513671875
1140 	 14110.0654296875
1141 	 14248.349609375
1142 	 14059.728515625
1143 	 14063.0673828125
1144 	 14164.5087890625
1145 	 14218.8271484375
1146 	 14158.302734375
1147 	 14104.427734375
1148 	 14317.2998046875
1149 	 14213.197265625
1150 	 14218.4189453125
1151 	 14122.626953125
1152 	 14229.7470703125
1153 	 14314.1201171875
1154 	 14352.4580078125
1155 	 14338.982421875
1156 	 14411.673828125
1157 	 14260.396484375
1158 	 14478.5341796875
1159 	 14488.048828125
1160 	 14373.306640625
1161 	 14382.857421875
1162 	 14294.466796875
1163 	 14243.259765625
1164 	 14255.7822265625
1165 	 14242.9326171875
1166 	 14193.1494140625
1167 	 14349.2236328125
1168 	 14402.265625
1169 	 14298.2490234375
1170 	 14579.7509765625
1171 	 14438.4873046875
1172 	 14322.134765625
1173 	 14358.2265625
1174 	 14282.6865234375
1175 	 14432.685546875
1176 	 14214.505859375
1177 	 14322.6953125
1178 	 14362.076171875
1179 	 14263.8486328125
1180 	 14356.5810546875
1181 	 14184.0908203125
1182 	 14237.431640625
1183 	 14227.8115234375
1184 	 14412.84765625
1185 	 14420.587890625
1186 	 14073.6796875
1187 	 14247.9765625
1188 	 14349.296875
1189 	 14060.275390625
1190 	 14202.3251953125
1191 	 14118.6669921875
1192 	 14205.1142578125
1193 	 14352.5986328125
1194 	 14450.080078125
1195 	 14247.7099609375
1196 	 14086.34375
1197 	 14105.271484375
1198 	 14190.91015625
1199 	 14437.876953125
1200 	 14332.494140625
1201 	 14441.8974609375
1202 	 14362.4208984375
1203 	 14239.9140625
1204 	 14349.7412109375
1205 	 14133.84375
1206 	 14230.5166015625
1207 	 14285.3369140625
1208 	 14445.66015625
1209 	 14350.90625
1210 	 14306.634765625
1211 	 14296.0986328125
1212 	 14204.1904296875
1213 	 14230.8681640625
1214 	 14288.138671875
1215 	 14153.7822265625
1216 	 14256.6923828125
1217 	 14267.77734375
1218 	 14355.0
1219 	 14344.302734375
1220 	 14348.6923828125
1221 	 14192.3681640625
1222 	 14228.8388671875
1223 	 14257.650390625
1224 	 14147.8125
1225 	 14254.1865234375
1226 	 14053.6884765625
1227 	 14119.2041015625
1228 	 14228.021484375
1229 	 14144.6181640625
1230 	 14178.7158203125
1231 	 14173.0390625
1232 	 14302.2685546875
1233 	 14328.9970703125
1234 	 14281.6025390625
1235 	 14437.4189453125
1236 	 14150.6474609375
1237 	 14185.0166015625
1238 	 14206.44921875
1239 	 14221.65625
1240 	 14088.0380859375
1241 	 14130.34765625
1242 	 14191.60546875
1243 	 14032.353515625
1244 	 14301.3466796875
1245 	 14434.287109375
1246 	 14385.4931640625
1247 	 14326.880859375
1248 	 14141.296875
1249 	 14285.9267578125
1250 	 14087.5068359375
1251 	 14059.44921875
1252 	 14126.6181640625
1253 	 13880.830078125
1254 	 14110.3994140625
1255 	 14006.7353515625
1256 	 14057.4716796875
1257 	 14096.1767578125
1258 	 14083.9130859375
1259 	 14156.76171875
1260 	 14189.39453125
1261 	 14126.7998046875
1262 	 14182.37109375
1263 	 13984.9306640625
1264 	 14032.9375
1265 	 13992.5830078125
1266 	 14044.9287109375
1267 	 14136.861328125
1268 	 14079.6787109375
1269 	 14212.6357421875
1270 	 14204.806640625
1271 	 14151.3486328125
1272 	 14099.740234375
1273 	 14053.3916015625
1274 	 14132.4052734375
1275 	 14282.1328125
1276 	 14182.841796875
1277 	 14112.283203125
1278 	 14135.4248046875
1279 	 14173.6845703125
1280 	 13967.7607421875
1281 	 14075.8134765625
1282 	 14020.2880859375
1283 	 14136.2861328125
1284 	 14088.275390625
1285 	 14369.490234375
1286 	 14313.798828125
1287 	 14024.037109375
1288 	 14088.6240234375
1289 	 14270.6044921875
1290 	 14316.3388671875
1291 	 14418.8544921875
1292 	 14343.54296875
1293 	 14063.4931640625
1294 	 14245.966796875
1295 	 14239.0517578125
1296 	 14447.009765625
1297 	 14142.7158203125
1298 	 14169.10546875
1299 	 14226.69140625
1300 	 14002.2412109375
1301 	 14176.966796875
1302 	 14194.115234375
1303 	 13922.318359375
1304 	 14216.71875
1305 	 14307.005859375
1306 	 14133.365234375
1307 	 14119.0966796875
1308 	 14151.0986328125
1309 	 14205.4921875
1310 	 14085.103515625
1311 	 14383.59765625
1312 	 14064.7724609375
1313 	 14109.294921875
1314 	 14042.77734375
1315 	 14133.626953125
1316 	 14177.9091796875
1317 	 14209.5146484375
1318 	 14064.4033203125
1319 	 14194.5791015625
1320 	 14302.1611328125
1321 	 14159.2109375
1322 	 14145.9384765625
1323 	 14229.9296875
1324 	 14254.5380859375
1325 	 14104.6748046875
1326 	 14008.0244140625
1327 	 14281.875
1328 	 14303.2041015625
1329 	 14035.3583984375
1330 	 14144.5791015625
1331 	 14247.0322265625
1332 	 14158.5712890625
1333 	 14021.89453125
1334 	 14226.19140625
1335 	 14287.478515625
1336 	 14288.9150390625
1337 	 14260.3828125
1338 	 14044.9814453125
1339 	 14227.34765625
1340 	 14224.0380859375
1341 	 14011.8759765625
1342 	 14156.609375
1343 	 14122.1904296875
1344 	 14254.7509765625
1345 	 14216.8251953125
1346 	 14212.1640625
1347 	 14016.8544921875
1348 	 14097.9033203125
1349 	 14046.7939453125
1350 	 14171.5302734375
1351 	 14277.2099609375
1352 	 14207.84765625
1353 	 14090.26171875
1354 	 14009.017578125
1355 	 14191.9365234375
1356 	 13982.80078125
1357 	 14007.4072265625
1358 	 14060.826171875
1359 	 13866.4189453125
1360 	 14132.8564453125
1361 	 14091.6220703125
1362 	 14084.966796875
1363 	 13953.7216796875
1364 	 14085.3212890625
1365 	 14036.041015625
1366 	 14050.1572265625
1367 	 13928.0654296875
1368 	 14072.021484375
1369 	 14174.31640625
1370 	 14417.01953125
1371 	 14171.564453125
1372 	 14120.9755859375
1373 	 14040.5537109375
1374 	 13983.853515625
1375 	 14089.482421875
1376 	 14283.220703125
1377 	 14133.0380859375
1378 	 14317.09765625
1379 	 14298.568359375
1380 	 14198.8388671875
1381 	 14070.9794921875
1382 	 14127.4765625
1383 	 14204.7197265625
1384 	 14094.5146484375
1385 	 14146.390625
1386 	 14046.365234375
1387 	 13864.111328125
1388 	 14168.056640625
1389 	 14131.5341796875
1390 	 14356.265625
1391 	 14150.404296875
1392 	 13971.4931640625
1393 	 14115.30859375
1394 	 13773.404296875
1395 	 13790.5439453125
1396 	 14075.2099609375
1397 	 13819.8896484375
1398 	 14025.935546875
1399 	 13922.666015625
1400 	 14205.443359375
1401 	 14200.4345703125
1402 	 14223.1865234375
1403 	 14123.3935546875
1404 	 14196.1015625
1405 	 14113.5419921875
1406 	 14080.021484375
1407 	 13971.3955078125
1408 	 14118.697265625
1409 	 14000.84375
1410 	 13703.4306640625
1411 	 13719.2041015625
1412 	 13809.501953125
1413 	 13846.328125
1414 	 13917.52734375
1415 	 13897.705078125
1416 	 13974.0205078125
1417 	 13897.814453125
1418 	 13974.6640625
1419 	 14137.654296875
1420 	 13750.642578125
1421 	 13799.85546875
1422 	 13708.2509765625
1423 	 13886.7421875
1424 	 13824.111328125
1425 	 13835.21875
1426 	 13891.3046875
1427 	 13903.5947265625
1428 	 14003.158203125
1429 	 13877.974609375
1430 	 13776.7470703125
1431 	 13902.7119140625
1432 	 14023.7373046875
1433 	 13853.8720703125
1434 	 13981.7890625
1435 	 14092.7109375
1436 	 14111.3427734375
1437 	 14104.185546875
1438 	 13943.04296875
1439 	 13813.0380859375
1440 	 13772.3154296875
1441 	 13821.7724609375
1442 	 13811.86328125
1443 	 13925.0498046875
1444 	 13902.6591796875
1445 	 13814.8173828125
1446 	 13971.4453125
1447 	 14186.8662109375
1448 	 13876.259765625
1449 	 13965.154296875
1450 	 14047.798828125
1451 	 14056.41015625
1452 	 13972.1142578125
1453 	 13857.171875
1454 	 13857.78515625
1455 	 14248.4912109375
1456 	 14080.34765625
1457 	 14032.853515625
1458 	 14259.599609375
1459 	 14276.7392578125
1460 	 14185.2646484375
1461 	 14130.9736328125
1462 	 14091.564453125
1463 	 14386.294921875
1464 	 14064.2509765625
1465 	 13985.21875
1466 	 14177.4990234375
1467 	 14337.3369140625
1468 	 14109.859375
1469 	 13930.6123046875
1470 	 14057.7509765625
1471 	 13987.240234375
1472 	 13786.751953125
1473 	 13862.0498046875
1474 	 14045.6455078125
1475 	 14061.2998046875
1476 	 13947.5478515625
1477 	 13942.6953125
1478 	 13832.2900390625
1479 	 13828.6396484375
1480 	 13944.8857421875
1481 	 13835.23046875
1482 	 13886.171875
1483 	 13864.484375
1484 	 14092.083984375
1485 	 13993.263671875
1486 	 14067.6474609375
1487 	 13979.267578125
1488 	 14079.2548828125
1489 	 13974.1552734375
1490 	 14006.5205078125
1491 	 13957.9716796875
1492 	 13990.5380859375
1493 	 13892.2568359375
1494 	 13739.982421875
1495 	 13919.3583984375
1496 	 13841.6162109375
1497 	 14003.8984375
1498 	 13953.69140625
1499 	 14009.21875
1500 	 13959.3330078125
1501 	 13782.33203125
1502 	 13915.5517578125
1503 	 13903.6875
1504 	 13658.8955078125
1505 	 13771.9794921875
1506 	 13669.7734375
1507 	 13690.8408203125
1508 	 13695.5107421875
1509 	 13874.076171875
1510 	 13869.5224609375
1511 	 13741.427734375
1512 	 13914.11328125
1513 	 13971.6162109375
1514 	 13889.7236328125
1515 	 13783.9619140625
1516 	 13818.90234375
1517 	 13613.916015625
1518 	 13716.3916015625
1519 	 13836.1484375
1520 	 13669.5048828125
1521 	 13873.9599609375
1522 	 13733.671875
1523 	 13673.02734375
1524 	 13738.166015625
1525 	 13895.3720703125
1526 	 13854.80078125
1527 	 13740.5673828125
1528 	 13766.03515625
1529 	 13874.0751953125
1530 	 13863.0361328125
1531 	 13873.1240234375
1532 	 13814.9990234375
1533 	 13784.173828125
1534 	 13699.7158203125
1535 	 13687.025390625
1536 	 13906.365234375
1537 	 13764.4638671875
1538 	 13822.6748046875
1539 	 13854.564453125
1540 	 13826.91015625
1541 	 13813.341796875
1542 	 13932.408203125
1543 	 13776.06640625
1544 	 13689.5439453125
1545 	 13765.134765625
1546 	 13678.5263671875
1547 	 13707.5283203125
1548 	 13743.4296875
1549 	 13918.46875
1550 	 13729.623046875
1551 	 13928.8955078125
1552 	 13747.4384765625
1553 	 13877.1376953125
1554 	 13782.4140625
1555 	 13820.0458984375
1556 	 14003.09765625
1557 	 13982.193359375
1558 	 14003.8017578125
1559 	 13911.806640625
1560 	 13794.55078125
1561 	 13802.4990234375
1562 	 13818.9169921875
1563 	 13923.7724609375
1564 	 13884.3544921875
1565 	 13900.3017578125
1566 	 13748.04296875
1567 	 13903.9892578125
1568 	 13893.5302734375
1569 	 14017.193359375
1570 	 13872.44921875
1571 	 13791.923828125
1572 	 14043.9501953125
1573 	 14048.46484375
1574 	 14157.646484375
1575 	 14291.1103515625
1576 	 14258.46484375
1577 	 14445.978515625
1578 	 14249.939453125
1579 	 14144.7783203125
1580 	 14092.4873046875
1581 	 14154.2421875
1582 	 14306.1962890625
1583 	 14276.8330078125
1584 	 14094.724609375
1585 	 14172.5810546875
1586 	 14207.43359375
1587 	 14136.236328125
1588 	 14117.7158203125
1589 	 14245.814453125
1590 	 14102.3310546875
1591 	 14137.2919921875
1592 	 14178.6123046875
1593 	 14325.0078125
1594 	 14240.5986328125
1595 	 14087.111328125
1596 	 14094.947265625
1597 	 14081.3896484375
1598 	 14225.861328125
1599 	 14226.82421875
1600 	 14106.8359375
1601 	 14259.41015625
1602 	 14214.744140625
1603 	 14207.73828125
1604 	 14210.1083984375
1605 	 13919.8037109375
1606 	 13982.466796875
1607 	 14055.6162109375
1608 	 13945.9697265625
1609 	 13834.3408203125
1610 	 13993.6708984375
1611 	 14079.0888671875
1612 	 13967.783203125
1613 	 13832.279296875
1614 	 13858.798828125
1615 	 13945.4384765625
1616 	 13865.9052734375
1617 	 14026.1845703125
1618 	 13987.126953125
1619 	 14020.0595703125
1620 	 13965.58984375
1621 	 14095.685546875
1622 	 13922.3994140625
1623 	 14113.9765625
1624 	 13942.4013671875
1625 	 13888.8369140625
1626 	 13839.6005859375
1627 	 13886.169921875
1628 	 13913.232421875
1629 	 13999.16796875
1630 	 14100.8505859375
1631 	 13987.8564453125
1632 	 14045.0302734375
1633 	 14005.5419921875
1634 	 14051.921875
1635 	 13848.37109375
1636 	 13983.8525390625
1637 	 13990.7236328125
1638 	 13955.9423828125
1639 	 14088.609375
1640 	 14023.05859375
1641 	 13924.0791015625
1642 	 14182.896484375
1643 	 13912.5009765625
1644 	 13977.34375
1645 	 13970.2109375
1646 	 13825.9423828125
1647 	 14009.1923828125
1648 	 13869.5
1649 	 13851.0390625
1650 	 13931.8017578125
1651 	 13741.0712890625
1652 	 14068.0224609375
1653 	 13931.865234375
1654 	 13855.763671875
1655 	 14036.82421875
1656 	 14024.30859375
1657 	 13989.3544921875
1658 	 14128.1142578125
1659 	 13982.908203125
1660 	 14024.5048828125
1661 	 13936.3056640625
1662 	 14117.3544921875
1663 	 14066.97265625
1664 	 14056.060546875
1665 	 14112.4130859375
1666 	 14074.7841796875
1667 	 14280.41015625
1668 	 14206.2392578125
1669 	 14196.73828125
1670 	 14016.5751953125
1671 	 14111.3974609375
1672 	 14204.8662109375
1673 	 14031.60546875
1674 	 14091.6484375
1675 	 14184.3251953125
1676 	 14018.400390625
1677 	 14119.283203125
1678 	 13970.2470703125
1679 	 14054.90625
1680 	 13961.9853515625
1681 	 13913.9609375
1682 	 13957.6279296875
1683 	 14021.54296875
1684 	 14188.1171875
1685 	 14103.8125
1686 	 13950.1669921875
1687 	 14054.2294921875
1688 	 14139.3427734375
1689 	 14127.095703125
1690 	 14142.9609375
1691 	 14097.3408203125
1692 	 13904.578125
1693 	 14084.369140625
1694 	 13975.1396484375
1695 	 13956.1259765625
1696 	 13990.8984375
1697 	 13897.7177734375
1698 	 14038.453125
1699 	 14115.5205078125
1700 	 14024.69921875
1701 	 14038.4169921875
1702 	 13839.52734375
1703 	 14074.3544921875
1704 	 13980.49609375
1705 	 13897.07421875
1706 	 13978.671875
1707 	 13936.9072265625
1708 	 14088.3935546875
1709 	 13976.7587890625
1710 	 14032.1337890625
1711 	 14199.0185546875
1712 	 14027.0810546875
1713 	 13873.66015625
1714 	 14031.3935546875
1715 	 14044.8720703125
1716 	 14160.34765625
1717 	 14071.142578125
1718 	 13983.52734375
1719 	 13960.0751953125
1720 	 14054.3125
1721 	 13796.423828125
1722 	 13664.2158203125
1723 	 13764.2119140625
1724 	 13892.818359375
1725 	 13852.6611328125
1726 	 13944.3984375
1727 	 13923.64453125
1728 	 13841.337890625
1729 	 13756.3203125
1730 	 13787.7041015625
1731 	 13817.6689453125
1732 	 13840.0341796875
1733 	 14029.35546875
1734 	 13874.158203125
1735 	 13795.0712890625
1736 	 14028.10546875
1737 	 13877.4990234375
1738 	 13989.2080078125
1739 	 13952.3349609375
1740 	 13767.2822265625
1741 	 13753.3916015625
1742 	 13898.0517578125
1743 	 13859.943359375
1744 	 13880.373046875
1745 	 13936.4560546875
1746 	 13849.8583984375
1747 	 13791.1416015625
1748 	 13914.0947265625
1749 	 14074.3125
1750 	 14075.5322265625
1751 	 14060.5927734375
1752 	 13897.9853515625
1753 	 13949.0029296875
1754 	 14148.3876953125
1755 	 13866.552734375
1756 	 13888.3232421875
1757 	 13982.6181640625
1758 	 14057.9208984375
1759 	 13948.951171875
1760 	 14085.572265625
1761 	 14040.91796875
1762 	 13917.0009765625
1763 	 14135.16796875
1764 	 14098.6259765625
1765 	 14055.978515625
1766 	 14235.265625
1767 	 14328.982421875
1768 	 14099.5556640625
1769 	 14176.0546875
1770 	 13914.5341796875
1771 	 13981.0
1772 	 13831.125
1773 	 14051.740234375
1774 	 13859.673828125
1775 	 14042.09375
1776 	 14027.7060546875
1777 	 14034.8828125
1778 	 14363.1435546875
1779 	 14037.3916015625
1780 	 14103.509765625
1781 	 14270.3916015625
1782 	 14187.224609375
1783 	 14157.646484375
1784 	 14263.771484375
1785 	 14087.3017578125
1786 	 14179.98828125
1787 	 14032.6767578125
1788 	 14257.2177734375
1789 	 14174.66796875
1790 	 14242.9990234375
1791 	 14066.408203125
1792 	 14168.794921875
1793 	 14044.52734375
1794 	 14020.041015625
1795 	 14276.9013671875
1796 	 13995.009765625
1797 	 14106.1298828125
1798 	 14219.072265625
1799 	 14267.216796875
1800 	 13986.787109375
1801 	 14252.291015625
1802 	 14316.0048828125
1803 	 14264.1220703125
1804 	 14112.9306640625
1805 	 14032.021484375
1806 	 14072.662109375
1807 	 14482.1044921875
1808 	 14424.9755859375
1809 	 14214.0869140625
1810 	 14345.0849609375
1811 	 14123.5546875
1812 	 14109.876953125
1813 	 14394.2724609375
1814 	 14168.53125
1815 	 14170.849609375
1816 	 14138.4609375
1817 	 14313.12109375
1818 	 14297.5810546875
1819 	 14358.7431640625
1820 	 14391.697265625
1821 	 14279.001953125
1822 	 14466.40625
1823 	 14367.0625
1824 	 14450.345703125
1825 	 14177.423828125
1826 	 14304.990234375
1827 	 14286.419921875
1828 	 14276.4130859375
1829 	 14182.2353515625
1830 	 14237.6474609375
1831 	 14369.4716796875
1832 	 14119.1484375
1833 	 14172.353515625
1834 	 14007.7060546875
1835 	 14266.841796875
1836 	 14263.0673828125
1837 	 14516.31640625
1838 	 14195.599609375
1839 	 14399.8447265625
1840 	 14481.2177734375
1841 	 14312.1708984375
1842 	 14143.4306640625
1843 	 14022.740234375
1844 	 14103.7197265625
1845 	 14235.7197265625
1846 	 14077.4619140625
1847 	 14145.1455078125
1848 	 14172.4912109375
1849 	 14175.619140625
1850 	 14175.3984375
1851 	 14164.078125
1852 	 14096.556640625
1853 	 14141.3291015625
1854 	 14152.212890625
1855 	 14251.76171875
1856 	 14412.4404296875
1857 	 14267.951171875
1858 	 14284.2490234375
1859 	 14297.330078125
1860 	 14232.318359375
1861 	 14316.880859375
1862 	 14345.88671875
1863 	 14218.021484375
1864 	 14334.1083984375
1865 	 14220.7802734375
1866 	 14392.3681640625
1867 	 14077.11328125
1868 	 14382.873046875
1869 	 14225.880859375
1870 	 14090.546875
1871 	 14396.841796875
1872 	 14497.673828125
1873 	 14347.8212890625
1874 	 14181.705078125
1875 	 14385.2333984375
1876 	 14327.9892578125
1877 	 14329.169921875
1878 	 14044.7802734375
1879 	 14187.2626953125
1880 	 14390.037109375
1881 	 14160.8583984375
1882 	 14066.7470703125
1883 	 14046.044921875
1884 	 14000.4765625
1885 	 14099.0341796875
1886 	 14098.68359375
1887 	 14205.2392578125
1888 	 13983.837890625
1889 	 13899.34375
1890 	 14072.7958984375
1891 	 14050.6904296875
1892 	 13883.0810546875
1893 	 13865.7353515625
1894 	 13907.1796875
1895 	 13886.87890625
1896 	 13988.4150390625
1897 	 13803.0498046875
1898 	 14026.326171875
1899 	 14011.88671875
1900 	 13733.546875
1901 	 14009.701171875
1902 	 13800.69140625
1903 	 13920.0927734375
1904 	 13786.005859375
1905 	 13722.4140625
1906 	 13709.966796875
1907 	 14037.5185546875
1908 	 13961.328125
1909 	 13702.5654296875
1910 	 13962.3779296875
1911 	 13803.1123046875
1912 	 13700.232421875
1913 	 13703.033203125
1914 	 13704.1181640625
1915 	 13704.4208984375
1916 	 13735.990234375
1917 	 13764.7939453125
1918 	 13712.2333984375
1919 	 13658.912109375
1920 	 13899.7490234375
1921 	 13694.62109375
1922 	 13655.2939453125
1923 	 13664.357421875
1924 	 13910.576171875
1925 	 13827.2724609375
1926 	 13859.203125
1927 	 13632.08203125
1928 	 13707.8408203125
1929 	 13953.25
1930 	 13897.951171875
1931 	 13845.177734375
1932 	 13818.4638671875
1933 	 13902.45703125
1934 	 13899.8935546875
1935 	 13915.169921875
1936 	 14095.322265625
1937 	 14013.484375
1938 	 14062.6904296875
1939 	 14197.1142578125
1940 	 13898.1572265625
1941 	 13794.8359375
1942 	 13791.8486328125
1943 	 13616.5244140625
1944 	 13836.32421875
1945 	 13873.9365234375
1946 	 13709.4541015625
1947 	 13748.076171875
1948 	 14001.99609375
1949 	 13664.7314453125
1950 	 13755.09375
1951 	 13777.4326171875
1952 	 13946.7119140625
1953 	 13936.271484375
1954 	 13898.6923828125
1955 	 13935.869140625
1956 	 13900.9365234375
1957 	 13788.865234375
1958 	 13870.28125
1959 	 13838.8583984375
1960 	 13868.6142578125
1961 	 13863.9228515625
1962 	 13736.4775390625
1963 	 13931.9599609375
1964 	 13838.8408203125
1965 	 13749.9638671875
1966 	 13759.8408203125
1967 	 13682.8193359375
1968 	 13931.015625
1969 	 13829.1806640625
1970 	 13731.97265625
1971 	 13881.14453125
1972 	 13950.9599609375
1973 	 13875.23828125
1974 	 13877.5791015625
1975 	 13948.791015625
1976 	 13704.990234375
1977 	 13835.916015625
1978 	 13803.7265625
1979 	 13752.89453125
1980 	 13907.7275390625
1981 	 14059.4580078125
1982 	 13831.224609375
1983 	 13800.787109375
1984 	 13884.626953125
1985 	 13905.15234375
1986 	 13934.30859375
1987 	 13946.9619140625
1988 	 13912.3359375
1989 	 13917.0732421875
1990 	 13939.7822265625
1991 	 14093.4013671875
1992 	 14176.291015625
1993 	 14172.869140625
1994 	 14105.3720703125
1995 	 13980.296875
1996 	 14144.58984375
1997 	 14080.89453125
1998 	 14107.333984375
1999 	 14114.9267578125
2000 	 14006.9970703125
2001 	 14054.7216796875
2002 	 14087.3076171875
2003 	 13972.4951171875
2004 	 14072.705078125
2005 	 14092.70703125
2006 	 13970.40625
2007 	 14155.8408203125
2008 	 14157.8740234375
2009 	 14181.380859375
2010 	 14182.478515625
2011 	 14068.3896484375
2012 	 14232.99609375
2013 	 14099.90234375
2014 	 14311.267578125
2015 	 14117.240234375
2016 	 14198.513671875
2017 	 14101.1376953125
2018 	 14115.6083984375
2019 	 14005.771484375
2020 	 14070.8193359375
2021 	 14070.2666015625
2022 	 14115.490234375
2023 	 13801.017578125
2024 	 13770.806640625
2025 	 13936.5107421875
2026 	 13760.955078125
2027 	 13953.2666015625
2028 	 14160.0576171875
2029 	 14039.8720703125
2030 	 13953.2265625
2031 	 13930.0263671875
2032 	 13917.0859375
2033 	 13943.759765625
2034 	 14017.154296875
2035 	 13692.9677734375
2036 	 13865.466796875
2037 	 13935.9482421875
2038 	 13904.44921875
2039 	 14054.771484375
2040 	 13998.087890625
2041 	 14003.859375
2042 	 13736.7666015625
2043 	 13937.4140625
2044 	 13968.0673828125
2045 	 13780.3740234375
2046 	 13651.4912109375
2047 	 13808.0986328125
2048 	 13632.26171875
2049 	 13728.4912109375
2050 	 13722.822265625
2051 	 13734.748046875
2052 	 13817.6259765625
2053 	 13688.6201171875
2054 	 13672.07421875
2055 	 13649.833984375
2056 	 13943.2626953125
2057 	 13806.6337890625
2058 	 13661.2216796875
2059 	 13796.693359375
2060 	 13689.3251953125
2061 	 13645.126953125
2062 	 13751.4794921875
2063 	 13975.755859375
2064 	 14052.759765625
2065 	 14083.916015625
2066 	 14120.9326171875
2067 	 13868.798828125
2068 	 14099.9423828125
2069 	 14005.021484375
2070 	 13982.76171875
2071 	 13948.1162109375
2072 	 13997.556640625
2073 	 13982.9794921875
2074 	 13810.88671875
2075 	 13933.9306640625
2076 	 14034.62109375
2077 	 13964.7021484375
2078 	 14030.904296875
2079 	 13999.1611328125
2080 	 13934.7783203125
2081 	 14051.4326171875
2082 	 14021.2529296875
2083 	 13980.5615234375
2084 	 13822.484375
2085 	 14000.486328125
2086 	 13796.2734375
2087 	 14028.8173828125
2088 	 13984.0107421875
2089 	 13962.470703125
2090 	 13970.9609375
2091 	 14074.0712890625
2092 	 14053.37890625
2093 	 14064.34375
2094 	 14044.619140625
2095 	 13835.4833984375
2096 	 13889.9404296875
2097 	 14220.404296875
2098 	 14089.9375
2099 	 13948.1279296875
2100 	 13682.13671875
2101 	 13745.3291015625
2102 	 13763.294921875
2103 	 13960.294921875
2104 	 13832.537109375
2105 	 13858.333984375
2106 	 13801.994140625
2107 	 13932.236328125
2108 	 13762.90234375
2109 	 13754.0888671875
2110 	 14036.791015625
2111 	 13797.6455078125
2112 	 13849.7177734375
2113 	 13863.6376953125
2114 	 13808.9462890625
2115 	 13660.201171875
2116 	 13817.8837890625
2117 	 13891.9794921875
2118 	 13881.275390625
2119 	 13870.79296875
2120 	 13970.48046875
2121 	 13926.0576171875
2122 	 13870.154296875
2123 	 13983.0078125
2124 	 14093.35546875
2125 	 14053.5595703125
2126 	 13881.2939453125
2127 	 14036.3271484375
2128 	 14066.0234375
2129 	 14082.9560546875
2130 	 13854.962890625
2131 	 13991.046875
2132 	 13838.5205078125
2133 	 13986.060546875
2134 	 13842.9462890625
2135 	 13998.8603515625
2136 	 13909.6123046875
2137 	 13976.4873046875
2138 	 14009.3798828125
2139 	 13917.603515625
2140 	 13946.52734375
2141 	 13952.6201171875
2142 	 13839.3720703125
